250
1062.4813242379626 1045.0569577034591 1182.1532143392185
770.6549389148313 1078.9614130225386 774.0738719106861
1060.869937001312 760.7215454642089 1361.9569276251536
1494.641263672032 1016.9025421350742 108.59870405616945
667.7293625904465 856.9568161578643 1116.6809652619468
1136.3153617861271 756.5112138780236 954.3147933836212
874.0566436339528 1076.9040954962504 1081.92856387006
612.6199632256709 1444.2429907227179 798.5101836431829
1437.8436251846933 1064.3177096246363 331.9961791828574
737.1400827757947 686.6246509395639 757.3934352627649
1119.5019003307941 747.8304904754817 1144.8947524026537
881.2921626007 576.6310728747089 803.021150606009
1322.3687275427797 1119.8748593968123 630.8285691030733
571.6348026283254 665.7143249301275 879.7990273546973
839.3757000351281 940.0398578959641 1428.5914161018236
1513.6194243593761 1422.3658739716102 855.7486970579395
1233.910051564271 992.013484045378 114.73825306168011
1232.5504147944212 1022.6014216717966 130.34812402840075
914.1567102698566 1206.1704274163483 511.4005954688882
1299.0158287327768 828.8840835245139 360.48170160204324
888.8362379659943 1338.468223532547 962.2575039003385
831.4654433485431 1095.8958349798486 664.6755783292263
1151.907937172757 1153.9607495048517 263.0505943928921
828.0328221152181 1071.0089064975928 593.5774272925885
1214.777096643023 961.9767979728816 1315.7613896311875
1103.2212040113916 1205.7943469681584 460.2075561643352
790.1972489829507 1105.7866480042594 986.8298226996326
965.4646510546895 1107.6807413935326 1239.3401302633124
1285.6610592397142 1149.222105136249 192.30592813390757
1400.4649055152126 836.5824773747338 936.6026980011235
449.7653479328667 977.2834744258022 906.682043947366
852.5634333722534 891.6687833790339 1038.0345343429874
1372.103068835418 705.3294649419427 1115.268108526853
639.6285437260942 627.5460939265686 1071.1770940094714
910.939360049058 1235.681722742188 1069.6657508269946
720.8287681860968 975.8633009524985 626.7923133899723
459.428399384817 1105.4923952303889 1246.5464583529756
1289.7674841606747 513.5867142615638 1123.410072164813
832.4287347082059 1353.225136864859 287.39904742497447
1129.1616114773883 1168.5628079076023 356.3267611670786
1096.3417051224615 1024.8413362678612 296.4497298627524
791.3283506860329 651.3941770145248 295.8113709664743
450.34368043478673 1342.0847071155645 789.1807624919381
1081.8187494241404 1148.7104763902082 1458.8753670366814
836.092443154841 1013.6941524140311 1398.5611473748145
1057.1928261085156 796.9271305463794 129.04835906299834
644.168865159982 754.2985570312494 176.72174900231897
808.4449038127066 1463.354332026007 380.80110669083683
939.4706001489806 1014.3791836822884 971.6269777927921
1063.3386450111161 1254.7116135066858 1434.9902783208968
1035.3052192827133 1242.8252316871785 279.9910850504492
1073.473396775272 1148.9304730062277 633.3923783446635
1016.8021532421524 978.1313371576589 155.9847726949386
791.3156180119636 796.2248071304002 1341.537033161697
500.2312097944994 1076.0406837056325 270.6113721141474
1026.531787645164 1088.4522469765607 1194.41345370886
909.1325357392179 1338.4005463191277 1161.062933136436
715.6784115787098 761.6143797976304 1383.9291434723239
1113.7572778400556 818.3199613812295 712.976819578335
1098.158849190908 1243.0800524517704 560.6283751377948
875.6824207575951 1151.39858729969 1311.5299382951139
1270.8742983023853 1338.6110483170646 239.6045733129849
1351.9918473963182 730.6238149538162 1154.0734652988006
1037.538175407221 927.3877989820298 1137.00206547002
1123.3108136060312 554.3660917838117 938.7942170486847
1073.5768405241874 1041.8923882685378 642.3931977177438
769.1960661132146 1214.1936158698688 121.51825222703455
932.5609152656043 1141.1907750412738 123.82104175816771
935.4382036686661 978.0690362866817 1309.7743748289236
1165.9880404735607 1105.8485666312224 757.4949194851598
1199.0982960073486 1182.8578942874208 1323.8336405997918
589.1753534522302 755.7552115405101 328.792635549088
866.5726585564506 1135.0288412771324 885.3698620933702
1207.4530346060167 837.035266536293 845.0034583992472
1363.8490242155149 303.86283185169214 610.9157224131967
1259.5408318077143 825.5656537158686 1338.4366850656904
472.7004488502473 981.7968973030196 166.87616896493162
1223.4050018382713 520.498793905203 163.27465407401465
898.5936176642972 726.6044623099591 1485.8381038522655
706.9171129950621 1042.1325289963854 794.1357679018917
1020.3693441028825 992.6469395110023 443.6177429171611
705.5376427355052 1097.5357111782332 1169.6531632775875
1089.319059515097 1087.9605471698965 1260.1017370558047
1052.9806414124291 788.4201204930295 22.446818018995007
937.267700106019 856.0811182567584 1122.3198061676273
434.67937983554725 790.04786256514 1384.4890540573099
1218.3417648952316 1088.7458073320317 479.6131886487206
1076.2957894934434 827.6620768037692 252.5774870959034
968.605813032048 947.7391147661546 801.6755271790166
1224.5198327386834 930.8986250774117 479.56445367174945
818.4348549326041 710.2692039092568 1440.827438225022
851.0959394700488 1605.571313106339 499.2371188583245
1039.488388590117 745.3617408768837 435.85696667261675
1055.474333623588 1266.6283125968155 181.6530929588913
892.9823033865846 565.1118142736022 676.946859756279
982.657657401052 1142.9587791334166 1028.8104201495378
835.3788390396054 1490.143133060141 763.2523488169763
674.5685253411289 1044.3955657375532 57.41672335620635
951.6091916193707 752.9169550496647 969.381659601922
979.111084957217 401.1221922799515 141.01007256155978
1214.0199830424958 1281.941843093512 745.2059961114504
1049.7050433356737 790.7350720192865 526.8433559229347
705.7598277933032 1315.4507424858623 437.4881706337021
1290.5558060997087 1032.3488764739707 1189.5309796586712
814.068059145173 846.8269764321677 539.5940544781243
768.5557947737636 1060.4775190682217 189.8798935860681
1410.51739212134 994.9557498879955 158.6895725667773
1536.0417433445314 1122.1275320845768 1352.119832671068
1365.6255016633768 538.85529339972 1341.0996699157956
1157.0275626014968 933.3192136218239 1253.781692088167
752.1065213498226 1055.9953984670606 1311.2219903533592
1161.8026988285733 856.9044202086114 327.24636230151
1226.4322318419413 1161.0649393001322 109.29086644967207
1021.679936826851 869.8860107736433 1493.1540679342304
1249.951842836492 1082.948351126835 1292.441743725341
1229.9783155581551 509.21756808863535 1267.0913010261545
906.8596815982235 1234.51050236291 1046.9834297595378
1217.834273005229 675.8044635056872 155.6522579862185
1126.8791306727157 1072.064941011778 883.0821815064082
809.4553567747548 1015.6172127577915 215.87406950975918
858.6039959704879 1172.5750777128046 70.61499005833866
1018.2951361781545 664.2050226700694 1103.7218430997711
959.6051975928598 1174.617990246843 1257.8195579338462
951.391002434647 1098.288001803164 1492.2131877321608
840.5752497079887 1363.6776938952517 283.36651134653295
481.2013842626534 946.0216590768403 1056.9613546703938
1149.2969674606072 1548.6460739658223 9.862440557961872
773.3046010221929 1027.297800375843 947.1952658015723
1191.697973922131 1020.8764743235071 1036.855384813617
1266.007066171708 918.1127709119891 1354.5232204942677
1291.2785148219978 1273.366993792838 495.1908021036244
1221.6403329916275 1531.376247917269 6.398955528093165
1036.396309685431 937.4577236164239 882.0954938016372
987.1785924996666 1451.3975284032012 418.8436350072633
906.5879878290207 1176.9983710704319 440.79519047961764
1089.5062024213087 1021.8285125655664 128.0246852198055
1139.1848570211778 1220.5646817252014 1099.2281553420737
1316.4201351218326 1081.842235903457 621.7327134933158
935.5114708161514 1178.7118400722884 266.57503985666625
1196.6658646159988 1252.9954364656849 633.4598478912553
944.8881853055825 709.8853313993645 878.5408103388561
1189.468742299176 1213.2251520580817 192.91816244077776
1156.7331346632404 844.938212578244 81.58659076769031
772.679433156842 664.4264179501727 227.23108337025033
811.560229507341 1133.147496240199 1038.093677123336
938.4992651864828 1044.2710667247532 640.1096773105928
1139.5691884687835 1192.3255719801177 1163.947918978829
937.2890194442623 1359.3613922159232 60.81202661516738
711.4363188903394 777.6380462621444 397.63229692665044
1301.1009457728153 1065.7851364585254 369.9809998262652
849.8033612561137 959.2075532302634 1481.81742754642
1098.468116675265 848.3257629880366 842.7525402941413
1014.9283296583258 1322.1157744189418 735.8783780773196
923.4323666895848 414.01851992629474 169.40217914570138
1324.2659776895887 1222.1552659231288 502.0778700189926
907.1650689129234 535.5285106318674 1437.4137876432917
1150.8937886914314 1064.4631433391717 700.3169138797358
858.0387739454867 600.6178435872162 144.48090864871787
642.4689904317554 868.4124968907428 1163.4801785963357
1152.2367312876133 999.8912787130081 186.5392677732035
915.3069789665603 1431.2919516476309 1439.573888417419
1260.1545427033343 909.7073606303298 404.16113615265414
1105.9882089384337 902.5434619165454 1476.0126493732087
1055.0771027317187 1335.8953226921803 135.4092851042447
1212.5981256722703 813.4508505551648 570.0789004976424
615.7472122959043 1148.0900824289029 5.392329549257502
826.8627469947987 1092.0647729640912 228.87202319128443
930.6221641552369 981.5175407107672 1491.0198115481774
1205.3608915497812 1101.4773693202212 447.1933972428788
817.773244169546 1121.7140870551643 473.1803771235338
1070.1498630893448 1209.0864135151662 17.67647952906265
1094.6257328945449 804.4507742888376 1261.357248790263
980.9950722495829 1174.1222482716282 473.568409401896
812.9645293750877 917.6106434875239 812.3750992462718
1070.1720654264336 993.416295220133 225.28258384882892
1438.7947100459937 650.6989229207502 1387.9595635124642
727.8335818869699 1203.0105846230422 212.07348397375875
1462.4301337279549 939.4877250896178 1478.240054596994
1368.279728169094 1183.422938976922 607.7201312126969
924.8508033848833 600.7303205765163 1267.727341875062
947.1556010724419 1350.015862901043 14.078586680094041
317.4945376867454 899.7290626906741 885.4418117835222
701.8077483079593 1148.7201570413758 1272.234456377891
1210.0651290500718 1251.7554569755223 391.31444397919256
743.1075785385167 762.6713363883853 1457.4880737475278
937.1860768442453 859.9922949242208 1111.734092664091
1063.4430604070476 974.8280258723184 985.6508227895383
1134.8171161391465 1104.4713502372683 1058.5197575952936
1097.773957815069 988.7019564259103 942.6174999709816
901.1359223280907 1539.8053379298776 1486.2242041555407
758.1887395165944 1055.2259566344123 424.2994914890289
1171.5884784255202 1260.697657947593 532.8189479262786
1215.9861931543076 879.9531103182945 378.12376392321437
531.0434607538526 927.3642669147675 696.2840534937064
639.284997529714 731.5262519446815 30.25467402682175
919.3724805608007 801.1165557838042 1285.2937106321278
658.4867435171827 1138.8774486299003 676.388344364836
784.9525027947366 1087.0557485573568 442.5487349712386
1036.9355394761571 953.1851732432456 992.5437010467281
786.5101870010742 1231.8317492811016 95.71055776864328
1394.3366389723362 999.216397760528 43.93369212648557
808.9849956240312 1217.0465927329128 1461.8032955476567
1143.967255722641 801.7538850089645 1161.0316002536822
785.6526838688923 1186.6746879897435 117.61125097505631
996.4361529992941 1062.8709491091279 351.64912799205973
897.0285228164996 1178.3346846280333 448.49774247751276
694.214771278961 1073.3568177768216 1199.6150434328115
1526.3287316142255 1123.8981094599446 958.658429704287
847.4231946788061 1191.84717556144 1034.9459178449179
1276.4310603248273 869.4537387336436 315.0779973514796
927.1290958549689 1037.020129553985 285.4057017113123
1016.691694066872 1282.2325124758906 1254.7058908263552
608.6810942708495 1099.6008668199556 1344.8181629259996
810.8627199388521 814.996790922528 353.07334181944503
793.6816911893609 637.1549480569563 589.9986024085964
1072.3884395458972 1664.3093048892824 45.501453817415104
1064.2292070799067 960.3841744756159 1041.785434765256
1018.9596964413685 907.9977639243216 278.55176654652786
859.8092154655673 1088.0626738000751 334.67959434473346
1041.3140711637348 702.2865130171492 1076.726928336343
915.3009815002808 919.5792734102063 469.79440615270966
1141.5366206511171 959.4680336788189 1146.9902464311722
1220.768998220428 776.6681444369086 625.5903736877059
1054.6923226183226 1035.125204927358 890.0238802826846
1161.7130570939887 1080.7946899616409 1382.667605706875
833.5546569707446 1017.4838796465517 412.6360720030056
820.1355362566096 1184.1086222843592 1124.8564563509995
913.8659163291778 1251.5506698332856 722.1632605272085
745.2841737698134 961.483836925412 102.4902894583088
1118.7299179099136 785.7234351724093 1496.4033735988942
650.3344849479411 1502.6141821094075 361.99775154514464
543.819339093976 977.3798393245074 1144.6963381010194
672.1448983335014 687.8519125258895 181.51443671113455
801.8648249057 1220.8575805196774 603.4766112373655
694.7123988308751 769.1205924493261 642.9199806402478
1166.6136857065694 1225.0384420220148 46.06648312124734
1030.0777464633047 1352.764686396425 1389.9264412550076
1422.7719678933345 1537.059721709195 1040.5762392324368
1195.8247451955338 1197.3978242624953 385.08112540393864
912.4221036842937 819.1407602623494 1079.6661590683336
524.5641796818618 766.0203546704831 1239.3831019102367
978.8778697983602 1216.6824785112271 312.20080030067066
499.79846081522896 992.3611345836333 583.3548292629481
911.2867723580614 1045.9657885256372 1174.5415426729378
793.8267652329388 1104.6986708984125 1058.4086407685686
1207.3678474880778 968.8792245900279 4.951679436469014
883.939125197397 1138.8878212833158 370.47292644725684
1425.2724198582214 1188.3698692201706 1113.1844017011078
1036.0280342221033 1227.4329246870536 87.37629178708201
1624.9672529149634 771.8495634680919 113.15959973762585
