250
397.4038146757173 938.9867622090645 1115.2304366920384
702.7617409847335 1037.3427044919802 290.0195313621961
1034.6700910569377 1206.2354621492525 751.8089452016316
1015.346351255683 996.0681180754789 355.2899706611243
552.4192436778844 1021.339358709511 644.0603433074735
769.7464539087614 1418.8650375968928 402.6258565316979
974.2836822592064 823.165096810091 1244.5938345905483
915.126192560674 696.5533344003413 262.9999269760771
1518.1496995372402 767.5405170893097 1196.0175268911325
906.5421972392166 632.2251950938504 1151.5112355903595
957.6003446557166 1135.7163680770093 1000.3652607231912
872.5369320296718 1102.9021136050526 769.3684700734535
970.1692477896621 1094.7392648906043 1498.3891043734175
541.5249787531334 1054.3222694521796 900.0496510008845
975.8089696217702 1082.2183407212574 763.9641217112897
792.7421737950517 1124.2874498669062 1140.5137868614845
929.0640561821973 1543.5336574296457 54.616666559696824
1353.3443002501263 641.3675723419512 1234.076009263828
853.0721239870256 952.8876275846523 448.97949893661445
1123.206259424651 1225.900493799284 972.080382371896
1195.9871250188814 1213.136028331712 446.03853924063066
947.5454908057693 1195.7733264217845 764.3769644359219
842.0383807800905 1086.687889134335 1175.6647662050998
334.31096357397337 1011.2777908060496 1169.7998463746026
1129.1115664916063 1078.106835781965 286.4871815405792
866.8987053220292 787.6619692990819 135.15662473918948
884.8799190750474 615.7480733720639 1033.3580301580955
1121.901957937329 1108.035277239547 1099.6014172630703
958.057735075863 737.3593867171885 446.28023337991505
776.483356365046 1102.7617309636225 206.98808782731894
912.6685123692259 1166.4178962717017 629.7425992679525
1122.1710608426129 831.3887008543599 1033.4952896746486
1400.888105796214 1097.5953313786022 475.0521343567891
1171.8663797536817 1160.786752172728 824.3729664336279
720.8388786836421 1019.5088109123735 403.15204988492917
1078.2496200796168 894.2011064867845 148.72371992944372
973.7399774990273 962.9255497040349 409.85885225018734
790.1680883153365 688.9951923444345 266.399109735522
937.8291342403593 529.3864493896929 1208.908945938769
788.2936237514226 807.1557788449032 558.8905992023771
1136.1854061942195 973.4776645764091 864.2818647308492
1116.4223078460343 1608.5355482756122 1216.306576349981
670.9356281040127 738.2898566406892 132.43606622208543
1018.8287174923934 1394.5336383218896 1158.4786491021428
962.5590643261435 1347.703450159131 180.25237387410976
910.0247937739932 701.703606775726 321.3386433438729
872.0012288771707 1043.8207033151816 685.7069018497883
727.0062049582958 743.0156083102634 480.83900894198064
1109.5289593572124 1291.279491527451 897.8767170720789
1166.109685403839 1151.8754905216188 771.3887618514259
746.6532807848162 1630.4481086433684 718.5120018625979
358.6081618475546 798.5142689533177 761.9138205355899
973.0720674001599 1298.9612042273939 147.83442003362018
1351.4404244873526 976.8849635269585 314.7732551573581
878.3939371113879 1233.7084027891551 1274.8487344563707
328.41291875905483 984.3391561689886 93.1112167681995
1015.5882890860518 1047.08088633903 937.2552599556702
548.2018293897227 981.4723270094553 1253.1701343966363
1136.7690132752307 888.0286035581056 1187.2446628057412
761.1447609201634 2000 1114.3880108721487
1046.5832102665602 1156.052231944573 1259.729332378795
1071.4556414351769 913.0160514203042 853.8633374711019
921.7581501231131 1311.8978092123727 1097.8959679016382
1112.2184820383247 1206.0883504846377 39.236042978299636
1089.5646161370462 1182.9763552488969 314.6689022231632
1064.8072036799167 834.2011980524497 1107.8669079119861
1238.7216686668717 1227.1479723486445 471.587907643182
1805.3213562597143 1099.395006195208 46.54687815623054
1156.9573639092596 780.4712612157167 1388.8418030574564
527.5678466863461 915.7235621724163 20.194156823353403
710.70619766147 1113.239534916724 1349.5371333921046
1386.8313718018665 1181.0556513457625 88.5374116488824
796.0097893138204 879.1054158204026 88.33797471124049
813.6318390665375 1241.593249184533 1499.4992466655156
1086.0457935058066 929.68859046235 1154.6788088540652
877.4052953419225 1138.0579797876942 26.41561705223866
915.4480492621547 1358.6642791902973 1037.1673451256818
1251.3259214758402 973.2497988699562 1160.880425860892
1072.842116953609 710.6658943191705 194.72817807331987
1100.1770408762509 637.2838787828986 594.2970374483532
944.1488394322935 900.7822874881359 565.2229952604787
1198.4774915878875 1440.7181890770519 344.5781700376877
1378.3646943945996 1272.7189442773958 1049.1739632808287
973.2773084934197 1009.839485518963 1285.2214898799373
918.3911172341658 837.0672735977685 965.9213642572087
815.0016450248713 1266.0608921170872 1284.6025557669354
1013.935639162922 1558.7601032085563 801.604381737871
1236.5054919483955 864.584730819749 620.2219384856206
755.7152220484677 751.4001428553423 1409.983653165923
840.584437427163 1147.4367817748162 1329.8415714685593
1179.4375224254109 1144.5271946941743 526.0251696886446
1356.9691056263848 928.5379082554358 760.6400340979875
1070.1202191600291 1135.59867326622 1179.1790481858345
766.2445175572411 919.4280995159155 264.70091862013646
643.3371126621071 842.5967654265421 198.99246810596244
872.1183157383789 956.6819797420119 73.88245558335655
633.8827990291013 1155.9781762139155 1213.7523018923373
879.9689948697295 937.1730103691774 488.2550643950783
1091.0099094692298 1027.907980447362 178.85287321482318
631.0919342993895 1536.9036738541777 348.96189330719847
981.1440309775131 1137.60640526139 206.43262211101492
912.3524690410891 1232.7012607983756 465.08583849605657
516.6482453341843 995.2381533012235 471.3985641807962
1022.3043018367995 1355.5275300622648 633.3551244410671
1100.027085020347 1038.5234026012176 961.0459924920729
227.02535048255345 1386.6646214279049 1038.8527772109867
927.7988614695049 1261.2422439456248 1433.9365858859117
1264.8093992578606 1225.5001928911156 639.1826241798038
1144.4665501052755 644.9517987858476 1407.8391510992828
1078.575593154331 624.4800145596187 356.3009893888321
1242.413677386674 897.4808856662535 609.9249979141231
648.9148549494873 801.7287609805569 816.7887941915483
906.797772835493 395.2657654780263 1109.9495341183992
1049.2076017877207 707.5556163106093 417.3055501737473
888.7181651532263 1235.2342371766408 1460.7216579965875
1161.0432434870845 1085.8061459478645 1418.5834693281813
974.8560451267211 1422.1713682623506 151.82502288767068
899.6541749762657 1041.3596798357833 887.0065403090382
1037.0890310548486 879.0345045484021 696.0361294371285
1367.6312113192996 1240.3571864314702 701.1127527608552
1253.4865322650858 1008.196061244573 689.5163570141035
884.168108588869 1231.29971163355 1204.362794474407
1085.9989114991436 827.6303897129852 60.67642589761712
817.1977532819229 1180.9955216581584 66.95662950736153
1039.376692279398 500.7676898468052 35.36103006268232
1346.3355553900353 776.2078274517272 175.88376360361823
1126.9070785027789 844.993992667434 978.8062023899815
1377.970727786786 1315.1610725608837 17.997154523705593
297.48171819444974 1221.6967272409033 362.5224555495637
1007.1491820682161 1140.1075615925402 1490.1660945919039
1014.395986016744 1709.1380293288803 1179.3994854029088
1059.805519559469 690.890023551209 40.57954545440057
1070.7217084385384 1374.8645679723618 994.7255179768516
1501.4631477302196 1045.769374691691 294.76841315758753
1266.8322154979787 817.8158216290386 439.53893827680145
1222.7830358953825 513.3865546972763 632.4849281047026
1335.5246989454802 1344.7626970001108 443.44975436137815
926.6944238409229 1370.2308873579204 79.71248652408424
693.4029850037846 902.6889189964002 148.28077791778855
1240.5083969167993 1332.1802830477486 717.7452056885314
1422.6475911479563 1106.4964806551486 1279.260774459224
1198.2702474420737 1094.0879153690353 1314.0147221651937
1168.8669832614166 566.4332271051031 1303.8755244352403
880.3344759447995 941.0430270213396 420.8511019919203
847.1121237748279 1136.1673280223924 1373.2497935868573
1214.9435066679555 955.5672775642868 613.8567661015547
1032.6507703527836 959.5948017929283 532.6797784512007
1050.380012117842 962.6504502569384 1104.4113650715215
1126.9703155349118 958.6243251829609 697.1076786903673
1039.9148882724994 1318.3840896813592 709.4322352560339
1033.699417616338 792.2725867832737 407.1093467506501
1236.6911212435693 922.3599884974027 368.469127794753
1351.1337928379874 739.4508088895359 54.45939651841719
1369.9841112994934 1305.5728682891797 291.3686479411483
1416.265434635281 738.6213565961388 474.0611872112283
917.262806784443 1350.823368209268 1467.6390086349859
1363.629454417597 769.0910694240531 361.7565139136664
1094.9748658475846 1072.7643950609156 912.303533589209
949.5628592444899 1316.0821465125146 709.2686997578109
1355.3340940592198 823.1235138168898 1296.5071019968013
1302.6180163859453 1329.017288593758 1326.334255089037
1017.707876584148 806.7748705790948 698.8979748341055
936.4824713702246 1091.098145361277 863.2746701781064
315.10303499912106 910.1596497560947 1404.098431747205
1139.8604899920326 1674.817822086739 1459.2354112613373
927.417887633675 938.77779134425 594.4407373601651
1125.7068871810577 1186.6879712129867 1290.8585100754408
763.1030154425185 1139.880936494332 880.3814182505575
952.0213929659523 1338.317551977973 292.510760924372
968.0423240941785 1059.3957688036246 673.6543781085816
465.52193608008497 1089.5697417158813 39.07899875793896
938.8170470899672 1360.0357497137506 314.6801581962258
1084.1178777608538 267.3119679881022 1202.1402495678867
1076.2742528219926 1241.0163618779566 1443.6857189489172
279.64519262051476 1125.059265679612 1474.2545140552215
565.43329521086 1365.6580828741887 583.0281324633352
881.1979180920523 829.2639407420692 1466.8981351374507
1613.465047024556 919.9639155283289 3.5813711786707447
1089.5857624568612 1330.4198576468148 952.4173713596666
614.4984898616805 1125.3684411713814 652.5547241514646
1165.804646479321 956.5363702382276 1361.4492788459124
872.7877521267875 1078.8680896913684 715.6133981394162
1488.0298148329193 382.1451332894593 1442.4002743908632
1054.8325835583473 475.6215629613389 908.7002121945173
851.641035814039 969.378034470859 777.0391399776568
1041.2643979409293 1028.6009385934703 206.47383325381725
929.8469321961951 359.8817374095531 1097.8962153541509
1406.4602035968217 1253.3119790471 137.775791412725
892.5198854158645 959.5460934793484 996.2288061423722
1113.3566142043994 950.6467086262029 625.5469575825541
962.5901530484887 1017.267667175887 181.49242995466957
1152.1820438965804 1087.8873477660982 400.7072184344993
641.1435499648646 1018.8351603343209 58.50400168281067
714.8143912541467 849.2961730144214 1181.5331007601835
972.0344011120582 1211.0016224582632 87.17614528024686
771.0638762111332 1047.604442655973 1479.525482376261
1060.9042875228956 984.0012099448261 927.7162870979307
640.8329919820742 877.0086056096084 91.05114586883379
1104.2153060163064 1070.1163457883154 706.5581406499975
791.8889500710081 784.0677498239905 1251.1929714230896
1006.3184439320642 631.160668524376 212.57992951972514
773.733669081496 904.1402651418493 749.44857283936
1136.3007080347327 839.3959714017973 1114.1629644552493
795.2940127609356 725.824634348578 1189.854271767826
924.4162706466187 1162.2640683704262 727.5705553555931
1014.1512234568188 1062.311080464935 892.3360067609375
1217.2022623480616 724.0763400689209 422.69339513004127
797.2765308801938 1243.790616652499 529.937479825482
1038.853341396663 607.8734008185614 175.67363615888277
1179.7846978763846 1327.4918813833822 215.0959187002358
1138.1486836934926 1108.4674474268202 1036.3312970083641
975.5023347812321 1082.5169000201959 1123.809738190738
669.2174456465582 916.2674911316756 1361.0390088577617
1134.2032757939446 1026.3066065274245 50.32895686881156
879.8370506462986 1105.152885734784 869.2011139430501
1190.613154362083 795.0640306957393 1139.4492249226967
878.4897884115403 792.2570386512862 743.4339892629902
1009.847996229208 1009.1547478259764 1475.3306513565922
1750.502647900964 1182.480174860469 1020.1407471176659
947.06038968381 886.4384159489949 170.0543127243056
992.8590292796279 1223.4193232454945 555.996681926566
1182.2585745296808 866.2850344821233 552.607343680029
629.5434679452878 934.5902904246516 732.0345013367125
1096.1287451281714 1238.2631641578523 354.3080314069456
1257.2880502675077 1055.2080173124127 1483.946305295375
1008.631906970597 1616.1317340023234 135.06866982096233
1134.7423497652321 1276.551914875799 1361.8934540014493
1276.2669001719828 1282.923435231525 1049.5085576368467
1205.7632937236344 763.6148523372643 1365.79205476981
738.2742111455077 536.8423802894266 1087.4876056581695
898.6612371944921 908.6731096451371 1464.727601535984
1041.7077855494538 1275.5342844131947 946.4133128205511
1127.2227986338967 988.9649971012133 1363.6781381817175
1158.9172508628828 1282.0242111414823 359.54086474101274
1295.3793679452458 518.6775525447895 1381.0926023388072
1122.1213762802201 732.6433937639549 438.13831574443446
940.6358925201058 759.2852044049554 825.5019155855632
539.3220497165076 1417.1788613631925 823.7424152325179
1003.5819021961362 1136.696620422432 589.0886939685196
402.5383699378316 1221.3885575534246 79.46610347209338
1436.650447542263 635.813737189211 204.70839949127495
744.4884642304426 608.1841632228068 907.8763240532339
865.6691800495724 820.5290887882447 21.848964393713032
897.104021507005 878.1862575121586 553.4856806780408
1207.0534798434148 1042.600651154068 45.852324785825296
1068.1071732862565 1002.6086176620538 595.1988224945812
1188.3443280116742 1122.3718678970865 870.2633619449251
1098.9469209302722 887.0561467844981 250.1934185669885
1060.9500749275387 1356.6771908478895 1126.8559357994177
1226.8955374424756 995.6990374782091 533.292858384842
