200
974.3899173958062 843.2255207145045 759.2998273190095
1294.2699013945253 766.9684177156512 114.46440622533022
1124.0570439711644 754.9411933419574 1198.039351169512
1112.252169956966 930.1894296951554 646.887089999187
809.3961671637526 837.8835571338361 827.4431172504782
1055.6149043701955 1342.08955283001 110.69269704544271
887.0758228574414 1248.9512625609507 1443.496564055396
1234.7255999626104 1491.2426413854873 805.6723296268885
1035.7835885295108 1201.7522882522987 839.0679432570828
1052.9022072277692 1023.9701875850515 529.3608318768477
914.868360853769 1202.2066492413792 1491.3218184404814
1021.8576507634548 816.1557907353193 799.7839652217422
898.9595931792147 1020.8716058310722 779.0758288656607
1126.2562483859092 712.9774880382324 1289.488646762068
1030.867937009784 1090.7648744814078 743.3462131493123
939.8155219622682 433.1921051822719 603.5775301141082
1190.8583867435366 677.2168128634974 1407.683553357625
1113.5655116511534 1035.0612162244543 31.869522439112952
1037.9017316791312 845.0819605875024 855.6442563649757
1180.409519364937 1386.1535785566798 471.71998129313806
761.8875261781819 910.6335040172112 1143.2764740671191
1273.6604362547125 687.5146264261907 957.6210983859299
865.6645363378096 583.3213590561722 1430.7832710037678
1269.3081970033356 818.9615912867287 576.6748687298169
437.3641742141381 1454.2236836549537 406.95023184232514
677.9798478832666 808.9121171012756 919.7277158762389
1023.3148150236452 1124.9315279333512 519.227925925001
1162.129826067292 1120.4692191792742 1184.9375408296935
1247.3113483495351 549.0537914379734 463.0611169099234
1095.1134843964292 1187.1311971048349 1495.0379598627296
576.087704861964 1014.9056643844962 140.26684647372988
758.1871591540329 1099.1410608005235 415.9926847524305
969.9980278365119 1152.0742497803199 1283.117111154945
941.8953973582263 672.8842071090605 1223.5271139892814
885.9014046031352 988.4607118932481 22.01574589092986
918.2461871160299 1381.4131628254695 987.6657659384747
1129.3567223688513 813.3483816252789 462.69780955726816
1151.654715890937 1611.6966461296797 1036.0875536025244
665.2684307323469 689.1912066031839 1453.9186693548402
718.4560488535304 1036.4750627763794 1036.2982061248745
1024.2668846024105 1167.584711053049 799.7721036638967
792.5625187094212 1127.7355353280561 190.36490787697906
1081.8103942523194 1059.4996356018225 721.0469251019379
1310.9259908408114 1297.8964056355735 845.4124750517053
785.8990580354571 970.6738961019068 304.4685620852836
447.918968584117 1002.8563989348625 1413.8531204765668
1438.0217230893609 618.8745295873184 283.84935612067187
958.0003423689008 1051.5605726530262 1091.482473377312
977.8434643659147 1309.3829902712419 1063.2862200161726
813.2435721788289 1089.236136704229 195.24575999871658
1127.3054892930386 1118.5383832512446 667.6264850729882
1384.2306379947815 698.3084338403347 149.50033277217932
967.3642240443298 737.8482652066525 165.47379551583137
654.1163708050905 1005.457819876697 788.2900686599278
830.6825431003728 1108.8421232036094 1267.5408293508053
954.0743065135679 1018.3789194804111 1163.7625643782676
1368.294773727571 1314.2793351557639 1307.5637328522457
868.226716497094 893.5123472311118 721.556291932302
832.2982314410771 575.9493851055372 392.66958660423523
1167.6804899893161 642.1454973530413 1445.3931186918628
966.1169271918428 1485.7003708587972 1016.067220186306
993.2147937346737 1013.9278276953503 403.3193792998782
862.4493199814062 1084.3804813374036 420.2106043494106
820.5145884816407 1168.6497281507252 747.6505400507973
1492.166469655448 961.9492111740781 1099.0162674774099
833.4134062331582 827.7008141100628 703.7825648711482
956.2878911868545 1268.1709169022565 1258.415855255779
1313.1829672485937 953.3091103002274 609.0097859857161
1016.8430028966739 1153.741970027563 1142.8855599086528
627.3168977142767 861.8164202209748 1043.4259239961314
1157.5625345227756 1020.6232456484333 944.7375125380253
664.8545075526007 868.0763105212742 1123.4868305234354
1104.3150256712306 1090.851483733817 1385.4371935009337
1081.5921512732366 981.849330649797 1166.0756042486153
1156.4268509385668 529.696590456477 1331.7380785558273
1328.992946738013 1091.1042905768145 618.004806330053
856.3947553565963 1031.5848468110487 307.69216028920687
879.8083323385498 1363.66444098892 282.9753101025614
1472.1358339429607 845.7863647599521 772.7610077353544
991.2295435600746 523.1755631299454 611.0554036487302
798.4993746433776 1079.6666259360372 1280.98920725978
1296.9213680635303 913.4614559581779 1025.4359653468478
886.3487776205279 1075.4615898514944 342.92272421677484
355.5514912729161 951.2344613438948 304.4496246160783
1488.8370360083186 943.8780431632796 1236.830996258999
484.56366682298074 813.2470941794261 1493.2711475425754
1332.4978847812158 1018.6165276299627 320.0591519009253
1336.231661055553 1070.4650970464452 279.09308358318594
1197.5523830692887 681.3973215004589 854.5331115558985
1158.7451846570575 1132.48759478801 379.38299448837864
952.0142185454669 934.3220560906318 1138.3457348154739
996.1044225378813 882.6938655405744 695.8810264197768
621.7257196857747 1121.6460281897214 831.3453072095375
1380.0719914165406 949.6891797767843 1322.1544124201398
1208.9763272414607 782.5337338294685 1113.0826078636783
910.3517483396304 783.2335784544113 939.2004218374085
985.5724706267031 1008.7647835010702 593.1834451963465
764.3725288986283 1066.2146256087783 284.7619652599773
865.435124487628 1452.472023912781 447.4095672760474
1114.089094343856 1014.5078626260149 516.8316627521764
1172.5065101012049 1036.9901596509671 376.0185420543791
721.4568936095937 821.3124045104902 221.48092197197738
768.2751019133765 718.6691508960248 1050.244484624982
890.8092810578371 804.4043221635837 204.73788325891863
1122.3728834448202 833.4130557809465 90.72590614927128
964.4808626242794 1062.352378653132 555.2067179317644
473.1449479627636 1136.9179883297209 617.1241293355109
771.6340547905376 529.2115189888701 140.07236609331082
1022.4424881858927 1315.780970503516 759.458568781479
681.1481980011289 1077.534720372758 754.8836032548527
1077.1526450036865 1192.9417777468168 642.4066091916045
875.3452622056475 840.2568568774097 521.194032211595
1114.2312165278486 1171.7457900265076 1070.4359194178758
913.1455633805319 529.5829007453065 875.7793872119557
1322.7057185776312 1205.3643778929368 800.6595234054635
1202.902189521955 1056.5700364066927 499.08988911565086
1127.9004614140563 790.1583733140735 425.2126491019856
385.7337793263115 1258.3460777643038 224.1374320390017
1253.5266364962756 828.8635266852355 1475.0685604468408
864.1932332003454 605.2748738396909 104.92359045678911
1403.2582726997862 713.3294106476751 1384.7400246359896
1293.2046935834278 1081.253650209852 967.9424927962518
1206.7374705078983 1551.1847036391869 662.7906038063754
928.7384489630491 1640.7467304413256 1234.1985958804403
450.0715000967831 1209.116743574293 1019.8916395481799
1037.6072483250946 914.395411656055 1367.8190248733465
1053.849891377156 934.3558099378349 1439.8997498990054
1008.8174964874806 880.3183333588552 1186.8153989060072
1332.5091042854363 1006.2868309865761 1283.351285783113
1117.9242059231435 780.3789300459343 257.98047335136255
981.1001302646308 1339.6761814868091 1198.6277090984283
840.873719911687 1151.2914484262644 213.83694971987887
885.3280955881935 1236.6498987082284 522.1392584136188
935.1242569674348 1083.156750663858 548.5473836199698
833.2120529515041 1589.4083141871893 1329.178865675978
545.2090100570883 915.0283932192317 675.5731110532222
923.5951778035449 862.1251606351445 1499.0922752458357
1176.1289668571299 1345.3827442465006 686.8236109289546
820.7004389454349 1228.71607929103 749.0075135356163
1238.3678114665063 706.598324430317 23.898125512620382
1197.810206150298 1235.2201203650707 192.4192694427882
1219.5401119414378 942.2860382503036 573.9504347287134
1073.496852423025 1144.3428424194403 27.87558767615067
1227.7665751529998 479.8922381061187 792.7732769211876
1008.1404653706239 1105.5613265081288 589.188642657149
591.2595608459576 1295.453371059957 819.7414420107475
1395.2323452943415 937.3446985658784 2.7535301871348117
930.2520385483831 1239.9250591453542 1322.8119949879967
981.979443841632 1029.9558406337749 1456.4823857904146
1166.5567405834504 970.9626208720034 81.845778136732
790.3818837919781 570.4278955923642 714.1253097605075
1030.200984609473 1434.5161935381816 134.35482011071275
930.3135317730075 1117.6210850264547 442.64041139411444
1464.5116904910758 1238.969916734025 1294.653681221621
877.7951236992966 1051.4504517897303 681.3411526725997
1230.1876308405106 1234.8491516646775 349.0441107778847
458.1190888352611 1080.74316871935 1011.26354911954
752.7943999920475 955.2467748506906 1409.9884458582048
1078.4640511862553 1415.3715231294655 891.0343840699812
1524.9417579046378 333.9820123853782 507.67683407130204
709.9683330838168 1202.0040815728307 1109.6636993490629
837.0505850041214 1041.4747981015396 1011.7647531187878
728.3572065974394 1292.964400006626 355.25110937324246
1012.2499674430655 1133.0154407211096 954.7942443447679
1261.492017873352 1091.1108756607352 619.0115846915088
1054.9978061498432 397.1197191426247 645.8945837046865
1089.8597970693165 1149.2226618011796 1217.9755061314047
870.2446198490146 857.0560224541302 208.30942002727377
1151.0579394428414 872.4565762033707 423.6314288572777
677.4360633969995 978.607546526291 1458.2406429067655
1020.0735017756971 1141.8631184545427 778.2211662362643
400.08214521703167 777.2789411543287 447.0499310200015
964.2464298611463 1163.7458905119865 652.3760444147811
743.1862061343672 1104.7603811385702 499.59418970858246
1126.2455463033148 1102.7368503237526 263.02154259902835
910.2031549819899 762.995172249742 76.17578873946552
1046.0650239173374 1126.7171298715086 562.2950891093349
1372.120941214761 1292.2800062083948 157.99294025735793
964.3397897629665 708.9030809978194 1293.9786256929003
918.7232156931689 827.8402515411283 997.987861470552
1167.8983531535769 1157.9776776156566 1213.0564799020708
1005.6234949852993 1602.1930680171195 527.3366998396156
865.4900188059453 919.8355968950635 63.91052967100891
844.4017788390979 760.8972253458816 1352.0572625384068
873.9088773193293 715.3566694925157 855.3265692899666
843.6923474910776 569.4614844373938 1431.9638382684172
1425.2894850962425 930.7260222381298 935.3944738699375
976.9537569291944 1064.058595272791 499.2374361289015
1017.872054429093 930.5866276811338 614.2883398624662
569.3183760995425 1182.6618237063572 735.1032434744585
948.3882966094548 1190.4985839452527 968.9406678241273
1227.4319599925063 830.8817741048954 1383.4318214377824
1003.2208493170705 1074.4509176011745 402.36247196686924
893.4662430104955 914.9282551520871 807.1664255718994
744.7900038440623 712.5671925721813 1189.749471022033
1020.8363329429959 1128.522311405738 342.6436177694787
523.5204030595802 508.3429253083909 1427.8041252549624
1072.3213955374376 944.0750988441464 462.5117315754561
1094.6349425385242 1004.5870688940163 1059.7120290405248
1126.2850065601522 1036.8179112305127 961.3249016516421
