200
604.7572735605099 805.3812788510774 1289.0146255869377
631.7300581342755 471.3602227097374 694.9811131804704
1223.7974644350036 999.914299262816 784.5795974547015
774.1057626246559 852.283984022451 1188.8380125464032
1129.1148654670274 914.2113966130754 1257.23909904241
1193.464998070352 1162.5840920327319 0.802735750471073
875.6906769715754 1254.598944433482 514.9995050385193
1029.3873997877142 453.5871828909611 335.2355759624375
984.7885290733096 1292.275981566863 596.7705900316446
859.6071679688873 1422.4542150113734 488.8554145899707
1130.034273829792 1102.8549548155993 77.39494804594405
655.9860780290833 747.1923300762342 674.0030589410092
1064.8388469859758 741.3117462013665 364.2697201974417
1151.9205791247591 1451.5721712108534 232.98914753020733
1108.4620340403108 1026.6853672317836 1004.013510846558
1238.6182305853195 1202.6478308486128 92.08208803930734
982.825620109606 858.4987178354705 70.81984190870944
1162.9253385884074 631.3613208344518 1096.293529234245
1071.828149061182 954.6548064703469 450.2739617580533
1343.4632765003762 1002.5652906583277 572.2578098607132
964.9946954862166 1267.2616370356573 571.0436880905364
701.0383701975496 816.8873820982374 906.2116659387393
500.12707913985383 1102.6648963790765 627.7434574698783
1238.8691301429983 1421.4617008067867 340.8714025002245
428.4539559292199 425.26342947431283 77.76988629154025
932.5840307699328 1042.8394749226231 583.7522633107159
974.2394891777183 1138.5962046807279 444.3815199044329
1511.2005289208018 867.773011880715 798.5239006556222
581.8193372013361 551.4726158466458 824.0090424343816
1287.9146014560922 1047.7372276984038 1301.6334427393545
1005.4111267115313 1163.3025783761018 1220.1284417171187
935.0789892131061 1143.9690296692622 1208.2534238408782
1001.3244152982159 835.7409456443136 149.10285221594748
1632.474371878825 558.3369308292592 1163.497894695681
1221.96528079685 833.8267255545146 805.0413661057895
868.0764272477294 1410.605408262445 429.2032494141741
1174.8108121147825 766.7289521847413 223.51619385698623
1202.8407545806729 1352.24141051582 1076.8826369276658
901.9904127487847 765.4593474598926 975.9566405686938
1201.9545854611515 1106.8423999001304 896.1158138762823
1237.2586954792193 812.0291772744712 426.3664322933012
894.3494708408543 806.9795453689029 1314.1184591426718
899.154184814935 1218.4993054393008 153.45337760686712
1224.3045741662472 676.515705643747 1462.084802472369
1024.345185106755 1202.0559946322974 316.14516774185336
1013.5676515382332 815.6717982534439 971.8500725165998
1104.4184017725242 1202.6025054561603 1425.42522577848
1021.3877779936246 821.2801759749191 647.8709116593814
1399.520836647329 1347.5485953385737 339.30824988794507
50.94443605447714 509.4841030505573 271.9797268046082
597.1509408925774 1245.1547711462995 631.0689772000693
946.0511458029363 997.2100032899178 1308.5577100482344
1070.127669235512 929.5600444189586 1093.962793620454
1113.3797099195765 1110.4624698141015 282.5691372037767
1518.8229977316123 666.3691506186478 235.08420352209737
851.4660984222172 867.4977866397998 1340.814639845794
980.6950238176701 1307.7036584420389 651.979563426475
765.9628626177267 1286.891386121743 1406.836367761504
694.3507659836407 1063.94767461326 1488.6398049054687
625.0626872927087 950.935108662346 139.8091880839989
655.0707669652666 1314.3491202096477 998.7935670939023
1382.0699831354632 1087.117241122942 15.922192636096067
1192.47110001432 940.4562449224802 139.72600715143986
594.8044547832169 955.5333059692537 1180.719990963091
695.5589484645003 699.3641949105391 1239.2616333558224
1422.0837445687296 1355.355208130275 717.1040456542297
1123.2229175267908 1199.1010101844272 213.47874855765608
1363.4649489289313 1228.6253866578304 812.7399316541103
833.0530158306565 1209.6835778099091 1115.217556038357
578.5240087244235 649.5040192893813 82.29372073354779
1204.6625352756612 1012.8662837829721 916.38981513787
1031.3397853751278 939.1783080380875 989.1041084883823
628.1253329710244 871.1972346216113 570.9009206319478
815.0865077020921 1062.0580309629852 702.2629533437747
823.1654161369663 1246.8657816848197 1417.8118757616771
897.046791494947 1043.4108202663626 672.8109591929024
798.0336353968959 582.4457612793931 1055.9459273041898
500.0555105806694 934.2686193778852 1145.7797440987497
1223.9713707304088 1153.6383491994125 977.7836758398786
927.2968130282438 984.4709140591734 142.83097152134616
795.8422422840665 953.0840341016855 541.8249353792725
841.8457677910324 1341.2612712943983 1042.4403526240856
1477.995361242572 834.3220978751942 197.84772969001335
1028.999262974593 1486.5489927559 1004.1285915506757
1125.1153038256641 1386.4183931576395 1480.0609984648675
1081.8667752914168 711.9915784215082 204.2190573143419
844.039389015946 967.2796609098697 1251.279685061022
1082.8578182830558 913.0032906335322 1361.3093733865087
854.4583184022396 651.6885697281045 1033.1878745663944
1108.6672906449044 583.1430544317839 1278.5754359127238
1310.8058272985027 1350.752987118935 160.72148392538483
889.3702613571201 929.1642248185126 835.2275802124973
1231.1953592508985 1042.5044503190663 31.106336386921395
827.5618201372292 1692.453715897744 1242.1504987328647
1026.0482439014552 1118.3403090035945 422.50520819259395
1166.4062346449145 1211.9401496458447 713.7182826546428
852.8339526319271 952.1530665696868 928.7153784070925
1045.786216706945 1093.4688489321638 570.8696119507082
846.900823138759 1367.7207046604337 1334.976047550975
930.7215469304299 1361.8078713585442 969.717708750541
744.0168807135924 1000.1825737419931 1403.641141719687
1188.8243542590658 959.8829713569404 133.03647100704256
1231.5508278415557 616.3150305114598 507.53471577354156
886.2491160150256 958.969296723916 642.3931013678404
1266.538156235217 933.6853020533058 587.7264021757943
1049.0677129321084 1359.7828035732036 396.815662733249
896.8828150545062 1453.985280392058 969.7219273172072
825.1132389074892 1083.4647124374926 12.811303787754913
962.8478675145894 1184.6612218879386 394.60087745473055
1392.9558110779794 1058.1612686329775 175.77540292684668
945.2747250665944 1250.533528631101 634.8067590713692
1184.6724169675133 882.8076107241675 1336.2898400685808
1104.1999509659524 955.8362583418055 739.7704947825532
830.2665795798835 1254.1991640849888 1114.675464593046
790.482831530825 530.7068933226707 1304.1207257864407
860.3748059835217 880.255172480451 1324.148017666963
677.9621450912841 724.447577838858 1158.864431090202
1183.1776764172828 1232.328230995572 311.14418539129684
1169.9648192796426 741.326433080008 186.65693495283807
1250.5877087425865 1252.9572732311794 508.51721902662666
697.9372588462497 883.3764109548638 747.1808968516895
1173.0513473664432 977.7195048784788 321.2692812061649
1273.3279529465765 819.0896222595873 516.7333167673767
839.0894286917523 1182.261032488373 218.41044466615557
920.3221558505713 1045.3020751651925 703.8681500020356
879.2641902011964 1342.02241531153 239.0107603484489
1052.3491835854763 904.4578188602068 1327.8110088079245
1163.286368055982 1368.7382117245286 1199.7064580301758
904.1736140309902 886.6165188387906 232.11118201294417
1289.2971064973033 1420.74108058722 423.9249927595434
572.2090239661709 1297.947873786111 444.6946305683239
1366.0254900670316 1366.2055633706257 131.28241429467457
727.9000371248061 1308.8368608665678 400.33886904380563
1276.0934927233707 516.361415604106 220.84929824508797
988.5331882635398 873.5438560250747 1153.0869022573315
909.8456223186483 558.9670634940296 1176.331400420748
1265.2843166205294 1240.5494359305312 1424.0905318063951
806.2207099846 1147.4535822408811 1355.5575043102417
1168.543401597874 1092.42525638712 1481.2288664620567
479.35003216597727 915.6657119573576 1369.9556805721118
923.019373194899 885.7474810961356 678.8096512821065
972.7739693477337 894.1224327272515 367.16704769635044
1014.7387415219791 1313.1476635682432 1479.91534695241
826.1670324862391 589.2903208905321 867.3675779053291
1226.8483487863332 958.0292792537587 525.95060309951
990.0105720098197 680.1832869638085 1160.3925087164887
691.8987453691959 1257.5108248605811 90.22055451733158
1054.1552527572735 1296.2596813657628 1348.2629132117204
1182.99729640839 912.9806969810264 145.36427980658516
904.8401057062572 1188.9468874522588 588.2452615741134
918.6279974424705 1095.9053323985586 414.9217444382189
761.0709511125041 933.1850524731107 148.38955551910115
629.2950529129482 694.2197512729574 1200.5528506273736
1047.6828666470237 1190.9341413978896 572.5925390004244
749.788548726464 605.2125617814329 795.4275135530194
898.7493227685386 709.8684703356212 461.83204532861646
936.7278695514599 1104.992065123942 1239.7556142406436
586.412690186946 1139.0069846295255 374.6351884646655
1190.8363649354048 886.5560823337466 1210.4733378203446
1025.8568363074344 1226.339118676503 1246.7477315021642
663.7772350196844 1216.435566373876 631.5486529053844
690.1499353906402 1022.6775056241663 324.7430488540733
1256.1357360261534 578.7087618396203 619.2024160207047
1289.2390929268224 704.1077206174846 367.3725616947273
722.2449214710111 1091.8467851154599 8.849283269094233
1048.4459955616398 905.42449154972 1328.345858441691
1496.7893894876959 1246.2249728277852 463.1500566795342
1202.6021741685602 1072.5289918379622 1264.788477682526
1111.3652343890774 795.7824618135837 286.3905999862099
910.2264753030099 1360.9318975489675 421.17126364172
734.5313819144817 831.5298981986398 294.9457967556694
1012.7345035315908 1314.2272856216528 628.4991213336575
1525.6657057790167 798.0910715918769 819.3004453783424
1050.1101188573136 1120.8132864366794 295.36325770843035
527.2533160357647 805.6738086204941 736.533810783627
969.9098438126795 1548.7937362633822 1463.1797881262928
1160.4390626764925 1129.3613934002349 353.8487025195799
744.7988356837819 1177.385841659917 328.05888069532926
703.3360951890645 827.6448806859516 1151.6653391851537
860.6204464003711 1059.6217648710995 229.60196497124159
625.5794952806964 912.7654483188518 1173.9152641905266
1320.152109922485 938.0036300920602 1287.207309237591
1075.676349112894 884.1680709289149 1224.5366067441432
1230.4868115089503 758.0906648994093 165.34979144280726
1166.9586883746022 1280.2083426977454 1131.269699182313
979.4629842141233 1034.3928870736934 594.5922896696597
1773.390165559466 964.1585396791967 1211.0179227817823
1041.4389347760236 834.613800925739 910.2582682298269
1041.7068071809497 1005.0869506063318 1223.3267929921185
1084.1003404659152 1165.7471431910355 398.23242089157037
835.3481897281722 944.4723089740693 466.1116899456311
883.2676283715547 1158.4346136846555 387.8849420249885
567.2110744482975 1254.0552466671243 578.5727323249254
841.8132470422223 1070.2198107258355 609.9224936957035
630.5603344188521 999.7409169995663 570.611510281555
728.4411746494047 1045.8512373254107 60.3626316639978
888.0574160919765 869.4294990684841 1293.5880647950423
938.6861334645126 978.0175611411856 313.39550242592765
973.2271254580539 778.536543777951 1197.6827266263185
460.9484201306864 783.1247885140162 178.7202627136639
