200
816.8940160450861 808.8529087848453 338.82234435048855
1020.4689559907149 754.8047841654129 778.4714083546396
778.7313618522227 714.0058491184741 33.164261251736214
770.340000832715 1295.5159762939861 776.8749706951896
1129.1031043388714 1187.8401755232264 749.6458352718461
1040.161120104871 811.7088688371159 255.77081609392638
962.9739555877364 926.9778253648611 275.4565847409601
986.6729434490729 1494.025306985896 438.7067232989361
990.5489365469148 1298.135400138553 1486.6326692931812
1039.2274765529041 1240.7750302136717 1422.7444812096649
1618.3200081407163 1228.849198710936 173.26403985769417
880.1383587202762 1022.8306867806511 915.3008653160763
828.2801742420158 642.1622566708369 600.5433556475276
1085.8969679145662 1059.881734989916 1146.460312649446
1102.549188520603 1278.508555718504 684.6159517669689
685.605717222363 867.7255613364242 91.30242427250069
1239.0362836855213 1252.9228659504656 433.87265521705336
705.2022399397739 1166.4190762578723 1285.9870252293738
588.0739176658428 890.3507040731756 523.0107894338422
1111.073559745515 1308.1162940478814 341.94557548655035
1221.4647779872573 696.6812987802866 767.744404132935
709.4742336287571 1085.2368614033735 663.0124281625252
968.3432729863466 863.6202612211563 263.9157639864803
695.8162375150349 1026.5781989760724 1013.3709148967175
1172.0522040877963 1559.1817915985916 925.3915592632594
1207.944555241904 1000.5260387504867 147.1847912415017
803.3261548426487 554.8862456336209 1448.4624258052656
662.5856200729443 1303.4193588369048 335.2235968690636
966.0024439492219 1110.4967511210639 770.9973616946316
811.143874888628 944.8874059952961 460.84694545905984
650.2275872455442 1277.3571533310792 158.86107532953648
646.5394979756214 1258.1189251595324 47.14838731739418
867.9015464986015 859.3274044629012 1318.2531339144775
813.7553694574628 758.1597532520502 299.5150866876513
463.54522443721464 797.7107594481262 35.62992197513404
862.0642786929025 1057.7278707204928 1104.3441123970963
1337.9026313827867 1318.9511120130205 1170.7630999392813
1005.6080450891621 1085.022545024339 857.9131775210171
1226.502085494336 914.7322028372259 611.080318389484
1310.406111024675 799.1759424927995 1135.9170945790415
817.5942518810748 752.9408872029329 476.5823541505755
853.9366332959557 767.7500510512912 560.1081214749745
1167.695290721098 1413.4165928695854 153.4182367008477
1196.1957098443036 819.3825367964334 1488.8098046721825
854.7213389899484 1007.9071853791246 364.79971682172527
1004.3040089733281 974.8510329001244 417.8747294883925
1188.2044548093354 766.6615408671327 1141.60047967031
1046.0512027497987 1186.2120131439701 69.15227040094496
1081.7772785767486 965.7315651776227 829.7681567048062
1049.996353133033 1234.4284318926525 303.5668152074475
973.7555701776878 1009.4797672908088 139.22869401386063
282.96221054121304 1219.135487081631 83.90927898911865
721.2990654982257 1357.8276622881838 39.112889538635784
812.0976199043578 1092.6891113323056 523.8928203272231
1039.839971694512 870.9327633807304 954.7453981268673
1163.819725034869 458.5774215154262 1497.8449390042585
954.915067071258 760.9541469871683 285.4480638240411
687.3370970812974 621.9498395453743 1114.9733436421593
1004.6463679420161 1245.1481936196265 402.7971517453355
1320.4534649017012 1011.9675128986098 1099.2610390155517
978.7320666694471 1131.0817434934913 99.2812438586127
1042.2017828007167 518.6986252522353 366.367856497173
1279.4545872501462 737.0447324726524 40.550409508840865
958.348687807393 965.5095626023252 538.4273003780629
626.3878270659437 1482.0290360821823 611.5751441323678
1139.5688305908332 812.1899539951771 451.7703540767181
626.2841320458854 950.7448709746532 122.22169825014633
829.4830148363585 1543.9458140299635 90.36745300016946
486.8936226421524 1094.9368662064192 1197.3165212301624
931.0020862308077 998.4304693470431 546.1292055068742
837.1709072493924 1154.6535111901019 1357.3813035231876
1201.5565508499774 912.975856167799 1166.2061049290753
698.5137122174415 944.8400999843215 126.63165501718571
987.6756873856837 806.8780376743613 1210.1020305643672
1327.9501036023346 977.6323128236443 801.3724774808766
596.0965164528302 958.8519263257347 250.056785080762
866.5473004703283 921.2693203785357 1306.1907720417264
891.1907016027953 1155.7235773994312 99.88321467441853
692.6968867498997 892.2712587322208 1052.2241100378346
1096.6868615734736 1003.1537618932025 1000.7010022012228
1222.415996739649 817.4055302635054 1263.022401880167
1288.6160971912539 961.6385374165911 1416.9244794151346
827.7701594008655 1139.591855353442 830.8369292218994
1072.836244443456 479.0767564763769 1442.2096630303163
755.110824234379 1271.1704563776186 235.12196546608928
1293.0606567897694 800.0537010852479 130.15636179073104
1538.399832946539 1184.6742837800443 1156.8942987747837
1032.0945495722558 1112.7575211568205 1250.6297648990724
820.3594741629488 1179.5855280806268 395.4883766672535
1302.2319699012282 792.6991525977824 479.6549611654566
1294.154424321123 1118.1923322922546 1429.093852551163
885.2774987767432 1057.5932370309613 559.4870948476134
795.3092738747221 1430.0575207424515 857.4163337278318
1402.9254766333938 954.7853050707048 1024.9336724001835
1019.6542531733269 1282.1702849340504 1453.359694072375
762.8472582065705 734.220667924252 918.3389432156372
1490.6085896292032 801.733620897766 559.4348015798461
675.1030412891223 797.8936109463593 450.22837778462156
873.8094744299352 947.2952091261112 652.2181208425283
876.1258804530383 826.1993706899952 1024.333506517992
613.4185056922065 974.9870542541435 238.70325683912773
708.9050409922684 1100.6213589241681 1282.433968589205
830.0485560149593 1191.72531807142 739.4088501257984
862.9301640159849 751.796817736888 277.78904523522726
1086.234505401797 1323.3783450668434 704.6489487343624
1367.1778115727357 936.9423430835815 16.08586776547427
837.6482553091545 909.2585955517758 483.3104200380385
1006.7190439538789 1299.059456901244 1020.7203938599299
1138.852710542091 813.9938610496797 416.9362032335967
935.4670387888094 822.5586768772712 440.1674242337771
1372.452388492828 1467.6478892749299 250.29314657404834
1244.4445959532343 757.5006999286504 1135.1028661615737
897.5878126029706 615.3928820246529 15.259514850291644
770.9050333049951 866.7364123169879 241.28860491870736
1057.0416782202024 936.1384100756637 52.77588718326537
1103.2523265359478 1004.0425291199052 831.5973813030048
1313.4388339653447 812.8894709277918 1187.6696522792643
804.401228119223 810.8986761239943 1271.3218577587756
908.3927724368651 513.7770773189447 518.7211001805191
1276.110906015892 861.5168685277401 1066.1456942437792
1023.7807523105741 980.6311374811378 674.1655150444077
850.1424357277812 681.681872881856 1004.0024368870553
838.607371525988 1065.7563270119206 1291.7355221817213
423.4213174502946 1214.9149567119555 74.9159608481294
1326.9937299548528 759.0149639532835 1097.8979469245116
928.0777684045516 1302.572155527601 725.3947261352125
782.4952906471018 1106.8177561170091 783.0170836622808
1019.5738937034317 982.7640534379165 953.7068224032386
975.7616751638836 662.6822478886572 470.29081473074615
705.5103290774467 1054.3392023614 1338.5616672617025
672.3513409883378 1079.8766627871373 324.13950908675713
1155.391682849661 773.8400714357691 858.5764722483343
929.5283798691482 777.5190007527772 619.8691637095534
866.0194105259271 1284.7013174275762 1257.2634916407692
938.7224499209347 694.6641261462668 1414.0771536423586
1063.0829456661281 1451.8748086470337 388.9075211787113
1368.3734680626023 1419.898349788637 320.2950241159531
1064.35835432474 576.2006310787563 533.9520797237647
718.5139189660283 1023.1420732867759 540.4398268025338
1405.8904658318081 1138.235524479184 1073.3511068179191
1182.5184225953706 715.9827979717281 771.1557409608306
1104.7449024931275 717.2166515493642 142.82761720885105
1116.7661272306088 950.9806703237149 940.6384744539679
798.3093936918715 1289.2408387788932 372.30410108068287
1184.8707932119166 689.0056864490771 1439.848857649259
1008.2915333683517 905.7523112434086 1300.14961710005
769.6114438343287 804.3529141509464 1345.5898327614525
1191.9032106145457 911.3165889633567 361.1296273235504
432.02368256810473 1070.6921462016212 552.1913260848462
837.7400498882878 952.4718536595053 1390.684213509776
1320.7014417249081 1158.4541347485535 234.42954759819017
1503.0125899383163 968.5089764005861 684.8363416548693
1414.8015679855619 1053.1485996676224 54.22255066164089
1426.258886728961 1104.0808111618774 1419.6888889096842
814.4152013773318 1059.091132072706 283.7652755520715
1251.5775794021029 1342.1606941610166 40.1523568330856
332.3058662718822 1069.5670319388819 1211.7820059378455
605.6729062502959 1116.545884219171 377.5247066414163
1047.8871795064224 1328.7646912888795 1199.0027967032854
1120.045778334976 927.6761059653014 1390.9196210333723
558.4417948488954 1049.0767688986639 586.2481756229718
1298.7296168716227 1234.3235023423026 1320.077078458883
1006.2806369676085 1321.2455990567787 614.7851823788069
980.5811536742011 913.2815568192544 1136.469914370035
1017.1462640050333 804.2505749582165 626.1475282530497
1097.1803918958053 899.6510925018024 1416.6551697805285
1120.7626650548855 1027.8833795772666 1438.5257609162213
934.7198405074855 323.2842977696738 776.9634598205329
1142.87379879599 1060.0370963138132 353.1644004672411
451.49159275671 1249.516873416953 400.67115737334666
971.2564712799092 1167.592816379891 28.444402996607444
1009.1747016833624 1068.9485702675383 90.56815909296884
1166.1043688610741 893.9227189378695 956.4406124740435
644.291231266883 1003.4251639518423 146.70753059835823
856.7412371716102 1429.7845389545469 1034.738165108664
448.1386767209841 955.2301631786344 1355.2231022469289
1077.9736679605553 921.9328389964512 688.7987482757338
843.0966011486719 201.9810745427768 1362.8888444621016
1173.8870273464995 897.1295792246182 1205.51125441693
958.9136275634174 1441.215807879133 1476.1220078907843
1257.0696567110892 560.1539832338416 797.3532913584318
1139.5399823704122 815.010898776446 63.39313064735946
1588.1930570605018 761.2607365002509 1213.4275555650966
547.8615181035252 1156.0898655374986 89.39782330088985
943.8328702297418 1177.190044870843 1344.803303668747
1220.6920725256862 1238.3233192630819 1263.9480323509788
1051.476334727738 1107.9086240725549 644.0600261060397
822.9318432597402 831.6503556803814 359.66632732163805
854.0157299325105 753.6974720596235 958.7668691227314
1113.2518123689752 1230.9484465052349 1003.3641372645404
1122.7272823776234 1447.8100724221665 1230.920221500827
1231.2273157105358 938.9308140679652 372.2791526904057
851.5437272384846 704.2886948633258 734.695028821701
1275.9846278651567 881.6936138392927 1145.6319202766551
1100.801270105741 810.3246236570037 1404.778485996889
1004.1332148942972 775.4513847351288 114.73484773104798
1391.7218791550254 994.1818731667041 179.64588773949126
1257.805707957169 994.9137559816172 886.4108103893045
1159.8359329234547 866.9670394833017 1331.9352434756447
514.9673782805066 877.980568956586 870.3590808007166
