600
1180.6314886153646 1262.8746471137204 1052.0710101793525
879.2941809908277 910.8357677296472 39.14226113420549
736.0521341201418 695.7201438768914 924.8960815725065
1579.2473089612872 1124.6241679285306 423.5839212950405
826.7883523537099 809.31695287765 1264.009291353128
1120.2862390567775 916.6288235045413 309.5827302162598
1123.1444654641953 1212.5531096672769 1264.6027487493689
1060.5121654445456 754.7727335031893 115.54617082174595
1131.9598447254948 905.9343543604587 1250.139817072419
1137.6272976679568 781.0922164752445 1366.9752426144078
674.2314762901733 762.0454946396467 618.3364429538125
1395.9018646163809 669.9526866456208 751.3542670609181
1334.5423848120497 1135.997478366135 163.05655853939942
624.9020517080169 1229.7557027291725 1173.887864982478
674.732946035783 1659.7102373481925 186.40366583470592
991.9346333552935 858.6816404228248 992.3917460853784
809.050581031777 670.7113956074486 74.02449089122636
859.2208457722047 1362.4347388220153 999.5685590804959
963.1933196423192 1099.3924879021106 1106.7519816481663
789.1846761855987 831.4506728864582 1068.746934617039
1656.607920325861 859.7649240271115 923.6553391800447
1055.5889465573018 1016.9801150529242 859.503355792686
1067.404173079243 1077.020950089234 1089.1595727609154
1375.6921796622569 619.8993879695142 910.1689023339394
867.4501987651668 763.3587379526842 909.0988250021285
793.5204877394765 1321.5973151426888 1182.67621815393
913.8004656039072 961.2808046751379 463.84447385137753
676.7890140444388 1065.2740953916255 1157.4586819166975
775.4963771197099 900.5961134099962 1073.127423256948
1004.5598626933156 1052.3192582566278 938.2264287974293
963.7024542451597 954.1964468493317 232.96245858098152
941.4185268214343 1191.5290679690852 763.0617310892852
1148.9798819763591 1069.9707882084572 702.8440464903302
1374.1798963999029 1029.0386420524055 41.75943746677346
1109.1725217678286 1018.2191987202013 821.1012043413189
583.9258213047256 943.8870137425452 427.1073697790631
807.4201395018952 513.191718146227 495.60424643660787
1301.6640171882314 930.824177673197 1346.6767750298613
837.3222021207841 1068.0908643952591 851.5577298522032
1096.788181011194 1178.516001463715 859.5001809146215
880.8371727613435 1266.7036017486091 983.2432385962763
974.2099247522033 1350.1772654768417 1078.741985563679
829.2599871119571 1117.7364027072408 652.857843269638
718.5413051419357 1179.6426029197153 320.1541665151964
679.8420623022939 692.3596376560846 1179.0589319896533
1072.5564543195694 528.8647993345421 1409.8092835917619
1017.5054672396219 963.5110442468122 737.2846795088174
516.2923527617984 519.7125434037134 1049.4134334950609
900.9901897114349 1105.8287864875003 851.8935764755947
1155.2957526964492 1351.7331057104375 752.3153707294573
1506.9756345274006 903.0899204427697 1138.466255974133
1289.5122921171564 644.9939274057917 23.002722293030796
1062.0729519157119 359.3254732502053 440.91962893584247
1089.2646674859357 905.8549824663801 851.5614579540888
1147.3747009033586 1014.0273099970494 813.1535025822357
1442.333347107938 734.8558374291174 796.9106998420575
652.2887100676371 999.0999666386391 1285.0017093326546
1176.2282351186 980.841302678077 819.8837410365605
907.9505779910248 913.9862315963386 248.85877896217812
864.4736997622778 1055.508185982149 971.5955839669984
866.7893749458024 530.3055990604829 1453.982840112488
1151.5541646286267 743.2526178828431 635.825947744719
877.0862682220308 822.058890891827 780.0045674554541
578.0530411523968 1112.9821748414167 1112.5331516487363
561.3331678917936 1277.4807036995412 930.8231329548046
1080.761026498483 1575.1056503362433 910.2714993090764
1320.3314942772931 760.9439994433803 329.7712561460861
945.5902056533668 799.8424571486945 425.4411138790779
1078.9835061591546 1237.7814152183246 1392.5903218140895
958.8304341060953 940.4723509042633 1483.7848606008968
1268.8169170492658 1004.6185149100024 552.4217815683704
593.0852538488523 741.5132556005494 1314.3763435235835
925.6113261526696 1051.2820148821188 1149.8131848325813
1194.5069370683464 774.5650497071235 801.1158868064703
936.1083225202053 737.1143877433396 570.7407256635252
1171.4140724871622 683.9248591971744 817.8607693788957
916.0970216937861 523.6696795176131 1408.7256739458571
638.2365808924308 1327.8540391467843 1043.7615912642755
1425.3711739589862 1104.5548821185655 492.5559623473299
1364.3753018071013 769.0979271858641 1469.8593238722328
716.9422424232357 881.6722542063019 6.346927710879857
1114.2791127919918 656.5079284457622 218.16140604931934
755.9560853740045 1054.2870573232287 887.0028472713318
826.8267007737537 1049.8772272385334 866.1160770662784
685.4247379976116 1319.386985156852 1379.2602528172058
434.8530686617795 900.8716843255928 611.8805709971043
1097.990263707772 708.6778955544396 1323.9975525775628
1018.165796037834 1042.4493264808498 663.9358939491347
1361.9280919776947 1020.7601888332912 256.96922632140377
769.5157462933055 739.4487216960183 1373.1929285692227
899.5562950775504 950.1049158202175 516.9056136950577
586.5958568799048 944.7419129731351 278.79993399160685
829.8103223410037 1277.498100389956 890.5986095069557
1216.0985587532573 1317.0273137207344 449.2093400268105
1324.5353116423507 968.3060866816402 1443.0970735134092
1130.9056889899682 1021.0109501195054 913.3617892897266
1186.0174624965928 1338.1601118352664 485.1166406310728
885.1605095848549 647.3125813252454 805.8469102315155
1172.5617639891639 980.6579534146206 1190.4680499496317
737.0564921527125 1219.1673384769642 1410.0374185585558
1125.4807151353727 1176.8746501646783 392.4614432696431
678.3951843081203 1081.5719417578446 953.2253627752756
1239.1821893355789 982.2810091972976 434.15963461179535
1113.3294515149464 1110.1164619025244 444.2178346815468
837.630368063552 617.0394112140741 447.3312379447743
1132.0687604640898 1183.251147709027 947.5818456959814
1736.4177162066526 1089.6295393792573 379.3644095822814
956.7881965851947 969.663691535299 479.1912124030915
1657.6403135131645 719.4502432298152 1258.8623244762105
1221.6758185485571 1165.364544559226 354.5147023074196
358.8180223145263 1316.9160283877425 1083.17778416515
1281.2889471796962 1052.3292497171271 51.93142251368599
1047.2799929990006 949.1165805369087 1360.4030564165992
735.2723430727245 940.2147045189676 842.8388877520165
868.0538295252586 881.3537627781625 979.7636861292877
899.5923278973198 598.72722060805 412.930284656318
959.0049840504888 784.0018085388867 1130.3180852643582
947.6495015397259 1553.7893513355916 10.241776085525789
992.3632330950916 783.827792326661 608.9394718179911
657.1501656669097 1404.6365707468653 162.8547881101396
994.8963906309087 1170.7286882640606 81.68642929982272
966.0739736781509 1269.206525852228 1410.411934308672
890.152197300186 1060.644564982436 1288.5280186949878
1087.873514685427 664.986618390851 676.9129530679658
1224.7426738787603 981.5330981391056 1018.5378768844603
713.9091615566365 1116.6583957337816 945.149456331315
882.0606960752272 968.0465162968753 1209.1795607249262
1112.8579771279592 986.9868541299218 207.4333325994814
813.4244947215238 1297.5781704029914 917.492080238683
1200.1863844872205 1111.9380535929224 341.1706932625156
1030.7807274578306 910.1092501870662 304.0183792800239
1036.4427634252743 823.1812426174557 500.5737295685528
947.1794321691672 933.9319380376494 204.78506178402424
1082.03110783971 1082.9283246928342 622.3032488518342
793.6841938302484 1200.2551250713557 655.4330953977549
1248.8328688719253 1134.0397553086466 909.6484135628913
868.6971259350943 1556.260854066758 762.314076047924
996.5852502611361 655.6145494362672 1253.2444517509596
512.199959963385 783.6992619309884 383.86759412325085
650.0700803822745 1062.1612710432464 345.338512309787
988.413304309247 1362.1689410506547 378.08945090587645
1023.4872867818715 826.1313315141219 1040.6381023547553
904.2691086087544 1186.0746541701076 135.14136438609313
1219.5967238570759 1032.6295762181444 1414.2054161085434
1205.3142087968142 593.6422384861006 1136.5868798502315
874.9777703551747 1143.1949248177852 603.952689037259
1052.0654377226197 582.3214171226255 69.62245292981007
1219.814653973759 1194.4621132042466 416.69107695175796
1019.5407725780523 656.056822939843 1389.9655090505676
906.5492670788996 975.1487312570083 230.46650617424618
1115.258198908227 1045.7698295692157 770.9102000634687
1040.3376532291707 762.4657329957579 1213.839566715251
1079.378717198527 1098.6936616310102 801.6196471119566
1067.772120857411 1063.7473072157252 360.39806053452475
1194.634657162048 1583.6167702387302 602.4236390295273
495.91196831563946 975.0390413987107 561.4351403664249
1490.517409984994 882.9844900308844 1376.2133141970137
813.3971776135825 658.942293167945 57.19930484028557
1307.764657108978 640.6842698350654 529.4890147115028
765.47680320251 1087.593945446554 177.06763359636008
988.6882612184148 481.59041665806353 1226.0642394695737
826.0002933702734 1040.1516439602283 981.5489166631716
790.7179249787575 1195.4572148854188 219.17332470903872
1140.63202016703 1019.9666235943464 767.1359705645273
1072.314716492834 1026.6717808122805 767.9712715000654
920.1924049250608 1142.9286599282618 130.60427568391637
731.0708706896085 1494.105999296226 1031.9401203602256
1273.0920574951303 739.7137969397995 1014.1730135673756
618.2027953360114 796.8893527462727 1349.0062655688573
943.7090097469768 888.8989405729827 239.0948942791512
1073.8491983247864 865.1341940834332 516.6561463181162
1141.1052552506524 1017.4329319295499 1382.6994437820065
579.5622594963481 979.237071233351 1038.8747962559335
740.5433437799103 1323.3342227170415 488.0367617164565
1222.2496052339216 666.0331889563565 31.9212550603008
1294.169580774062 955.2718154862956 664.4261164871638
1068.7658540121154 1377.5981944084479 945.4716985953316
805.4121814175728 1406.4396954538163 676.0773389059807
994.4424528559605 946.9926504864895 597.0738737424444
840.2564159827899 1222.4278491818332 1136.2228866268931
626.8633932875983 897.6231905210769 1420.5916278781947
1174.3696802502147 1194.3600444491578 1316.2765506639053
575.2690817763134 846.7268702593642 1167.9875423107628
826.665488909539 1154.6685576831414 732.7947276020137
935.6390789000121 1083.0847382567133 1184.0443968437442
678.7184828725558 1010.1725815433302 1282.2015232073816
984.1548160454076 1273.8817277706164 96.6961664074839
1089.288202219978 1060.0078712344857 1320.0433573960518
983.1118143666365 1343.8316305213002 1328.9203681468953
789.9196262919423 939.5344263519244 253.48880139831493
900.7540633458912 977.995531635492 1246.0826401279598
912.5028152239421 1373.9802765946808 861.5877131591684
1092.4230604114232 521.2401581693159 1096.0430568377085
1084.5253919203572 1274.5478640900235 1282.6898775753482
794.6500120107589 336.51397306040246 1336.737440212849
1302.745465810735 1264.6000456737856 788.6023391997816
1047.7047832124147 895.7098106842849 153.4366219882627
1022.637338727723 830.7624754154033 907.010155510588
1169.1793466079923 755.717229170517 686.5770203403632
846.8854185091501 1000.6558650392948 903.4969474222846
761.928786898589 1088.676772228719 842.816127500505
785.4315146343779 767.1301072584204 1270.9959887522668
1421.7090476820993 1020.8851839720842 38.121950521423145
1123.5319220258577 1104.1170127204434 336.41666303268806
802.0000449616564 921.8334538760275 272.91078327061484
1203.130326889492 763.8144493837626 1337.0831468428669
1120.4657152621314 963.4039403843697 1407.7752149026046
1320.416291918346 1005.8504440860053 1433.8308685366414
963.1688441843984 1109.6526671996676 310.8310245524858
676.6314544933241 1371.9451817489949 42.81051221776189
890.034999328469 823.0584443861501 1310.575104917372
818.4465241550315 1058.3230946652038 896.9709295247086
1127.5088185553857 1258.9339163509062 237.48817345263373
855.1503546076108 820.6274854140615 472.4210804865012
1237.902895179494 924.7659097411056 301.3297829484889
1168.524979616524 1085.1081516484219 950.3926962653828
1202.536015748505 979.5782940809066 1133.062907808878
1186.1325749304265 880.086579598889 415.2308924541387
1449.27424385184 641.412440344729 1380.7477050521015
823.1661702208387 1201.098739153791 333.60990317283637
846.2479975112877 877.5535886481033 334.7263274863994
1538.0051055015172 780.0443529765147 1353.4219782349749
942.8894052985415 1237.5851496754913 779.9254151403758
791.0120239755217 438.6487299260625 968.7224835287013
1114.4928423875174 1043.0893202558445 307.4249891123332
974.3957462482819 1007.9172138508955 1209.2110517053484
606.0267901157547 939.5164768491323 1043.8882835419097
1420.9194493132431 1223.8300244540928 244.90737423954468
890.0596137599256 1181.6071911665097 498.5823505170924
801.0831867538748 881.6473704609166 81.71537926427625
1248.3074732836587 990.0643090882086 108.26958068225068
1112.712078258018 1133.8794598352206 135.71951711956305
1405.6977651147845 665.341637434964 912.5572091947018
822.8237936334616 742.4158787418665 303.28736128422827
880.8880513185983 441.8398449561298 1349.240500305341
356.3184113272555 1046.7529651600928 912.1400781225017
892.315589936875 987.3126441138987 1466.028613867426
1326.5610902179706 1196.1443597205784 1279.513711968728
370.98417292599515 1195.082280478994 737.2109372852194
1042.1720092757073 965.7027940759797 570.9365530973733
741.8825227735845 1035.9025800418992 1085.7365386281783
1121.1890299758918 1247.023134410297 67.02055161111237
782.1326736013145 433.0069436849892 188.15636661116136
1346.9089512630462 729.3875957908881 476.86634928895563
1016.2667040652123 1018.4089833625292 1054.9451265110251
937.0791682552119 722.6492324170079 77.5860004831232
923.9956533832374 1030.2839999344014 540.6543923627524
640.730517321544 1343.8884413875426 1349.21889013429
792.0400317359698 897.0844049842029 958.5248545511812
1458.7776263287087 759.7144841666532 478.51161676177793
818.1438044013313 1056.7350423386958 1069.6317261858626
980.515832061897 1408.8028190669497 291.80855765533084
1160.6308775469588 818.4518712500142 866.7546541309862
1206.1828393304565 667.1800689267525 1196.7551070202899
738.0075390768616 944.7763247985621 490.54673291284746
1268.059681085582 1369.4809278540104 1492.1827812621268
1666.6632465986108 1228.4447205966983 1026.3641076800745
1136.7631980386743 977.2174926244069 840.298742415111
1180.3723104716355 1304.8691677525378 260.02777262050654
711.7618865893091 804.3011651808747 883.7748948090892
797.7848947378404 1390.7623937309029 1007.3613452325014
1182.740244535013 962.8779166460873 996.0154557445161
693.9036453172812 958.4896721534546 1052.23645983951
588.3734834485429 1745.98747026301 29.778442374780113
1010.0557893318606 889.8059579629441 495.73489863846294
1083.5544042036988 611.8484171165014 412.5590671293164
852.6372361026396 1182.071823264286 1481.0079157229975
1245.656350644812 617.6143953527069 218.23199686919247
990.2780411551707 761.5197967652047 321.337645487749
826.2347750426529 1315.4411994515576 153.7794825470236
959.3210104206823 1264.5810629602552 835.3145922076619
848.9940109063293 1184.2582451681233 1015.4986730499623
1344.3532350688129 1219.7388336472397 731.8530470294562
862.3467408933866 1410.7897753725924 576.952556973768
1035.5607189291607 1238.0243538109125 199.6879913043113
839.7808705744679 707.2182778758213 373.9531176335041
832.7997378625246 852.2333904771017 1183.781723574302
609.0951228994969 571.3412647279413 777.9901649081678
565.6174530744617 373.10466585946415 529.5351082528019
1265.786510153338 827.9451595692166 44.656700758806736
1119.3884309898563 787.9753214104861 72.2750083295231
553.5482823100499 1083.2035920421908 1441.67472727098
833.3432834637738 789.7289399962012 1161.1641665132954
1156.1537397448717 965.9128365475043 198.41958024117906
1279.49736605798 1284.719777223089 1175.9111936007635
568.8550459342973 1196.9987702513724 763.9733356205311
1095.2624896722057 994.7507895196 1022.3335469482466
954.771004338218 1300.5430750451717 936.4933451245886
1065.4238089408254 873.9182525590585 589.2026746003583
1404.6513148230765 1006.0796559441094 878.2611663917357
863.3539561715301 693.9417444047683 1143.5321256038822
931.5666490427357 1054.303707645767 1201.066592353337
988.9519011517618 882.5694985437261 1119.5075210330735
1045.3334152084362 755.3260482237736 202.40087954684222
1142.3375914285627 1022.8960582632961 785.931654660302
1468.6151748213997 980.2869518490327 1471.5214238228966
1242.854078681898 952.8209069514003 678.2057465807201
696.9139240212769 1247.3143276752664 985.0419080591583
1014.2608050414898 939.9915441177039 123.41909556706898
1046.4661082371626 1314.7524240638252 916.547421347862
956.0689084400559 775.571650063282 577.6568407367278
1025.4701251558672 1458.4552077247263 1475.1486079994354
800.974670448175 1103.4246345195834 136.78654515955364
1094.3065080131291 1311.9165673570133 1209.124753562359
528.479856593816 540.5733691954395 1339.310716793369
733.067932019838 851.5886185390335 1358.505296261222
866.418134263542 1059.4551946332685 787.0756169717037
1015.4092933324135 1087.1264075199745 1454.1004706856115
866.6391142036002 715.279715723028 468.5950600344024
1150.274216906304 1288.5445266663555 1198.345882083254
956.3622986378178 785.9585743844614 1412.635343138075
942.2280925617265 575.0939353160193 19.696979636948164
1060.451278402108 886.638774959561 826.1278965764146
873.7562202364228 881.0101752846796 906.9952312415518
751.3190589329713 914.9227483476636 1440.3698047235387
1104.4726458761531 1074.0097683829788 576.2874925194664
1428.043189067355 972.0235937455311 1316.4712701719418
1129.3204240289076 791.9181764910352 1318.4209378361659
1261.357920678056 623.2044923643327 165.89591906918145
1282.6187314689628 902.6059149413556 1494.5078461932878
849.5892527879271 957.378743391517 1088.2783113045052
1104.388204885714 890.1034315356508 1257.2718415293693
1463.2135892771175 654.1973641447267 185.67415866892173
920.0516276543631 1058.4937993347962 385.27046698869253
598.5527548937406 1039.1355150227678 920.5878249973135
714.0245739442645 1217.8614852236349 1030.350251904518
863.7731663232825 1578.0746086677054 1179.377635163717
784.9868474355898 1027.5471922998447 239.63600117413458
1049.5625722868992 1360.3102860609433 702.6793180118005
793.1777819510784 780.2256413633481 1090.7773868835156
601.5592820856896 559.3307870126912 1167.4684196500546
936.7743274882727 1173.6747335508867 1437.7884204041093
1000.8460304008493 647.6968649338453 834.6053424694335
1024.8947416308397 1173.9698968492569 974.1153691486236
1472.1318138096399 1248.3323855686017 656.252004824179
727.2866118600184 1381.1504181061384 75.99339074465661
1084.7892895849236 900.1018842468415 753.008321123332
381.6796033049711 537.6109070873863 23.31072315672683
824.7172760297599 704.7202333907437 1477.5734472023717
778.3122580338041 1074.3520447646338 785.939136881844
854.715455349691 899.4307775771192 507.61977301442334
1184.2562224212752 1420.373027598037 1143.9765429023505
884.7519324100347 690.3464428163936 777.9877462220124
1120.8403195693775 1091.8539891009016 2.5981839990987243
1377.0111692788066 945.7717708888943 1108.5648322525733
821.0934059060272 820.4114949464969 1223.4795708439265
1190.9042165505218 741.4938675762139 1427.8425550010643
1034.5560460404638 1320.9988480910238 1420.3415622477348
897.8045228132339 1404.2061198057856 1017.6351241027854
723.7318682315547 698.9225351944481 82.4768749107041
1029.798391954469 1049.6558508230348 1403.6216198236993
813.9150614746557 906.0565706291779 340.8670186100623
934.4566694030393 1261.573117652448 1176.607186990077
1110.5391742712227 1192.1654551227023 829.5921228292316
894.6205264583248 1073.787864387645 195.78038389666358
706.7828170839782 1026.9027302362233 320.9635476835989
1423.445034211226 818.2123293765592 1033.9236669848672
1319.2250127943926 746.644407181999 852.6342073062024
1359.5759783834042 644.1600758120176 476.936532622581
1218.4645964279518 994.7385726118332 25.267610980643507
1108.1413526348206 898.6661362673535 244.684710261802
869.1657414910488 707.0220083262313 1077.5183862346876
848.6536804676199 1254.4727174147185 1001.6322133786895
1160.6403282101237 254.17716558307143 1427.3240324246667
1135.7586147252653 643.253956360654 1025.918968451273
955.5709972504281 922.9426663204317 157.60922700488027
1384.0977080488797 383.48127017829927 611.4698969597504
967.3917077072365 1289.4823547489239 83.20604674016774
1091.509357041772 1396.699268925774 49.45608903625776
1524.1405946104132 916.6779793885297 1092.9876001415594
1265.5964267652041 917.9504905556059 132.18455585916388
757.1554661999237 1046.390588539533 1378.5583373178692
1284.4878566992538 1203.9807828010662 300.2158250939398
763.1891343523503 1075.7520063688057 989.2056782985676
1038.8341704563522 1054.3984024559218 1176.6762677070717
1159.99165801789 951.357218974051 1242.3001241003378
1223.7685980017898 1156.9790669517877 1321.2889758973017
688.9207336994991 1176.0467198972997 1073.3470032791524
1222.5249944102673 1303.13607111079 481.0304102627563
1258.2237233283981 904.6952598334291 1292.208426905689
1170.396604503751 1264.6551034071226 860.0459991230406
826.7006611202061 1192.0360143811984 904.99532282101
1095.2298222560928 502.7703633767555 922.0378835919211
1520.3531506079576 1031.3421521249918 204.87668165151678
926.1674833532423 565.9179529640944 71.23901592772042
537.563278334739 755.2591503150971 825.8871619028162
1362.4489243287308 729.7674941466921 260.9637479184071
1115.2254847246231 1021.6511262738647 66.9032238564441
1222.9103323965508 993.4120815938558 334.6523843965988
1310.7021266440013 1122.8953111841804 961.4871400599367
1073.4323908968138 901.9731585179298 1029.000223980508
718.1186742310474 932.5325571271961 466.6114449408884
965.66406491691 1457.59934672263 234.44484167240958
979.7558550406487 725.734865890483 1392.6894118211005
848.7181107143225 869.657806585166 35.63944574649991
930.1320579157929 596.3321832474492 887.4723160064215
1073.9784602304483 658.2240506383582 292.67724942108896
917.2832898249123 1359.984155702839 511.2300726806503
1172.4309352136925 1212.221273190656 104.90537665272464
1430.6970963798485 1031.1224631562427 1027.8432399719427
485.8993781879665 1100.1193554556503 1375.3435468035432
1216.7393887547587 1139.0825496506363 910.4021245764723
959.1288353538573 1218.2305298960257 639.6172753499209
925.1826651206916 870.6964501509615 729.0520495373911
1449.4250808096315 720.2250441279646 211.22463437021892
1176.737341600657 970.7194627258937 250.34592300461296
1613.593772182886 621.262822475722 127.50289002581977
801.277150174268 1220.3333328180513 1268.6603546843282
538.3385609333995 1153.2844056235006 688.0544227023809
918.3266415578618 877.3044472844326 94.39955597614724
816.834033374218 1166.4196298328966 934.6699256904042
968.4545191289085 698.7843198025569 1378.4545168988905
907.8293549151599 1063.2675826377954 606.1668123950145
1389.5146049289026 1093.8548980819025 216.8887003985086
1146.701423989509 855.2755121139444 1410.0106769077702
848.62777426983 661.3342876258365 1391.1323001134404
524.5716946486713 1099.7737737577652 1311.9993525173943
992.2991438612894 1189.3800187828406 1341.8344876375534
772.9339926943834 610.9446221900312 828.0123625050759
1074.3443311717147 760.6174125889479 877.9369531810884
592.7459110524826 845.1033559640381 858.714186343569
1111.551749722768 888.2132021953662 1307.9151706694677
1194.1006377414453 1261.759404563276 1416.5366369379733
723.3358166178155 1045.6925384256908 468.0715459240511
645.2150552407265 959.0116873194348 1020.4853614468205
1050.4816818134445 1265.2574682876786 262.81898811479954
1017.8829286130898 1242.1008816835756 844.0981115005175
694.4330488189205 756.5592609903781 733.9203992516616
924.9250982729443 1012.8690008665197 1483.366128113641
996.4104825685392 880.8035061231094 785.499733310848
337.95227385182125 1424.072010182544 1019.5394259598706
1042.0638457257478 971.2143009553049 516.1859849821935
1190.7817545248568 1050.5566912869083 143.18034196644874
818.2496363532226 1153.281424766381 1335.1127342348216
1641.9092397839772 1150.9061821245773 258.68678336840065
889.1701759797369 910.1198985278364 146.5566832089704
1203.8630674276144 1443.0856388070197 1007.4125798104849
1240.313474586687 893.8107654117837 533.007826089071
1139.2506679774071 1346.9950635174448 1063.2262309639343
1036.2077638814476 1426.2334577116076 1179.8638910914583
963.4953723245612 964.0280490157879 1370.1974969059781
1005.3902532551413 1044.6286704737813 1437.7586223506062
798.8458948193891 835.5010462408566 1271.2808903545226
853.566251462085 763.0046609222062 244.88418402759226
1068.9524790505886 773.3932625101961 1190.5167777883635
784.1852832014827 885.0441208918402 869.6206199687463
879.630259803006 892.1101025573254 316.1962318515381
1103.8442128965933 1112.4708834135877 1090.4826340058094
631.2108042429966 1151.256127139216 140.00978573936308
489.88683842814453 1451.5695583443826 140.57939927310264
852.1473921392635 964.3653988924312 10.43798342080865
1208.8572346787607 1096.634936144599 423.6088337137183
866.7068574539346 860.0670975095532 1104.5971179390672
1497.8508118626823 1084.315194022527 38.70679491379453
1213.076532047915 954.6405309720386 997.0810045096578
1154.2046717005717 859.1750894068948 1497.6933752112852
1144.6349775793906 1029.5553551741534 368.08958348314104
923.6219149050279 928.5360728411977 1380.699149596197
1047.951073221047 452.9956584859027 972.4359893573416
1223.2429640256282 1236.266946387028 922.8023351210029
767.9863018277413 1153.7062857912606 14.728327606466085
856.985329037397 798.4556493393555 1363.7086471997038
1216.4341642538172 1046.4161858323082 167.2047086235931
942.5225671452555 834.6652502933146 1413.9053040166923
1340.5044868489467 840.5119820859156 1409.296299173051
948.1838929079905 607.4246690172095 1133.5589789718726
779.1113887313514 1207.3845598994833 12.655316098869385
850.7690801401006 706.3694386604217 1364.0375201542367
1270.3915356824346 1058.1438824937668 413.31172898389224
1038.209792934957 941.6110838618694 120.00770240518693
813.9825192325917 616.708882141099 50.77374116324174
505.44991039286504 1236.2368723784523 209.19509680460808
856.9993688311786 1283.5380458064506 43.46216778065243
557.697240345494 1033.9335712547415 1015.8586766524586
347.7937486045023 748.9088645706483 1219.4011746786841
887.9315800317174 1529.8218808023862 644.9206741729457
1390.9982727266365 890.682928931754 1160.4540140125898
905.755194999389 784.5610735922971 735.3552036689612
776.1295890886846 1013.7263657918239 261.3694726791044
1531.927302200956 1258.4515904378634 925.0293298758662
460.9935003916099 1195.1924756376454 1012.3987571524807
671.8579964845667 838.4666819988566 105.43596718709969
1166.2714270293525 1154.3808058472591 593.6146422226244
1409.5672846526134 662.4494294112501 868.7439590437662
1074.0003432503117 893.1170972814185 68.0611081576662
781.7473351326354 1040.809431961697 286.7425484999627
1075.165678343663 966.3125284366539 813.1626640533235
879.1647939804625 1230.355875547222 1165.4091588005258
1274.635199521124 1053.8871178482027 792.986452941536
1204.3856060859853 1186.163123148458 836.1259124253463
1032.6977867522346 1196.7464557121352 898.8100478518131
810.7190477324323 833.170778717732 1014.041210111892
648.8370572075934 842.078406555082 592.435559834525
1317.7353473534909 709.1452413483782 1381.0248157709357
1176.0800182064916 1103.21548380024 733.5066045406427
715.3119463758823 843.3178631548424 388.47431685104647
567.3658961453546 1029.0054369535512 721.2673356046771
1155.6275333181677 1174.5186436102042 977.1238421151768
677.2581724298668 631.1214303024918 1124.3926328749017
764.0652478046248 1214.6498826868778 1196.8503870854709
916.8492791916534 1182.5009531678331 615.1921535914272
982.8249338398209 537.8980568166503 1415.9712452390975
1253.910869560174 1230.9675829430448 325.66843004486435
587.2508880565883 1408.3835730001879 934.5511015370231
525.7532538905191 1133.7618120798286 1033.3946693290477
625.4887944354825 619.1444996466025 0.3437674748419939
1071.6765078630617 747.8488041162002 414.51000132783605
1132.578267016983 997.5166630543545 554.2119551507257
1186.755804008994 1141.809178057746 1188.6548406328902
834.5468239681018 574.8383845105358 1092.34016907823
882.3639786362064 1137.0159343098962 485.3420078217455
837.9190537147246 1195.7829524972315 783.31786205131
1262.045446944349 1273.003306133089 358.78992882440065
1253.5364562968493 1462.3762575028393 940.1744207387544
933.0797368947392 1487.5107788053647 17.453199369942553
1312.98833026194 1346.2289004022696 60.97060836417712
1184.163748878734 1191.3561305384064 759.8089384068603
1009.6269449020197 727.2648353505494 892.155553702122
983.7275507081908 1000.4801951148719 1270.681968252979
1449.954056564528 751.5400443708452 239.67099161998766
513.8145614605671 663.3338634110453 513.955290229919
1298.980063076914 1273.8140451651338 463.45199873038376
1058.386216738477 1278.3802077729758 1384.8720445154515
1101.3020340570222 1340.4753035782005 532.6957174885802
899.0532348169812 1190.349715965593 1153.881485680274
1446.7292399308487 988.2011845861674 279.7154957255549
1257.8970539753604 486.8964274656429 1270.6461105532285
902.2555996420284 673.6204793399875 736.7748616037973
822.1736401013604 884.2417334859015 399.95184125679594
1317.5391015196026 1314.6353603058064 686.738150448932
1313.119361575505 1220.962230041153 884.8775168223109
1018.9792395728629 939.0823418969455 886.9050240417415
1045.239500571744 1047.4566916368194 667.3184266396364
825.7681308294727 722.5104547264514 835.4631669147875
817.5413323131911 805.851239136513 1126.4827012720618
1288.7728637889547 693.2403667932688 513.3096515054194
1201.2338780329324 478.95932631996106 398.06531239184926
928.449810878 803.2253864745517 842.7098144795381
1131.8116132075543 363.37205024256195 969.406411015221
1224.053618271751 1157.8142725606951 1054.550366812923
1558.578222767536 1098.251151489411 1302.3929877757632
1185.156719247067 1352.8203436208648 918.5193924108764
1069.2669677639972 1301.3264528736952 38.08744763448196
726.3889186597338 1262.6657020456269 370.3406256758899
985.297731143401 1429.6510598394666 1384.388610782727
1109.4891179545873 637.969537638932 615.0731714694481
1116.030735697805 728.7557476924418 51.41659062443843
1339.2145667212685 686.0351139865636 1480.3892701991263
1215.6914073001356 1039.596733968197 1488.3855922162113
310.65286116258255 1144.7042208098055 1104.2293828778418
1184.1749533545085 848.5763536258817 82.71574989316788
360.051360074351 785.9687674268127 1025.8416829440507
1254.8310933782295 1345.127450117218 998.5185014195087
1108.7292490817654 1455.7769039550512 317.50279109020465
665.0646439491005 828.4400450204424 709.978566889236
900.6747755064739 1385.6346617956322 1040.1450742409374
1428.5644011769768 1576.5283998269501 880.5288417763015
1029.0390736696602 787.8000695625548 661.8114528391093
835.9369502971412 1090.7382563037384 729.7177425616737
848.4200600651955 1065.7616420006675 914.7926573166527
969.3844131373884 568.7107903625067 539.0546974844224
1183.228327715788 807.003375659766 346.3917167224581
1252.6233736755346 1111.0301608526054 527.6075576728894
978.3281599433533 1033.8180936382025 82.33004789859739
505.15267806979364 1200.8472753387673 304.39016828779256
911.4352268546769 1085.0808946359903 515.7459522912436
914.5315418309641 1199.5855467692 1476.4993374665303
728.8962350838453 775.4042010731544 356.223975459484
640.9889619842202 1281.9802340991455 155.7225778153498
1228.761667236207 1287.4773428452613 1183.390280441101
773.7574626265715 1404.6819346725222 415.42707361204543
1081.153254008554 506.7151451098332 189.18023536644534
1233.7804406046146 1195.3630390615451 557.1188461628656
836.5067155607635 1025.3588730539334 800.3473626468241
1004.8433686686499 912.3466461123616 736.2459370233264
848.7053473268442 1188.7239069819445 886.4462927749598
1172.6204809881183 1197.6753389781832 523.592741349088
1147.174624983762 746.5681413143421 48.715182648730035
1016.7271619873414 858.7424968220569 23.65111099087269
826.147940916193 800.6890632481337 1073.8277422868355
1059.5045901975082 647.4467005972763 1002.513709359665
1235.305584210864 1404.5238421890183 695.6965109018684
892.3566634199877 1061.7331494402947 1029.915580498318
1166.0004970674677 1156.9867781552111 248.9601213264745
944.6374691592782 837.6367413316934 1156.2719804152332
728.6071285272686 1063.8100742543293 872.146504212192
1311.4361804703744 1386.2768072536596 752.5423259280909
889.3474452731541 836.1902462075805 1221.0605807566576
705.5305745173077 881.07797098927 235.30469518783443
996.6160369637986 915.5386669238912 788.2270158193511
1102.823365893797 847.7384136344743 582.068165960749
1053.300646520463 827.6275384474676 1295.9917362932374
870.8511304443837 916.9720672815581 535.5260366438579
769.532293333708 1190.4239331507372 436.94055332187526
1023.3457561158732 692.1916184269347 747.7544095113798
1087.2088518124922 942.0092796689878 260.3199748246065
1114.2033442546672 985.2941744572 1187.2226383489278
818.1401862317904 1204.2170390897338 281.0537144291025
798.9294633278785 929.893284975656 1202.6045998922475
928.9384833528902 900.1219358909525 559.5645337933901
