600
977.8904604808739 928.095156885841 1271.3339396341028
897.0606457627985 1229.8703707199893 1238.128606464796
1026.1474096532365 486.9321942209323 600.2000912788119
890.7688126194257 498.52495318112034 316.40989405953144
1217.6099144420891 829.2229384971727 125.58885516115586
919.9690127356765 873.5236120593006 1222.5294914197389
1077.6450500089418 1467.1846611938233 1184.8921296214658
828.6642616258421 1043.5652983534496 666.9879444203964
860.0635812012985 1138.1490971345966 1220.3786426106205
982.2952882041018 542.0230576179688 1258.9014608150103
791.2591439378391 1127.6699172161157 330.4834183632622
817.8286383550205 1135.5259894918213 771.5888376352431
784.0469017909131 1104.5526544053387 603.4298120268629
1464.3798873360897 779.6274907368139 63.48917701260437
1037.3530964801514 860.5090274888046 540.8893645301521
432.68550009717194 539.6543679758315 1427.7955729684418
1308.2691664263575 849.3001358614569 255.20763226031278
686.7488238985071 1159.7222906759494 1008.1647145294087
1173.1625811571055 1207.0140312717758 148.7775656264234
443.46462908741637 1097.9533263850565 413.16040031346506
970.7508551395173 858.2804293372851 881.8867641720446
785.5865063016201 1245.2504858204845 862.3701629930179
809.1162381385026 994.1899040456664 969.7184951541112
1238.6057156262507 1477.82526966171 69.54143245535876
661.5983719426524 1046.8271287283544 1450.9954422220956
901.6846527283575 904.0813618917708 18.2238300319677
884.1792985344325 1448.3301651000586 904.0093998615004
862.4300294456893 909.7404686253934 1326.8345622435538
736.9791897582872 1106.7775777320533 1151.7678011760609
962.438270956685 634.4576835975074 120.19873795191971
1342.1599857267092 970.6981443404983 323.36779855360646
681.8118176368466 894.2834602539788 1227.6602315099685
1012.1207457565808 1017.6833559355193 1341.5755836371854
918.2060128737742 1280.3024639018643 68.00762854479237
924.6381820897246 1059.1615230045797 1442.9831225148307
1090.1846229186947 600.9143908582637 1121.6041565381095
1169.1668154920176 1072.71404822776 1295.0167863438242
519.7669139046875 959.4115081374952 513.0107248266287
853.3912138879905 545.6075202601254 71.77894779984977
913.3030277054374 877.5701062124513 524.4864031209981
868.6516502035739 1231.9879093213365 786.3633329198243
1038.4769372134222 852.3222407281953 600.0986350161203
690.7595866861257 826.6523493474155 349.0958714330517
932.8676668496663 1309.717857407315 330.0903997682925
1235.1156533437818 863.6815986483583 862.8796798481792
772.0436439977514 850.7322715028404 1283.5501652140663
959.5558011736852 916.5339994822785 1071.408390960677
1145.7995757382653 757.787386179056 107.46290213798382
397.81896080205615 1093.810036515829 146.07810926289005
502.64216942771276 1346.0558030922907 392.9578801416043
1052.6136360364283 989.3310887929304 640.8113497906896
1001.8747129280788 1067.0188689183992 48.665552053373084
519.2284192958115 1168.4912511494983 647.7412828753145
1225.9216063479773 1082.4183989921441 63.98569323921854
1406.9899845586688 930.66618625387 1300.1289333749992
1160.4735954482962 1139.4132876394854 977.5038089029835
506.15847228463775 853.8034925984252 306.1773000226869
724.9721136987548 716.6375908356338 1165.3241086783535
831.5527440528656 1383.089306555452 1180.040689681421
894.5691084595774 1297.6451572572569 1385.925585991704
1064.564445366505 803.1499230462647 1151.158522444998
906.0703884135789 1162.9125582101906 557.8728366330538
1005.50555343316 735.9757893442531 493.29950147798843
1156.9485023696832 1186.5761534261212 641.4306651183882
1203.064412270009 968.7320368902485 880.6273494366294
499.3885728877585 641.3847873911784 271.85830648457556
856.5026252186731 961.9407456491772 580.9318329444616
865.4290772367403 741.7029167263415 1285.8455809909708
910.1101385958493 715.2395498426431 678.622699921975
1242.6313269915345 1090.9571125894918 154.3405992213946
1309.0007968460586 885.9837440437802 318.57979052512894
894.3237753760006 960.6696660299442 493.6543619105072
1294.4733860266083 1057.0298627139694 759.5264898728897
1045.819338091705 1585.2085083546444 406.1202860805954
861.7350422875027 925.0103709755086 547.554367242186
1142.7550970258972 805.4918724945494 822.5427262049915
1031.513424312745 937.0415301208684 262.8169818431344
826.9712830372606 819.6434277786352 137.95376199632508
1326.5460277598522 1108.032225082614 428.5756703549205
699.815064224477 1235.6980442445915 498.90987219524266
807.0772647768794 1007.6100857471498 1237.862275285941
805.9319338427053 853.8457677730353 537.6903039843572
900.1147966296196 1244.9554336606468 336.15782474172204
886.7561623179183 394.59102488665883 1039.2916521137306
1262.8769051161312 964.6311607811517 1417.8259372873142
816.9291709097907 1258.0588679742189 211.62959788201647
1093.4678133461218 1135.1635679087872 409.8645823786997
1269.5159976299315 768.37971104468 13.2260233444354
792.9257882626537 1308.6595673509933 516.933609913403
803.4674277887977 1016.3325053667089 83.61982218843411
860.3714449971515 1316.265870831078 952.4455453109041
1291.1502633835983 988.7796836317656 327.1306689795722
1435.749451062186 680.3828790960702 1030.8742344951625
461.81250492557797 596.9884393593993 223.0020445289632
1135.8949361682598 1192.3747764343793 1048.611462193072
1260.0222610925712 955.373070556645 798.5124497530819
1012.2564772515107 1086.8704686538024 1324.5120893147177
1466.0525653972081 1147.7592897387644 1213.056451869862
1037.659437552087 951.5948662626016 42.364020557187075
910.6346114454838 1161.3766816807433 1039.1715677282775
953.1739629527705 1113.1032808240805 1309.0687036215502
960.3032795413413 1376.0540138096264 1026.1373193365625
986.1676451753015 591.852186138962 444.53246793199395
1186.9540913321832 769.8690305010448 1040.0040404527963
688.3629669591919 1116.6909116626969 810.9186552376613
721.5408159103195 1062.9522798017229 1169.4651729042946
960.5897492904155 615.6825854222336 23.736696262585177
904.196888617213 925.3455146671653 1281.4047987062063
1062.6119213887384 1441.0722820559545 287.8496623943157
1218.2358868120457 1188.0173339827672 1381.8592860110768
997.3839865364184 825.7299230843541 801.9292638223575
1233.4309566561665 1082.1311469177272 197.06779028481043
1022.5962962053137 1312.6239319255671 161.21230098402862
714.7812710423443 813.8026561001834 276.04918183626296
706.0156754746314 1243.9734287152944 1162.5449122772477
1265.9225537942325 984.4023261318029 1168.082190414122
1072.07288388493 802.8635657496131 543.2211123035405
939.4934954207976 1340.5280118582486 102.38444810955627
884.9849287465543 1049.4737299712442 244.15247505337985
829.6663004851226 919.0694390469597 547.7174281317449
1372.9989190819342 1060.9063822492683 1439.4236136712716
966.3309698972736 923.3746353131826 560.9326459851376
1238.1209313963789 1008.6254655279319 524.4151223654889
820.6355642018461 978.3595041621361 915.421557782935
1432.2854778172734 865.0057887063897 1247.1376051885984
1247.2658572689609 993.752323763218 988.2851672514252
902.0368975531628 1027.4490953393872 641.9723233561872
1090.5852272406687 860.4953672124427 671.6083020393468
648.8029184708232 1496.4310179433883 1083.467590093826
1374.2566521149383 1062.8235442047287 756.4465761877939
1636.9939079330074 1318.2552460325167 323.46476116722255
1678.9124031176807 814.9342016275332 1491.611664104667
1103.8007442296025 1059.9019666775027 1010.5251972901185
1212.9537418408163 928.7197015867257 433.6602971299714
753.7704722414867 1223.3019896029145 412.3601851727118
993.5696934012227 930.7486356893628 6.413626793554672
1053.2996747281902 646.5483426216183 590.0652487591464
459.29895004910884 1233.7186424660297 626.0240879303485
618.5741770304667 969.5027112092723 1213.888844976819
1174.2304890549258 712.5190149798734 1455.3754254874461
1537.057918311641 1200.9964397753834 1007.6609733750898
1224.2123850869202 995.8481024879952 26.96119294683541
735.0839542109495 1085.6240614635637 752.8516191375599
1170.321194260334 1536.9512152005595 326.2724358007556
1222.2278333421148 901.1479311777749 1362.4612386342253
1097.485848488923 859.1736078227104 62.07900609242461
799.4763550909624 1093.8306545855776 214.3044219620782
1270.6380462347668 1108.957775602528 1431.2663856803983
1575.827392594087 1321.5145857003004 313.83904550877264
927.1438180592535 1545.8621571177382 1431.6887212459599
1171.7277392025726 1522.8456465495524 355.59327645179343
1006.0795843549068 974.9380769261957 1338.1418277425082
1021.3597470544138 909.7336785566789 1430.1309577867346
753.921990033361 658.8799728120405 1048.678033423204
973.5272424404286 731.9740105845572 458.7474835724766
1311.6037641565003 1315.9233101655745 835.5434618560117
1139.1185184500744 1034.8072936602807 1229.9276090567398
1047.768525453599 1339.0810532120875 222.31951040260233
820.0946306733268 1116.0718031436406 742.5464214069154
574.8960740242796 903.276388513253 1421.5766902198823
972.9477284566615 1027.9038651730486 1024.881178457524
1148.6648073623946 1197.0044058571798 171.87564234142744
906.6553775951242 1517.1374821872544 290.06230530527495
936.0206162685705 1066.5148895143398 718.945454970687
1026.8250483459378 1337.34596977714 699.8669225422159
776.5589967293167 959.8030478345743 114.95868777882467
1296.9372196144805 686.6338006056392 605.6613816328376
681.7521768956863 1190.604358927777 379.6812209581066
800.0158326625947 805.4805518375068 708.3231610550281
1444.2275697310236 1118.2622884614707 313.31575502882635
1055.037724246741 952.8064175582513 841.696955224055
763.761367935346 1099.04259219002 1177.277179029521
837.6531831170321 805.4706733642204 506.56477953294046
1046.6086332168745 1207.5393977248211 1417.301536174532
1002.4109923605665 1159.933459283009 1172.7021565924788
1307.9621131370845 695.6064906100837 489.4933739188686
1156.1703169446828 902.5126809819839 584.831175341306
637.1956534512834 1045.0182083639686 1394.7511311739197
956.1799759357597 1264.6886422471941 265.4762461303353
1359.3970210209923 603.6330968865789 1014.0677455751647
1354.7991687327954 1585.6379173919959 359.1066289418264
1023.5536531719575 756.4725345396321 977.4092653907636
1019.0495601712104 1098.2941159001762 1167.3190850054311
786.0536677327759 1048.7817224133582 330.8136907354557
870.1180032309835 1263.543334653735 1090.7263623088966
1253.1597218909458 1195.7007366591956 1004.5195303499382
1197.969339941134 1524.6661402976997 1162.2675968482472
904.6745910562237 790.3643942823165 61.624650943262196
1108.7529103226216 1039.1227292103642 1042.1385029110675
1101.7995466553182 853.3123727317309 446.9243706120595
668.3279584569261 828.248785140468 746.7679485932277
1321.2103191104181 1400.8841391657222 1007.3641079698816
1150.8442666495032 850.1859550697264 931.9492323089031
669.3340619472092 776.730955557992 206.59043911398317
903.0620567250517 798.9326169531522 568.1464245550665
803.4120064578592 1070.3557330720848 687.7939967502191
954.004156248218 975.9086439629091 193.98745667163797
956.0035420373127 1206.6200435798355 548.7023746160316
1281.3761183670513 1147.1332497312937 408.82275514411174
1006.7060439159727 966.7847212723974 708.413567020577
1250.397929295937 1098.0021361500853 298.10384087029877
1288.88752710156 1132.079704861125 579.2498996982837
935.8526217345506 720.9957705542492 731.3269046347996
1185.5806021628264 1000.8249490285797 405.7300947262052
845.244123468148 1030.7120287984735 320.2661809420618
886.6381061825268 643.9007227385803 720.6048378241976
942.1458440218005 1336.916320801875 572.0990502090864
733.6445020539202 894.8154505202542 104.81719332989492
1173.2634489747652 977.0566071556002 1049.0717493956718
1287.1556910261895 808.0941774884468 1182.89207070899
1200.4750655923478 880.092856089148 118.11543214013176
1157.2455602512555 945.2710713023134 478.41103116771507
866.1495110045032 1200.7248027660694 1344.4103398939337
908.6145743439339 856.8953352361369 514.0271770706759
1285.6020261103165 739.493628325712 544.8076707623864
956.949420899021 936.1772444061085 1281.6748149473203
1007.9382919016624 531.8648401369146 123.04592444164264
1138.1669355496779 712.1561759047659 1204.1630697364956
272.0094840704078 1035.0833112130638 672.7148815746982
1101.5653306623017 836.2885046543568 166.26259858706842
1324.6132944691271 1224.6432721348726 1037.767746763018
977.3802660132814 683.000514942069 581.0863126063759
813.5366626377848 1042.0256674116529 829.1999734479912
913.2239688226681 787.1863244879587 802.7240936334765
1156.2741158358206 840.3016143415668 283.8838890285308
1024.986449817068 658.4503428249902 194.44192326781985
1140.8681492552914 854.0114648766357 1495.6027106291815
1024.6178547962295 1183.709824248464 677.9753477595533
931.8039525851153 1085.4741564229741 358.49654309286245
948.3451466141474 591.0126154562711 779.5081525072079
1048.736315608406 1279.7074978506066 228.57238507184397
1295.7413119336577 1716.2988793969746 623.1520601752648
811.8604823214259 1011.3781115526831 365.37568170361027
604.5439214224932 1191.9903456885554 257.0226539916066
1084.6607633881545 864.2994471602987 910.4511433452407
964.7451120314363 1293.1838452153443 1082.4277047916994
701.1764727088386 1320.2850250426866 876.26863162139
969.0717077833933 1389.441345220544 790.0088648970284
1037.508706107057 932.1908459782517 1023.995630862321
887.2524924820573 1193.5056684075016 311.7688391660631
966.9897744312987 812.0486610208615 1298.0789028462555
1599.2786710492783 1183.3839352396624 1137.9625358583073
847.9556609361609 978.7448679487101 1145.6763064527388
1166.2168547673716 879.2715492662855 934.107082023846
851.2002948034869 1618.694849665269 1235.955053137483
839.4452753830778 849.9162452916576 918.5740529563794
1129.2112119875494 1288.30581434027 258.78343286442873
947.877715600505 1041.0569145540883 783.7467373319496
978.4325471697823 1303.778090482405 993.3908163632344
1025.5228491796122 1106.262833187197 125.20626405136981
1173.4362491991888 1366.8436949609236 58.441486837276294
741.6952271088904 676.4108419077859 923.4137584809224
588.8187539893138 1041.0688128565635 183.91889927207805
923.8705632912331 1282.800346197254 1246.2758072779102
1274.2354810428542 1231.7498793811985 1402.173764993371
1051.9916745640776 1254.0332732829866 1210.8263611658665
619.0212159502918 1151.0236880887621 809.014657962411
848.5345104300767 1272.8551125236154 1480.7845900632274
1200.5446330969214 1057.3649413837352 731.9399245493167
629.7929622398067 1134.578762235739 719.7888287309293
1484.9388833903213 1275.9881269603397 245.95222211124607
905.1451455838788 1178.0576219358932 498.15002807471666
1061.1287742150478 989.2655872234743 1415.3013285158916
1300.0305637885403 1055.7317433277708 364.00296411775247
1245.5334101637566 968.3339432007926 213.79439660508802
1361.315422184346 902.5388979167337 328.7737420314509
609.7483803863804 728.1085806143342 982.6489418228393
1221.4835012387446 1064.9289632484997 712.7323641965864
957.028133624292 1102.6605840515263 324.2476782699612
1167.9827470155367 1002.3606120413918 418.253447975902
934.3380113486371 956.4650672619696 31.129865597238513
883.7984938147245 1111.3309707527524 763.660026343004
791.1391798897855 992.0999771345487 1263.4451498701142
1097.0228222685648 829.0924267796522 431.864807477605
1343.0729818076259 959.2059807074069 1088.2567103756262
822.29937345636 984.271506980625 1434.2212861904254
1136.9749536035022 804.1734514823099 1077.6390681279056
1118.1239185647667 1010.4730441061918 502.45393826018426
1191.5674725199915 1294.5499057358747 832.3036204640222
1049.4299902207547 1001.997986006887 1129.2527647179932
836.4254258000556 546.3753860720674 1375.5509596650033
793.6803745661564 870.1409749116835 107.59533286978035
825.5933203840606 1038.3760385312821 46.04826265014961
1022.5362386778265 924.5877099472282 528.4851019632713
840.6968368424233 1158.3617362775196 128.512693707875
1044.7157403757171 969.8260673101757 116.29874469081875
1137.508022541983 1545.9968594578827 890.3942817524181
1357.9622990591565 1265.0346991860115 626.571878305452
1164.8795476078838 883.3950662611999 700.022185180019
1179.0813624456127 644.1426616774309 1162.7678668244298
850.0845204445245 989.3964448628626 1191.5836857492081
1234.3579237400297 633.5959141009843 56.90459900443384
642.0237068885278 911.2611603679604 630.2864681044616
1052.6333260728118 1181.3205227114056 686.1185196327992
1457.3880893288379 1217.6837871159169 885.8626880347758
1187.533411850143 1263.7761734258563 856.9756528461585
870.911574387186 1075.521991581277 1375.7403321786544
1043.116340323083 1481.4647604506417 1279.104926055759
1171.9758459881489 976.718426680511 385.8015567488283
730.11265648981 1370.1594678505994 929.0629860281672
1632.958506249493 779.1574628651961 143.52276307034717
1091.3733526887281 1131.2673863865866 292.6021054250434
804.4811779097214 1011.8087812862143 66.77049841727306
776.5472964390694 555.3485003837704 692.887196109398
1043.147550426607 1393.544574198811 560.7486445574723
937.8456437327083 1446.6764335264552 475.4521963887386
1065.3813574907786 819.533840708261 1292.7664408576838
994.0426991779769 1196.52287729596 17.63565163915959
1024.862102716975 1000.8703234341424 376.42890320388426
945.8564892529471 1343.198722885711 641.6718370826512
1091.359178539414 1212.6395742098866 1297.6199084227226
1638.7582427208567 735.6774118674111 428.90662066516484
1337.075431977341 1063.340156166391 816.0634457165685
1193.1590663153127 590.9068181378673 1214.8662829153309
867.9094818766089 1172.334388240342 254.64619086635724
556.5604135446824 1291.279549158984 1102.3306369670026
992.2744266493373 909.2282120587136 416.55532712611
1104.3493267236859 561.1608570928763 318.758438904423
401.8835148276112 896.6430994240939 967.0753958163966
1361.5194103714089 1182.4544055247704 973.2376788679279
941.2945200487045 1064.5826263685747 1085.6348523923912
799.7942992318588 921.516727837814 1456.559453298554
1366.6413704949439 962.0071397204229 1038.6451804371281
619.4337005275677 1116.354148835088 382.06324864425557
1096.1158576138005 973.3849402907587 682.8333015875608
958.9581395127976 916.5818655631645 648.4816099554748
537.7416831685877 1214.539795036693 542.0859005021598
1099.6007563230494 1347.7265847610122 688.8549102794329
1420.0710662814458 908.4389152363549 1272.0429886033523
1459.4955855196358 939.1665271737388 703.1853932491338
1336.7544559320427 752.3904611481514 1376.3236294788219
986.8374659511662 1456.3274529859293 1281.1987399499137
873.4799606289981 952.9724155039539 308.0890127898703
984.1587004681488 874.2014726979537 741.6280327694167
1221.3925613677898 734.2067165349604 491.2556614368332
1059.3362881534895 781.9395248013763 1207.781141734716
1095.5388148850732 1042.0574934098536 1459.1683291045385
1305.8826671390602 1353.4303169864058 346.7158436333424
988.1845556297487 1189.9705813658898 799.9433415815253
1360.7661100895784 1195.4035010710675 260.779502910779
1411.621008261835 1116.4177454983624 671.1291624373628
671.5607236168803 1347.732611431115 1442.2181304621981
866.8909010827992 1196.5098622415871 771.3817673089532
640.9031043486556 928.3468763985037 615.9538119857558
1029.4373671893209 701.3554362486818 1036.2503430414395
1083.142636906765 796.3385947171372 134.85338756654025
1033.185470466778 1084.2770730665675 183.58068976402802
973.8084168806981 1145.0057788235363 526.7527846443039
1122.2972714590087 582.534170499473 223.5658377187037
677.9546397788222 994.2566308348063 1231.0209578633087
1076.153849286047 1049.946250766141 223.9746592741516
1253.4043230018754 1174.7373599083044 519.2942167620135
1123.7879447201872 1481.9174311477573 686.24648703539
1315.4265445046708 1218.6822450908942 373.71982203665937
1343.7548530470767 1124.5743655798276 383.4358571166944
1060.7403482780237 1073.236195688975 1017.7939111998464
710.2152415931812 996.541892115462 777.3957559116974
1338.4978699196663 1279.172142995376 29.332888452025195
1215.5946520974765 1035.8841772461824 328.71498265920656
1105.3646066886715 1027.900618946532 1411.169452535403
720.8433274628719 1057.7595239726147 81.3788696276908
864.3434957017028 868.1995822892619 332.24608649722387
686.0473787207357 822.1382726661723 343.2660432390441
1081.4692418608472 1381.7208414015863 973.3100028880162
629.8366542523788 991.316360258191 1472.5532550590326
909.5080332169398 842.4156770517875 1265.758254207827
1011.8070497910152 1305.3421123188023 855.3650236638282
634.477109339726 462.5373999699118 714.5346739073966
887.3513870080983 1278.7849761575985 767.7447436420354
1027.251892594433 1024.3189543003878 386.8075778952763
910.600451731497 968.6875695068743 669.693314575318
940.7291493042627 1049.2098220241346 1316.9855120783047
591.954194317043 761.3240565837299 187.37670479945413
901.196476246641 973.4691530468417 139.7710234166838
1174.220953786161 755.2598784845328 0.3446289603605823
898.2449613825497 1172.460234508137 1117.5865205646055
1031.0873184271495 911.7163696724508 318.19982370230247
899.8718106664194 1120.475557873296 1337.088756643672
1618.5389156376518 928.7449739493431 697.4801100886407
885.2577556087573 1346.4890158633116 1137.3033493119756
1493.3688506664469 1249.321312498048 1476.622876868452
1125.6112400915838 659.2128696739359 251.50692981799088
1074.6479966672105 853.4217021219773 649.1424211482208
336.79474192125633 990.6268624796298 299.87255362526366
924.5388967640549 1317.0233263133812 348.8558794817522
1194.206824045168 816.9913886409115 1367.7475466483054
1033.5130610731794 1114.6114606040717 1329.2440070395348
768.3293399166699 927.5904475285919 1156.441880739385
950.4794391078053 1260.2253966728877 1413.351494402397
1105.2409873829286 1191.8487931225484 1045.7593971512376
1019.4079692167132 1084.499390202857 743.8696297227089
1140.9867127253733 395.9151945011225 541.9484917265299
403.02430795005193 1382.7409593058615 1471.2102445410053
1109.6580976790274 928.770626021609 434.8630813363755
926.8807537602448 744.7794582439725 288.70948873350744
1157.0100586736476 719.269756983186 45.068030178729565
962.5584010506075 1018.8463353310524 353.88466711978066
962.6543825823948 1090.8496304601165 1195.8635479864115
1037.1245809962288 585.3318049358975 1011.2482942498731
776.190636608133 1027.1417499448698 266.5171714158735
1296.8331715574209 961.1696501621783 433.8054318586845
861.6293618090183 858.3915792713688 487.4038916211386
822.1524631253544 1540.3443106728355 560.6794368679889
796.6612599673095 1072.0929354185857 0.5669026575910174
1056.0087285795344 1167.8451695612146 1361.4707931872608
958.7223782307773 1023.6993176045967 370.04367152833834
844.4144161279379 1070.5300238158834 60.744239635885435
1034.300602565161 1017.4746944947887 519.0668518739927
1636.023311399633 1112.8827571155707 356.4356805963799
938.8549488499159 337.1798983638787 390.4192460405382
933.1075078756321 874.6037388174913 87.48667252026587
558.5720369455261 1192.7891977471127 1009.8267767074882
1067.2316730367968 1079.8226148972701 813.065924074558
1272.8884431039833 1248.4215724634216 645.2271242286545
1168.1792490318903 793.2481582082202 517.1578992593364
994.2736854902347 1004.9763529750786 287.7835959639636
914.7367987849241 1143.6272912116515 1325.9369508890604
715.5980287235427 966.415776945078 677.0225096156262
1146.3377607345556 1293.3394500902475 814.8260580200944
621.7221483359621 1468.5194322282557 527.2507075965223
1450.430275931245 1019.203231045009 699.3707239660735
1180.7864581449467 889.294817138196 188.22786675061215
886.8835491456722 670.884429350488 1129.3614129438106
1039.4194710676843 960.5607751445721 658.1616367006247
1453.277057244809 747.7369584695458 535.2609855647765
723.4383198414839 534.6256773109149 961.3822164794442
719.9431250358307 612.0291329304121 212.0755535038787
1360.4735816079615 1256.8547768392152 1443.6355634584243
1029.0347972971176 488.4816436048052 831.8209237846256
520.325925650066 662.6896311553851 290.51677490138445
1097.150593149119 1033.815047104705 21.661630881615103
1059.6647721935576 1015.5518751022753 208.2858112510546
1273.4372651958083 594.3064938927034 563.435767872241
963.7911176383105 736.4049301467902 929.8815696587287
1204.6487626348803 705.2477009602193 1428.9684708973718
1153.5156898091948 572.620664663025 42.94482527583193
682.7646758388787 948.2471312365128 1299.1011564368464
1221.894069472166 1003.5853097552067 117.39913306516131
893.6314750341351 581.7306947627965 1085.23282160614
966.3433329250107 1189.994716270601 89.10187367427325
518.6713180753911 785.607690172154 1489.7832793087655
1163.192464388814 1408.4123339649077 1119.7532056604286
1286.46444488435 929.2021816467909 563.1082379707615
669.2147787692024 1240.6754502291542 761.9380855115273
1292.6202311528184 940.4146446730612 695.3620815699795
1233.3504869147682 1179.102255193492 354.84058466896755
1201.1973063659616 1208.461066312615 60.45910911139835
441.119163235978 1103.2191123072812 1440.4484926628277
934.6164014790218 897.0732060790905 1388.0437633660938
918.6631212592148 1034.4090927693373 134.6896426262688
788.9273417144964 612.904805967491 61.45014914997793
861.2004057026777 805.5584000566852 288.57979522814344
944.9627535982353 708.2762909525266 1076.4593871169134
887.844615209272 1167.5791389737517 1052.8369979789495
856.3177221715955 1239.0380271123015 624.2056465826397
618.5378462433473 779.5758096769794 306.7875774494661
863.4642209593982 1226.451979689115 506.9683885481423
1618.2874973336673 980.8280752226952 966.8449720791903
1034.6773769477995 933.1872076364758 529.7808354177441
1019.0313811419163 622.374069293361 1216.7352146867572
1041.324288379159 1068.243842138815 1464.1506040408344
753.9781960589717 855.7304743854995 1106.1359614957391
1125.7423279484701 950.0964946638934 311.74825473621934
1057.5958417903507 685.6398426487942 508.32496183027257
1328.0033053666116 1350.5476554308211 182.4361120503033
1286.5987101631767 1146.7737689289186 503.10507909572306
780.4470536214911 826.6496212550713 192.44966524919255
1398.442613339022 827.2513051958291 1203.6579787150413
409.0301220321369 1007.5714241353519 1122.858154993031
1207.570266072062 1047.3492771937504 635.4341577359482
1140.9904260793935 930.0643471648334 1050.6653427433923
1026.8581012070047 923.3990434276393 922.9024162537139
1048.6802830349195 1330.8315694740181 67.71337994380228
854.1330183390752 780.2777470953814 1220.9168542061188
849.3412650309292 1062.9955271817337 566.8943472322125
1039.3981845481646 1273.4077935381965 3.0513300584407155
758.3171242291364 1611.1106338234376 1444.9785775881794
1567.7805752727243 1093.601467332196 45.04983144168306
901.8155249185746 1157.9088176364494 1307.0489435947204
1202.9609441497032 788.9535239555539 1178.636186411831
1486.5470708955497 1312.9512983950212 884.197817000955
783.1045158767768 1049.0190517874744 574.6078413916669
1657.8723457867504 1081.075306014008 286.28535905052865
1383.8735947528764 608.2445537828264 211.47861353732506
770.9859117361086 1101.0773571620862 630.6302735624848
1223.1707758984585 768.1448312964068 219.29138607434305
1188.2807507201971 829.7684232482254 657.0523373151694
881.4860865590152 353.94918574047256 401.75171235298797
783.0488363796676 1068.086435046291 218.08083082617685
1014.9859485699078 1145.319113904612 780.7565106153585
925.5958476465412 1038.2772552413426 81.69237102462156
838.883733467521 1215.7518304553546 715.104663410971
1139.223541373759 899.5517747389302 525.8329432263031
1128.054638999015 787.4782094076393 1353.0388550223659
1059.178524455369 889.7583431708595 597.9192424433861
1009.9470428321323 1156.1802775889669 1288.3996914999957
1302.379684596965 842.8338871468859 730.2720998123102
1172.2844383240651 1375.4868046985598 673.517987334883
1659.819233603147 544.345628042204 632.0343091053296
810.5795070844318 1065.7809063584896 355.8154567265926
872.912475553713 843.608866741504 141.85538280962072
779.773116294617 875.4097665716 1455.7110067507972
1319.2350455637486 1131.0320845397835 994.9546371413154
665.5016886225856 1346.2174963098946 1457.4550578028677
1583.4375071742074 1009.6001287371743 1424.8682471374855
1046.8450374081121 563.754419745514 560.6610821979951
1183.5774760992972 802.3781675633014 905.7067966693655
1191.07155185179 1042.7473815749208 202.7413748807265
1282.4380124117115 1229.7188027013337 995.9837858577697
1119.7574830940257 931.0474147300897 4.767901341998392
1173.8305457912666 768.2340828534441 424.5434799311792
1064.713203817249 242.04069550130362 651.031317630371
895.79228423552 744.2090720401343 1046.146270934709
1041.2205221287304 1275.4012035768346 779.9306496277375
330.1660115897778 1034.307922350579 1363.6562394361922
1231.4479501657243 904.6397136538461 1093.591254632691
1028.419729227837 1142.3109353605723 346.9537871184328
1102.467704841319 888.756085488127 343.4812054102661
1270.3013612217785 717.2458485007357 370.57016079482423
1418.779140521752 1031.2334200319292 243.74504276420294
798.0521090957562 1079.6028979108787 380.5063863118799
405.47900200118875 892.0042508555787 834.7657301861791
1023.3276236446734 1632.381136105686 189.90203085848896
1043.47907950787 619.2798711326834 22.364416349256565
1049.8897835085086 1298.917447179711 1007.8068395652176
721.1485077933553 914.4813393493844 75.57769679711845
262.4345164403286 1228.0972268459357 770.3279685798008
717.8939050725724 866.3231003483131 1479.1556489333982
893.3888197846525 816.5072254443793 670.3890818464096
1154.2825505737642 627.8686512798364 66.7636900798832
672.7308263996902 1194.0201077259776 285.1930984116163
1395.8400115442687 1045.8999567845333 183.14266437447546
629.4765518126603 993.084896561793 1422.5247093355274
1266.0490878358623 1074.9586511138475 311.0549891828436
325.7173383031227 1139.0393729899658 464.2234893949273
944.2210755676348 1500.2267456038287 833.5947904740166
1087.3297708755085 1147.8235598701053 436.56995995082684
828.9145015436812 1019.7851359003157 812.3152774489652
1084.950075359943 822.5654822747767 1036.3901980011747
795.4355154519392 1254.6613444125528 1432.171138192428
1063.3382945485205 935.0151174535312 1160.5197120065764
1275.373336153386 896.8171672457619 1225.6731083556906
930.6588330249159 1121.877605867238 736.3814839562469
1036.0025727428936 1160.7344519311096 640.0868335675311
1053.9089898895352 1394.7322137801862 353.7405970669645
780.6728354616706 1027.7991239555731 527.331586773146
1278.396828810464 1385.69647308988 1429.3784422336387
733.3724981257424 748.7803985113574 340.9213671061059
793.9240532619011 803.8993002107048 704.5119046987769
737.895682544372 1020.1442914302608 779.1540572410929
900.0632087947215 1453.8614390286216 1277.9025108838503
1526.5071154146713 1208.0312858511033 1103.1208112418858
966.6336351068828 1058.6127227349182 653.8113941040968
817.5684058169446 1185.5734705250716 1342.751303180799
580.2895694371823 663.7727174233088 990.3942891285071
628.7553612400827 488.00203454804256 243.04152589553257
1258.4379540366376 1474.3298751422512 943.5064836801015
1262.5433983008043 1370.170544406804 213.10198456049744
809.4449343756854 1237.169232538604 277.01966827453083
1185.113293943553 904.232288599685 121.48977229838314
847.0021490451019 1335.5681126987683 394.24245933971105
1219.9062604900023 571.4850287359352 1016.4925038204192
1214.676311859016 790.1166465305594 1382.3964557533045
1119.289741641818 1051.385816097101 904.3995832134366
924.6018391307091 1357.3737127103218 586.3245787625509
589.8976985778406 846.7404066402239 170.48927090313808
1040.4718661060701 738.0863414906764 648.586616562627
872.6010029525369 1294.8424214667707 1340.435736263498
672.435151638703 965.4165876442397 1189.2054372515847
988.1976708273564 1140.0370333825804 1452.7400093236238
771.1718848265447 845.6134909407025 357.4867022421261
1045.0891753563606 1204.5738612107193 609.4116918238462
1230.5221477704858 1384.7266498689346 667.0156255849714
795.7923493763753 1267.3390944862865 932.1261742782885
762.0401755878975 878.0564709483394 1062.4965809739872
828.9750139998592 1219.6621034209818 163.43760559329584
1221.4553439337672 949.7864860356098 1400.3251934067964
965.928355550278 1057.3912184850346 113.95925288525194
1081.9306186869278 918.7410101339182 1402.597051853151
1011.1872431240223 1393.0781145103074 628.0815828426528
934.8121973156897 1236.2406124387455 286.57507999940367
1566.992925602825 1266.8188814023129 199.29104207554
1055.6196311484266 979.5847360470417 1361.1021627469445
1403.627299528858 788.5996835450512 797.1509030082357
965.0056828719737 1048.832645343578 590.2013752866244
1448.5352419928931 977.2009409257037 588.2033125705008
752.5178881780487 1013.6508267375551 519.4690581570143
1442.0826661629335 1074.9363317581674 1344.3007381507286
870.4812692896377 1246.3732186269874 459.6478712657621
649.731805383765 1261.916536125491 1025.4797622944675
841.6545372007988 876.1667110049182 379.8478706665867
1540.0675665336062 1254.9391579298479 1350.7986449510445
988.3725245293866 997.678291867638 898.9130554412715
1068.422252146774 669.2636907834762 896.9729178334981
788.4588328309814 537.598983335112 508.4219988875947
1084.5690468000114 750.8553433278108 387.7554634563909
1331.7876813413766 845.9882511148861 242.56531954256576
989.375141252183 987.7763027885675 663.9547517203326
1467.6495535444274 646.2271105971165 524.3849982000314
832.9356543301104 1301.2868285349984 23.982235970536447
