600
1267.6824540831751 1133.9046479661147 1200.6046989853915
788.2493328519847 1800.9355946511214 1474.7569826716638
991.087430585533 537.3618005128433 1017.9741572589868
1668.3408771989034 1100.173915725447 579.4979229992142
923.7751234310916 1358.1469425633445 96.0481135768404
1240.8740673499112 967.1446550085014 885.8044744835655
967.3790783105073 673.3440652376539 984.4290509779945
1356.8444853789094 1046.71775578227 156.3449254769645
1337.6645402310896 1499.9927066795217 995.4431471809877
788.5197495022924 1084.986038589856 1406.3144176896487
820.8126924013277 1033.7245370837873 983.6718209692806
795.8064117760397 1030.3225824967656 226.2972843923523
794.9951264385345 860.9681527202421 1162.2115604521305
1387.6716232020824 725.1290126328502 246.0338658621573
787.6025758729245 624.5565016710964 1166.8144674847506
819.9432655772459 1362.5085906913346 1486.3834175283837
1410.7422098567945 918.3780096546059 419.2474276605555
856.3342888723276 1259.0373791146767 445.84037629615705
712.9042726730645 1225.8320960862152 146.19929894851253
946.6121049123445 1435.5120141300304 904.3231030714129
1224.5181058884098 801.0491700828028 159.7677947810146
525.2952521907358 658.2642591116953 727.4036288866398
1224.985266406972 673.92503780665 1050.1381628020588
539.8083257564886 916.389383201839 142.06141937881688
865.3100190363027 740.05807893173 616.2706576095195
1354.1536959679938 502.4328239838882 453.2925315216906
1381.7831214377525 962.6976121298071 1482.9723945015596
1139.3472386989438 754.6745777497688 1167.9156638001418
1036.8116980317027 729.9808227700545 29.21287614032442
1068.247903094991 1021.8468399579825 851.502218629855
1212.930481936808 1072.5880495900349 1468.1082927858317
1915.6824373514273 1138.8133527675377 1078.7443171895527
1107.3461780926018 943.988111720367 644.6102197576707
1224.1946540578622 1016.1310822698013 263.3447655097291
767.5100034512494 853.9181490401254 699.4656571383771
728.9522083683003 857.831635188424 1016.8655862451948
834.1145955906735 910.2162139949841 1423.413424410562
488.0405645776763 1140.1416247019627 7.994177702464855
974.2530851694522 584.2325705507328 518.1817272257565
1014.4896401815964 453.61899337076807 980.5185188616147
1690.981090397598 954.3921678387194 1205.2844157818172
1041.064548152355 788.9475290802154 1112.5147344365944
898.207465570403 1395.437522433712 1416.662886892581
1542.8791882411329 1034.8187175517032 1342.1881725724736
1471.0550748245344 1306.1428192182516 1304.6431803301427
1127.1622911815657 791.4486104847417 1361.4316139086636
621.0446610544675 1109.9665908840293 1484.9502613239404
1029.820912559756 1001.472726614056 649.552824138627
1406.697091693221 1037.9695304440597 158.1899465142973
1310.7515961488652 1308.401556631352 1405.066703288078
1187.9246556702874 504.9904634972479 805.7881113757227
611.5749468576441 1037.4230053680255 1426.1298131366686
1058.0030453367324 1129.119867681165 551.5324466591745
760.650160055558 1396.8456540745124 794.6321614212651
1343.2504676811157 789.970472501769 259.2860492479357
673.7815817051589 892.3155097727123 191.5497786054054
928.690196323082 1135.0119326179595 765.0854700887048
986.1924950541062 662.1040682614075 555.3481497846468
581.3324211718436 934.1831227798632 1169.2908010059252
691.524004168364 1067.094278100257 693.1560630230342
1217.8052193241383 1506.1026016234764 439.51670815258535
1288.0135075847768 766.888921698569 370.13592734164376
852.7631430994684 1287.6309441318012 1197.0008965659806
1098.526391861919 1216.0023614427234 962.2078452277481
1357.660271981622 1424.534092542737 1446.726929961959
917.9343877448008 1419.2652911945904 417.7873032224884
1139.119170529399 1076.6809679913408 222.55984026706082
964.2039764072875 735.2734355837044 885.2727512841269
1232.7983409825856 1123.5075101000448 942.2764527651906
1060.0953574238883 827.710617310556 141.76092514296036
1685.8386300466937 758.5752803321477 699.9657165281386
1214.5139125172252 1076.6447121749222 543.066569689229
1259.3944280585597 1397.3914046509824 652.3044214603844
1175.625449855029 681.2066534011867 1009.6486069683818
1223.5658005331577 811.7948753310073 290.6643740355093
1045.3170170678445 1046.3597051584745 1346.9822660558928
1031.7394529455025 1222.7643211808465 203.7220334460399
277.7862736040313 1283.7985114492653 331.04423317529927
1235.8997779180238 1127.9563801294069 787.9446494166234
1417.6982071534624 803.9045781566122 949.1988700240997
796.1576234116751 1111.3187239932824 1182.0596653723562
1141.7414245760112 1475.5967910227505 706.7890137963379
805.3387322114788 1464.2599763824192 1494.9431626593853
1333.0869097991626 727.479204428226 1103.9422328474793
518.8412083305509 854.1668331724062 1050.0798226136328
1763.146032965808 1048.8482201931718 511.2568896727746
911.8535053810759 791.1809840522703 268.5202392579478
976.3868756437565 1304.690903831392 690.4392167546492
879.3096206980441 915.1940974196874 673.8944490566814
1339.8152687764268 1001.5681618321096 713.041446593276
948.994911193886 949.2953206883182 628.668780941307
1032.296905927093 399.0719588837834 88.47407938864077
1178.7509748456234 1432.889790423112 531.5811909514239
1165.1301151943987 1216.3772002137382 1458.7580544591942
969.3335119840674 1316.2749511308689 433.23427727752244
975.8883290698102 457.3635979621431 567.5474274153258
1228.979109378107 624.4587522776836 781.2111540729571
1294.9648519325415 1126.427421184721 372.3442504321038
1122.5196202457596 1271.6780780926288 927.6321027788777
744.4200792119556 807.2724561397661 792.8060295371404
852.4630105560736 826.595230882021 1109.534867867194
1073.8847212160924 974.8229363810307 1094.3558487889152
1323.9361882712221 1186.3771000023378 959.4722360235422
557.8336736893206 1123.1985298994443 281.29982090151327
1100.4177491420526 1016.5198583974636 1346.158815067945
1209.4951884057077 1099.921667725327 508.7614233931
778.3314955218041 1179.0656929307504 607.4084087609741
883.5526426170509 1034.054006977041 783.3454017002542
1135.3405993644312 786.6315298166335 621.7345858735732
985.8347941141992 939.4733286662782 1020.0609132788136
957.751305272011 1195.982297699864 2.033361940699474
1094.9680896757905 1122.825604247292 1423.8894499774817
1251.6420830014404 1110.9046210194017 898.2634353685336
741.9198658708312 660.8173109575182 223.4315517406014
562.9193729434371 1024.7039878194967 1228.1000473613262
823.6130094502568 697.17333920684 419.93205333129725
839.4431965791665 1073.7135386855434 523.8495148291087
1130.7117200936564 1298.2056404667048 694.6360426794424
605.3519188350665 1008.8943796214179 771.3543126473132
1051.815579026126 1434.88151134246 491.3059969107077
724.2096943729043 1146.4616461829 581.9404490823125
334.383291332825 1026.9463117300036 882.185952878819
1085.1191087307132 1200.1784360606725 408.8865408537583
758.7668916278868 1066.1517362629345 73.63383450616601
1168.11488892068 1205.0248878712393 909.0312729890667
914.0175745479213 892.8309576490119 434.30090044101456
932.5697631467102 1069.1422104100616 570.7814196576957
882.8267388635596 1128.0815197043542 1127.8725806609152
796.9681276634429 712.0660088523391 243.8877984288485
1035.537765079061 845.5974211062992 839.2037065087025
1109.5981017548493 1607.6920257615357 964.1661404631427
675.1826411351794 1102.1996484781275 869.6004248524712
697.0916613318864 1133.3501983785325 1203.212450136685
977.0156479701387 937.8306823320338 476.2406742995148
1504.607866543162 1123.112213599475 961.3053756475634
894.3399559952921 1122.0730896054524 1451.1232969745595
1278.0956569223667 898.5016143694199 540.7101243298245
1100.3639286094585 472.98925008062247 518.4545215330113
1120.9162666532745 1022.9679068348142 1101.3890390292365
1462.6268604754948 835.5368421721945 144.64786883167056
1173.761164668735 929.8976514473414 1189.9730532452347
944.3733400995346 1503.5203576817298 577.5398101529615
1147.1259590159275 1557.7458281254421 1336.9315451212344
1691.6770188735547 1078.3067452253442 1183.6670935267953
984.0828288045363 714.143554025703 795.7270267475434
1076.1631965426695 992.3057744118872 1247.984896279462
1153.6064739205826 1312.7533370730641 269.0420696638106
1061.5588564041618 1027.9415127390246 471.21565831852183
1261.4410193128176 928.6921424185541 826.08214172879
1499.6790920541353 1156.504095068175 612.9933051909134
654.8992494318248 639.8026487361069 831.4693734803521
870.0752150441715 1205.6730165851247 4.9451308308089414
1038.5701834071137 1105.484035847919 954.413460069804
1134.3602780713254 757.7158753818896 846.5285442527571
960.8420803522422 1285.2228314911913 1336.8499244747554
1104.9771141135789 908.6152571004783 1259.1861141044105
1026.8629096270413 840.9933434515401 1215.8521144922404
785.1108382839336 1081.1416274626138 1339.9750974225587
676.7383158684822 1125.104878189253 687.1622816436105
285.3009408161389 967.9883220251764 190.76278422965171
954.5718934102017 1003.167007893099 1313.6996504732786
808.701478254678 1437.7843910691029 870.9703757315092
959.2314736431564 1502.5350136033362 551.2127853048243
1084.564861500738 690.2741165125616 857.9382991854117
957.5966794710058 285.72885600362486 1493.0862673098045
1596.7637337646906 1099.0317737495411 15.39970320884898
1123.1163937522285 1152.6348110238641 1396.3125593237094
675.4230578201078 1583.3016926240214 386.7718860823561
730.9279186561281 939.2995141765284 68.80811324969532
1362.6687301342497 1154.727728437676 432.5924862865436
1181.1102290003357 1372.6639234156155 1057.1617408310124
940.9021447885501 1132.6250851957604 424.01784107772045
644.7173652176436 923.6321185181547 997.2820035397274
917.8817904028747 904.1475569370217 745.003272496792
948.6316678318572 868.136723103854 859.2243663894814
1335.4607255632477 807.9197458281175 673.4891669460094
781.9868041412759 1121.0253026923033 1073.2006359330474
1064.9478423002502 808.265831095054 370.1631014498432
716.230398811336 1034.029607242436 1160.716245881906
1346.5598105813237 855.3982094202319 788.3196921870548
1142.165321758937 592.834915546412 813.2621862876669
832.8793289335852 748.1359033645729 664.891705514367
689.319910592365 997.9818605067832 768.4604717849527
1088.4364122306797 852.3331828868959 129.13594183585064
1177.7619735799838 465.0993188599484 1318.030314232202
1015.1952582224149 753.8612238051043 1367.9633899096789
1188.1802913096112 809.5830610140467 370.89047749027986
853.4451590798707 1342.0906445711187 350.23713940103664
659.0040935290572 797.7720341961676 1348.5893058252698
690.6682302487209 1065.7499105542352 0.5984559201942519
277.9585687143249 1309.4037607993046 1145.3814583757503
1239.6385113026886 1091.3131985012117 853.6705876397398
1146.8835912495902 887.7211695510957 783.2732266625923
1200.3963668859942 1224.1537050241195 1457.808544730079
870.0961543719934 1362.4504589018916 1322.7975019814837
994.9690297157755 897.3539001476772 894.7579529931317
409.1921408166605 772.0748120705136 667.6867074933424
617.8670938964239 666.1064350561869 1151.078253040281
908.1815717230949 1038.8165766419013 605.5728797344821
386.7608120005075 1392.055083200616 71.15220175178388
1035.0681445245752 737.7746353743571 331.7816591997842
789.210639636987 1052.7151251145606 254.22482047449634
973.3255817126735 763.220227018333 1484.8872304954511
937.0092257509065 700.8577813461393 184.4563113406994
884.2164155053783 1300.3165089067534 1394.8096863082822
1017.7534093736698 997.9344167286639 625.1331956740047
945.5298127806136 1082.2489821453032 65.66954877555675
1149.8284846578151 1396.8620897621738 438.3505570442674
497.00681167228265 997.7077643977342 155.05329549381142
1326.9486328176563 823.1905967038439 1096.2111851959974
1396.5869840729165 1050.0610295634278 461.47269662696914
915.3199330416979 952.7638989242812 345.47904929425965
999.2519134972928 1650.489659517073 1369.3878173665616
1220.1953907855261 208.86040738982615 283.31343882195387
942.1339440869726 1064.2929855538591 148.08608118919275
978.4302160003685 915.6942031286745 543.5303682651152
1218.4747650471534 1334.7011965986617 882.3936817685764
1362.9880769794863 978.0946629860862 1093.46824057884
1268.6922074895622 1613.254654705565 1426.2205018423565
370.4533678892259 826.9166084278487 841.1042979655202
1336.0773420715973 902.2836573179299 1432.5438325191421
669.831826736193 677.9209409253115 479.45512371175505
670.502478328611 1206.4394531241078 449.3756320633528
983.4516240578364 1374.3558463318536 1279.0337639105517
745.0973392392855 1067.3530348210115 651.8179620057495
772.200563594557 676.2185918684196 141.21005762011484
1050.8399461030294 850.1332112182856 1322.3806605874975
1138.6002923323554 794.2228295611151 507.0150039667606
862.5592268929729 924.3806764415533 1268.1416336791292
1197.605084251968 1053.578258705136 908.9372741038236
1154.294062110413 909.6620627730729 1021.0386806276697
1407.7734951680945 816.2131816273209 344.2756856519193
1124.567538819044 774.8963732754758 464.5155684136354
1279.5591965509634 1130.467214213057 760.8523594147229
590.9979317167824 900.2912229275762 1458.9019800929234
1081.6464063020455 879.6409153020325 394.21855234992455
560.3302177009218 1054.7746583114608 1188.3774776624102
1123.422493881917 893.7412684140129 931.6922077213285
1366.859126566886 1612.0973169563515 568.0476520201152
950.1284844929996 1038.9096631199418 304.2435570759529
1326.3643160853367 1190.4304196859596 1380.1953447534022
982.2400309151536 1251.3729083268922 1000.6655549582018
1372.1412925371064 750.1139777464235 606.2722365270713
1615.0372653482339 1084.8759580516632 501.1121391183811
1229.3766365962879 1220.356054164049 830.4936009640525
747.9922526629265 1118.6566765347793 189.50757884512893
659.4533786425415 1101.3589728283227 1406.6275983947621
1282.4159948218205 1149.3422023755647 587.6852813735308
787.6539829872813 782.4829194627295 60.54185061659606
783.1873401257608 902.5035940677843 540.8518893868878
775.3780673639261 707.1334820093346 937.8753253632784
695.873031526629 1153.571346596611 484.4061865699133
754.4323012818722 1291.4546945928973 31.99439881075955
1065.7912471620325 1105.4428532545642 82.35665672503512
741.6749621166671 1078.7201512097033 1153.0651829679593
1228.927138152281 1465.9695376761047 1392.5849854803141
894.2452846303767 1150.5660612912366 400.2016219703138
786.0106457834772 1274.1649374204362 221.6998650314429
856.0955403398368 960.4427385494315 1194.4106512425535
1190.1786825928393 1312.7057744927333 941.9962459694405
1373.9666843587358 788.53892500276 996.7791691437527
924.4485167809836 1004.172926543629 1011.4543699407475
1175.7597430644373 697.386893251783 13.609987398913725
1362.8566492710772 598.9953475830935 669.6099939452231
937.3926951169811 945.1433119280074 1480.8887948754284
1350.3253088398044 924.1874193801152 764.4504372066303
1145.6688654519462 922.3002777738176 479.83620605769875
1115.597449927644 820.1210103570907 550.0382383074802
1014.7734245721774 694.4971540769235 1057.3576513140817
1261.629185159003 907.4012658953995 396.19603985182727
1033.2894318880078 635.0675268228481 543.1658741462451
1290.708203736542 1005.4642880635307 358.07486714246573
1150.463789353893 615.2049617622849 640.0987274111869
889.3716707668508 840.6032587219652 846.7715367373793
735.969239862756 1131.2974502708494 943.4159524770282
1348.5511860058446 394.4538706787629 431.74501764176745
937.1657390852372 715.1354981153924 1259.2862542481178
1152.4969333104852 822.7502061490134 963.6190762174333
933.0279072104996 1073.0511722704437 603.667087021091
1135.5595768314915 1423.7896774965727 662.8464023951963
925.5405955329813 723.7752257637893 1147.8341157143655
1356.9686127225923 1140.013886571934 55.69381669273249
867.0201169896849 1451.871125133643 169.45676149677263
500.0812634001938 980.3012964999214 521.899209027166
667.2783899520289 1043.1409230063673 450.35243378013377
544.552157965458 1391.5618287686439 1426.7707765677637
860.5365875620719 1562.2241405043812 1071.1235162086857
1023.4958466787219 620.2042406950892 293.9746225765837
1503.2113282348437 625.8594097902692 518.8462898575029
1172.7066656395582 826.0986036544527 780.5601256844997
1012.4443260827461 990.1921090336523 924.4219406382468
1029.2010075474673 924.9788708877677 618.7170290975275
823.8932363925315 607.0372221327177 1401.879389276419
1003.9154953757545 1336.5629355244805 584.255984311666
742.7829341111458 680.7669774324336 485.2983996571486
783.0461670811103 912.9168008579319 77.53135274772465
1231.37552312702 786.1067473425697 496.34376973854506
954.934703938518 942.7736776700582 235.69924645096836
1121.3521523431352 776.9056473808116 434.0926459375312
1221.6517533727522 805.5572084626085 760.3035588676099
940.6981748022009 982.2926497179712 1405.3364089306717
733.7360573171633 962.5445058860598 1354.8733918405928
1112.046982225471 1318.3747468502306 158.5722860616823
1400.4466018558264 798.7253190899803 1479.830447508658
1098.1116081578007 744.2863342049511 428.0672602850657
1185.162320303047 1287.0549916165276 1168.8124314060744
999.4937566189348 536.8745039759519 864.0439739065064
1114.5947948708515 941.5925547006913 500.4470292163737
680.6351533685623 1100.2694868364035 71.28144175937123
662.9591530752848 912.2105446689354 637.8537523624078
1290.5154939442116 950.0312873455093 30.017714387065574
1208.8808158157485 1299.867050893718 1262.7419932616442
1354.731607096142 1183.588041402246 1149.6531105136853
811.6550604823727 1086.9023734909617 633.1855505121677
639.2606866940571 1251.658010696766 1079.3244820779146
1143.2910029319298 1214.2777972431184 305.92419873303317
808.1076152567466 1148.1166165241684 699.7052503438513
1131.1475883654598 812.4820874657538 1015.7408388713405
956.5875036259131 1513.544224154602 801.192058599947
690.3368022311109 1174.9705243264275 1499.1654445676515
1065.0519375090857 633.4589171141942 854.0974087298227
1133.3739807302659 365.498630118389 1262.9323247714476
989.6549312647254 1003.385800450693 504.60780320075077
945.0133832339048 1153.9307606332934 1168.349336015031
787.9705611826267 1004.2308993177047 1398.6996609513735
1103.05832936061 1069.3092114363872 1049.2480173353892
850.5135693755744 795.9550198512011 618.6562262031239
1345.204625935131 1022.1812546173451 1344.8690716275125
1916.5368072494914 864.8504018759903 288.31883025630896
1033.7432234676899 906.7218280790074 1177.2748312259255
1137.8387390589908 1104.8792562398 838.7503015110736
1027.1871544673288 1276.051497751019 1478.7071854639728
1226.6470409148917 685.7726418330508 384.5567398357238
1015.4980119113156 939.7183673722171 1384.729555046909
1151.1852362399604 1329.7089465258068 1109.9271448441336
981.3417329813573 1203.2796580243914 367.9049004360406
963.7846809806481 639.737198636157 1082.7637686298797
784.1855615014468 1168.4357571844334 503.72667452068043
715.2895231422153 1147.4462624348741 1472.1084782160958
1158.9306950067248 1446.1187562716618 875.879181499228
1253.745754477726 773.6617334840162 1339.45193867404
1461.185447596943 695.1747360378697 7.76832819491241
1032.4116395988983 968.3615281288107 313.34838894346746
1038.9643453779627 1003.8101296269325 279.8745518798004
634.0788828312284 1277.971812458518 855.7524886259633
870.7939780903486 616.5239773255942 619.8627806176648
711.8513406785567 1478.6864376431345 1188.516631287335
909.1827631378784 794.1172880000898 790.3308895389819
1095.5606235847463 685.8817420722469 135.67125047489398
1419.7345587383857 760.9317994901983 948.3384896493201
1039.0376179021064 1071.5516345668455 1099.3259280530642
869.1938222997308 1057.8847801407626 447.505738411961
1112.6951776970593 834.3132586751487 1217.7223091977728
928.6604738522989 663.2829364818087 364.56356519874913
709.5575170823017 1228.7536493010036 153.00842780347674
1392.9833523767513 1269.410760262041 624.1935934519162
1165.7854900979041 1267.3247900460362 1462.1233912699577
700.6321851164939 1383.5647641652452 1425.8780616403862
1207.5491385187108 1048.8336589118435 70.38248207154373
1022.8365439895263 1272.09827507749 33.211378196720986
828.9162474062579 1371.8638633186717 644.960007388425
1322.6832042872043 1201.9396700494042 535.200531407889
1250.3563886054392 969.2946534390771 1323.1795227411885
103.0688308592321 755.6885582240734 1382.553003115929
758.0655789733294 1107.6291557696093 465.3610100512734
769.7867801447658 1070.543007147036 1484.9027066199624
884.5491092391608 654.5876154833809 854.9902670589039
1218.1559341960083 783.78519391854 909.1550746304927
854.0280848873052 720.9507097682504 380.8325987256249
448.98968225604983 742.3649748889138 371.08505660320213
1053.378129858675 1035.8536927943182 1284.97304123858
951.6132727705216 1048.797094423307 59.04931587385243
1213.0453602353432 1107.903931843701 530.1269866459664
979.1069734466007 1182.5037787899994 950.2862736910492
856.7199461747666 626.2090136362264 1212.346324890047
688.862119119922 868.8035596541712 72.0916995658612
978.1959074571964 1088.848143976417 423.5872699849272
817.4865375663339 1309.1914341401018 858.5491793719481
754.3867394881377 908.1596828524285 736.4826073492982
676.7842464806415 887.997641690481 544.8909570852715
1291.4069862436518 808.9962055540722 1252.6168882963534
1047.3974358647918 889.1894506311667 1021.0762075476703
1216.9796829958082 1567.1765572637294 130.50037764182693
962.2865138452233 1016.7057996947473 574.0706135520938
1254.975649366164 1210.2027015073904 1435.9948794999468
702.8858978388869 980.8698519592064 358.9638103755514
1101.561344197549 805.6949555927731 360.03059207762846
920.6600888477226 940.2827538406534 169.9203345285231
1093.1578295717256 619.8407174380769 36.41833618680357
1062.4117826928755 1045.1008275766776 924.3102324672395
1076.0393310495858 1356.2441651495817 971.5027920509767
956.9303055496739 1355.4228896684024 696.5802971131891
975.3993762975101 782.9150278809218 340.5627092138002
1216.8655844106725 931.8913144865953 1486.9110007628149
729.9633847260454 1382.923533023276 812.6600306230604
856.8124416325998 983.3617262618825 810.0507158007155
982.5868908996808 1214.4255098732688 1470.7169979589596
1115.1930499210855 1003.1569385545571 83.64009787907989
976.341014878821 1128.5477285591521 1414.2583466203082
1103.2563760823296 779.7961032946132 486.19282186403626
1069.0417993579501 1239.1179151605659 1311.6053398167471
914.551050997406 815.4659022075247 1422.5587117145176
1182.6053400047479 1264.5097724174295 274.844526147996
1121.6286241077871 1038.4855784189665 883.7329232816606
754.173460714377 825.4738999896413 245.17908900533465
1484.764980276426 899.337558808081 229.64668160720032
975.550316646375 1004.73873784992 1108.3917235603699
1076.6417505234317 868.2550915302214 348.2494731051555
1170.8827341017677 1420.3824749888854 44.62344144774316
788.763500339403 1164.7890037680033 1030.9521484809873
1303.5627003739269 1071.7215708550261 233.0158937740102
533.2764157655754 834.1247342491047 989.5366421670993
781.4832268697265 855.9794264430853 386.936558826422
1057.4283197731986 1143.8330728990352 1061.5130342662371
611.6045061662251 1572.3103046773308 427.8328924952682
1027.7069376070276 1205.2693627098151 789.643340650355
1162.7415549116993 1211.9959494818404 616.9866845657995
603.7369005895803 1228.9344444549874 125.37765736692336
714.7212585790171 1264.3724800137047 555.3829433534496
1072.2987024926915 731.5267331930133 1064.6034415535164
746.17008477341 1025.950843091052 69.48588767000157
1388.716240245696 868.8673862881508 713.9712077380838
879.4749800146761 1261.398193053624 376.30944698752063
788.6915809025339 1106.8647464491378 1331.4012293459655
1076.6233579231312 1340.611383210182 1132.827259346114
243.90957681936936 771.8865993564702 1427.114469267559
740.5732102791867 907.394750670213 47.179619630179026
1055.6199741734983 1114.6296723215303 1408.2870244354153
1235.6683443690038 907.2979600834389 918.9236710172457
1035.1423211171502 1041.0420384625977 1207.223293246481
1016.1275261819586 1477.3425333254781 1155.2290579859782
1039.625305615523 1249.1142090635317 30.240257415771964
1129.1258988907841 598.5938530026624 1243.5958618585978
871.0028130984051 1025.0711251550938 909.6191789940838
1068.6158269752673 1443.0775281219492 808.9274712488821
1271.1261678244832 1245.965683284733 25.46092100788888
1071.576273719078 834.208953628707 553.4834154699829
1128.3321544924213 1746.21456950551 601.9833915374297
1077.8046764459152 1202.947378185298 34.05033071307151
1398.0060288589912 532.476157001676 1100.4285910787125
1281.4866361628244 865.0875985288596 1063.3185321946337
1085.8196643401864 1172.9733493129509 973.2577757355863
1089.845110810545 1009.2808378662315 314.3482127312877
951.3225787467966 972.5061542028023 497.57613381900217
557.5854135413147 1003.0144093622755 1329.9567741780395
1123.9246647896023 784.2303654482062 1277.2110191153945
980.2556679960262 1263.710548854779 363.26518191503976
725.7205358027556 563.401851316991 1363.1851600002246
892.7163565361116 810.7517298507078 1023.9995576586623
1109.4569941443942 872.0376565687466 51.70001355181198
1070.2664926733326 804.1338021080296 790.9430555626955
1311.667683480624 1312.2160370457163 556.0254818465916
906.5548174223871 1306.249278310386 991.6204994728711
939.8955935872452 1273.7278422308914 998.0468458939491
1040.3081306165232 987.114884389456 1190.3942152036136
1283.9570714269632 1136.5264163291304 338.1798954389564
696.6081961781927 1349.527999557411 906.6762919858162
969.7789391973084 866.1066309722272 174.98781422417198
1149.422678938224 586.5817833939286 1106.831970891231
1104.9141763903685 1471.521196582472 1367.8784843457754
1037.7063437379654 1321.6177388422002 251.5197749803675
715.7887335396571 491.3021908262023 1157.1948110965063
1006.7939781416218 1039.9921537046282 401.73654310033413
1002.0267000618899 744.1689380198868 1406.9724565911956
870.0141040691957 963.4171373752065 1197.9458231245114
1063.7398713461946 1108.64933259468 69.79543054450149
994.5744042943481 1385.1792679468945 730.386051070279
1143.6348918470057 1118.70237602948 32.67739243865042
485.85086368392797 531.9561953527291 1487.1542688816448
1187.7274246415384 1037.0858289617413 514.0798253987598
923.4875052949375 1397.282742074786 804.0939285520988
754.0763191294221 650.5430510940238 550.4802426779153
885.8623495445815 731.1578197575648 1171.754161266163
1000.498951144107 434.8483325837501 1014.7228806034079
1023.6610126052648 1314.9066711705502 298.84508218191996
815.5400108632216 999.905124863988 1249.5870952044402
1197.9240240217634 1117.3571326178376 302.95919360831107
995.7448812435559 1048.996006095844 130.2644842792666
1154.8760111022893 795.249309388498 196.0457275257565
1597.2654720029193 1315.0235830356246 1416.1058706948136
1260.198441435791 1041.5835427478519 702.6310578214413
984.4700787678917 782.4227172827452 222.9438160430574
1447.8490940129268 1139.5032234050375 816.1186880863147
1355.800192531804 1422.496332027086 661.203758676456
1191.4982838666822 916.1336346081118 184.873447266708
1274.2981890711746 865.5384561351382 319.7333756421011
952.3230932969842 959.3670470213524 1294.5244569875467
1259.5752395279878 876.1743063007125 1112.71765373362
742.5341592407558 1050.4148863064909 201.41914032993114
1035.4505476950442 928.2168023186492 196.3154426403928
901.9409457403583 671.2977240040907 785.8386967826618
1213.484542756495 1080.5870766095352 878.1543466864265
944.6569765225622 706.2636415210654 273.6010966804814
900.0209150636601 1049.989103553672 908.3966108240395
1130.4396085083806 798.2534055508461 86.94401785960653
1005.236432009055 1190.718704785897 1026.8178900559149
1101.934912851837 748.54277407212 215.35375482599173
1152.0377871863839 711.2353042503265 1225.4427348189774
585.6449624637141 1133.0571630404472 611.0515580872183
669.7452471620423 1176.2534727868388 959.0967034963795
981.4476900355584 988.7244384774723 717.431229438898
551.3708854251188 1090.0757328933407 881.929358767821
636.4837817974372 1258.5298200115335 148.3839666121123
951.4484356312628 794.2575682421135 1304.5990157648662
999.67692012228 1150.4463092913486 989.5733462296897
1335.324393772843 1369.1308645916433 913.0768784406707
858.5064853117685 1218.2333731260935 893.9162877973963
1192.1258776292407 922.0826110862915 386.5223177706588
1138.3600609519874 699.2388093562374 552.0441810004519
219.64402621675595 1393.930308927933 1324.8277179843337
1223.1079840083617 1177.8446924146083 953.5157135389621
982.0370223613206 744.8038852809805 996.2877075429423
645.57048073955 897.6033314822716 612.637946040004
1192.887384872034 968.3825146882657 745.0012927097573
1168.8266373785045 730.7287494131149 241.12503825825198
993.3230624179762 863.956507850196 1024.190373729685
1342.517458406447 1124.058792666679 299.45639248628066
863.4909781348946 1583.2904725530993 1488.4296059887704
1115.316765002803 1124.2683702324277 1128.28154561224
1349.3810152401807 570.3352979729336 1306.2839228276937
1233.4602683773296 708.0209030989361 447.88300840752225
1231.5822229781973 713.1033165788544 763.4158808866077
1083.0561146821049 729.1409475744817 100.61533320459426
990.3303634308297 964.2608243530489 379.7153240420646
1412.6175172403791 1283.0660423875563 1303.519231691469
1097.773305503204 717.1310060119017 1355.0885539546814
882.372827655402 816.4499279551685 68.2756504027966
943.9031863680527 1299.5148485340055 1351.9545736496384
879.0726351738831 1240.2947879079445 371.28006082128263
824.5831820223774 1081.480945812621 320.39148929974897
935.2030043433307 873.0456643050439 465.34478533449783
757.2327216815866 1087.5082732477867 1389.6659857849559
777.5629420602033 918.9167201456962 13.695335691459254
944.0664626567127 1094.8048492040812 1307.123942204742
702.2633260526327 935.3773474226728 989.0703390641823
1076.7374556969442 1037.4784718953529 1454.4353664119724
1506.0569780781877 990.009443322076 950.665062811865
879.0740497499007 581.2175011213608 938.9810933675235
779.2747606489941 732.6851885539809 1030.1012831600121
824.343098968267 801.7569007193231 758.1618632064931
1083.3256656374115 990.9291638015956 1467.5641210220715
954.5028419541029 1206.3047032408742 1380.6028499430352
746.9600165146811 1524.7439278522183 754.6985991657879
901.9069708221422 853.7353340673002 871.0107208974598
977.942592109074 415.86305215461664 1411.7949579201131
1079.9710242658493 839.2260872447127 322.64319919206764
1069.9723756523017 898.2532978855473 1085.4585155055993
1032.992271548388 1084.8697891320294 1240.8050774047897
995.0721705991149 1147.1370704937613 515.5403110983905
1199.6512168533577 819.029309794778 1486.1189857162046
1081.8160473676244 645.6005424898951 1295.481914849542
1135.9966781983644 914.230088026331 1037.8538569131267
943.2779213524265 702.6301049264289 1077.7581877954751
1193.2702832568843 802.6521456150097 1315.293943901193
1248.7929289089948 747.8371951200409 1281.1108643648377
999.387504715379 895.4757885780966 991.3317924287655
1161.3330049699505 916.1434032211808 464.3059140282924
1057.416877168222 907.4797081799536 1389.010934821156
854.4347749689865 1028.385195542208 123.29362708050363
1103.3551376597125 1132.3571989390525 1111.608326520606
937.6616835930198 818.9644809912753 726.6699596345418
1288.7129010933872 571.1224500443084 1454.9431713279885
1163.5830279863594 974.870402322666 1279.185678689127
801.9894449289164 1256.588419189072 815.120665535368
1019.0679601048405 762.3793744569876 1078.9830254158776
999.874302050707 769.8196603558205 316.9948716131764
1192.7954227131097 1159.3371791984896 1314.3466647984537
975.7966692565182 820.092562594203 277.8726594496022
1143.7237188228698 1109.8043794827624 619.4356925010333
966.1014588219119 897.0465829945033 1417.4217663540817
1227.412064809571 1001.6729526849892 961.4477591667629
795.9369249509933 829.3123570728573 679.9314031006454
1113.7717652763943 672.0614258645301 1127.7045766801655
764.3161183042838 1176.4632451154962 1041.5663954049467
864.8465972062791 989.8553977438264 924.7199803556264
840.0389968654688 1003.673493830616 1184.6784526259196
1260.833574764309 905.0196938262254 756.717209832291
1514.4327988702432 1296.2879126935477 151.57194265427088
964.8163546411118 962.0978273012979 264.5583375985469
666.5711196965841 1127.5456286654185 1211.2096730578887
843.4744421596806 1006.3825763880975 331.4322215275389
1030.8632220578347 723.0510746019127 447.7995405951535
1121.671907844052 786.7480445158081 994.9585388761187
926.5821839181893 1039.174621881559 1377.002105333656
613.6971152288631 864.0662665737826 1293.264783105142
720.6308962594771 695.754482540244 464.94909023455045
979.0964919175672 764.0323462112361 170.13419675129708
1470.0607286352724 1237.0052676226042 1359.1556381403764
605.2488000438996 663.3462427073498 301.7793494997601
766.8427112670557 500.2373769937968 421.26337819516357
1018.222685376817 1220.4229087859248 1479.2940449003213
1012.4297585004235 1230.538064220313 956.0841012066525
950.8305062764848 855.9738157831375 426.82449346520787
673.8645665035502 1080.5064628092452 1293.5552938290411
962.1964946626299 1249.886286874213 260.261304260017
845.510373801189 711.2782625174427 1402.443045873383
849.5521705396271 1099.0823507563223 500.45471760911386
622.2686635916825 1038.492782526122 60.90742118168829
977.2964556461493 1376.08056459886 1253.7962812555184
737.0069539120547 1266.4975866931488 907.64713816579
