600
1780.174846761171 920.0941730678255 218.14182343113882
1273.6710575633933 744.7596157833481 429.78225982391666
749.1740135471681 759.4619095820739 300.3331913760862
1192.78993403038 1298.9410393983774 150.12263878269545
1421.1235249472768 494.3671860493174 1186.1742009548232
978.0941991965055 793.4309564271473 1227.815596778299
1243.054866368783 388.1030612206805 1222.3809107569482
1154.1067749013146 682.63221098636 238.70379846102225
623.1304751127345 1479.6780950038997 165.7557720302022
728.0237455300245 1095.2407927651539 152.18759753113565
1262.9273417898044 1152.5303228396729 561.9471854544847
1554.9863337794459 1296.171521286793 496.9328790199032
877.6100383867971 1322.580156577634 1231.0322869734687
836.7785001923617 663.1689512636251 118.26959538321535
857.6215650020079 801.9604709270341 35.53694264272417
1004.3612476912494 1202.6747333573467 1449.061686514136
830.1410958763322 1092.1019704928003 381.23393148144044
624.4538015065431 925.5580507150734 103.45174965627979
644.9684040954743 1106.168469385811 81.04809258830664
1601.3239452269127 1489.284657483859 434.86019525616473
1205.5150568836204 1124.329691889088 1235.3692448487732
1168.7349014742088 741.2246078105566 333.05756928184627
944.8235460339279 939.0181231482592 143.58290233107653
1143.4108995888816 1240.342612056482 153.90726211473142
817.34610756491 642.859229254626 924.445241877042
831.8031351389902 934.3200880323514 1223.2028733513475
1339.3447156827644 720.598413893374 524.8891854573844
1078.857479017847 491.2626963707911 1093.5410714670575
925.755790809277 706.8174753902648 101.03214336349741
756.5062878991615 1013.2670529638342 732.3686719223354
862.0550065580608 828.7012095239986 1038.36041385574
560.3435515486478 861.3620212388282 1424.7190650301104
1058.0158646409561 952.7611641455313 301.5080159978441
1071.9014159377703 637.3809516500019 1035.4077489095498
764.7161366603425 1141.5574025298356 781.5826383437304
1189.1080381195086 1243.1954427872342 1016.4910949986543
754.6485080131362 987.3184806922104 335.5560008942973
857.4409582010948 1290.814059911871 1371.327594632083
800.9793746631162 750.9384319686142 500.9819808113378
886.3280058200808 1280.1513132036262 888.0701753966946
1029.3085941687843 1228.2072703958681 496.9744534031386
654.2372876932286 1233.9685011241763 1359.7180826513488
1069.0971703381304 1127.5311640300558 432.149714140012
656.0962934091015 862.0087460020587 1312.3046679734452
1166.4885728985578 1521.994864975565 1241.6981349209996
1096.8418607669516 885.6001157138737 1189.809360294508
979.1798687262683 763.8140391793283 1036.2298007908832
1027.2886262693892 1011.1740460594915 574.4679848986244
812.181638019748 1241.2166398204013 1003.5710451213788
1208.3565602147441 1044.4697505721715 176.62697842751302
1445.2049607387642 1059.376664158569 648.786602367105
1034.8497105972956 922.3124828878045 1175.1160399216312
986.4868252725797 1454.2052921394895 46.489011167774876
1133.9858342102495 1049.6448449691952 216.5877639390042
1311.0212280908765 1079.08084294738 543.383652037495
1048.2745097508316 882.7870853486618 576.1318337961951
1092.4988305264758 1011.8687125747764 376.6875882309303
1042.1772838116703 584.0787803947817 99.5786804440697
832.9960207888879 936.6785322670725 499.90907930200564
929.5947061885437 1168.1197513899697 524.23082065
908.8142765081286 1000.2280842191353 1180.9738265000394
942.3673937091445 726.4823317395849 179.79951314092497
1138.0618263308186 686.3851936194262 1228.9741761910107
1110.8581576296058 1015.7849973195395 43.285980021843976
1167.5075085951892 1337.277185568119 1142.983292760139
1212.9640675065004 872.8104837192587 914.7030040539896
1416.8363936970252 953.5116559496452 289.26341206546005
1751.2489671476337 942.8945587726478 140.08704822065755
718.8778881119147 1163.2273587183636 643.6729758767364
857.3052375438292 1128.9158633851246 229.01688287286663
1005.1662398833658 1240.8985819026273 1217.3471255256145
842.7614800653995 822.3286746295701 715.7705396384239
1107.2210854557648 1254.20903519408 573.0197917329916
1030.0690538724218 1021.8643315607222 1073.3968933615656
992.4702292896145 1192.3136839100516 1084.5736002251413
1171.5345728558098 928.9837861059696 140.1842352700589
1005.9205789719234 1120.8957438227199 796.2899882103433
912.035048909872 1172.3219537393497 772.0752207401397
1003.3864996362842 812.7526738939571 1283.6054432935202
1254.4412044172523 1662.0167160797332 472.4839478864064
1144.5875584465566 1127.996801679259 199.30766530670473
1187.544451471481 1450.395877818748 1292.8712963559926
1223.4827799686088 1187.304902709947 791.7437616509226
1191.3915898888588 1109.8509495873573 672.1814221427528
1020.0320085843655 1183.2116054218548 728.1283571885481
1132.9288313818183 639.25858188526 1329.6013270936612
925.8546636113673 1417.101614584159 427.9704718204435
978.917990914513 723.6259769307171 818.4706739742077
886.6597183654758 928.5390400677246 870.1464638346005
1371.1838031116918 695.2031022443017 354.27249777954813
1058.5291136045166 1128.2413907089517 75.0285521544255
1232.5779139106412 1331.1365081153751 660.1848386873785
535.8285777230544 879.7214104040169 124.38274767327789
1132.1298166433332 1224.2899943213636 490.05784612230053
426.57047600119733 868.4152730942268 417.4230739570237
691.0411362949359 1119.2846785023823 1267.4059397806172
1319.8218023637114 1352.0565863999204 471.7226077152112
1580.202838962426 1370.6654245036764 708.2374115544529
519.1845314740126 824.3340704938934 1267.1999613165283
823.7078497937857 799.6407980945123 1477.4266246212096
1406.3479190972353 440.9628720267974 62.73836718290232
907.9250452887586 949.9478231884508 787.7344474503857
1081.0068585422378 843.3243511318905 495.0146553776024
1065.1462687207988 538.1804444198448 1226.5285524348517
1172.6209580903505 625.9367774977318 554.8527668539139
1078.3769978151117 864.4325279151551 321.9648541800109
731.2331434694574 1034.292661107891 772.7345971615689
832.042224852703 1227.4382294160089 1151.005074560122
1126.6596565947875 1161.5613005517723 764.849678785107
1216.2007826322454 774.4833977853727 584.9190645675521
666.9400472757573 618.5371907853125 1066.219200688074
818.7588369906445 1004.8069324055024 390.3581244343203
817.9855358221428 999.7690150959938 700.3172443621414
1381.0289371489214 1342.317588552685 754.9293951303449
918.0642792360636 1021.6197776922122 210.83014689584877
1035.582297911541 979.9090348921322 513.5893697256768
1314.9323677540121 556.9738607486878 517.0804137806655
1041.18060991533 1131.5252802288067 152.81617880826443
1301.1633145029602 725.9411781265419 1404.7834952638827
1176.9981241756816 469.95129248587705 1044.7584201060179
1057.1682314710981 1249.164089602469 54.99876534127751
1261.8004546148989 1018.1816747515736 904.6751634299034
529.3380244035594 952.620227005524 536.4332007859141
788.3613043253058 882.2489533650377 1140.7508651047947
740.4842085461264 437.71562190422105 1106.6178670445695
895.0627883270281 730.7117317037441 40.736497220813575
746.8092926428233 1220.333761934704 75.20145891668916
1175.5812989264805 1574.3983940754056 1432.034366922591
1584.6777437379087 1043.7197807375794 762.1043567319375
1268.6790906338977 810.7410100135885 1420.233530806841
1183.645447313384 800.8416915124039 1473.3090805425406
863.5715911235429 795.6564869674478 313.3912686302614
1213.877942103159 1245.4136337700827 408.678797221745
1085.8583401962196 868.885421894752 160.04492459089036
1254.748680637792 626.0905232653882 1042.6031036256431
755.9973640766094 1203.853696825967 318.6551999076585
1149.5660125528527 1063.075244369237 1310.2783452445303
1178.9153027689956 1307.5477201063322 799.6897717301857
910.1787883315953 1410.7385467281108 1202.8096861579093
1102.318903092703 1275.1501807985646 1150.2097256718175
918.0511389853432 424.8073979911419 816.0302027127605
1192.9767889463992 1396.2710408732805 732.997876101853
1176.5104672230993 1123.0269193478025 161.20502235188343
1450.702116135576 784.8216296731439 1034.6139405694007
1014.251036846389 973.9395101952338 814.9666430524481
685.5325213680044 828.25553736918 311.80535564386054
1102.7172814228932 971.2872521934607 1476.7029550730074
890.1926379278585 882.8940686411014 582.3979601309782
1393.8650107687506 1397.4047993979398 38.872790636198474
892.6237528603125 1187.2099617570868 13.804135838744958
1101.6110578992261 609.7156830685713 495.4402564931066
1137.2464644101265 1210.9776536196593 457.78957259816156
1380.3039679315034 1025.4373331240859 101.51983425469763
824.2588128228789 1079.6195872178446 522.6948221555645
961.7815689006133 1245.0137620905525 699.8071215029194
735.5326604047057 977.3236875892486 421.2924893831193
942.0761384448997 1239.0575776725716 221.64884800904545
1021.6089952135131 944.3571659723549 424.0392431762297
1087.4652791651856 817.0147915184094 680.2331930917243
1272.7666683328905 1200.7093713124282 326.1594735698022
734.8840917604919 593.0056443798617 972.7604851114146
945.4519976506006 1864.734174081215 1242.8873507963015
854.2366197432798 738.805443830403 187.80692652673414
1027.793024251596 518.7905043351191 863.6841596865097
706.7796461890998 840.5983406425595 187.27079532824393
1447.9206335727538 1358.3919216323902 391.3941228598989
991.4504174985998 1271.6237387961946 377.5202339121985
1470.1005519412988 927.9658094521996 1324.2142034367062
887.8864296856768 1589.4717794414892 202.8060298433035
1056.6567709264002 1195.7866740071424 1459.3382942379242
1243.495290704629 1045.0252242205208 689.1405870144221
1192.1277493700559 956.1142228144149 1130.675892293044
781.7276919711798 1247.5072080517427 491.4003981644917
802.9655810613096 1051.5701036749335 1122.0674197163676
860.0429976796825 1156.664078901972 10.236617526279023
743.1331988725165 1159.496633003408 376.68919726252125
1150.5109623796905 718.0246799470003 1232.1967257583017
483.6205293530272 1348.2343715845727 1316.0486610941114
803.1599998844789 593.5651659101198 590.626472346157
1188.3565062069104 1067.898334824829 906.4982221561789
943.315896648266 1098.8803139458912 1323.5535405877042
1044.3896814950508 953.9714094590939 1239.8513740817973
1178.2892042009514 1051.7171891161272 1450.9761088202945
947.7453328994825 872.3703283392288 71.94446710475994
447.67658108611136 1009.5048215430321 42.19157284630681
710.8221906450119 805.768764977117 1043.8869026688656
1060.9522475801962 1010.4283835860604 729.8024506957901
862.3429696019859 752.2919983875798 578.2316388564664
875.9896876259791 1346.7118368241067 434.97538170109476
903.3407851684218 987.988305650689 700.9390435884942
1024.399395391654 887.2118726141825 534.3273814847964
952.8558194494724 1172.509212592026 1395.6375626293675
1128.2172680190863 762.9966971256945 629.1245122054344
966.2877083659006 407.8910201086578 900.6073678081888
1359.392791426223 1010.4342197852061 196.13053027187598
1024.279461273949 1384.1847194606066 547.1643756674828
1358.2522368348973 946.2886454160684 634.8288159603452
1331.887891998806 1274.8969562343668 1358.0098795421522
1211.527031545725 1055.817528303522 313.55702024753055
951.2714367926651 891.5348663503945 1374.4081388812801
1004.401636292785 927.8234692093889 921.1006938257318
1069.0838457991872 1012.1903009109428 454.6219611714446
1011.1853548468878 1065.5215257100729 513.6454584666661
789.8183821710177 939.1781038830133 251.64575372717474
932.6851537511171 1238.0820253381416 859.7713422197352
1253.169670721814 957.0359650306837 1126.2608922080508
617.704617724721 603.9740567727692 1145.728789938775
1088.9308583870002 907.8588368338839 54.824238451421095
616.9032456139985 1006.0802909196465 1336.4350693453312
998.5836049377466 876.0913406386379 384.5967024541206
830.7897258354337 1464.7748651916834 172.29314165629688
973.6196421207159 801.7977315019964 78.41147555524874
853.7148949220332 1480.7195739554704 1102.0093451717446
638.9372809007555 1317.847058946697 145.04681801312802
1024.5143471373485 954.0729241838911 1227.082330046449
1143.5942804555443 1380.6738842822065 838.1376691923881
554.2920728257957 936.9502121704111 330.3870886059287
992.0550368618902 874.0478747167372 923.3135211628621
855.7909835163692 665.9405583885591 333.1121962926466
1038.6721914792909 1009.3227594546584 1449.9782303989366
743.5845611912164 435.21388703173795 553.6278789469981
1079.521242603827 1218.193905063303 1037.7708819521667
667.7364081653968 1384.8277398916096 126.82388912793068
852.4126368496239 720.821390373835 5.88698589717529
944.3177118813671 974.2157171030165 703.3325732449745
1173.8446003075658 1011.33387355303 627.5627004786369
940.2915864846094 1173.2712900881972 1223.5795327462417
1224.215824804085 1029.490550032129 1133.5980830299836
943.8887178218881 1285.5481084623325 993.2449027832583
1290.4718750727438 1037.577294757491 268.76627830573676
799.1135876908043 1497.9658096627595 323.8742433354563
901.1872762870256 1340.387582893905 1378.446591302515
875.3664185800203 885.5038875269667 513.7850624716708
1127.9671400168313 786.4651755162158 333.9526182823095
702.4313184027344 773.5543195265276 1215.6260287760174
779.5884979347255 1147.493064394273 513.0047575394485
721.7566462939097 1169.9811419122593 915.9724283106356
1163.9911303707008 628.5056573815655 428.4957303839702
1198.0749396651595 994.1551104076323 420.5183807856404
555.3081953384308 752.4616807342244 257.8408644193784
1005.9711253035673 963.2301069766315 1223.1728983226287
1351.96684827318 728.9917693772311 1029.66712804685
391.1526214704611 1121.3815913911808 928.0761512210803
1289.320736710415 1053.5957030145555 685.0421840405209
1403.9285850057029 881.268521450711 880.1534645170882
1174.6289987230618 895.232576588448 805.971753189858
936.2766777726135 1220.2059075919196 341.03470947072736
526.9504217385313 1149.3600466173957 1098.3591432026524
552.9820845622119 1168.1727119762252 1372.4292339503652
1366.7405682618596 868.7197094049984 952.1069603022868
1011.5908426671867 1223.0299405285728 1190.0489378126945
511.001819178463 1217.782038421208 1499.309850154241
776.9463330916798 1287.7746433881562 484.81927902918096
1074.4343974179608 577.6124083309778 190.69255639587408
489.08816971483327 941.9834152269027 1371.3356002913652
770.6479015285697 1445.7161165368575 886.9222603555141
789.7611355093157 1270.3032303976943 485.5358523536329
859.7511193527846 728.5844533984739 954.3672725728017
875.1963602440353 1203.456785525933 1225.0346465865364
735.2309659513398 525.2618991760589 71.79286411057373
797.8281998818454 795.0728902564445 700.7836622519783
1070.06469624815 1070.465665149641 687.4862689296426
631.6386363701624 882.172859301479 302.5594553658774
787.9146929153167 1068.3728074053847 1295.3790067083235
1147.050026044863 849.4978785608895 1111.968132283873
1171.6978912429613 950.7733200457275 5.2086387453316725
706.3536919887287 896.0540746443158 899.1637387548744
1229.8149340875038 1048.4161034243054 522.5849733574025
864.1330089400707 1039.492672883638 653.3469589502745
505.19496759786955 951.3667885220577 467.34354783657614
999.1039118671213 1236.0740416382687 1193.8874405251026
1110.595015497993 489.97560926484016 822.493896454825
1455.4344909920196 1252.7681690573072 1196.760150714705
1066.4438785067346 693.4962739273167 680.2524571108237
1283.4271481993567 1173.8916917000156 460.04595684639503
1262.4793775485202 852.2940221257043 161.92790957715636
1052.7726634619028 917.4506823343488 151.58270699903608
1209.6107614550958 1112.761090329714 0.5064891261795101
1256.6875653000432 898.1808029560871 773.2551711107335
1078.1619370134422 1319.3959083353243 1058.8480535026517
1243.8384172360704 750.7738549690323 1390.5262352445332
812.1859044717437 1510.4262827135165 16.44727800020912
1221.0381229423076 1057.4620068930371 694.6572181006841
919.3353040612928 718.6704419342343 634.4504685933279
1176.5144394709662 785.6069746200624 420.16012138032306
1092.1802516047235 501.0946493683607 473.78692665397136
737.0047381769677 1040.3412624310672 1371.1592183523153
1160.3150920700023 852.1372502847605 2.6116801067077033
897.4749351700583 1000.4610902048323 1108.71455010144
916.3597262305741 1045.2360419059246 830.9101051718286
1202.2342248012587 1211.7527248090385 190.0598529984605
1083.9893590468014 1005.032760115896 109.6426477137406
1127.8136137674812 636.0888275172899 1358.963782651379
776.235592645652 1588.6799018058987 1237.7142680176478
594.8896827641372 1331.6236830005187 654.1481550411495
1097.7038713078189 1629.8848003546334 897.0885059960052
590.9069436038894 1199.6639960053876 1044.0265716820497
740.8135324666597 1324.3732336056548 780.3531804749961
1214.4027640887648 1049.7272655713741 117.27739420240741
1399.91358042228 1010.9298819811959 1121.4012769413878
1086.1834208598875 1146.37305040707 909.970640570413
934.0417354171095 1302.5311741382916 99.04379869767361
1356.69401900771 667.7977433455196 238.54713652284016
1019.9283179910177 1341.3919386940083 570.2208796385839
1344.868586427251 1014.628753182174 1204.5343945908285
790.662103326101 938.3412511172389 1315.8312143236321
830.8452233683778 855.1630327472404 26.151858706981944
988.916175414235 1181.7847710609642 1227.8616899451217
1054.8384229665241 1075.2032252666738 788.2365771578045
1031.3910805939759 970.0693665038649 1179.8590970487387
906.0966409977717 1078.3171053968306 1348.4063209623716
1205.674992709779 1387.1687429965314 1275.2271564274408
998.5425413585183 1724.930295362965 209.18719564173642
660.1438574148867 664.403670737606 123.78007738393914
975.8533752096998 1239.4294679868408 349.6877822938768
978.7662392221545 706.9497238690783 879.1292925842818
956.6829771701756 848.1619270538949 1396.6109458980811
1316.0009944630579 791.9850060926865 1282.2350450649121
1295.1892023425953 1317.5975278361996 152.15046219980317
1580.5781811590873 797.1919551918056 119.30202398008105
1024.7191651379123 969.6010902178834 727.0997557815772
815.7799375132622 1026.7773910433416 887.1498663907344
777.7690535526287 1190.6073962525143 915.922672049635
730.6991718367344 937.4797714166759 1431.4146227992185
1704.0513257132238 900.5669799732359 589.1325929733537
949.054965960093 1171.7123677661061 15.189366528620575
1546.7176774841664 1134.925542716893 627.873864032183
1329.0074592437402 1004.444923853746 565.1877867991476
530.8991823851284 1072.8070135795897 1374.9552767041057
881.8602008438337 1152.1306797976802 967.9146895944018
1300.298295462187 1077.7751350705744 821.6610764214488
1005.8409443233254 1269.1450419226285 343.2538677664428
1199.1039043048963 851.3974514552149 689.192122552389
810.5076844839052 1283.7008546565519 379.8971125362127
1614.4153621932735 1062.8507724664373 546.291562947769
1125.1566828264133 614.1994910322588 1067.1931824857581
885.4825257487713 900.1639413208528 560.5739129301353
1390.8513603889514 1052.755752803342 1226.6524000148481
885.736299290188 785.7316804339752 1415.0368737296806
828.7200103368855 1395.3638939950067 1295.7647448581965
460.4348187375666 1090.3499042205517 1002.6857991456473
1093.0592108369626 947.7610315527701 373.3502114226879
794.0733515229535 999.6730051137413 1320.7163477795352
313.0521280751342 1228.1005908574493 738.1559800485736
735.729491452982 1181.6440736982959 1117.0104224488941
1046.5062478936195 1259.9572504024882 639.6042733459493
1048.1173000116507 786.6498356235903 1256.8673033559096
801.3302634605911 768.3354205034818 1372.0616462087153
1318.1855291381066 947.0556248623423 1114.9935967420708
990.4670995398806 874.3563911812898 4.29367476234388
886.7166833181204 1295.3999907936209 259.9754132025472
1324.836710290143 761.9366382986065 1486.6317550801955
651.2722661033852 759.951790658102 641.4268477864161
1194.944833383364 607.4962127012667 630.8858508909165
1196.493090032345 992.94265575501 925.4364211684522
756.2688129016902 875.0590821807341 996.7291681282668
825.1140723921985 871.1536314458313 1161.3091811681
1109.0841269034413 908.7904503870868 607.5998029683665
1278.984321522874 908.5484111144981 1256.1122840527255
924.1076392688688 951.818549169547 116.53654803460172
1236.197368483043 1077.2342992230213 785.0452924750172
1363.4799257035497 1004.7657524678917 144.0259164403036
1181.6894191510767 1122.8605385112812 1322.3263128923973
1129.5340497530792 1024.7820812955113 387.3051247712224
792.5004427340276 1011.6090793412832 1075.2449722968604
1078.448934529948 1057.12570493431 1159.5872736916078
750.610199073672 812.5108171918239 407.03373832432777
1078.3140279627517 1195.9609907855624 867.8925359761347
749.9785194722023 1216.8724120846864 1389.1973433074843
1055.8007329979052 651.5435389820807 1104.9381614268636
1292.274554008035 610.5062984505435 1317.3363002339722
624.8639504951836 987.7185155688128 484.4544077945861
1540.8809848158471 1112.7913950820391 646.1895398916947
660.1060906838875 801.8164911246498 573.3899389631104
987.7832786670573 1051.5945475278704 589.172422142039
525.8151216803196 1029.4704461130723 1178.1247611800993
1342.6471110858733 748.2065804218572 849.3455726493922
904.1222605105193 937.1712785470893 735.3105282487438
904.6313144598655 896.2850654461934 186.32095964503205
725.6644904080272 1109.6937837605642 585.1527371673035
881.1812607907251 1258.9132366330014 15.097216038234219
746.4440473151633 1082.8768564134728 795.5773052958489
1260.6183542713377 1165.435874308728 35.288442704137445
624.8263844373826 1155.1099821436358 1303.5034877575833
946.8372089842468 1039.9437944910912 263.34398606856445
1243.3531298811456 1380.3437809035336 913.0787796386179
1240.904521542092 1111.8103488488764 157.33621145243794
1011.2855019266407 718.9777953518801 1102.9470985412167
1135.2233473733463 1030.8746825282233 371.53671263337725
1315.685063800934 1260.4606570461392 666.3449688564764
926.341164808928 896.1123507388438 222.79959633326106
922.2952306494468 757.5214477690795 1404.403903696259
1128.7494098001016 997.6133458020242 529.1309300989004
929.2282669257526 1377.9569898749046 352.9732682848913
1073.9650494583454 1406.8615469221234 1295.9727516587946
945.4237359897993 719.7356005690172 630.6786242968863
839.6791780974023 1095.6353089385216 916.0585448796038
811.3194110574084 946.3257036420409 1291.5363070218818
1196.1666501567265 772.5940831059742 669.5817705710465
840.2806724924712 1058.080400808991 399.18297195921207
940.6219030397265 1439.1128719823118 431.5898067921382
960.0215766969575 1041.0408895705407 159.26984492801665
1265.0041859581995 1214.9138119877537 764.2714630356587
1162.5644984898267 347.5057044509266 968.0523685030465
1137.7990148882013 923.8726785629674 321.94709619968046
1081.5193552949079 1131.4624289908816 1092.4585019261763
1036.2679381292157 761.1952632001634 1476.9981413710166
964.9580473504946 1070.981065860862 891.4497640447266
695.2875644205682 1419.4117481952876 156.63086054436903
1413.0518331771787 1025.7215181607296 591.3799700004197
892.3474743333956 907.3886205855713 331.9372060612645
625.6200418023705 697.3867061215199 457.098747482564
931.8873520021186 1379.4470395427327 432.7024760682169
1371.7860436305107 918.1653053596933 97.57135237703557
752.8110790022785 1086.39197899506 500.4790273578194
1336.2121346491817 1136.296345280994 100.18013704997853
903.6880031816886 1220.5024813685516 564.1004429220254
980.3455230594392 717.9497811469257 1131.7683569382357
1030.2651887875038 919.7341116401929 1374.5039321435845
872.9794737816616 1023.166077061608 899.5319359506493
1029.7031781967034 492.4277413059961 1247.8443414219892
1390.2261185983418 715.867050716817 1033.242805691954
1397.6201440716418 1136.4807400277646 96.63420436759628
828.4756450429654 1196.143224703303 1018.5777938548177
1093.1236615958505 1389.87750619788 132.44131332840104
1032.2314586481157 1297.049392299853 186.82903595626826
1141.6709466630257 741.2586969736069 162.2701997626315
1059.1617540751931 1102.28721325732 976.5588096907276
1627.44695963376 905.229503502071 537.3933047337487
964.9263705103211 1304.4738549074461 689.3211583291842
1178.0736950792734 446.93003843044903 491.94255558260124
1298.2857089583076 1043.8966019650723 265.474117601658
1222.1703358607579 931.6546445562201 527.2791296856994
651.2288039291598 1623.4429297982952 659.1213008772722
1097.5089063931869 832.8855581155566 1168.9592367263933
1086.9437533820883 1554.4133173325372 1142.760132562852
1196.5691538804247 1315.06331904715 10.703400154795206
820.9424957029116 910.5746438041713 59.875909823559056
1112.9076083515988 853.6691421624671 1414.0982447613926
1236.980358883304 992.9768405536006 649.957941183725
1545.915810053439 1237.2688041871058 1382.704353825814
844.8765279929422 1326.1556892148624 1272.395693240934
1094.6689575753705 871.5591665712922 245.21640234191366
863.198285459451 872.6026140102659 1376.9416694117563
967.5463102093319 1258.3037504330266 618.2261851956105
1164.833182981023 1353.104952366567 630.658022578086
807.0720004905863 1000.5299340830304 427.21853155639633
1016.5009631898114 1070.130979195815 949.9831768706377
1325.887763432378 207.37100172210887 578.8894445796766
1210.6309124022036 1098.3688361941438 710.5749869682
807.1938793634173 1019.8623184193531 661.8249139793485
907.1501509391566 1183.1300471267052 1159.0202049509182
1480.1375531955237 1222.218866010798 176.7168018403114
943.0682546777252 664.5574507458109 709.3097814664659
764.501130736226 786.9182097222915 1378.3277649397533
986.9536942708903 915.0886262289984 449.80007775694713
1299.233604542369 1151.3132152292026 1323.3275769493598
1425.007712821291 1164.8866521513166 1151.9215631943373
1741.3880132848928 938.687748554764 733.1173279498296
432.0929387261755 1022.456655298028 951.2328521183045
1270.90122022479 821.207408174705 1435.0909704302856
665.9392058134583 1077.253684387994 1191.194305187189
1248.253505539124 1269.0965880502226 1495.8388207262249
1301.5447784436878 1077.2073814244163 1118.7650205494135
819.7754167563205 756.1053079362755 1358.0628085610865
1193.82943168087 1140.0358538821104 117.72394284607878
1353.5111333567077 804.189604775996 1374.0054522933738
892.8910444078899 1317.0676786940908 128.23341577236485
1426.4645372609816 837.592026415502 1470.3872881572474
850.4637489907926 1317.9958447289187 435.8980728598833
1165.5248921435978 1036.2433666581592 717.6316481227208
840.0331618044356 881.3715610449915 866.8209429116731
595.3561464140614 1166.9922545856095 482.94874972788546
1297.4812717368713 863.9626336455731 287.533601097977
1172.360086799896 805.1751788236384 667.7117153808339
916.6747583070476 1230.9688248638786 301.0793591583441
923.6474985013919 1338.9675823065002 184.4845124653679
1248.5605168773295 1372.0398550115517 676.7620598983862
1340.2137878265773 1185.2418876084162 8.143058360775001
898.2475151848204 1288.2514524211856 732.2503619380715
819.9924605610385 468.46799236657307 339.9256529139916
1130.940423610204 753.3363266351471 411.76971678976383
1188.824158732432 796.8005081595567 381.1994983980878
860.2955928626791 1101.4340611199707 343.7314939362259
1419.4341485832708 1305.5393093922405 1187.373682191443
787.3195776754972 548.0584375084456 1246.457561789704
613.5625652666583 1394.250339763636 848.7719853674812
1098.3659094823895 746.4884035419489 196.17782665539113
926.9416936679626 447.78170927591214 309.15820727686105
659.1779634311492 1127.6338399654117 427.4485094908368
1180.7133374534367 1541.1431467640261 1229.851082689736
768.5713749310955 446.72254416572446 550.1715719601142
952.0101709257599 1248.3675718688778 1267.8290204111279
1266.1067272932585 921.2952192617712 871.2736174221892
542.7968878630638 1139.851959564457 733.5020397358265
1194.6968126939248 728.5472717263768 257.80975972034616
1127.519456951366 882.4930762230562 509.811832348866
514.5254736811748 955.0408040222184 1445.2658669891002
888.349002131294 805.6066509654811 1221.2800717780635
1257.3452769719481 969.2360831062815 556.3933912978605
1132.9451188820979 966.0975127635481 23.667248169261246
1135.116016379367 1452.1549746690578 396.1262593331431
958.3373368609828 1245.0410805735025 1327.0275204590998
1211.9787799593366 1517.5752268958645 531.1939021486693
943.6266051322307 867.0933514939585 459.55557681319675
1206.6919397671747 888.5461059621302 866.9984412126345
1066.8559606733695 871.2776382608408 493.2629016198311
792.884909826588 1052.4082922275604 194.61370037984116
1541.8606148924082 821.4832693641235 861.3212255577316
1240.3871176274974 1514.4640032875568 1450.014162585951
925.7312232965697 1201.2577093785774 824.6730166077573
1122.049814694018 725.4279823004927 92.09147427032327
1032.549434890768 1048.5266057304345 305.2476227729926
1465.0135823668552 1051.423332560431 133.24184955459623
1258.7423303288388 990.5947755728397 290.24048370239956
1038.9138072961682 766.0866818220582 147.47892599258128
1112.369983628846 785.7274564934521 238.86952778052762
1354.236708753384 1118.3996771838215 1114.0994756309253
821.5642488773947 809.9438283438719 387.04384581255835
653.5011287208024 959.8190491741619 597.5960124036746
1240.8280138713521 755.0424308032132 71.239564247712
1013.5309840061674 999.2422013605602 248.4958300090837
1282.305481201703 658.3712023802574 1053.1357227259389
420.85315429597154 1105.9225005135543 707.326975801225
826.3091988604762 1151.7702954863998 449.42217184967853
1070.93289674867 1117.1468517793962 189.4287011954579
1404.8463999360456 664.8237344580217 589.6518270484975
1076.1532518123809 1001.7234821670334 724.7652248414186
749.2676323993423 815.665890454043 329.48635334523544
1265.934881571969 392.28589301061265 98.84237026500448
664.4115661716168 1099.4136728318142 1035.5816243373574
946.8337205864976 1824.2125710648124 658.2407555393747
1326.5907396050748 664.609287257433 1438.1907330798244
651.6636638367816 740.6900986885821 1150.4490773239322
953.3177183421855 1049.4931332183405 13.259227690671116
975.3414152207417 1233.4225201762233 999.5674681294619
869.5283524298319 926.4474713067965 549.6366182544775
1566.8156807899504 1285.5422889862837 378.8636639673182
932.5962074517006 979.3782062416738 642.6675792426449
1106.6733734971285 565.5811436080758 396.48773634343337
846.5582033416613 442.4893564198585 519.209653667971
1155.4710129946711 1278.9284311045508 69.94858638751505
1082.1563261372874 952.8811685022864 1073.3965800093656
1667.6212484233304 910.8770127022232 1071.119287093929
1155.4708040329392 1026.626355206755 640.0706763400915
815.2006978051962 1458.4734441197206 1367.4914446096016
888.4352244253538 1180.3088760638993 1153.3146333417194
1198.2591710136708 815.3462866053003 1321.4776110711664
972.7971535206519 1401.5988995001292 157.53885187590427
1030.6397894295226 1265.4804477128962 138.91067866529323
1191.769009935199 1035.439882882582 197.216031695374
1101.5893850385003 890.0410091478486 624.0134816659602
1160.248803981896 930.1674729917414 18.05802218966773
1373.6339501108753 651.0918290198595 1193.991917210643
681.1355097402857 1223.2320195646098 514.734409539322
647.4423019920546 1123.1356854245444 31.02871251580369
1097.7064119378015 634.4393755110952 1144.3605053548415
763.2006858609807 1038.583277317818 697.6212268270116
593.9734490429628 1185.3979654354753 230.86615872584858
1051.8081775527157 846.249311220982 957.54564963617
1147.9744012427454 1396.8943881906416 218.8727789083631
847.1242623039636 963.091567197957 896.7886673758068
822.6778550915722 833.1182905043652 1221.3473537539599
999.7373808950363 1499.177334237924 1280.6224811768266
1049.3123921477386 1018.6340368241246 1158.0465561349577
1016.5712040984515 1178.0093047458117 723.8486471384455
890.0439158161977 759.9079195918832 733.7270491820188
663.281947346148 980.1855219238654 742.8772474983182
1373.7495270002687 1038.6507585690833 961.0947408993128
1172.9205444187464 885.4400577058975 736.7647947223505
1250.174814491275 576.5816799753627 496.0843125940702
542.6165299561329 669.527110797999 1107.9972604089726
1355.8086885806997 1155.6412527022362 79.51353509593179
1287.080921464079 867.9780577492829 1087.0319279943378
717.8893590384079 982.1232055952438 1300.736015497269
821.7726363018996 1056.5191400120584 646.6416776018775
940.311015158461 537.5014111571465 61.375740308056095
566.2320780596558 865.302009805893 1305.8147644992985
1191.9963857664848 1427.2436288926801 102.06045264413316
676.9923802349637 690.5430564287655 1473.333220936479
882.9456199392079 1136.1520391801623 498.2201284304522
417.762448165686 528.3543902741698 48.184805130599806
862.7761456535765 985.7224815209397 169.74421006039304
712.1248666274579 928.8614884731492 1069.2123475784006
877.2147610354839 508.5800128327069 862.1621696937009
1263.9500541389812 1031.8722247167975 151.00055289846222
819.0749788999082 972.8277201064295 1237.7640778199043
1042.480701918109 1214.1145706813513 443.4774414225339
1458.0664980961024 792.0507326532162 830.3108156947363
920.7918857993906 789.9130899707989 875.3513537495178
992.9271425059137 634.78118095642 1063.1802559071687
919.0654011702712 1181.2467135335733 488.0268718003563
1236.9160085196975 1439.4095447685243 1002.4390314763623
487.0584638286607 1000.0423742175327 141.72544768000262
1010.4903574627829 1189.2132962740097 329.87465629078036
959.2473307490491 941.8164300307234 1459.7008002604248
1047.7647556041015 1412.691756240098 177.42224854158601
825.4676018608988 495.76125317370514 1461.4116538400826
700.7045467825877 977.5924701364481 914.3089349639532
1008.4346539593633 761.8798090847315 1320.2458865867586
