600
1043.7974987481489 725.9202427074483 549.4170816223161
953.2851867149178 837.6367554252831 578.4090023363308
1233.1610269863431 1078.8209015734326 69.87900815681142
1096.3744354822206 825.9836608965993 1246.334671844362
1042.0850668863616 1010.4612837208489 1316.7565990123514
1563.2032178201903 1324.2572326781371 257.46572293242383
889.1533898118415 401.3432429287278 530.0238923449904
846.2869354893814 1102.5730496075305 223.13789378211823
1013.9985268916051 1099.7940291309237 1459.8792216615664
873.0699227817147 1278.7766270810325 1492.9081838725858
890.3308216655388 1477.6101314436253 855.8211210213617
1144.2253785273958 1042.7685356840138 100.15641490526278
1312.8060612926442 943.6395337189268 1307.3455062777484
1603.5566939391447 986.1666418774562 678.5567868949565
957.1134577463407 1005.6671943794667 751.7108748228216
445.00998328607216 731.3846695153815 629.8838226502038
1083.4803332296053 564.4026326253306 225.70603823114703
890.2432907346598 751.9942311074731 157.86951767633371
900.0671155633289 1309.0825627483598 935.1354140569836
1352.500456594908 625.9370703023349 1389.0221255326549
930.5488054070861 779.7141497131955 1264.094979117057
617.578884048386 847.3511752053679 181.07683485526593
989.1500077033324 739.3699756485908 1116.6706179075163
932.187208337691 628.4944916319789 848.1658174255372
782.8422474712463 1014.1580326305877 932.0526335964695
1358.1649419155694 874.3439223808629 932.5214851004378
998.4817091489114 907.3129664744508 266.84229204772146
1137.7347150565681 1220.2406011192725 278.72037906988004
1080.4442088757444 1077.977371951181 629.3072771819986
1178.4236872095366 928.0683251678562 865.4248835042843
1051.855432900448 711.0854813722533 767.7845089074386
1224.2314095335764 898.1303050576448 1401.3242308455092
1066.3419735769016 707.1118359959212 228.5086135684773
847.0423539389853 1088.3475995786853 1055.9696217306735
1278.6333272528454 1184.5802529222228 1286.6666226567033
897.0838520788792 1082.1945459520152 668.8948526173626
766.5246573502036 1297.1215075829466 331.99066157598236
1382.9863374328193 1030.5243624609286 224.86936266679163
660.4411763037555 710.7194824721554 1450.4379477429936
947.6151728082887 1044.6697598256749 772.0763269899488
1092.0793560699944 880.5754896472798 1128.8925709910188
914.7000307850419 1003.2672959054495 741.7738275754721
988.7965287408902 1013.2839096017123 1231.4068742058284
739.0798792415115 1004.2438556529368 1018.6706757269294
1386.4027046717351 695.0598296568812 0.6189181344166128
1257.0714032951241 939.9376387163395 1250.4667720476634
1136.543995094832 1309.5352880154264 923.2979454862073
1247.57036306462 1338.968708170961 442.29342383388473
1019.444120345744 1015.7981590171207 648.1227883610882
1227.7171046381839 1359.1072788090548 259.48865822989296
786.9204529835304 1335.327786409524 840.9871010526442
897.137949236076 615.7033063512692 1459.8180838930684
787.0217078673055 654.9152412557381 1456.2561620314011
1203.5385306788298 755.2760707195898 746.8042814787234
1164.7800478817287 895.3778913813684 430.0560145309241
938.0994486213058 810.5825364284273 675.8284116154068
759.8464499893906 1232.4041189779407 977.8046911875275
985.5841608871164 972.430247658503 284.36180385583276
1256.564632591984 724.0158668206383 895.2522981756026
1043.0925597282296 923.762294701611 1054.9815544868386
1063.445176591337 1149.8976130606065 327.0244963691296
1348.2710996804162 1321.0446341384577 638.655233032001
1220.524572874813 1005.7147559375576 1221.8406578987408
580.3872777902345 885.0120305749565 122.18415800244725
1098.0496034625235 1302.076023167739 225.83237629076913
1092.590933613077 1179.2489491717781 421.87368053363366
692.0905718285278 1265.212709249552 1324.2109083123157
963.5171336104872 1208.5589137403488 1059.6102349999398
996.0731838654824 733.1169542632772 1361.1889868235082
860.3661905770753 653.2056417716121 795.5456436930493
1116.7014090174437 802.4449862593281 325.1672881804895
863.9636412003911 1253.443389136846 1267.043702291123
928.1870893972928 1245.4959569483487 944.6133667050472
1009.1189514838809 1126.2850994767139 965.7390093541511
1279.881422377899 770.8508744964358 725.1542465333064
791.4284618300277 938.9708412324173 986.3226677001725
991.2229403184967 694.3490132871932 674.907469385052
748.7075968634194 1464.1063747585445 975.8648553840178
881.5670113349072 1036.8858640216756 34.35469743829772
956.1538340739851 636.4424106524134 408.3453976515928
1021.546072854732 942.5211780546128 927.4859049558206
843.2858188316352 1090.7661066282994 1247.9989566072134
1141.476650697023 1316.4564920266262 96.82178819409343
1224.1972125864402 1129.8677495845088 381.0219769050336
1244.7063271228135 1055.573018883334 891.2767365715624
792.7916340754623 821.3296501356199 1033.1020839418602
780.8622021005588 1096.9462032355493 73.52961320969715
882.0706098256605 769.8955600304967 89.19381462917464
1125.7584218907366 1365.3838210843123 934.4370687871533
1004.7709879363944 1168.8578070988453 724.730807247743
1332.2498139492627 1617.9649956659619 1230.9382460302875
625.1304794363605 1001.8248230419243 530.6276803189583
873.5371568342595 1184.9358865645825 1396.9626876313182
1437.3156122452447 813.6543336608656 895.374403214842
793.1267489222266 1082.0060551282613 440.9933682861503
533.0159719490866 1251.9408482392757 344.9694158928944
595.2108509275895 810.3286140894868 916.3997589141663
905.964273223584 939.9181154470248 1417.0404317601806
1128.7579500417935 912.4617695219848 1300.6284729414851
1053.911709837572 1118.3560872435805 1355.8279319423173
1174.0561654446246 691.9971763109598 359.09159907145346
1197.7759318234216 1085.9307100342312 321.60015363627457
1094.0081415822845 1087.611801752287 859.5252823391123
996.9124283990242 1183.274052698341 30.370114634892698
1157.1529255014336 774.5098496974897 252.09369248538394
724.3106250254341 1042.3323010399497 1200.0277586491443
1342.8726273879481 739.1573103590385 697.238184080525
1194.7675900561817 959.3074654295975 714.6657856513698
1207.3077341447843 1059.8748844559746 761.3210744113218
1003.6823409699583 1310.07928916321 1320.4546039735271
906.1146323158273 1238.1795215899233 702.7364978954989
1069.5387429387508 1019.5806063586774 1206.0543192849143
934.3807580227249 767.9557117489757 1390.7791682512443
568.3268933583531 829.8175875821307 115.76976823458168
594.3339620529298 1555.9262529857106 1253.2989013859435
1016.1953329084174 1142.5349021116722 985.9687715785803
892.8361663835984 1432.497501791202 393.83890868170243
1316.6106645857024 1248.3210616116148 766.4647989981693
755.0619312815021 732.9873863472917 171.72774103751954
1163.0929158555352 703.3250615402101 284.2739852705307
448.9476354482921 1094.084535934093 1128.660369135077
848.4582926593365 1122.67403021357 866.5677191354368
1012.8475820224355 1049.0283243030808 1413.3983434789225
785.6045238420947 683.9588402719555 797.501824139307
1339.8356785695933 933.1296179103538 478.34871913727574
1167.6912656301174 611.1811928265419 1129.2036030268587
995.285653431105 658.2859897946555 850.0974952923493
1116.625042533023 1158.8446229761 1496.963109768816
902.6285517870077 574.7490579912145 781.6279702922074
951.0687361138581 659.5012914035526 1478.8749528742894
930.1610384167122 686.0566825243253 657.832724084532
1341.1153361026045 1511.2873774762002 187.8482846530032
969.5192568885534 850.1419938561714 1465.0848419323247
1276.8478047556293 1426.4523683530997 1451.8423195703776
1096.8131083827057 948.3997603420225 1167.3660025031954
1182.18743746377 1073.560829901838 199.60852875398754
1095.4230413748307 1094.3851496551413 1100.104693099824
1412.9502017775649 780.9090422367477 339.4195863558648
1023.0123121197703 796.1985496183371 905.411826007982
1166.5941899357606 980.9222585144762 978.4028150930998
954.0011136327307 1046.092012317781 469.8969153853853
1518.9851890990976 859.2302071226842 625.9749232048086
665.6018567321461 475.32545513989726 1401.2233512763923
879.7693033389395 673.5038751561051 1269.3964152333017
711.0767429094615 952.940348281645 78.8867370333044
1269.880588812962 1090.488489412725 1197.0909494103228
1321.902652017684 870.8677715913468 1210.4358841493824
1194.1032224842443 890.6836052750125 25.87150165635188
757.3029410433743 1192.965989755468 1293.8695083626098
923.3111503410773 1050.145420748068 243.42153554681417
1351.1589893574 1270.4861593133608 214.71988631661077
648.5072812987132 806.6661680854517 756.0320502526414
1183.0967643331924 1107.0933065450931 743.6999311970715
724.0565677362679 743.9772844118371 910.9600628531589
794.967525697168 1005.9626220941954 217.8946650093031
1101.9341229697222 1369.9679301780272 674.4259904675037
856.9251156719276 636.8665844936447 1195.5679191555898
798.7608667054448 781.3448311737973 904.3431083361118
745.7446355452254 923.0691723984702 250.95801931644874
867.9503066371408 1194.6156199548589 137.99289662729709
967.3765854397662 842.178711872421 1493.8371749447251
1062.6528620547317 973.6560167536136 1167.4391243411944
1128.1410501082025 930.6000723460928 460.6758202250484
1050.3899753292471 1255.9002257894292 370.661109249626
1413.6055126499064 1058.140528462556 113.51353436229589
1428.239570357453 1272.0346534158953 1066.9460549456676
705.7342454806595 1256.2115822342494 83.43474621809105
1219.3955846439724 951.4329456418264 1228.5113173009042
782.325089333465 1194.8117425734408 326.12358612258106
437.1312334815119 726.344057003712 1367.9252988764667
1272.5517597910489 889.6582483777898 1160.417961794219
923.454854243715 1187.3386971309155 1031.261212839258
1180.7836270233975 1171.1664612139448 449.86417778660916
954.893606577523 1313.2297668621459 47.57288073382354
990.6369766044595 1254.0349114942615 1470.4630192283166
1109.2713726599493 931.1240872089419 1355.2167779325453
804.5129002472781 955.8587861681629 717.9358683606097
1152.9276699199143 922.7834778261747 540.2641918798043
1440.4241344896454 778.6971724180726 218.2427384036499
1242.3739920581547 596.1789143279007 41.12392037998974
872.9066697656442 1156.114270890178 1148.8475791401017
965.7735201116582 727.4336878546756 968.1024713430578
944.7905378917587 1051.9505296493144 1182.4590796885268
1305.4504192463392 1193.7035803347321 1173.4245985824048
757.6695415062964 747.2312384922689 1159.2815421434188
970.586694619109 1299.0190231058164 1158.1964890704655
307.99818137673424 834.0953642689392 382.9930399881922
719.3845199123011 1299.472534073915 1494.205245802185
1099.2438982789622 926.2474287054173 1044.487312023799
432.4039564928694 1316.789020121273 647.5014571277636
408.09982819742174 835.3769908652226 859.8541275986737
688.4788010221905 668.4547305750939 693.4947953413662
929.2221021524824 1400.0435810282074 748.387175769494
1139.051088204386 596.3601865893164 28.604984856514747
818.2085085833442 1447.2274872907187 1472.1685025067231
1478.4596697124657 1171.7524663090242 1412.6658294834679
760.2076839152606 960.6159684264599 1150.643083995094
766.5270862555449 1107.9339018131284 953.0063468501172
720.5272021331876 507.11211676121076 1018.362025463805
544.2518833836796 1099.6074470282356 362.90067448547995
671.4140053212502 1525.9760368636926 1362.5047778809558
1133.8838748174717 1071.3925648064114 1198.0683142038597
1247.6363607518524 1084.5630753525581 1488.3074369195772
971.6551977394046 1113.6101491298832 653.9164365804193
1260.8881661912326 835.9066048649282 834.4449686241095
1077.330937137277 1061.4949167483535 100.45886760637546
1171.9118889342549 1282.6185647959878 72.84153592450382
1245.5594595461796 1100.83404138068 481.07835108690796
947.6756630970851 970.625810781244 1453.5928257122405
939.0411150618473 515.5682883706154 1447.652914095973
1019.8334143222665 1387.2338426121619 962.3600988934872
1165.57509437033 706.6997320744306 395.1212381790222
620.6870070108289 1254.4676471124656 434.5227101858127
1383.08041937397 991.6707557849458 1227.9516240342282
1696.76008198228 989.1861242381652 379.18516967360875
700.8218288605584 1281.680840181189 987.6610062119014
841.6687831183327 873.3082810701309 414.72539094738477
1201.0298115218934 1224.4742867170478 946.7957621154262
1148.9707515573707 836.2467603822558 410.48984328871626
1319.5507243304282 1269.0055213735225 577.8153415532836
857.8251163092448 907.4284525234455 51.90437092835071
1471.8524197025297 926.9040793361073 1424.220451179419
993.518670731707 712.7729630863989 756.4591954408794
631.672684055713 1039.0501999672176 378.79477052056126
1184.753587664912 898.2544084338681 847.4281920282464
664.5096671615186 773.2758655880587 1145.494593057719
1442.1399338590527 1143.7634186897924 134.6306608030388
649.505961594466 1328.4190443097812 48.56272897916486
1253.776192149833 1180.5810114282458 60.780509597379464
1262.579334749299 916.7266589092071 1220.9798938754145
529.8929284920218 720.1106395957222 826.185452483766
1004.5554628150021 1140.532413535865 121.79459165502621
933.2023166608889 1170.2961982975044 1064.3829068021441
1074.8307899731983 710.617480561261 457.1899571508062
884.2947684890981 670.4196705340944 1098.47003566878
1532.355820107623 1045.3446782954934 507.9238888890869
741.59712368496 1013.0174567672376 161.64172087863273
1116.2887359280915 1109.642231386249 1119.4917141897936
1232.8379208376925 920.6265827723087 772.1084243906757
976.2384200756348 807.8883587450009 1110.684263477647
703.5356419889961 783.942509509221 661.3230346201889
1373.055381474634 1096.7292243257205 714.4881847428339
917.1585790984568 923.5748736966711 362.37298118674147
1008.4885563603156 595.0755461458939 111.67035428277528
910.8207796241859 885.199979923444 392.74101559870013
1062.0268909802821 1035.6732203734591 748.0045241489563
1325.295591075548 677.162025179915 1321.8025483192341
1077.5090399907087 1573.6870034372187 1250.9852224493397
567.0651843507433 1287.0672268635774 873.6419142206112
974.3074356727442 920.125198995745 1292.9333570598872
806.9264392147792 896.3131108677421 1319.3125216034525
1376.0571956207516 930.4980557996022 37.02944481669629
984.8784180760006 1153.008313298833 404.214798285593
1489.5932492487261 1363.2163761305023 570.0183734481802
861.5232991476162 1267.302922462552 1074.5085468163209
764.6165016202127 570.5486436411226 661.0632940808405
908.8123764022242 787.7270768363098 1261.76361570698
892.5740315238916 1027.4856098866908 858.0449780184547
724.092563637912 1376.5668283351047 1308.8326612486953
1244.1884495280733 1336.7304751429365 1160.829379052266
758.1001609165826 973.1170026297322 367.83308347931256
776.7210253963468 499.0616648852966 131.0347004205244
1339.1031615277848 1183.5002798983041 1247.615391108956
516.7567374544892 1101.670017525496 168.95182484358313
1350.90591146684 906.6092096052412 1356.4032003557877
741.6706689653591 912.5046477002492 1338.0136734435107
829.3933442985068 511.9557294915384 473.2352261604035
1013.692097159107 911.7287462747998 696.2600698618427
1155.557187520479 875.4837794879119 1332.145326920468
1108.1288472437493 708.9754409302836 1084.8549579732435
1093.6740979979506 983.5313825200539 1027.062274295553
1105.664290370147 1051.2858928630133 444.98150393859567
1372.1400386193732 1555.8806861584317 1046.0863227373134
993.4977538297164 569.2704235566395 419.69126904285565
956.2502871757104 1063.318335648519 1314.4173517971394
791.1253377683133 919.1135132842784 213.8191180078291
1386.594515770885 1031.4084103047917 360.3271979031283
1128.4047878182291 1170.1898698366585 1364.9631482444856
1228.495650819037 981.7525885462034 1360.7382565735788
1312.9981564265133 907.0460742543601 1173.1421309117447
1057.7164505430615 1222.6652721616151 796.5875347386255
781.0498095160187 464.8347912023139 786.1614200162437
682.6269459927819 764.3460288071483 1452.4482633176992
1043.120352255496 1143.7978011487894 1190.123642992232
1144.7474591078867 1268.7985224752047 581.8945161174989
990.8060941101004 1073.4087631188975 1230.1818696609446
1584.7259097622014 865.4415637463414 1020.7081290957191
885.6732570901775 1087.7860773871441 982.4727107420877
809.3871352248598 1024.6967105484232 392.437638439907
1227.3164909464008 1057.7248529429005 1375.3768294016634
1073.8854121469167 842.3394818285898 8.971169746113116
1202.2753631865467 900.0412073949474 1172.4654127457661
1080.338264773519 903.7038426904769 598.5023644756501
549.9060534567925 1541.2814925554321 1415.2737263395381
812.5428468873936 1265.1874606942556 1256.9635283225828
844.4051666712288 1091.0382746081043 213.29866768798962
1037.1652324769805 864.9690872550996 730.9001200304092
1445.3226016541507 1000.6653455418706 261.1584629754468
1065.5603244955707 1213.2765009290272 1404.0310993043279
1185.9863447443752 1025.1117964599239 918.0513600172906
1007.916523972137 996.0538228041875 192.7814648759297
915.9266104263318 1008.2658480190632 180.33647162502604
911.4867152574176 1125.7483894929353 901.4754611295737
918.7829514458778 293.5092918215811 555.9755490982476
896.4474314843665 984.221986581243 452.2171662334184
1019.422823817718 913.170033019316 201.2607537196366
917.9511872885658 1100.3219852457632 948.0082120382657
1005.857938823341 785.2120318858481 1489.8415736565885
1318.4699484875825 1374.1801475598727 482.8204697151009
925.6336092550505 1204.5206042443203 591.6789851231205
789.839017087319 1166.5592542366228 106.08396123305025
881.8402301511277 575.2532999880847 959.1230784156356
636.1056361896246 1436.5191515495947 255.68613050879912
1255.2330139287126 827.2701112893114 501.7431524825278
844.3107558406966 1005.1973802847466 1234.6947058538797
1102.2811417978255 1122.437683160124 579.0309660826445
952.8243621398985 1280.288779322621 458.0047625877267
1012.2356620637619 972.6756591607138 155.07352944762752
1146.8005612360014 933.8685939529053 1059.7342080880005
1123.5860388854092 1355.5089181849455 1235.805227966993
1391.7860304374108 1045.459100722193 1210.2018753503316
775.5593095313052 479.07230831132847 707.3216834864913
487.6519579725732 1579.1531558982306 489.510648946914
1118.054976332982 1103.5176203361546 1469.4053442833497
563.5092974832157 958.9460239585173 190.06969994870587
1242.1118367354654 1199.5644524501402 81.24315833006912
1171.3826028398316 702.6703733257182 1110.275415051499
804.1441586056959 748.0378903609931 453.79180970305316
948.3047779706386 912.5498353849082 1129.999164625763
658.6937360713013 1259.967613887844 1470.0370401025668
768.4384751726611 796.9516967390119 773.9965575033705
629.567308055744 957.2420475421042 501.131011471758
1129.1015302017377 1339.246416999231 369.4186668282346
874.6228612550261 1316.9194633723257 1151.7325630476341
750.410310674419 1307.6265745418657 503.29657207352386
768.5976801035172 1319.05407942289 1395.275173238426
777.9635724788914 964.1857659827999 157.049601529819
673.6693799896575 424.60285888637145 178.2872380998627
821.7131872895571 843.5743340552798 500.4227412540799
872.8023388286169 1192.0588179299907 1409.335817157705
1401.5463570117017 729.7624243071945 1284.2398024918834
998.3092265531099 766.8986505878863 1144.6301429845944
1083.7798821192341 1276.5329522527727 978.5107761389244
975.0441294029312 1119.9056328481508 955.3645588170125
1304.6007416288494 1357.6504557721753 307.36839336427477
1078.9317063970243 1172.031423675704 849.6926211067638
1133.1502890393554 1426.3174643848845 342.0962023350701
660.7004638470391 455.15822677681433 758.7062688649477
1041.3803954054358 876.4105459840858 391.6212805517701
830.3232358242185 651.628110478828 828.8337431408692
1076.5393403547437 1381.5601716002823 73.02943095083786
911.230626494159 473.94114114529725 477.7808616453553
973.2471223735067 681.7112355078136 80.8862712133579
1176.0562136494038 1078.8850034752911 222.6894679134987
769.689499443416 1368.7764852596483 634.68663779305
1319.6042631632984 841.5216914004075 570.1858989772134
1035.6843307487472 1188.3060893499396 1496.5116420047889
632.7074635848163 502.74466037911475 1284.4048380654483
837.794894681167 532.4147040443311 500.74470437380023
1314.7504078834631 827.1721652783554 1116.8620602631208
1053.2825477288716 853.2987793587682 253.16694036702208
849.4344696319903 709.3603410564365 1402.5981675259357
898.30628210165 729.063859429916 1308.1684291615727
1092.8676943093183 661.0242311306376 1346.5174506036242
1040.622425347038 833.4623387924227 62.35169207444669
1422.9185444749228 967.8689213539578 150.9279972182115
1169.2335644210036 1231.2315043465674 851.0525330449859
1112.9640281151069 992.8506805993952 432.16660475855133
717.7944147945598 1244.9644705686908 996.9746299171086
1010.5586585846173 1084.156311270997 719.7906887653169
806.3626175641751 668.0096541711955 39.42696069311869
993.3666014352305 963.2926083966643 258.5759528003423
809.5943237108693 819.1983311739001 831.9207094868829
955.1232279217154 1238.8539096889435 1199.922411065891
800.5269798736012 1021.9736279654602 725.4861969480754
1012.3937179020767 782.1450701879037 910.1827483582776
775.7755937505281 1181.8536214243568 575.3106920397522
1504.0899214499796 992.5835381379275 923.1588994588304
1373.7027537331248 775.9566837937977 600.6825480157648
675.6489227497857 747.709035950294 70.84702447796259
1016.069981327214 1273.8241323666618 1486.149292958883
1634.1719393075366 1124.6671293159116 1199.9035303295734
377.3000810752236 807.4280320979439 1116.4881367026207
1085.0638893664266 906.4966866220093 1271.1958032787536
1087.249276618416 860.0163500509947 544.3624277847886
599.4765734435019 1374.6739560724905 324.4602337661892
900.0720633633903 1457.621913035646 658.9755190965418
729.9863565918166 1414.9251084251378 410.4726475323311
716.2088921521623 699.0302800775346 1148.9328762038806
1132.4320442053818 1154.9470036022976 548.0251836667982
938.0549062746181 808.5564022056196 1003.7778948887666
1062.6528973220088 856.3279359702962 69.46344121309438
1161.0038566536973 1228.1740540444123 181.4804391206657
621.0156705713702 1085.734947849607 345.3044648156521
603.4621562972633 1195.3327413083475 681.9495226913702
812.7632703663045 1329.9629891568106 1360.512674742429
585.295984453105 1195.8258333424005 1340.504410293394
1422.4734445009499 903.8699692271584 217.2368537259294
1109.4238262012018 295.3677938117884 1249.1477552132353
1011.0806125545266 1014.3799249919922 1293.0916631764212
1111.2394740837365 1071.009637111662 144.22769506107224
1087.0498433125717 918.8344244760525 1170.4059558602917
400.8631142838997 1076.300699463005 1118.0579786488613
1597.3756888389057 979.4242044336843 1382.8219042479457
926.4216775497905 969.2468088878275 805.218597056709
899.6237353116163 930.740633648364 161.8654085904181
1342.440480932487 1041.7126033163515 965.1177148260241
1000.4160897813072 780.4673214993302 1073.2551459443075
536.6499944544701 731.6607613763249 741.5508680822169
1003.1043631822558 1431.7829113035086 1193.9678031582055
1305.6756490619493 1069.4102141260528 89.98593678388845
945.2907456855899 793.4240357563426 1272.8688668460827
1083.3205287184667 1160.337105984107 1304.0790979498558
936.9840223672959 1373.5423585712028 1226.2368568326099
1390.7316464647322 761.5580203345793 199.7197315847774
1149.3137853905687 1290.7012274223277 600.3732195722557
607.6469500035212 1315.329572371486 983.8164498971986
806.162906466356 833.9082703959962 1422.5587143365483
1028.1257973291115 794.4866138052403 460.7926878399038
1041.4656765127002 1099.7029598899564 175.58508137342523
761.9651247915815 924.5654035152032 709.5986451038723
1224.8117143030731 1041.9013962682097 711.9085043602425
716.1251143648817 810.0538301073981 1098.1938630639513
889.4466893453626 1002.6669471616077 1464.8712257883542
624.2305697056813 1035.1379411641517 701.884536373286
789.987363786809 1171.9513899832189 531.5182050679757
1038.221016452437 613.3576083865665 476.96295933696695
1509.4428680474873 852.4744238379983 1108.960815770493
848.7748911830026 984.9232683782348 722.6166660171592
866.1011012347358 889.4696852673088 816.7554043750033
996.1412908910464 1227.6696556440634 1385.1718381780418
1474.9701191131323 698.3976447616789 591.3381804507006
793.8749017111332 1095.8253081983758 1138.771829494426
1246.095501682927 421.7420441994159 1111.0590363038116
793.5417904522171 1276.2800412822 1121.5924033547292
1125.936921276514 974.0436652897504 514.9890778285381
862.1793621706554 1104.5388135054484 897.3823183878955
834.7067051879682 997.0434169144442 155.3238036854373
1115.0977379318783 1619.5349151850119 790.7315786799664
845.6969898033393 905.65002201004 511.34454882581775
751.0074294788035 988.474261497499 1494.0706101221565
990.3492405918809 903.7232669280752 584.9375124922095
1121.2855481549007 1142.5197086425915 928.1354279197261
932.0000151527152 302.7941706689247 1330.9345112005412
1250.7584779120957 978.6280218904643 1107.8259180646285
565.650767329593 1026.0757998160009 1097.46694559559
1277.568535533853 842.9483506054116 164.51025028455118
1194.3108425948847 1247.2616264299543 1396.085893788065
927.9395419216273 1284.9922951180408 1180.7074653487741
969.393581157171 1067.6843885534172 653.5865863120484
1093.078490911156 813.6876389126678 519.5012518479732
1290.180525276338 1358.941130541406 1258.474976862787
983.1114956239503 924.4625523713784 556.0347393174135
1187.2295803782617 990.4121369003087 1002.8051613533112
1009.1775230032258 776.830358057777 215.08256324300186
962.4259550578538 1027.4642730867693 1185.8949593585824
1102.5895831629853 919.2681474248012 1401.1710506812683
1239.3742756352492 1005.1121597675324 1413.5623708159303
1183.3537599730635 792.8703411470399 821.7891684466965
1070.7945186305842 1024.1969600464267 269.7955484085023
1047.8731054192658 584.6806215497176 336.66699163158415
631.7762274613217 1462.7244773390767 286.54732601177005
1098.4979257859025 1116.9183454672811 1141.2702164730388
814.4912902378261 1530.326680286078 1453.78279032519
1147.849255100709 1085.1178307743212 138.15580001083723
1230.1501577010386 990.4920768474256 1361.240363901973
871.1841806994935 826.0298356397057 1027.8403578143161
1334.3624929993912 1248.626040837124 600.9661795531199
794.3630275351768 1088.7559357311006 16.96377108560798
869.6917256878681 836.0182678751452 359.76540670221203
1429.9424267529444 1095.4005123869276 1111.1576993065041
1139.108663695872 1397.9293340542517 787.5893078237877
1021.8099901481642 887.8296826868128 1101.8333641571992
819.1415094029696 790.3075163779348 735.5578332822062
1289.5782274889834 1091.8822145759273 499.28113928897017
1181.0267852381126 885.7651754628822 142.36411817546718
1080.8321386769287 1419.934808288751 1175.1085881398346
901.0858697585306 1255.4124819278134 932.8158434187127
1310.3093307281763 709.3185104531385 377.3532808964035
980.4416291365728 984.5140355517922 1269.2030262119144
1107.5044162913102 1038.0241965864248 124.06946408774422
870.0203330000962 1151.657454482611 1314.0816914677464
1083.3967410453856 1219.3702314345144 1097.1983642029663
1265.4242676573108 970.2643990978515 101.0089376068335
1342.5033152454162 543.2643755492634 545.5743930808736
1492.8033240425632 930.1670253482793 263.0528644508332
1093.9166381968869 1437.6127041135126 313.2243468793584
1121.7536559290156 1306.632688404819 969.3998521971193
759.7221691144575 1442.4707585106603 1425.2306350805254
1567.7030474965768 1138.6838288744168 758.9095583385533
1215.5077453590438 709.9739701694098 676.0035379901574
1333.6873792706456 841.5676367441533 42.791246298775235
1152.0129741178998 1438.9096383893705 645.7431756242743
1125.2060796348317 1078.692915377225 709.3666084643218
791.1668477712765 749.1389629509449 223.76153212408965
1134.1271115015393 523.7498920449741 1207.811108359222
1524.4251247199868 1304.1777221631091 1295.690901784263
707.9278835812331 861.5218667178063 786.5322255120453
1071.874591794996 1287.5174745171794 1152.2160936383036
648.798638894285 1647.7704100015958 1242.4238439915655
575.8970886239179 760.3344747112882 513.6772716561308
794.010312874265 1294.5875928476312 163.53575412754896
1142.7628460530898 959.1305538657517 1090.5220462303228
630.7885053641199 766.7059009763504 1355.3706703979153
854.2402573965529 951.6396043357711 1274.2254745508285
884.7083931389251 701.1739698614979 513.6793490131198
823.0800214343758 964.8067708333108 868.2748603678845
1193.6107737216716 871.8245236508235 97.75689499925893
752.1705842589062 925.4653833569121 796.9907259349056
1191.7014187412976 1117.5194195575136 967.0135475660436
979.7221799917484 908.8157144552512 1271.1951496538882
979.959284282067 715.2524389815571 518.1791756599565
911.8398904640329 717.9514051207279 1295.9162876874586
1005.4970109151277 1191.3251046657601 1476.4463572141944
992.3740847931695 688.0088231341384 1052.5851477527065
1770.2052391060984 1150.8872653119156 871.0417478295798
752.2593025272278 914.3453758582078 961.08771728897
704.8078228697177 593.7745558180225 1413.606620143022
1442.011425825911 1057.3376294016057 1060.0352588748788
1322.6610800499307 1268.4984529761443 389.73847304630465
1085.7272773447278 1026.2889267638523 1455.0913788938835
915.1810740971282 1471.1604397629055 534.6967499454557
1466.1892910126653 975.7089453704302 1257.6832413187353
835.5532508040417 629.313194849308 380.87470141036283
1234.080953256281 886.4910727145353 133.0243664693036
759.3232223040471 1393.6503893690722 305.67113924662283
906.8444031396201 894.4272917783013 1237.0046944304108
984.1303720017531 1147.2895005248522 1327.4314095093125
1464.8330915936149 867.3017037109477 314.2670023687476
1303.390107763607 1165.3389926522236 976.1585535013378
1232.2638551694743 1029.743792915699 524.3902184956019
1321.6019564389667 936.244887455955 711.3500031927275
1114.409514413842 635.8757182448288 466.9755696856497
1047.3816249213917 899.622856134482 277.4038192044853
1114.321188190683 1281.8880822785757 580.6398156882927
1085.2911907321147 1433.713022224039 942.847623638919
1210.7516980958028 1074.585169413134 716.4904541025824
1009.1811945105615 1121.904018293691 1213.6742431865246
738.9429417297424 1226.597126520823 168.8421921309626
756.632090976183 1013.1665190227907 1124.928653181352
934.4156347095798 595.970574124683 161.90468123107894
1138.1769730306578 1235.0323534931083 1411.3000978642137
910.7145253847566 780.196088006899 1247.665390365891
832.2348544886212 980.4098900236546 962.2544216752434
1518.6706553343233 933.9865011121688 1273.9781283437405
1211.2466016707262 866.019399952907 47.7600080725098
899.790181744751 995.0907591388428 1358.7084756701604
772.5496822269095 963.5414190253962 977.3667054639313
1202.7912916546022 895.4104442814046 835.8902071008081
1131.4460937953509 1185.33941319336 779.6463373598785
1185.7756604981432 925.8191871623545 1025.1316267698614
760.6944516815637 949.604557250378 1278.3075110908578
1030.369445438695 855.9904498371608 104.84752807617048
685.3038713857875 753.1865279777994 280.6978644212102
1290.1431704693277 962.6559889076417 711.8941687480079
1265.5122606436853 953.8850855626989 1182.1669899779404
978.6857529230816 991.4701259398529 683.6749283664718
742.6572693429428 1159.7570178339927 750.5856360213679
838.4762521559285 865.1079110376565 1381.2192067213834
1289.7015339899385 1132.6118478441851 470.8208417108586
1310.3654155282766 794.9920291888136 573.9389935642785
443.75400265829967 633.5527260055344 734.9725985314042
958.3781331227035 786.2487855663621 630.0631093106758
1060.8650197364977 462.2071029858877 570.5278587173552
1039.3898079455562 1264.066338124562 196.10354641139693
1227.8368569006234 1399.8259027082556 75.88994488824841
788.8712623289555 1005.9113902768266 285.4893515873604
831.283516245452 1482.9595493096383 341.71884072477366
751.0993259092063 1270.1622385561407 275.61109965471815
990.7231544765515 1063.8617437469552 1478.8665942749606
1084.904029358248 934.5327123669938 914.1397088968271
824.1954381397252 823.4790902358724 1111.010069387362
1039.9849087805887 843.2333297107953 614.8189143110958
1291.045578029442 1638.0696938938581 952.1353255428031
1199.4810685719694 1067.86928612987 1437.582502373015
910.6575115900991 1220.8650660555422 9.883943247620874
1304.151173662065 1138.5570788072284 1396.1244842595022
1083.7491559437635 736.8429403203621 72.59016043329974
927.4296392290564 1035.3886278906523 867.2385780966681
913.8882334162893 691.0682465123737 863.4865577865911
561.104545127589 864.9638846699806 105.77592654188072
1255.047087164965 789.2166406168001 1111.85136304047
793.5303471461845 837.8442923803965 1305.347388350948
1387.2136699140021 1048.7177713592541 1474.8711963836859
1024.4718514242563 978.998539033531 131.62634967680881
1038.4222302049216 1582.024086961018 21.69452620868839
1079.0256492673657 893.1430796944531 1404.541906876485
612.5821873606656 1164.6879271800244 803.5548343445023
1139.6342920017032 709.3551822428223 1127.397971771865
744.1316041621668 1105.5885565054728 809.0554966798317
1752.5857954270532 1135.6070494111395 1356.9470744471632
1039.436184890468 578.7147998854496 942.8757228341606
1299.0271197521115 1124.9106777925522 344.98474001004166
623.7119812298474 1409.8608148842832 1493.893466191599
1357.5293841340529 991.0705344207074 823.903106711181
502.24512887629373 1182.5019016416832 351.5422570234608
947.073119842933 854.0161820593253 1455.8738498976306
1218.4834991571026 776.8169598412551 1417.9912388123246
857.7375320524172 688.7833170343162 853.457292558929
1086.7311097347192 1272.4009909973831 526.9034260627437
