300
528.3824038135019 819.4411500687618 319.84335067554304
816.7171502172939 789.6011049434135 702.7626670079228
893.2144943686915 1148.3247462655993 562.1183390777192
741.0408368889323 1467.217847339723 770.2570780204757
1142.1569293232599 1336.0584737226714 763.6995838076296
1303.3220494736233 932.4799885805265 345.22721701006896
717.2190592879726 731.7641030084835 1007.6165365971681
1012.9162605357783 288.3777185206468 1127.6555856180003
1114.3988157110748 1000.015219471473 682.9993434105365
1074.5374061921143 819.4800863212965 346.7802635352339
838.3673626786797 1259.656907925264 798.8703053622479
860.009130150391 1167.5962317173792 197.57917855791706
1007.0989458606217 743.1011264636975 941.9983021172554
1051.620729815175 1287.730614994421 635.8713376863043
1224.3480987010719 594.3707999965384 1334.3703232142752
1094.683017267142 1058.6639725322325 298.0506742369351
1055.5506443671106 1345.932791982714 392.6465459732939
1152.6252797906905 697.777125320612 614.4085329532902
992.8899713794481 1140.4721581225751 724.3440788873961
635.7743131901768 650.5549625252042 147.263581387972
1230.8778770488937 1247.9292889599997 146.87859098992857
1028.9840587231836 1118.0607193703631 31.66925267714654
1182.0764893871958 1088.4887862703592 1201.3121707050448
1170.0942348843016 927.3238369342575 1428.1696071893373
874.887182026155 515.3239839013463 652.3537927076183
906.4154468989913 917.4922749809994 319.4314997062212
835.4989212575315 1216.0552899021088 505.490225770661
651.1842302699296 704.1238965294856 262.2563306606981
915.8789719146919 1222.8205598587106 600.1275169681666
530.5840504026044 806.26064250646 438.521088193404
1077.4426736701664 1155.8660363844592 798.90779899943
1017.2669583996183 1024.4279660544696 306.9777451789756
971.4036406198102 498.27169076326607 69.91578143738053
984.7134837432683 1082.6102361054686 1038.2895664200157
1196.2375059328842 876.127831869268 71.00646162422053
631.1599221369609 1201.8061211927902 903.2149043692181
769.885365185693 813.9106146295804 1465.8625180387999
835.3365868496087 1375.0811419899455 1204.2991284125276
1269.5495865296334 735.7199714434371 512.3135537625124
873.0639492296908 933.2340064757143 1352.5103509809353
907.385456997554 1185.331530113024 858.2781664865737
1033.8226807872984 1047.9923500572095 720.3796952126901
1093.9055478740806 774.3567414618174 1003.854407677342
987.6170343146482 1270.3291605094896 1326.9515579619015
1118.8152293597525 614.6601189045759 148.07555951822476
1330.763685793314 911.3335575557298 1247.6821213533412
626.0618070134092 920.7697069743708 219.13579081803232
1071.9459896672558 1040.7493670111269 1487.4610524922773
876.5851257545577 1256.1401104467814 179.06047710622235
1089.3865230184113 1004.0543083115607 306.6057287678828
723.8206516122706 1005.6989502350491 992.1951665658293
1229.2260286521916 643.3284204871304 342.76136598024686
1295.8840459990574 1280.4727899099119 2.333541731672717
766.5728609999695 1142.5191872428413 1293.1360572984015
1264.7933381782298 1054.1903083934042 129.5435344832334
516.5410741113692 1109.7821395137983 1430.2586087717332
816.3603289737721 1021.3399767629522 1216.0081945365084
800.6027852739421 601.9948179081566 483.315844820762
993.8433127114965 963.0320135795473 225.02149749360362
1018.7620500309504 843.1954147432921 555.243820339553
645.6353689545463 1240.7376747606697 328.5478000886372
1534.6069426530898 1086.6681302772072 819.1788703104932
1052.6964982330885 810.1822104981514 143.37075175852144
1231.7260699471167 1104.737802618647 1197.3457550830683
1198.9006600233456 1256.3967844583062 1389.556737296426
1006.1614382779806 820.495695945853 1439.1770032758907
1018.5622941347982 969.1213315468839 724.2929031747148
1471.7007918516426 812.5420378390127 488.8453210561794
1388.7019910196486 658.5531117686436 1149.9463667848554
1341.0805280098139 1223.669660176548 780.0357080996085
975.4322165623639 831.4805259061119 1163.9849807224161
746.4021799329803 1136.7385690845292 60.13105442716332
1070.056993152235 633.9679034977848 263.06857798825195
953.3416409593266 934.6683126009259 539.3667094691596
739.3024875254137 709.2771417093791 204.9848715136409
1224.9633924247046 900.4396766380186 1494.2387579231615
1108.585729863061 955.5455194565529 266.11973499051027
683.038647066685 868.5679607834917 20.66096241491655
1213.093842617099 1062.179901549377 88.65594609362255
930.550738752286 852.226896036403 253.4038374540884
1074.9418195006497 755.7909681296724 166.86700347349696
804.918541883279 843.4470840792817 828.9841273534906
1165.3813147675332 585.6066263458381 261.5310878486006
961.0826243614624 1106.782526774686 374.30443867514384
885.849625334654 688.6331594281903 1023.6888190087927
935.6611595039292 1278.8462739021052 1059.432785941574
835.6690457544958 865.8862403895644 218.9907224210636
980.5759406390704 793.2436239537709 1229.696011036691
1086.6828876594095 1348.4261914729595 800.2224540919123
819.5995044715161 734.7451721055246 297.6845753906922
1160.5022011564824 793.5034132307054 195.75304066273685
1208.6866794613666 731.4159361587713 1305.1278087862604
1088.8927926180484 1227.0042106296814 232.0110289956372
463.53413377596394 1022.8648037463977 517.9951990726311
749.4950011542062 1332.0595398815876 234.07327716272687
1185.732638272504 771.9222518247288 282.7728098344617
1180.9407743875634 1063.0083397210105 1385.7240895628668
461.3756182403199 1119.2467214570986 391.03447154679475
749.3846220852629 1073.5328669280195 691.8061691691703
1085.5443110187398 693.1941341544491 472.61237958200724
647.6765545015859 1135.7162274742989 1078.346283002265
653.1973915047733 1136.7877495559762 448.7482840860048
1003.9052263094754 1141.4176469020028 27.583837572107583
1012.2712236343983 1169.9394185578828 697.6264140798983
1233.7990441286684 1147.811469526325 484.6728855453855
1000.1515208201083 520.0669655842892 437.77010224711415
1338.9955821281092 1057.892313235254 1077.125637359467
1041.056739560443 1181.9455359857227 974.886020292661
1314.3573406089592 1132.2954477772134 904.314795376222
722.8434354091276 1031.0030338293336 269.5418921204131
924.0376719180392 1419.6592105307989 503.20218187692166
825.634005915253 587.3787871113332 682.3106814350928
1251.584539445447 1005.1209576867107 1139.554701802349
1222.1794968204426 1323.2956170506422 693.8081834136576
658.2897154522825 1059.3990954089343 281.09688072454276
868.040073208013 909.3923159435959 284.0924233804463
1333.7499411234598 972.6517808291153 825.435633706697
1238.366741508337 1049.0460793174973 1433.2825581770883
971.4874484981738 1173.3732609379715 1025.7383605879913
1040.28484535541 950.6125471270267 1454.3063984231155
546.5897405158019 762.0252720801059 332.8642235919394
746.166202899697 577.8712144854416 932.6832576681156
972.5531365334107 1168.8734778752873 44.68034221272793
1180.8456558382632 874.1558423264926 74.29029393109288
892.9665645195439 813.5988720475709 251.85916799855858
354.33986529457627 974.6575690133282 1364.1638718490121
815.5890488824299 592.6391494167591 452.08993663599705
904.1827335530182 912.0972007744846 189.28444797390154
829.4712996131595 780.0671742130392 1306.4571833865407
1271.396281558304 974.2811302213469 1098.3179307149896
790.4644478835642 1092.988601286197 93.56476668221103
1231.8450514510455 695.4627106268085 1393.7469791749802
999.2876432557146 1233.659967449305 92.96993767739814
1030.343048749968 1228.0764069455186 1090.1763633361531
968.9571697348189 929.1821344282283 457.55123661868305
780.6816455452824 1078.8560444577445 945.3427100565889
774.9202391851902 1044.5521775032214 1385.1480839787082
808.0131069741219 646.5886708072624 728.8621226849382
884.7807792783105 1105.4281617491906 734.638639958547
936.9835426045229 643.2921629047739 423.507601129269
1004.5190469996735 1012.9607185400268 603.125805805216
770.1919194121958 1033.1263690110613 199.1223544715391
1293.6939781667068 565.3916849934536 289.7857482305298
787.4362885614316 1008.5024447660309 1462.1876088161534
1003.1874298398671 605.9479010641494 473.3230083075237
755.682487528938 1106.5970609214871 209.26060870447915
651.251015977577 804.6810818841668 792.8683330243091
687.2986095088338 1139.200336605245 97.70886503140636
1094.3507879466474 658.226520829567 1464.3192061654718
518.0806199442989 958.539047497167 1194.3629229147061
1055.312327281717 1068.6897551567033 731.5938528520472
978.9555172629842 1128.0023842796131 1030.6758885308825
1132.9962013770682 1138.4172487984486 328.8654437400314
814.6801276395013 1563.1149307335213 996.4711449929115
898.8660587702653 1129.878300516125 1202.3791525775173
817.4730628012865 839.2333474234088 1121.6966493237016
1295.4959568171178 949.631001168947 1443.7601861182382
1027.3386555408085 795.4134332357509 881.1366377943411
980.9887862526491 1036.362062931735 1431.425769116922
653.150600351442 1108.038868748526 654.0892068553401
1005.6250952373505 867.3907966510898 50.66965627715819
1186.79906824535 1160.6469698783812 450.2070378995064
994.2044112181347 848.156587416229 1384.3262131711185
664.6378717981579 777.6453446653828 150.41255076794437
988.0917567636722 886.958639586991 54.43410718665931
1422.9129184890764 1150.3870782426893 1096.963854196447
711.7452410848514 901.4766215082752 103.38603063895386
845.7238315732625 1059.0818181992593 325.90157291099234
1125.0235636139837 796.6630118208564 808.0948574510008
1158.8103454775094 1322.0655005727483 948.2684725317475
596.3135603293617 1474.629403689142 1192.7658845734727
1378.9868905767014 1333.5121338675208 108.39340005604753
1193.5799861931403 1015.3637044414239 1335.6462884171117
1311.878948892626 731.5901861503546 140.28319526985777
1198.3369227413061 862.4954361643607 1275.0395887885572
1093.5783451000261 1415.707207317002 1374.079054549864
988.2833833912794 724.4055018974918 1408.0288721514878
1184.968273470842 479.050323570391 123.27281283646447
973.9564149536436 621.6232895658652 1120.1907457548648
670.6315211954466 963.171974315076 1108.2076100149452
1008.242938755097 1499.091012388144 530.9121422799292
1290.4162537367376 1340.4544080160056 1384.244899552961
1003.4049099631086 1064.9923088279745 1149.7655271684282
986.8004998536453 616.6800532631707 33.56304707753449
1072.6511496766575 822.2307126160724 840.1380355016648
1152.6057981047832 861.8781938624918 830.7753756629896
1042.6220226960033 695.9761321123808 51.101735804198576
731.0356311138444 959.7213545436936 752.2706525592547
818.5606048194217 580.3454391408047 642.3394299628415
1230.8285893570348 1158.742741356059 43.47288601601884
1192.2056128224526 709.9697934099289 458.8810131254232
807.6879240864735 1151.2766947041425 790.524412244362
1007.2586834801546 749.698714837357 188.14042582000945
1085.282970818193 1289.754559004315 831.7464674956444
872.0838994443354 1256.909873392492 116.83170868381643
1117.7823607073528 1374.3554671852833 712.5803490551857
816.6259261039684 1106.5193333555435 1129.3481645107815
1096.4328540504712 1067.5589252385266 1496.9158301170357
879.2865607063982 857.2455655934594 1279.8530462331676
1004.1373265777117 1482.4120539022367 1275.723327096036
1102.0013911504511 1156.1012722307255 288.899936334023
1229.9834508982622 1071.0636795875885 932.7171177637168
1459.536412713249 824.3181875687044 1289.2661519410499
720.009764672329 642.6791729992112 846.9979135471508
1127.661346152943 1095.1793178738067 234.7214176865504
772.1645395498338 1328.3702651561448 23.879896272765432
1006.8822585889842 882.362981639032 292.9573432629073
1009.7026836408002 985.6596721125031 985.3926597159136
1100.1326602027727 1246.0588604684285 307.6677876167398
1199.3745701960784 1280.0455764677904 336.74132137693636
1050.063123914552 1024.615960010481 461.01507200200615
1385.4411346663276 857.173822957496 1115.6202783374272
1012.1060378818736 941.9809586148255 1198.7667876939654
1164.5256386087149 948.327362622023 949.8330692445222
1260.982619544278 1411.6526594404918 648.2165060199734
1153.84065794407 1034.9296907893115 536.9370972709489
744.9211753427055 962.0096845239538 612.9877248181018
776.5427849924397 1152.0461200156785 470.8976642655442
885.0074016407782 1174.2700789877606 79.43472038447075
1005.0005508980872 1149.6232242649912 911.7884061373766
1346.6404911462596 1065.2036350909698 191.6907752336061
1163.603824390536 1145.7098847143052 593.6022577079224
1291.0628681421563 1132.7697007135873 661.0794579085082
1004.205158164575 1074.573979554205 1087.554530347715
939.3479469090925 979.0759226957906 873.8717226420591
1042.3875260275945 1282.8248035839365 238.64979948255154
1006.4179564558434 418.41360255039694 688.2774943433542
776.2171482799599 848.9879564398768 1219.5984597665722
1034.2987191019579 1165.4001158144188 1173.9263168832429
884.6789886521802 972.2484613846174 1378.4404751716247
927.988243648833 891.592566470252 1433.0989397219182
1178.9724438843787 844.7415209125187 220.86714785871064
1139.0993434369202 611.3662780608822 332.5907454373401
1009.5698611081675 1279.2734217059374 1097.090219307442
1302.5822627788407 691.9447811595206 696.950585555021
1150.9663572989962 779.1453973781003 1364.4496543700077
691.7180156657755 1105.834499102093 920.0798639174508
1236.8059611461624 1003.1143538666196 1480.6661712372388
838.301661738535 929.965318485745 1186.338784995364
1264.923883487695 763.7014409377147 1163.3005492006373
934.6789012553746 1106.1409326965766 300.3861801338879
1255.3755804189857 712.7938569245932 735.7260083321773
1107.2642028956554 978.7590907987927 799.5316579258289
829.3691950373735 678.099070456356 1473.2787087298154
1148.1794536855093 838.2514229500003 379.6734754897999
1419.1183854794808 460.5454412713574 1084.9592597389744
1047.406188186057 486.15300823091025 1186.8212588965189
686.7434714063354 841.3391239661771 979.6612180386176
706.2996032914402 1792.455914950982 463.1561976813949
999.6380684749106 632.7464898276626 495.178888643856
1253.1432014244638 1241.594394397846 657.3417806502335
1303.1512065800562 1134.6128181718097 1499.1697724517885
746.7206595179218 1040.2733670964717 629.5756208103301
886.7701382838122 1331.7764305839082 1118.6377971033232
1006.1266199205297 1046.4199477216691 216.76288670541223
1345.1722429361957 537.278048838589 1388.437209333515
1246.637971310083 983.7256037624417 1404.238158830002
1213.2426173877177 1012.5279373159519 1250.578251897356
1137.0120173942923 591.1736149504279 379.3407727415227
871.6612259823668 1324.859247858336 1186.152266460599
799.488005683778 878.2735656783642 308.40967498679254
993.9375786484235 974.4957156235624 286.8760086328638
1293.4357755301653 1453.7898154975744 248.46128825567914
649.4916358061674 1200.9187291700503 832.5399337562512
1049.6712599930104 376.43766936401016 1078.5225922566851
911.7525241078737 694.7928528211173 1044.9352446268101
1309.4201753818525 1312.7066052475677 484.3701543833467
945.4028218785796 897.8560082833739 142.12878423633478
783.7324856611318 757.1849589054198 611.2536192740617
1095.0975780832591 750.1803657203736 878.121327052006
1024.0014380652833 1252.389291853177 583.7101065212211
575.0655844893581 645.562606679144 1419.0642551408177
1143.4786396512268 686.1189256631626 273.35013748966253
1179.623686508266 1183.294900944737 532.2313774843433
721.9431620100265 934.3794469403339 1431.242498590002
1427.8866988377658 830.5611735013958 541.6568988122508
1400.765231984878 1183.053062770195 934.7489528067246
900.2098669963166 723.1219285325311 1075.0091969636867
654.0065551719194 903.7826209826093 724.7018509229844
841.0586256279289 1311.5967824997806 1420.6596629062128
1324.541900074831 1034.6977447124038 301.99833869943694
902.8984111936977 925.2874283366025 707.8182310788582
905.7547021119639 676.7802327633273 871.0430458480573
841.0553818075011 703.774826544435 353.4858832943381
1276.312285022242 1076.9751030117932 1324.1670587752578
1195.4896516378922 1290.0049868639157 1357.6505641088024
1285.3842425130888 1086.7701321862542 414.30891880371274
696.2391895184403 935.3220386177718 901.2151517404671
1254.1609551807874 1265.7830896082514 1069.1806423222856
1220.5863956196017 1175.3400806304694 258.7449391588821
1262.7421339307803 758.122969995757 302.7543159634836
977.791016596933 1332.726629935926 1106.5854396344562
1491.6535521772219 848.5708962861872 469.0649432046781
1263.0121794063339 1365.4128205284264 15.327577213205323
699.1148412727264 1196.241871977689 323.489761818223
818.9152836452031 1054.7069355751466 862.5743349387413
1268.6448448448873 834.0888823276135 284.2322424554067
973.5880595016395 853.3740354006766 1356.3754738005698
929.5998641816125 1319.783538140199 242.2391746014154
609.1997847015803 1127.923932791924 457.2879690857155
