300
573.1760537441102 897.9230931598125 1064.19530656246
251.10255142032952 1334.5172316221995 934.5679551611063
1290.8988521995336 920.3670840812815 1373.79565031657
1131.7859259289414 1138.9347667157765 140.92494110797722
1020.9935393684934 1187.849611895294 300.93514016059305
697.599813159361 1091.5563786760433 261.2733209779693
1155.6141576165055 890.6764327683826 1066.9240027327992
1631.3686105889853 871.359829621684 862.9996295868837
974.2206230212753 1072.4016925130836 1142.1637337172547
920.47254894545 1125.9614353631925 612.9706601857898
852.4927888247252 1141.6791802076077 575.4480632208262
930.5294741614218 900.665079850444 829.0558651694929
909.807885489634 985.5077542065832 1047.369912507437
915.7317628658924 745.9539104442185 860.1955406248246
610.9790183080131 874.4692810002938 1136.0739532390485
740.614357322123 822.0324546798721 698.869232949099
302.77785829834147 1084.758066759563 1368.4681304182652
1122.3214433686921 1107.583484320142 1408.1095858098524
1180.3312320774803 1191.9548371707206 189.86369020638494
716.0028833123887 946.328128558904 1377.642302188864
881.4522354921901 631.9682668965261 856.7930668694154
998.4272264277505 1070.2768929168606 897.5371871007478
1136.428929363026 1094.3573687317391 341.88117783207673
836.1004334466452 1058.7066918380808 185.3165657326507
986.9465137338318 680.3596535071762 365.38275652959385
1209.4711448332544 630.0753123201551 1312.432228407835
1027.084632955768 629.5471270810579 1006.5387617159795
1080.1083724441874 836.2892891916 1328.4773906577652
1173.6929224975058 1028.6924468261996 910.4871697073785
657.360340443534 1085.063122764783 385.349059520358
529.3946742863753 1296.2827474973647 288.1358924391665
1250.4200122366285 938.6758024592842 346.11290828883216
1203.5710927654936 923.7300297739536 1049.6399368543284
1054.142420322487 1076.5333652635886 990.8876213128686
1585.9416347123056 958.5471679608671 183.3214714677744
1269.6900582815836 932.3110952275906 303.06341315871197
1430.0030745677825 1233.8639165345076 1030.8447777820043
936.0592690395285 1021.6591374331707 790.0157103058718
423.5842571053189 731.4878764758664 290.48463361355005
1161.2355920979276 749.7742015654541 1310.9017486973996
780.0340966743918 767.5492437324258 1172.7824937166615
1018.8147005687867 925.3013444946099 817.7099502631363
967.4230700049482 1231.694061317748 169.98665571082893
798.7721836059579 1148.788436902139 125.79548459459406
1285.6856551364388 1275.2306878567933 1090.8987073299447
1049.3393202034897 728.5737075758565 305.36364054943414
938.7567897968944 825.9168215521979 204.1707741478686
984.3253794088488 1040.4948078344044 334.1620621879641
1212.8615579024083 874.8458587426005 786.9261615481242
924.3463154213939 755.7481058541881 446.26301382131055
941.2763983853345 1264.5854522985283 1093.0220989343957
1028.7968686251659 1276.5263014470593 64.02822890459764
1844.0524659208936 1203.1033900430416 1146.8058918150114
669.3976634706014 1019.5470105497235 1133.7076848920344
1380.0386372179369 649.1827283766542 116.45392050297309
1163.6712381864058 1635.0482266769802 231.06877074848876
1105.320287293797 748.4081318970094 806.9967925335236
1069.871742001001 884.5420836253259 653.7275142924514
474.8897958903507 1019.7387060775087 436.26703868476284
561.4064248483717 1483.7677181303216 1136.6544000429044
1171.8988485593973 817.6011368969129 837.9741446100651
838.7290472073526 742.4425094098083 389.0981931727866
873.1815771019676 627.8115414976423 859.7680946677286
1025.3836027871307 815.3487667997432 6.76398736611411
1183.0893252993947 933.0583271074497 915.5282363917308
1231.1175477024465 1070.2165489177821 686.6895578502201
916.1252361338782 1329.6518386148045 1319.2554087027156
1392.960379140489 851.8403196769372 604.4156442570313
819.6740284683406 1056.7019316911567 782.8211490000273
920.631499816555 867.9933967785182 503.93656455324697
893.3966040272985 1210.0996611496898 1110.291017545301
897.5842255587373 944.3653807975845 1336.5250378785934
1028.3763301969325 992.2501856490537 1134.113319908282
982.1305603720168 871.2580142094312 850.8597982131524
917.2041438287988 772.009292020327 1200.3243718184472
820.5616216374953 1158.661624634144 1491.5178342413953
1017.1286871034176 1172.1171234495225 232.78369641934665
900.4713487263331 973.0552112152324 1497.4472084485053
1131.6963634546166 1116.947574714368 565.914903840487
1091.6447866252254 1045.223265822945 1475.1139966041032
858.1510684066116 1109.8607234552544 920.5399665658931
1080.6241138406906 962.7387090466282 113.566995376013
993.7604803873672 1026.6578068250724 615.601858389145
1201.433162727326 971.805765578291 1091.0945631587538
1163.856254849727 1028.2957330789343 38.0040794723569
1175.3195138760586 837.5039991010588 486.0728111610052
1050.199043197116 1387.5145755215633 656.0050272697518
1162.4563210099664 728.1930027021565 1303.0197155155774
549.2591488802314 850.82954954617 1485.0391822890983
1134.6765399022754 1233.8457640838521 1364.969799779399
843.1740840783472 804.3004996789963 875.7568208224038
880.9868185437016 1238.187884733347 193.79706410017604
794.1797930049091 499.3196143803004 1284.887400987397
857.30625432073 951.3248062554391 734.3335943121414
933.3302542155543 1095.3328305204584 1443.0037185490287
1030.7531400434889 726.2972379335322 782.948353083323
509.21002758905706 1217.0724223824816 1093.5047101344417
1244.3137671420395 579.8063144496232 645.4300350807001
1040.8222121607578 654.814742635815 706.5955287950435
922.082246925583 1349.419544894532 1282.9937641355825
1335.8549011624289 1063.776610043249 1103.6785659490981
1154.894394459577 496.5900853323789 500.79412385830574
399.6095397674974 912.1047634619226 1164.609526200586
1724.0515575921963 657.0546060014889 841.3128166150054
1403.5744928192685 807.7604709638506 566.3745729831855
1310.1761608200668 1307.2211438812437 510.8839738166658
1076.1715647561305 587.8134896125416 801.8252288869242
1123.6772796043856 786.056250747318 508.31683927085186
1487.6216734159539 1617.2243464676994 824.4642940441786
981.3627653737761 802.0239555241548 307.3027559534486
805.3272565845022 767.6060722911204 765.6468587010198
1203.4120459430553 903.0179183954281 275.5913265516404
510.1363816844513 1362.783319741306 211.22003377657055
1119.3808517948642 857.2369484768824 520.1650083148123
894.763057469806 740.1909875125334 672.859015866255
681.4615951158816 1115.9615837016988 716.2949907504251
1158.392409263794 1004.1938802723429 571.8718545896601
1335.9785303004735 1424.5089785108364 1446.7155638974743
1174.7222326977294 1165.9088697277493 861.9733921516092
1039.3761658210117 1518.2793120957515 278.3421472433842
1321.2463293325295 1082.9267090514868 198.19579146502713
752.5997690945256 1173.015216331948 1188.31246789079
1013.6511391891705 600.1796880577303 1250.9657270732932
788.0693452744378 1150.5942936035015 1223.183542295103
1084.472114401031 1483.2724553361595 1015.7952325022625
581.695417709928 1227.8294386921548 984.7899038958953
1078.1275130396612 602.6041394064009 760.741328645829
601.8105313900793 1020.8913799340478 242.59428665208816
954.9193972433205 798.3764227832963 936.5659165023214
877.0236910277456 712.0020943749573 1352.8157652819646
608.572214294084 959.6846223011631 43.46174556500332
907.7164806155482 568.4796345314701 414.1624800120876
545.6187060834179 1249.3888326821489 1237.2300906607327
798.1453373778984 924.9778764688372 623.2016351728348
740.9968558017857 1068.2876877542221 777.136524142416
1020.738434769038 1266.5050957483759 1340.1011577682318
707.3408270245066 645.8842382106552 1387.41503532448
1391.1837671242604 874.1820781956773 1164.8882155708727
1184.0707865223608 1317.3020475932406 299.41733642912493
1505.3337583439068 937.2896064800461 1305.9547139581287
983.0461861364511 716.7338698865661 832.6774060710188
714.3563391441749 773.3463419386665 1020.2486983022034
1143.9719742644043 1253.3172219585458 770.1129839355166
1093.6014233460367 1071.7761805519167 994.0105302778811
738.6999702448281 620.0587034520627 1225.2269499139427
1496.534093836131 532.5388676314797 846.6193559769034
529.4210028436337 1038.3098282897975 108.85117403351707
1186.0832713009256 1324.093222902969 1469.6266989951803
1299.7259222473297 756.1679179747957 680.6746158803599
1529.7274840700616 1531.9059530052778 388.2935729087087
1087.9709743543622 686.7522076913126 925.7728322850877
933.0282085794242 1209.9236479337817 851.2790698995129
872.5965935248927 607.8826821270002 747.1385602065955
1194.3500024461848 433.4248644511006 862.3262854239216
788.9976280106184 1431.6243634466275 1320.079861094655
888.464348444694 846.8667488173079 1497.912598332051
977.1462174255269 522.689211097878 1258.3354325351293
756.8501812983867 1623.602275975832 542.5874286371618
636.2802933619884 1326.1228320387168 265.99929083188897
955.0124472584907 918.5729642406559 411.06761107879515
1497.3304927234399 944.2202403973035 616.348556478796
805.060686441276 4.398614572552447 187.93942696144927
1211.4090999294847 1176.712256233907 800.2870620844627
847.9434257856791 1253.3371559112766 357.423875495441
1438.9333312294407 1039.6804537687226 274.69043012484457
705.0396004678323 669.1268921007015 847.1603079673491
967.4001458765599 1030.273162026642 617.2490693863106
1043.8981757847725 863.142966897383 1104.5894741312939
752.5433024066704 1195.1933480991624 225.51849195017027
820.1901078212652 861.2921069187973 138.59045481143667
900.1871733862243 959.9457081306452 49.12627013798121
1447.342751037108 1442.0366479010818 143.33661318178292
1173.061126358341 1411.811380077757 529.8950225221171
1081.1037698436344 456.13226262138267 1420.9642429376204
671.7290447718723 950.120535910207 1189.8076093979373
1084.1535006095667 1136.001316062019 195.57187417870747
547.7845242365294 1155.7180730280916 1471.4406919405187
983.606273100757 621.3153992102094 597.3627228185721
996.3912489365655 1250.7636521066704 879.4558275729435
1167.4654788741107 937.086934643936 1350.5646032396946
1317.1466039660538 1574.8606870160615 826.932160378252
892.107986422453 838.7387036886369 1012.7975918447817
1164.1408873362673 1023.8944023400709 486.13297574261327
831.8066064928391 1139.9026464036313 419.0024022277084
1289.3982838317545 611.6396660266446 1143.7140936399855
411.289362641421 1070.1460068518236 303.77240265357574
874.4645414618095 933.1554871386385 164.21896945694016
818.2504350404504 877.600525984985 1153.8182762497756
749.9664615906229 1085.8587707645202 442.0176573131123
1180.4267389737038 993.3942727955302 207.23887156608893
877.8158177661205 926.6006926468966 710.5908142519467
788.9121742557696 1155.527420499433 738.2947619473329
1392.0411657653322 1174.5381666785324 584.356306814907
675.0406735110755 770.945115396319 501.94381076554504
1444.002890632286 614.7238262112344 720.8305653128533
912.8098302262298 1434.1110012625625 996.548217641915
1090.3596618702443 1102.2284238991842 767.72918920415
1070.8058119179489 1050.362638076132 1373.514838065746
965.9211333938795 1011.4406704939156 237.5190842247723
967.2863085597556 1177.6675487071511 337.6715005159632
836.2149280153825 964.7365095266098 1067.0048792129655
1347.266971204042 524.622625031077 464.77157109804176
720.4043882705422 822.3964238102803 192.50340240288088
613.0895903405642 791.2991526676075 52.14838400020527
780.6739431600346 887.140553399188 1367.1366864432255
1653.6475477265826 924.2409414084625 110.84691121553026
827.0838720471456 1320.5243971818586 422.0957980363023
769.1993346914485 621.2072729181183 767.1061849948968
1103.6772898230877 844.8501434292534 1412.9887228438356
848.2715352099274 921.5255807567668 609.5186598202337
792.8363433358245 1089.2537499223024 923.6185564346291
1321.3378042686886 921.7912222423699 224.8443074779723
1526.876995907489 1112.7282956629272 1139.5024041245224
1207.5654478212878 914.8429163890772 99.1719797329238
882.0227561037614 1068.0700943339648 1054.7169903285526
830.520572178563 668.8238146576402 431.79680214055315
1200.592125826476 817.1365275941218 1406.890076087386
767.9244427463951 1288.0206259570596 1479.0555829823393
878.4429090874061 1005.9944035881481 577.4222752455979
1070.0351376619599 1179.9787013695045 530.6419699058446
590.3006894449189 1229.0266322947 584.252542819145
1288.6530861019519 742.2797503998306 1059.0220526666124
813.7936051552482 1293.6891669463812 467.67475033913945
1057.9175912541466 1126.8914057486018 1112.6739408952374
623.4085028900427 1025.9511229692366 1157.60836145335
1309.95658067463 872.0945926759052 58.77894486151081
1114.0632854837409 864.527564006776 147.763776945248
1044.961120298928 992.5721967142977 777.01587522049
956.5447496711788 1522.7400274384065 951.5676406796271
911.264373511057 1024.6865090853928 948.9123659061661
751.8225282389528 931.6818371992428 993.3254467459938
1389.6353461280278 853.4249541302097 882.4628908854993
1127.5153786374676 1268.5514510910232 380.1952173499678
883.761431164734 933.1161295731406 1211.1188331207898
724.0885390171989 1190.364473495733 527.82147304892
977.3580358151673 644.0974024129408 643.5981186440683
1029.8365313475217 1162.4202830418096 1024.052559600621
1294.6420458872497 618.3149574584934 977.7500227091425
775.4501460216939 1330.2767859694102 1173.5385463409596
1161.4879891912424 1287.788985875073 266.1068794881816
1001.4738872346918 1204.9501451863866 1485.1694185276076
807.9763521878328 291.2389718697235 542.9880857101567
810.5042601986914 939.1047507465533 379.8358484755191
1227.6496450514524 1060.3012707989737 941.8114591052981
811.339905202872 1308.3464594056181 574.7341435636582
971.9912588074138 1019.6090016733939 30.815528280626115
1079.1590034211613 1257.0736815747514 279.632129810283
1168.7707575998606 969.1445981839777 739.5921103470915
1080.3812789776885 1013.9666596983691 569.5256847864072
946.3296337567783 952.3982763112909 466.5383572166515
1115.3893937346986 1011.0449139845114 1042.1443728056456
764.4456740653396 1176.1240697068333 1064.7925811253856
992.6919951334864 1318.689974384895 1237.7317047101333
898.1756353518643 1285.0562078588887 930.1952779199333
1217.8372322205278 997.2051260056052 907.0439076377279
1220.3454857803663 909.4485422081125 1350.3273700352227
817.0599722673572 1162.8334185420358 490.5477807511304
1075.1432641226181 94.09604996583118 1218.8417014990375
1031.2308252717896 719.0874377453537 1394.0205138746499
1231.3408800870168 893.4130057189997 1481.3939049551132
815.3282612151033 736.9762128990512 1107.5623629207898
1038.896057236217 1072.3110142370053 256.40267482719895
1260.7066238057007 1427.2864059801561 1465.1373305726302
708.7759868247781 899.648778936808 1323.4236150453607
1047.5451395676714 1113.6294694279852 403.6420513265687
1022.9741456380335 1342.1617788291285 486.4743214605714
977.4224193291946 1124.2608456293983 1441.2529451493888
815.3597570871291 622.5167583909113 405.08353628716515
1309.6432385966034 989.560396407424 707.4507247471279
1040.4751854355611 943.6227156330131 630.2795798546977
750.2635659562509 1096.3720768424512 30.547594940748713
865.365757593615 972.1899532073326 980.9393759970728
845.4784509485988 967.5227167142906 489.6690537322568
1196.7165380568667 925.1861968034527 1194.6747065601367
1073.126116061066 870.6752823187771 1314.5658278118037
1140.5093672009311 1104.1003082723364 109.29124831098879
1131.5726355844156 903.0934686589219 71.56131736789628
1310.3237343947462 1050.851476303222 812.9126634931375
975.899586282996 956.2182862644556 1078.4610692030217
785.653542123285 893.5314619539043 1133.749190682832
870.9757227868236 940.3663610340174 762.6517482272957
789.5686548830032 927.5674964055202 698.3967477977184
1207.020150910419 1444.9384056805707 945.0971940259104
481.88319237752114 875.8555347960605 1022.9927582542779
1030.191005600528 1077.6180573577703 563.1683473439632
1415.3088314713518 1286.9825334680258 1345.1282516660092
695.417462476365 688.8316824541391 902.7269707599354
1237.171681629559 753.9372448935239 1199.8775080745704
820.210096851786 1188.8772299052473 962.266507906205
939.4494123415982 991.2450550193769 171.9137447197524
1050.837254982812 490.8820641556536 294.1545012389403
890.0169162171995 818.8817014193629 397.6773027574572
1065.743676496941 1030.6832688456973 1475.06612924453
1160.8246264947165 1053.6605138956027 392.74965920498715
1163.0646137902822 745.0586700176306 1331.5602639602446
1448.0486423392426 901.9423051389546 586.0252605793404
1087.6973617667402 1407.701700957471 403.41961013544255
837.1615023473889 1089.0236164117973 1149.3082240558238
849.2177422394408 999.7144724880196 455.0752833043445
1150.1614658759213 1245.3907616416916 625.0445554074889
