300
995.5435561499639 761.906938064808 786.699935710202
908.4442396556682 836.1358552716712 870.7419850485177
1190.9619517483436 1176.0049158484394 942.4178155125986
1132.5066707641893 1165.6010565485362 41.81612310918481
927.2819490153879 528.9215428288423 1224.9603508967614
747.7195716122548 1364.538650678101 942.6522183187974
866.1767931990237 677.7935296298145 1414.2031093904295
919.7844539020433 332.95882363079556 226.67426967983616
1069.7304436432216 856.2516317926936 6.686487994824186
910.7339490286706 1322.4964374846254 1119.7357871827458
448.12490513385467 886.7953590232172 1477.2909234065207
743.7830999294712 1154.9062487833874 1359.008728388291
1279.9777238959587 936.8760755245827 399.93665339779784
1171.508878591722 1006.2531115083793 827.2651488835955
779.9220930935119 809.7065479826288 761.2713866236077
1005.5090046323671 1169.6148927009963 629.6812487839226
1460.839344072145 1187.9442191894009 745.9696536923715
1070.384504740748 1030.7074842756074 908.5620111781719
1216.0125446362497 1005.720212932549 1322.8373346858718
685.069302856822 858.1916866725326 1382.1998088371472
817.917205513486 563.8095847606897 1123.8038317080645
844.6945579751002 971.0595407030123 312.2980650449539
888.6154783343908 834.1294720196455 283.10082682744064
1017.2241156027682 1018.6501306834214 143.64540437260936
567.9287259617888 1284.6083595520308 359.30813967551234
1202.0866072134168 836.2028613249629 101.21343285126649
1110.366771299843 945.1023967695278 938.7567388405507
980.3010024118479 1236.768985316483 1077.144637338855
605.0872249811518 983.9067785846249 1283.9251376624898
1128.284404055001 1199.4160842416359 200.26660941955382
906.621348987198 826.5583163105018 398.33910489819584
1521.249033822312 1235.6387305439448 1009.281828514865
1640.4380573286844 986.7288247047609 1033.6494876473687
836.857425002476 1155.3776772357094 1494.6595397247506
985.5625219916699 1108.769353641489 1258.1275867752981
1134.7534498506805 980.5505331684587 571.8099336447216
1100.2319304669923 1021.9067338804601 1294.9041941217595
1650.2076982914623 835.8648363236931 783.98110376855
828.2388825330655 809.3523775085407 1280.6950313458522
957.7269040488624 606.0536502038412 1369.7382759294967
1183.843179572244 922.70826909709 767.1443949452495
1063.5007408637298 951.7656221109496 1427.1571152230833
963.2372587743595 1366.4598865960058 1435.239709952404
1008.0593847738566 617.4676077343715 905.7057828138729
956.6391131526736 760.3853172921647 1436.093081243501
1191.4059610869156 1695.5905900295165 447.9244909166383
944.7511250367916 1135.6628451594033 1475.4809325157446
902.2833365679124 1336.4281148831253 490.23759589257224
754.0330563425922 1271.3571791270442 242.89375185064915
1071.3353380200215 1181.463943161011 435.8903078635221
1166.0535972195426 1237.4814245641646 28.673779246366493
1175.2976520565542 1166.7203571711816 966.3587335612013
805.3568321401576 1119.7866956094542 897.9190420136596
693.3901277917498 886.6591448890412 1363.6693005219863
1632.5835798993144 1096.9701826445416 223.28107223360598
1321.7095654962154 1104.3113588906695 1070.2203406441276
856.3262128623104 752.5894862818085 646.2125762594605
1162.5316028542038 1052.1249576550115 415.7175796117803
710.6150911916923 815.6631865338483 1489.898686509153
1012.080097904275 1620.886139443552 4.742699626077263
897.5487956191317 979.4155497447533 851.4201676748047
1083.6595709645771 890.851278816879 1332.8547260372366
867.8454021443836 888.1939271346266 843.3940323311936
1323.710228132354 1288.3219345476994 822.957834103757
926.3122674073526 991.5362325185043 1275.3882513181234
1141.5839599027604 798.3277637054468 634.0092304473042
911.0343662400746 1235.1064558586245 1293.6840136110584
629.5149322746671 1023.0683924745018 1037.0811977094318
1138.81065074202 1009.7755991406045 147.42279372545204
1039.642219083137 949.3646444048333 60.18459062841114
809.075819570877 1345.678661987261 240.15580116694935
1070.303585208876 874.2862413951184 186.35429460994246
674.8390186881416 1276.8657827728578 1361.239365768735
1043.0961838456476 800.8338489309547 115.73388122505362
1199.946839355391 1259.9819795046617 1425.8557030089005
1379.8155995360223 1130.690948391242 698.1387796196539
997.8550908969784 885.0312395906724 1238.505678860341
585.2379449233529 1186.5588880515902 1115.0860853243375
1591.2033906012148 1061.5926775265289 407.3262582718525
1326.1630073744427 760.2698682843841 131.13262262638682
227.15793662335034 1471.726450917243 1382.5613611583633
748.4335309490193 907.0502840590916 904.2829380288008
751.1168720672011 947.0115640121987 574.3369002923754
848.5113516853718 860.2753823353127 326.6711223950122
706.1192738097009 801.7141125097055 645.6005322335201
1016.0244219202075 1151.166939934063 303.32133423341963
671.569864976972 1002.7758019995265 321.7101187853323
1357.6636755782988 1048.75378185835 1261.6377203898678
1026.1351843073876 1096.6474179949184 1074.695912371054
676.604666443428 942.2898732609724 393.64505994179547
558.8859774783934 1230.1850093733358 1403.0078947843674
579.2172770214702 1118.4433565689176 1401.9280128826301
881.5162041401067 656.3507034872057 1373.837315462997
831.2001939002512 876.6213916619173 1358.5793104982304
1239.4202056249128 775.681508846822 320.8689285136741
738.5611640510243 1185.404266245954 673.826840473264
939.2857928044266 1207.9074980845494 1152.7930710761477
959.3733060665077 1354.47831990528 548.1319789723616
1019.9585240514787 774.6198556979347 50.830893692225324
1367.3324161904743 1175.1614593224106 125.53622257535268
1202.7490402134308 1098.6607127370194 241.26704267369652
1007.7406530808697 937.9272057709098 1483.9896894193969
1146.6581291222785 1258.4416444474928 85.22838805213829
900.4956077812493 1164.291342795446 1300.782093197249
827.5873410900693 992.8237399345542 311.5388879297787
1128.8571325607966 898.8075361109948 1079.4962954422533
840.1219379208986 1174.9277392828358 71.96639580487368
1030.4945779761142 1065.0854287884235 825.3047593979443
1121.6762403528214 1111.0139572350704 694.7939598918061
922.6556264282016 1100.7869153930749 167.24267692300094
1259.707941721316 742.7783920699244 556.1630254249502
921.8341889719533 1150.459576098955 969.0944637186768
884.7108188561508 811.036799234885 502.91457743094924
1033.929668225409 1363.8686301057778 1429.295452813663
1130.648095375809 1089.1898269973415 734.1101890027037
1009.4078251183444 735.0806837850881 219.3019066063561
1036.2518101803519 1208.5275071109277 1438.75375754904
962.3426971761256 1112.2103987799971 736.8035807397968
1077.409283929815 1027.6483085603616 591.9481894809882
1249.337982438872 855.0674982655622 1095.422135801207
1092.3194346587677 929.8001030299595 452.44253327179325
821.1419593101696 1015.650082322447 1162.5123128613739
534.313421478817 1061.8795707288996 1137.4978597499198
1137.2031866366933 919.4548858258104 1421.669529887416
893.8799317009531 1423.258729358256 1299.0344066371947
968.6249332241835 911.3514794077 178.77020050555907
928.8597749106112 850.9189257731528 1125.6207312442443
1043.9328061055212 1173.0061913348247 1024.5502286021654
879.0969999309959 918.437191583156 1312.9715436707313
919.0723689848805 669.2205675199036 887.2694662663909
1059.4860409580574 896.3679406664829 110.88349165238486
878.0670992889765 1690.457309384985 419.6104480611638
762.6140926576034 1623.3942506493051 1386.6916909597242
609.7458245302381 780.0982776196573 1108.559385662161
1048.4332749574414 1399.9380342809332 1063.6471393427807
946.8196231725549 962.8340633822573 1192.3693680619765
725.7447971062871 1081.4183449975446 991.1655324109344
1369.7327193930976 1248.3060948296275 1297.1052709916191
556.1663832021311 991.1798284261897 870.8028492077246
1289.2670867218583 1148.465775880746 292.9042592979016
952.7598089942479 1100.8784450304986 615.9947303694025
998.4251885664179 742.2653679112052 1252.0250046651443
1256.9783981158637 460.0037220849433 598.4441792446408
844.5519135413546 1494.806110544327 1322.7567084342395
950.8109909507946 1046.6541299223684 121.26282977701258
1370.8457894786968 1014.5560273481371 1428.5329088848903
942.8953486745203 662.6318051416328 297.52674362284915
908.8050576765033 1192.293431649743 106.99221430834783
951.6816210647726 961.0198885153186 1188.7599079108468
771.962230697439 674.4659663614734 828.3885749492271
627.9097174014044 686.1536943997943 656.1116370267289
970.6704664977815 937.2290260826886 238.27219320517702
1343.7875021895543 1022.7100325549173 624.484724266016
719.3146760483003 1405.0160328175768 1227.0061324110343
756.3703048726658 1102.245606110338 179.09622840355377
997.1361657009436 907.8401118755593 1462.0397605941275
979.0275176123353 522.6745662279285 21.723311613116138
734.7653807582235 1339.9890543453182 1297.8562203980327
1585.1541190141243 992.3498849791371 187.19627446307908
779.4572349687769 696.1138636866884 1023.9771454158191
1343.84610542581 1072.7132146920553 919.5459365437047
996.197535654293 811.9798439879058 1313.1647332751154
1307.186223169063 1039.9060211014948 1123.541298985837
1354.7124538947076 840.059162606674 1232.9979218184458
1370.4623257680541 950.5352851354301 1199.8744428243215
779.1797752487589 794.5198132046887 675.5451450299937
1135.9737741085758 941.5310930778078 287.54719529909397
875.9357576921922 1069.8815343819065 540.5332238076719
1127.0684618680443 993.2948173685692 554.9310785618526
298.22765527415186 799.5615357563076 25.714684966015867
1106.6281223501294 993.6672543022934 429.9901649724872
1200.417354766465 803.3786253233059 1148.4934370411008
1249.6090946599677 988.0339578417914 109.24442721547628
1088.8686637162182 1375.0077196320142 371.18037386374976
984.651407717258 589.9564220168868 299.56889546662217
743.3580792794902 1026.1511255713956 183.8167719925152
901.0248505102722 876.4927443181014 760.7102783829681
934.6002832242567 692.9596145956407 522.7079658794969
1150.5860510352743 741.4121127868095 1073.9842003131605
1229.2181212652736 1252.2006811542078 93.01752347851516
1306.4700857249632 823.5474918224642 385.1021711521193
1224.716271716498 963.5158059714307 1040.3665267445372
1180.3025727573552 910.0060460974014 1351.527294559685
1519.7600792188043 1235.6459739491781 962.0948848925862
784.5901755869149 757.372508857713 1125.193725295341
880.3506413887841 793.1856450646825 828.6792159253683
1046.607197729875 837.7026458258138 932.3522408274572
950.2241941769805 1289.5754231420074 1226.454087045854
1522.1163405853529 1098.9572303578775 219.25185414419852
1355.7784186076485 932.0643636171023 182.837900274684
933.1226903738202 950.0545087795886 580.7782601146439
779.6943970554327 1223.1615137994793 481.47836781522847
312.2208360809152 1387.1642888625397 1140.498436301838
1003.7802978181013 870.4493428101079 488.3879267514161
1052.6809354781597 953.8646094249061 1449.9573903059975
862.5580299384376 1120.5160536652925 891.6138711830746
642.256492742554 1073.6414154757638 469.767380637203
1106.5320528630696 1021.9444865515068 825.9797444334074
799.9578803019932 982.1903994994422 225.70834650629206
630.9074915941176 865.3167550862055 834.3365712321195
1102.155831070952 838.7849882259984 1091.260690341583
854.0036587143838 1412.9423395797771 1039.035658987025
723.6444308226452 976.6533124699104 1383.3671298793677
713.485606772114 1497.7676681769485 833.0610853350486
1047.173578690267 856.0732961192643 860.1881695670792
871.5599850687308 930.196848705747 966.4250484469568
1304.4312261940613 882.9892240258199 979.8609109126635
887.0422844721097 1005.1328500603671 443.2270528725008
1051.6586005083132 618.4047385969868 576.5504298236755
697.9664841256077 900.3702567909495 631.4284420262429
990.7879506672301 1011.7822956490761 367.82947138849806
721.5762694160725 1010.898942065987 751.2638405797172
1042.7320388953035 1103.1339874214998 594.5454513373684
664.7382361347914 1244.7133030317848 1325.7614449012808
974.5476466694191 1302.4845232371558 712.1404324317256
1131.7496734262575 915.3946001871099 591.9010221030464
968.3001910782341 542.2339411087084 733.6581752037459
841.0740929554638 1127.0636491294533 743.0153172952445
893.3965763281248 936.3854509547466 1091.025847061551
537.4766176821654 985.0231822179435 395.37199136384004
1153.6971727979405 1104.8605099649062 875.3293566493478
738.6336524410473 942.948497821592 1136.3547665234794
1113.2162016449008 1365.0875871382793 934.4950831947618
1288.1776757741993 987.1742045684349 296.74310694182253
1488.8435064753558 1650.3342384747668 732.7351138360812
775.4139675001898 1216.8493149453177 212.3354197072108
937.9676529470297 1120.5768793071911 1174.949266784984
803.453131143199 976.6582146411693 80.14991967750417
993.9215805161614 1132.3938983113894 572.2166173862315
986.2952020279738 1049.3479363910326 1178.9269802674012
1150.2424329671992 1176.4851512481384 956.9856316029792
760.9311263087199 751.5052834937424 374.38894109493884
838.4990470604282 1122.5094513208119 428.8105036377476
1177.2240516043926 585.3919873763701 604.0853434357075
1051.767795668203 1017.5827404510346 953.7454975077543
954.8287682362267 1223.3319316820002 204.55756017820576
709.3778156448859 726.8164268013506 702.5837818287822
876.5494749030829 1175.119981989314 200.91535687862526
1346.5519626934142 1336.7158013346748 1108.1400812446755
822.2692918972882 1241.7565743108455 469.06809187568285
1056.6344097124315 1487.6334651188533 275.62282494457617
901.6416772295115 729.9940748808042 1040.92328445795
1089.2140660967075 1060.0734493749749 1352.5542775796898
737.4039661707471 1264.5279365869053 1035.6470929910474
886.3687233438071 552.7495235651984 1438.9738995208959
875.9278338995765 1601.9114922385152 99.18114484649787
949.2988799471041 857.013230845452 1309.7989192211273
797.4820028687619 623.1734641196206 1170.9479174685448
986.194068130382 1307.6170321695824 339.2816068447069
506.1002777362923 898.8487467963419 242.41916184923295
1333.3263531853931 953.4243208357868 140.15933749629022
1094.9051093153844 1130.3989643710772 300.48077015288953
509.3174765675111 1378.5287776152113 745.3864709814551
1047.9203289360396 1288.2894541958717 162.06078168668859
984.1266400837754 875.7842659485999 1094.9852210236743
1308.871402678431 981.734780366374 1245.1718499914173
1266.5292390046775 1257.9424625947327 1097.2805672984814
1083.6468887528335 1246.8665068307473 939.73520180676
742.3224918404635 1376.1941129272284 1222.9021965981608
1538.3640662818495 883.9799412953423 1187.7994708806589
568.4600956580377 977.5653696696621 629.0205310079727
1227.6710274234783 999.3671486642775 1214.4737711684115
648.384492990383 926.6810995308424 488.98141197030395
674.8173505192781 1219.9417041086795 777.5377996476465
944.7616842226653 1459.4533388891707 308.93774312131944
1368.626418610696 998.2441098513707 996.7412371169381
966.7781357968925 561.0685549395266 1378.962777700879
706.6421553504963 1044.6181168557964 1291.3413366369132
1082.7628817158839 839.1287268008666 362.6637570078283
1107.320199143187 608.8526412253266 1272.6852205242656
1464.3414021851656 977.1843870189541 360.63215575232675
1412.5230433420982 1078.3464911208275 435.7606482063508
1148.4409518359873 1408.007204482404 659.1123458840611
1324.2931324574304 978.4736300263258 1270.809917739214
1070.022649689096 1075.005150083796 161.6815649159134
542.2724788009062 943.9909162651155 1023.7665240630805
760.2646045162014 657.7678834704643 1062.1260728910486
933.6898022686128 825.0653987399521 1127.8329289000312
756.2188828147183 1336.4683662356952 448.00398687979595
778.9105917089071 735.6031370766023 504.61158886797233
1398.596086516215 859.0146919469203 944.0457203784413
929.1425077037886 808.3193053975202 1452.5337367045684
769.4571090085915 1286.4940459996858 204.7691287166984
725.7205314752853 1181.8405490116384 1196.7803267382953
1056.6539780395956 603.5649036946086 133.88057449424528
779.6167854514445 872.8050723360086 875.6587526701464
818.5810790545659 1016.0149791480011 493.9410321351878
1312.2072454095533 1185.723162942486 258.7707840993214
830.5928909445331 1047.1092576742983 1109.8498575273945
1189.6390829742577 1176.437835098101 1233.3121433861668
1343.8412638548602 462.63381170398316 374.7162981920448
586.5624961186859 1163.5414735458735 984.572509062669
1113.8258276077695 526.9234947663565 335.2925599996586
834.4887239425138 796.1581827936916 1125.8513968733193
1014.3848752804349 1381.4110130244724 493.3910900677816
1322.3316710315453 1329.46927561661 1063.6525278813763
1026.8377965302707 926.8618704285414 308.775976378706
862.1429034896668 1477.402556034073 1469.812678114254
1258.249341565709 1332.643480609849 1428.3015712338029
1338.2496544731302 747.4696492677901 1117.066141175275
