300
692.4757618835242 854.7404162563355 1241.160513622642
1015.2511213031469 464.96181490215633 1375.0535978741775
588.6995791651711 769.9573077780939 1077.0972556357706
1066.7058621781075 717.4543026417907 351.905631424655
1069.5744198207285 1293.5740578000275 884.9680499862844
872.5387759656667 1405.826533812386 1085.53776128177
845.1859441074348 1106.699721700215 1214.7308632938013
1024.0603174132862 1025.5631359310128 1291.086292156003
633.4719881954288 1309.570411910433 379.46107250654114
1212.021270451334 1052.237451228862 1050.1226323445494
1221.7881105686106 1080.1779049161628 982.0029431249646
957.1287402520366 804.0624595829385 406.5623756319847
1166.2883513262532 797.1457884554981 1102.5076166466536
596.5346309986695 618.0747823606008 682.5033886814257
1200.2023117709725 740.6059044319635 80.41079203792445
812.3579956188005 951.9345126766882 494.62197086780776
1299.4441318328418 1247.3608094455662 371.2160704504884
784.2780266396992 1051.3462930262463 377.51905851626003
1057.7782073007847 886.9259773856065 484.314593013315
951.5877221942111 1096.725023567004 282.9517881721996
881.6904531011896 862.3331145114885 363.4488973109189
796.0232982359157 1664.6423242653254 528.1290740312506
584.1358297018464 717.1724132059869 961.9249851386369
639.9503474094988 1020.5091219434366 767.4231419962231
1542.1855382309427 1295.724905399552 306.9410995173368
1557.3042032856688 1138.0716793842712 1221.4179369112207
772.5087897422727 1442.245070619784 1013.597868907082
942.7268428835956 774.8384465554166 357.3888242131375
690.0378690662435 1121.865969083342 1079.5485990585432
1438.517925930928 1324.2827707558295 1027.45403793548
802.2811281724803 1003.7849864075205 1358.5319522424954
1025.4979290136428 727.2509846110906 796.9819906493071
635.031094384655 852.1385321587635 481.0263385614956
1045.0133572481936 1080.9520901889866 130.18185932926724
1040.640026289719 1050.65389300259 161.9017835138636
961.0507284592798 1412.7589029756487 529.7466390760641
1386.6221478831533 1103.6447409295852 308.9818630590172
1135.9441174855474 1211.949090790639 1112.6014609557908
822.2715423537327 646.4828906852458 1158.8632717280555
864.742483848553 819.074078595741 1068.1426331925647
573.3382253892019 998.662307888319 263.19290944386023
1269.973482522402 933.5789270853213 457.9979245101034
1120.5944610765036 976.3752111941236 442.2754949983749
1245.6764133021263 309.9994105927598 541.1405182750468
1258.2051978252189 852.4995804455929 268.73198454370913
1134.6148460008567 1119.3180803456644 163.51947924710564
931.6582803421617 768.8466280040175 880.9668421087586
916.5035507080358 976.8679075778833 1267.6443373475217
1389.5453280775305 900.7454383999515 958.1899175417954
1268.4962227213737 969.8648914646889 96.86482294748811
787.4258353064051 1317.1392399889232 451.57153566628597
1125.9872074187106 1186.1193617223505 986.4833153994153
795.6004170226736 1071.7633021929657 761.4425907719253
856.4927965976206 1325.49665173871 1025.6849707219558
787.0312523896212 1171.9963541438053 637.0029309927219
414.0284880124823 725.3105832494616 617.8614875246666
1211.1603298879672 1141.9986497984423 1277.295407028999
1008.2925999087355 1120.8159417654547 1357.4467457288174
996.8159599575332 722.1614757001819 485.48650270043146
1059.7955099023116 894.2690497098084 55.139462121570894
1021.5288149578754 1199.7105878004506 918.7019652911578
1412.936539906867 1172.6121871526084 98.7332051081049
1411.2032770200342 765.552067584006 257.7013470407853
564.307825641535 1090.4159330825096 892.377986704217
1191.88150581584 491.2566575103665 1092.1581125824994
526.4740767871685 1559.7987125736677 568.1858135240499
888.2540023509257 894.8734398294123 699.2582687571887
1385.9898443314369 1143.3783129939336 224.5420775921072
1249.628918501256 826.8804849460616 182.6471550177982
766.367695827694 1513.0567214591006 1140.6243678336316
1197.665547747898 733.1720879130464 1056.6768786902926
1187.5793464331105 803.5609191681147 133.81822395232396
794.7730096842072 845.4753094322155 812.3305185677086
1346.8809919796427 1034.8451960616812 1488.6377150946623
900.8863755933041 1455.8231226306402 1165.975241641015
773.6920958081682 910.6513065838107 980.1449446264186
977.0893189077435 1047.492297689854 971.9850209288222
701.5453314472396 1141.3772250397562 987.9927238148983
1555.796806879888 648.4959124099025 182.74268193918002
852.5757264489656 774.2716899433079 1180.916287318813
874.4409063158046 1181.6845912472793 118.62814039334579
848.3091622603853 749.2199503382552 1138.0593894088395
657.3943452484978 1072.687384142802 310.20950171010253
985.4360780357199 1343.6357304642313 1281.2175608985879
968.3799758600537 960.7993033098736 904.4033855719047
1064.5790192896502 1224.9964895220219 429.0660088469471
904.9066291805553 1132.2278184257711 588.1412352333002
1656.8701031650803 498.17989607379985 998.965533628596
1196.719554137485 615.1074987430737 676.5297280665362
1149.4520521110278 1100.891099836809 166.63858998740338
1069.1094802994257 833.9878384005223 511.78303200720194
1424.9036446041573 1079.6144120597721 1155.9625559368606
1014.568474315419 1158.0185719300061 425.28682843443704
1269.5286664259195 697.9848158669248 809.3494476965787
1158.3091398122529 1083.3500909191296 1074.4626632660984
706.5796098827808 1010.3124465348881 1209.5982936685605
1491.0203161296495 904.1629722846395 1347.8119032056284
1589.5143166529451 669.3302599918043 533.2579763071166
1046.9470499123217 977.9268961587976 459.64584740251365
1143.4777894890399 1285.6333314297058 153.73432869279247
1575.6077345558472 1161.3660859176534 1328.8182604917106
650.2306294115936 892.458079052404 6.06261430659244
1001.0480098808189 674.4837124568918 1357.2341165669047
1125.3213534290178 695.3890455161738 1187.6940970798016
996.6014884907087 1250.0096662675392 1210.4426414314419
1150.8448147216702 844.6638252808111 1044.8845145346465
967.1640454950818 1225.211252597527 296.92646518425767
1040.3872299817256 843.5029544280737 509.91295077531015
880.465244482771 1061.0339401395602 1338.0606362993865
722.3699966972572 1040.3321969550548 251.5997622905628
944.9831243682349 1090.281295224168 1350.514756174024
973.9708858809289 929.0582808634609 103.49533393825644
1136.2035672617744 859.3354670775501 527.0884022452915
1161.540006907106 632.3827161958518 659.8289175096116
1024.7581830636489 509.1608078335902 863.3499781141818
715.0480288976587 785.944344461206 1058.0191317661202
1272.479762128002 1138.506217072043 603.3502031211831
1200.8644684614383 1133.265489888579 545.258605452859
791.7197592449854 1372.5479518190364 1.434033538121382
1404.148011735116 642.2035220495244 1486.989301654616
828.9463312198673 647.7768937741666 392.65081738665657
895.7880135231404 1204.9961812821962 135.9859832645352
616.5604798565314 652.3769595225917 1259.7219493967307
1535.2337061683534 1206.0236713049708 416.7909361682256
1181.0725582913278 1776.5319965366393 840.2555684680124
963.4363326299006 1146.229888711476 618.5860562674552
1368.4976135863494 1089.008721040531 1218.5082359330695
904.5043011436763 847.0862493855905 788.0807152359051
1221.9280080307958 1286.4789277061695 645.993948512751
664.0737978812332 1272.4163343954986 1304.0417474683338
833.1413533717418 992.8585612827576 227.12917359861152
682.6033043940723 1140.5263007656108 81.25529928455205
793.7879289097634 998.8348280875089 430.2058698913309
949.6522828898219 1178.5943708842865 909.2960507182148
1204.5812812084735 942.9103407090043 547.9011920262961
1057.7133341103547 850.8637490106905 449.0433306079927
1214.4840405566529 1122.488004137501 97.42905224451471
612.9606894100543 937.4060482476434 1058.7205392970009
625.6568205692197 959.0171891131588 51.56850372963451
984.2040622864093 1129.5782267612067 1117.1181237468547
695.5898058065363 1364.2257940088502 81.04449354556714
901.4877938068212 529.4019967264132 949.4380320905284
824.247304218299 937.7625866063678 1128.6507267869647
1051.1072227325312 1123.6893134957893 1417.981735453134
835.4097262674284 1449.1436031532219 619.414831464033
522.390619645792 1190.2144408442223 236.21264060423613
834.4951530299735 1249.9506355204726 474.31114502810976
1181.5924136261426 1042.0587138440503 267.23093035134605
1031.7908580878457 774.1050369678123 1408.4109939444959
491.97919095474197 455.6285989229875 1322.8467581860436
811.7309638077268 679.0548006181216 476.2520222357154
560.9978241461201 808.076688014703 701.5427233628238
1097.7411837616216 903.7939209132782 1199.5164082587
1319.7002897151317 857.8760075895678 229.74523002696245
991.0224903899002 1031.17019728546 23.205434314479522
705.580469624147 1004.6776695832092 258.0925263083353
490.6962278994452 1264.8398933840194 183.07387315635458
854.6357082030377 1587.8539516161095 392.6007798280397
1065.507913678808 1213.9992715391745 1311.7990091058832
777.7087196667126 1193.3481112845932 434.15871952619125
783.5625445676626 968.4699658252158 688.1356067906238
1435.675348607087 1109.843213989315 1031.6190995107147
709.6972580821891 889.8790298067172 729.1679963036536
1217.7407082170155 870.6985675146598 155.11710650773892
1086.2494908202802 1058.5317162112697 1189.8390560833739
1243.7214678925984 678.5858946592057 329.84489891828196
1144.2795555044809 1237.8938975295591 1221.5903355280957
1108.4238240327659 1469.2516964364286 1018.266547612168
855.8914817641096 1176.0374420339958 622.1806468726464
800.9107013726066 783.4615970390936 847.1940836206462
760.9336230902999 1046.6897341932386 1334.405290412637
673.2503591362738 819.6091034642086 886.2603504973702
930.7391671975474 1380.4277840108007 562.8423749535385
696.8623815989066 1306.4082800306107 415.6062123702822
1267.3368280777468 944.2396917197212 1473.2807804559466
931.2280222917957 778.7927525387332 3.108697540165739
1348.8352822136815 873.4391799928565 215.59132032629847
1153.9260610571803 1137.4082835338188 490.5131605223948
783.8683703709293 1248.89501363048 74.70388877886852
1009.7749379224882 797.9223012348064 461.53476104641527
1146.9209856848336 857.5608146828876 1189.6072408583523
965.9928550409747 1001.9497166323323 1209.8798435716683
784.7768742465837 1083.5157986717786 1149.1256403370699
1236.7939706743614 626.6553418981175 236.98225448641813
1153.5379946889338 843.1466184365613 848.2219403457908
700.6968026879929 972.2980157252673 1333.4513994457357
850.5396317533572 396.05301846176667 1077.9356544316704
1033.986457283775 765.3304865445757 876.1318605265795
1392.6510181605206 1425.8858037582195 1467.4135093482037
642.790973370826 768.1401661629578 181.3833064069726
1238.7235048739822 922.2948777175836 707.9350449535596
841.340924180206 1089.8259410529504 335.3176097311192
1470.292764487307 1241.8458131920584 903.4333250048394
808.1344072686821 1209.347954125752 826.0093742785562
997.2439508511038 1434.1089380211783 642.1565379329751
895.0000801136142 601.220348502924 1222.8538808658916
896.1132798235774 947.5521186367944 750.4487065765135
1234.3646348472432 858.9357532789062 268.7918591712964
1302.3523104272176 1275.5267295798608 18.796335723554492
1252.845949963942 873.1315143418047 27.96263825723999
656.7464573068895 868.9487488777058 388.71757468492484
1355.1086059958136 1119.9051256938938 1105.991646308854
1139.8349414284974 662.8026906240711 106.63949757373491
752.5773405679263 1101.407348525829 1122.9836260628501
1016.3678087753929 1643.6689273090153 1277.3904144539656
737.2225852664369 1082.9742834185472 933.3633569610398
1482.6526825631095 901.20359902608 1399.662459566077
1003.087912352073 857.1049847886511 1448.9665122031533
1218.546912489607 854.5466861010209 932.6027338063951
1314.0260152204166 1235.455020103558 112.12011311780157
938.1050046413704 1151.6824938965824 1169.6792740611295
879.5207755728402 1172.0112517048817 1092.2642855336899
1151.071557475653 860.796622613238 1438.4396869111322
536.4466220425395 890.5509093602686 499.1901044225084
1562.339702923836 863.2149439800814 195.9919594927076
1140.6103583714582 1002.2532280150219 258.5651551443626
1351.4258251582598 541.0607728375089 56.405803270937746
583.4055266628354 1266.2942992082274 576.6753963527224
1201.6382561502508 677.3291573924405 817.8028985266376
703.3298836868842 847.9491119815632 326.65724370083467
764.8887138757534 1135.1696440781373 701.5592624809033
1296.8011291758635 1296.695185467564 521.9345574198306
825.5539939608602 879.4013101259352 1107.6953211081086
1000.1361308919033 915.3701220116404 1341.8502246592598
1240.371019655018 540.9287861292814 28.022473754317435
1233.1135079925864 481.96790051300366 1084.0336850908798
1000.6373829712093 945.873486543636 1227.1351195943648
861.2862650781656 886.965998547229 474.25714390067276
799.2042753440168 1024.4478902439712 644.5854444315403
924.9608674281909 1131.4703473498112 975.2380097488482
900.1260057189231 1084.8544486006506 1177.1471589152152
514.3053066849441 1303.8176546274378 202.15495925325126
749.1849653613922 1360.8946652739667 883.2365801745262
925.5926839928696 983.8796273795772 805.7262896929705
1150.1767648676941 1390.359746405608 325.5478332290704
1263.2487393830374 994.1002757276049 1403.311883966873
1118.974892065184 896.4160326996413 509.0618882036046
1176.7946484786792 626.7797637561472 646.2076923641102
1012.0633030238587 985.7515690267876 1101.9002069455792
1087.6353318971082 1477.0980250890095 166.71150849527422
825.5635484808835 806.9903721996811 1212.0786420331517
813.0531181463939 658.7376662311074 208.51110893768526
381.94298924537713 853.1728136714289 1278.2204754772474
890.440870421034 1026.5430947571924 20.263966144301815
1031.5936241704017 1491.6669789187754 808.3879684186086
957.3368964189806 1020.6443613536966 191.34908775784993
1222.109227714044 783.2541501939861 1248.009256102547
993.3283594918905 1296.440223825863 363.4289298712592
1059.8188954881732 1146.3812193305446 1060.1567512811257
830.6767783327853 670.1701632146758 367.8075504198623
1054.8667841394363 869.6482313306594 1343.6959277975136
1360.9841108519743 834.3610639279525 1264.0287861305592
755.7846144761622 1272.8103011283333 924.4884727953008
1131.1981282105683 905.4147058409395 582.6805881948753
1131.9855900010775 867.6829936343694 518.0138302614831
1139.5944980452225 925.3124699707773 1147.7966530411609
981.6508675815422 973.997878660833 626.135571060472
454.1054176340159 1248.9240439366445 178.2255948264288
474.0877966817202 898.9121999051617 479.5442837878582
1300.328320502206 1290.552544025239 615.7418694344389
811.5028369740469 979.5562966421396 1343.933032845004
939.2779890063551 1101.3471925948984 897.3566596099146
1169.679891008477 899.2425740789944 199.98131779378525
1089.6798125365096 959.9252742664848 1462.1530840820874
1435.360812439419 1078.8392764113098 62.70581899249361
1013.4908030887477 924.4902591678251 1490.6755477319018
828.8830720260597 568.1680906299996 1048.0297468474275
1083.8430262124193 953.1261888508245 693.7296288592286
1236.4056463506513 722.1593374720319 107.87977290571426
861.0782343396365 902.8205610885964 334.8136293206017
751.5138078775562 901.4848310286227 906.170200559096
1014.823946193547 865.6103387606717 715.5079441363322
822.6541413858167 1034.4358371613503 570.3962588454323
982.2166842125665 938.0776873702815 467.50946901916126
923.3662263070386 806.1025406058488 1351.8416114096171
1252.8577095599808 865.356264158036 52.86649856099257
1387.3569404923996 647.3502059214579 758.6453132867459
341.93623899793636 1024.2259266860656 1199.6961151659134
855.7410413087368 904.2175359442392 1298.8935273510162
1100.3911122447582 979.4382749977149 251.0596369502966
603.7304541672773 1060.4293885062575 566.5772229555665
968.0861562442641 860.562560286393 1184.728583829904
1069.8990477917093 1021.9471576743052 705.3867056644286
788.7850426070924 782.8438374218679 1189.4593954995269
751.5890846174422 1025.606894757274 794.271791850142
1005.8796434362722 1068.154284554254 1436.480926227851
898.8056063518898 1213.1891955619644 479.982737997946
844.9462120488931 767.8708160407831 736.4805631626762
1282.5745198122474 788.6704293589108 1436.1938433803705
819.7912278785474 1178.0196812495838 159.075693529864
592.6328296042036 1049.9745631698713 236.31912218256002
933.0978980063909 1140.6413309702957 1124.836160558781
1006.240424690632 1465.619861490092 1288.3012733286125
1072.916542256027 1239.3554199671228 1381.0372621641022
840.8881588419885 1042.59003986126 1121.8910167643548
818.5851001742778 601.2947852724521 561.6493348846656
954.6504496397382 980.4114572138243 1145.5377278167457
1178.4189528095449 1463.6521352675284 1279.426412987377
987.3101938322532 946.6851336793254 17.111130336988857
978.6907996543722 973.343287398151 911.9123863392477
