400
868.488400496757 1730.8648804442391 1213.893770128023
371.1465901360682 1850.4862590960781 622.7594923057532
1070.3275677843637 1930.102337156215 363.3829382161657
1999.6924222535847 1836.6350566411088 1292.7752868648477
662.288291016341 1927.6315757430118 1210.8878002237861
1706.0251753206503 104.55139428842686 176.37806287586184
1357.3440014152152 287.60597419072263 771.2697113904999
1947.2694547743786 1533.2298715540305 333.02434460560323
1971.0991479468546 468.1578823670418 88.24400004700416
1181.4282792555498 494.2487167858842 891.0734009550276
1979.8503369763548 1725.4891504264406 180.91636554297403
310.50676535158516 114.64071032530954 323.3455541990501
1878.0721099460939 1755.3864476167096 326.4515269191352
1547.2328370087969 1962.6430793191505 829.4548564027153
980.7234974748942 1748.8279211247245 1049.9952737954434
672.0395118354643 200.92966000758273 711.9783332633954
760.4493362380111 210.58285273655696 780.0265072897307
918.6665704224893 601.2151810684867 1322.7561901918575
312.8225422802713 496.76194753109894 821.5816807365931
1254.6369125062186 1942.968730821308 430.19393322445046
1735.3512461147784 1985.7542706723605 854.1595002369926
593.785187681376 482.7773664884669 156.7568924017274
6.487860397063283 122.24572657138522 328.3737799640204
1583.0939790767359 36.965286167484955 524.4928381810803
1205.2452731285193 893.1794464485305 667.3779002815124
1717.6193021870051 754.3045903547707 1240.5564384008978
1865.5877709064134 1136.8499717152392 50.138957923468006
1262.832832531211 289.5712751429775 1362.6254953855919
606.5945825779975 1314.2914277954533 1181.38858171449
1118.5305231763334 168.5865524028094 215.8780811192904
1372.3441952844996 971.0265609684224 1017.9875066619687
353.1507211450193 1493.5522898105048 1419.5026274554014
505.6566984175408 973.1254116392713 1222.9933004992006
468.8336968428999 1143.6010498409482 1168.0050143807757
791.2016637588677 1368.638680525468 1454.7243264468561
1224.0130765923107 1770.0679271038728 253.6086960423226
1723.6312256008616 1005.2060259985547 1302.2813377324214
1390.7233535648957 556.6492437538582 1389.2944680243072
1807.295890664348 339.71111907013983 655.6258501403892
1910.274989864301 1873.0375777138681 128.95004218838056
1001.4641466065084 911.7220222542584 1173.439757560806
878.1651688815832 1651.2646680909208 154.0547717210806
170.61186281313545 1000.1022671840886 1230.9124592005953
1986.8711889851438 1794.170710710018 764.8085738801009
161.3867161956888 1462.6513847642182 1189.2876975622062
1797.760826998629 1473.6334898214657 159.51401347594907
1596.9039465555998 1771.513025357354 677.2902417264063
1805.917115689277 1744.3451157481693 1284.963500544374
1437.14240097279 546.0741981693153 507.9756704644215
187.088514651498 1789.8780497239277 1144.0357694530014
881.1326115632414 1795.6065882271214 406.93964944594416
953.5872822448781 1300.156496013688 1189.1261029079567
1604.1466804560378 1622.3215177646723 1467.6436819050484
537.2277581771618 1798.872867789666 588.9680394092305
267.71266204144297 677.0925381236026 1189.4091346052878
1293.907966155131 1108.7427600140566 487.2804505171166
375.8369598620546 320.06873987725726 1004.8555614921512
878.8176227064208 230.2959962438238 156.83624986378092
624.2538624882196 1535.2173417350546 427.47887780536234
304.4269763760459 1915.496915044111 327.7529377929456
346.4679813517351 149.57636942423025 122.03381810442487
1087.1522888487543 1096.796105210695 1079.255656978383
1920.3914512044382 515.4385642800976 87.17188226307593
606.2404468924551 649.4893529221832 1386.5707787434908
1481.323608216247 1236.6072330496368 224.51938946228367
385.656147236358 1387.1385938026672 1302.431995181207
921.335621959434 458.2412431144351 1389.8191446249673
2.167548041578371 1007.6747764782392 604.3299959003537
1513.027532851329 688.9948260854313 365.1009154202106
1055.6581334702814 1358.1690531417264 1177.858261445499
561.7364099559699 695.7194075980349 1354.9772404294056
1241.6659273648643 1468.6733655466383 716.0764232755818
539.137151333624 1071.8821317687248 383.85257168183733
1155.1773876863365 700.267070617536 85.35116841502682
1198.3054257030974 99.270098704769 1190.7315213208724
733.2482590202396 1536.0330885805913 94.66558467772023
521.3225716313756 1485.144763146611 556.7326758518734
986.8907193080818 1333.4374072416608 534.4703813387022
1452.1538157028417 325.69885836648103 208.3762199834393
270.49064993081794 251.27920925605852 566.4712019741947
1.6347176385198559 190.3465266293638 1208.6835507625567
75.2547456905972 464.51421477144385 680.4942310447282
1996.3623796294455 1549.9095894726033 1439.5078680728757
1528.1893714852438 1561.1839526380782 699.3767212393622
221.4080081676628 826.2607753745 1100.4310806137184
1795.5455326388367 664.1209807519501 474.8371634423207
1611.9256667443324 1448.6458603227811 1452.3403950098145
1021.9171311001946 1890.9895033261266 807.4740394551986
1404.335664709725 312.55208041947924 1222.4293979824156
1421.735953665664 754.563593790075 1030.6358054755942
550.7311680621492 199.9338166585449 1272.478484921764
1888.9025474234518 1379.071509481053 512.7305184541759
390.62579237515905 1956.8992948270989 218.8932378091208
1973.1557715098 1822.765467072104 1495.2326456874373
1419.6585574612802 1558.576429692282 726.0549115483407
1414.788118260043 988.0342300544697 1073.2349971911601
92.63378920040766 1318.764516524117 1381.5335853104784
902.7724855138306 1006.8653719347628 23.520836799896582
1339.1068586726728 576.086795248091 1176.3247941579432
1944.585043230308 751.5639645390285 862.7256648951588
762.6284338292095 1804.2126434069858 1193.3479848441195
1287.343823922994 832.3167258381994 896.1717850372063
1402.849035601031 543.0003626244697 66.78935461877428
266.4001024600946 1874.867055156477 581.1940261267041
36.30463864291422 612.6112292324764 292.1354580544321
785.7898358788973 642.6156257113131 834.0009561728889
1768.616528498541 481.1948410596303 60.245901620905094
134.2578516876731 794.3680304870213 112.4357144136729
847.8343317199088 1478.645570790697 127.6894569376596
1330.0799699086149 661.4666902209614 154.7968898826248
289.625066954508 1326.5279909143721 392.61228181067986
1992.3341522911717 1247.7375526725482 1398.8761799595916
1044.2932028235368 1565.072959291915 1006.1282984105264
1929.7336251350268 663.7061012762811 899.1125409387645
1645.0428035208893 1017.7735045731398 1283.2051347215804
320.4819991695884 1398.28918633688 384.6826513591287
1304.2901637664029 1824.656035193529 763.2273700040525
275.56631725626767 239.77299878784785 1083.3824494260111
1622.0803285697789 871.4541928792705 243.54633832027923
1437.1594074701031 119.31559527676372 640.0133053403841
679.9830117634198 1278.2117042498774 786.9067820809825
1467.2693849301804 1655.2740946814833 1313.3208843728075
827.9035642067589 198.0913769175341 1364.3458097716878
768.3065636696901 772.0145100795656 923.2810131119298
489.03914602195965 493.50828363324604 1052.702798414825
734.2457420762913 318.13068921667485 984.9641599357951
1279.6042965220347 104.20705678993647 501.0957143234836
1853.0905094851475 1063.799136170525 622.7712857392439
226.19268767865108 1713.8492041128407 57.26980440049856
898.7018234292035 1170.7777829524393 216.22344001384093
410.4479622689221 1319.454271218064 1000.1568038541993
1444.4409664356226 879.2124572931475 1484.535174914818
944.0284612473184 464.2158657466695 886.8657248927897
146.7284522514729 84.89675558721976 1387.313722753185
754.6380048051944 1326.6178604575875 1404.3103204630902
115.12350595851495 1311.6503088259014 951.4521711437505
1977.292966651542 168.9344546996625 983.1369711175256
582.1029063483949 560.5334837539664 1126.9411789155358
1163.5648472659768 421.61313883508257 99.09327438134092
344.10418529270515 1649.0652515422382 603.7584683269126
1262.4355423465488 1977.5657624854123 589.9415179554749
657.8426396840704 901.9015314853663 1295.2174730549575
163.8795292152375 187.8336704662702 1336.0831057066569
1649.897845727178 1624.754683315113 1488.0962189027093
316.5339099773188 1782.0291640883663 1226.440841796875
653.7349113565782 1622.9966823342102 1132.410668401781
1800.200054618575 1432.8163280635192 1214.759623122855
1324.8234163085715 302.13879029499634 503.83630152174675
1887.7979882946026 921.4346551950119 1294.765160405803
1823.1557922460495 1041.395944984883 763.3652203810152
185.67714666598877 1296.756755869939 1115.811754753098
801.2122886288979 760.4003065359617 1322.28683048023
1548.893451230929 1264.1832920481274 203.81918211877775
726.0867620851699 1794.6856890881802 203.7902166507105
1189.657989075968 589.8196637490831 116.9566763706143
86.69110012323577 233.63005857693818 321.3655778984456
1101.4853775209447 1196.5071655405065 685.1418823580558
28.742222468781442 1188.294211599407 141.64104259749632
1496.2614903481704 1903.9390338107062 1329.1666512683194
1876.5471462847454 731.1957309292592 1382.615408443801
1622.3485768941196 1141.8045158156551 1446.3658822898883
1891.690285880023 760.9373962597415 0.2284999927009701
271.28928167094625 858.8783613635709 870.1538792864507
712.1342063371101 1593.4796517144157 577.9944649262743
1171.3145153679534 1937.914334471966 155.05172060483252
196.90311748512946 42.08800792543022 1449.8192229665353
984.9682039083684 59.62960870962264 427.48247090518504
1750.2152691219305 817.4136581826257 428.1507191411854
1980.0760124018614 374.9424949795674 837.0793736102511
421.72310471083364 1493.3657856073569 1161.6904679348515
1796.5807689412381 123.86511251287891 1262.0116111293237
1354.893924396108 495.8313596657171 476.87313162622956
211.85200909202572 870.1336123874426 652.2751047918123
1347.035599793065 1328.183838169872 1334.5228833347792
1402.9754468655588 1287.1897710536293 205.33242743506585
1834.5761277549864 1452.4866099434948 1052.8453725769443
1239.5356974833685 528.8569463639672 724.9783846137011
807.261972042667 1863.6660575047372 1205.0826395225479
875.6628375780062 471.9166334320646 153.7479143395747
897.0731960293749 466.2646386973761 1351.0664636938652
512.0811362972966 326.56285200493795 354.529430900804
1407.045949757359 1464.348567331956 293.20030349874213
610.4941743681364 358.2574916982133 937.3100302888963
707.7031677591392 323.4528276023938 1405.767442674641
557.0183438575964 1674.334550328733 1441.9794304514537
1938.1354296837053 1686.1998528292288 480.6168304740678
973.4387376879672 23.386513714029444 169.14820420626182
1644.4877439594995 1757.2621568455431 505.8502587904763
1742.374985048659 433.56086993511633 946.5204805954126
1140.3770828811869 61.10502936597051 1200.7666980068655
401.70612655982075 1697.2783875231187 1280.2320156058008
1293.6593678814759 751.4130169859401 1161.3248520079578
103.95825204210252 1103.613487857303 93.83356248310338
180.69445614229318 1724.630828574975 202.79090061358596
597.7827864501959 843.4560989324062 624.3852000146852
1241.1485930666436 858.7062477784591 493.5447381029695
830.246607546993 1202.9009259322263 570.0172514427252
295.35349430852364 1337.5461971864204 1145.1158661683107
1642.2808934907005 949.0284505640183 799.647527137906
455.28944003480933 884.4142595561359 953.6405851375447
1291.3760261419416 303.2443733532646 1180.203873197069
1268.6004537834754 1682.5027978355965 705.0280130302867
339.3930295908163 129.94359848530013 398.27693036720837
1743.8464155095835 1423.4193049793255 390.49186603791094
1164.2975001458867 454.57633762877833 1438.3519394247676
68.56460063006908 560.293890290813 1338.4441767536455
716.5465426329018 1913.5773509225337 539.5418786935294
179.87756030563685 1014.1982381653589 984.3568097536349
131.49424497118045 115.40446704037622 997.7341030178756
1900.306090164621 575.7026729867619 1331.9505441027009
499.01921409720404 1934.7171710163004 363.5501158474622
291.6074972112577 1720.4906591894182 1145.7850629430288
1373.7859151288064 370.85988803532223 761.6546467442286
964.3072104324885 1076.495264210609 1409.865979635011
1370.8195890885222 1115.2194686918695 1499.7642060633393
1916.7141448763946 1932.2321258791828 1198.2253485758235
1531.5136032696166 1034.4622756221268 1165.9038062699872
1589.4348959180304 187.65129744909515 1164.009268191144
1333.1973308596014 600.5609301004156 393.7591343430039
102.5131586993473 250.51261063378516 1499.7526171739175
1430.020474748587 1862.9046003709734 995.0779184316424
258.67029690138475 1712.4491347845656 279.2646627592786
620.6993613113048 562.315383143694 937.1751894804373
574.957341544531 1938.155360291186 991.8023941341746
1419.898383461821 358.04446751942675 156.1294799321412
1930.0651398536004 1044.8122556400583 1060.2100683027923
239.98656842589395 142.55285174748056 331.7926681572976
21.800167645877888 191.1057289021505 814.9533430891329
772.5192845164015 1634.886565200758 685.7123709595975
1393.5591911364452 1211.4771288594334 1175.84770336921
706.7351157624793 254.36512684580714 606.0283098941142
1882.7257701379187 1459.2469316090169 60.72375844784389
429.0389682968143 756.6487903162833 328.8090735333043
1852.6416187039601 915.9569470192341 661.4661816990365
1613.5427184686582 1108.5303671606503 555.7078628209479
1618.5918601442131 1534.7973145074673 238.18823848860492
677.3273860472633 1967.936101184525 618.6453370809027
619.8953665561476 1806.3639508958868 1156.0784068594585
1365.9650426578812 1879.7131998210948 315.9860234037891
1207.3823121377254 1537.682102290784 679.907760749572
1956.7290523211045 1086.6832725869956 423.6248157903483
1702.7937269068802 390.8771663465949 1240.7192726806625
1840.879140905859 110.51183578986556 775.041090752541
56.72267817575039 1569.6279159552112 90.46869497045873
1965.472769296055 797.0520731255497 157.2080134771993
1248.2757939239436 1680.1863118494448 202.38613764136753
1973.7041925217354 327.5047212051072 715.9971212205002
741.6922101579064 789.3164757127884 1245.904457897109
518.6877017707629 819.8562514781485 335.292220962531
934.4759699525578 1032.3748326556959 1072.227861715195
1202.8170372874663 875.1840328107864 1213.8483241113938
853.2769500037998 1835.7055886227436 975.5540184357722
1095.4485172069574 892.949775185149 861.6365395564311
1057.9488737105453 735.3790211218183 103.82509050073763
1287.2571436509852 652.2391353282144 181.4760848672672
1726.9072661457394 1589.3044963547275 1188.8062273111002
1793.7493270016 658.0203262535372 1168.8352172379593
1384.2666862277167 106.284141492065 1099.9819611131
941.8006956019942 949.1596813457915 849.2861489598755
1421.3239655562675 1265.3595621277384 1169.291873869481
61.275958174075164 798.0170997340394 1304.3790325620394
633.796916232928 1592.2397894472736 355.36078316109337
1176.7438416089944 1966.5543545995176 1288.2362011004204
634.8138509201948 696.3579556375961 356.3603016968583
1892.9296661320502 1897.0641484854757 1398.8833552651636
141.5791420708168 1948.4109268158395 711.6155013556946
896.0343797604851 1050.2108685006122 768.5155696645671
1955.350314067076 1847.3480289435079 413.0974249407253
1062.44450989932 1045.157499929708 267.7533627482635
245.35073788226768 1637.9291398482 241.42342189701728
868.8955058939551 1140.1690241153458 185.22869883697095
594.7377030314304 672.0367375992171 1368.762204603039
1009.2431674878917 73.63514248320135 1487.6645507631101
1759.538983439805 1631.2779240738885 80.22687179532507
1739.7158665112595 23.02155969398978 1122.3927739726037
1202.3397636726131 1491.319632054219 1089.6661799600006
216.04157487262987 1837.4725050592713 1067.4782642291932
1328.6765647877507 1353.257284320585 358.5851561405412
346.6623517662217 844.4079726136499 1097.5627649586702
741.8190964147235 894.1465525535666 838.3915360146199
1624.317601648237 1984.5713419151919 476.63783120255096
20.23231962968208 754.951197263819 631.8283697458902
446.55722266930263 15.733823537329439 464.95552209568547
1151.8662423333267 1920.4612429881875 584.9678954604166
89.46493218795636 1476.6210668698977 839.0460280089553
270.131875799805 1503.6853686577217 205.68019244053554
1987.5781435624328 241.74205247800384 992.30687582049
900.255852148266 590.9529376741718 78.05964875231453
1220.6236453712445 626.6796599029814 89.6365363737992
1311.6932555755907 1154.7205215941553 1143.0978437022566
596.5256107212645 830.1193780251259 259.54574650186237
668.533209472057 976.6143275373254 832.6750091512434
333.3841301958798 1221.6107730771746 962.3921419641825
995.1589748795737 1252.379864381562 511.6648591283857
1381.5948393347733 327.05312986737556 1291.2264770750987
943.2888767228458 497.7599263777763 194.74444401175774
724.0967356738066 1653.379481210269 0.11593846625629345
999.0711807069716 1761.1210863441324 92.07982054963065
1597.69490159632 765.0908692612794 451.2812007857591
458.1856988938564 1448.6837487315859 711.0173699021742
406.8229367927536 1563.1702684323361 1185.8554821325463
1522.8874082681461 1701.6674688868816 1093.0676956400725
937.7131989294072 332.7275964614411 1309.8164417435885
1949.6118352707813 994.2818697009019 404.4846789171112
587.3740655089406 279.04486943227556 138.22842099970094
1.1953786145957324 1103.8876805109967 327.78480985075777
743.9900833039601 682.8022509341433 835.4626735404793
366.95803875510194 1123.57169050965 934.7348198734628
1576.9409342056501 1803.179142098509 275.2362902943003
705.683086124145 363.11251953512505 932.7617869915638
1645.0670694774699 1450.7780197724064 1231.3062064329902
461.8130081175118 1489.8092091903388 798.493697843794
927.6471804846425 144.33261823083353 261.73334338055673
1249.2489197238324 50.24633502562703 1153.5459465987092
737.8764852810083 300.82503411831584 371.4005372424774
1395.001252770504 953.926691081463 1204.4161339606637
1275.907662223935 631.5768365009013 704.0243969015116
457.7402028298516 1173.4113454809162 746.3006388483578
1476.0766530372985 1521.8897225720332 832.2174691009502
987.5359665646246 995.1638718339964 589.9428249872086
25.55283863932334 478.9909970435262 953.8738050993275
1858.5393209904216 556.9873340117329 293.6154746405789
1459.1397398289675 1968.5242309767975 789.5650408412931
301.61600193253133 1516.0344737684652 443.86775520075656
723.077569527224 1872.8246366839633 1203.148854195067
1792.2709974540037 1924.0107128524292 390.5302204294983
380.62827548282894 1960.7533987803745 1311.129964199271
664.4944479908206 1950.8428948602802 37.56979834247631
1177.6989554983052 565.989170050684 775.3608987052179
1227.594093176307 1434.9645876668865 1394.7458778818868
103.74685052797528 273.9570336353534 222.01750766877458
374.84565274676896 156.74274336148608 1011.2385577780246
4.183264461689262 483.25386437408827 213.2197848971043
1310.4078844514177 515.2281440337194 131.94370489686852
1657.6013811962187 1351.0203726213908 1337.2634376395301
1408.8349009896265 1090.1774872233732 1455.5548349660671
450.05452908965714 475.227533614188 927.281158619277
280.78897917580827 1927.2204717188074 944.187216354343
360.37029689999247 488.3184308370085 802.3025782984602
1027.5238764841072 1873.3440763863655 1408.864014850772
671.0602166272699 939.1062413171021 1476.8037412109222
293.46581529538975 1124.4191413455487 1445.4071197357764
1163.7467210650664 503.8636067871538 470.7892729731923
1735.5725497634219 1043.83292216171 1144.3813496337466
545.3166156911707 518.277823194979 159.11020363031182
60.56614208306943 1953.9101539014716 703.5908762442295
1805.7033894826116 745.820907351925 326.69794149360615
13.921223987618303 1972.8964284214983 696.9633075186171
1615.2315992747206 881.3188916810079 1137.9499324888382
507.4350611291083 1504.3099190674475 1159.3671060312474
213.1640350340591 713.7732634640532 103.94145968829987
1784.7566027373464 481.48945413978936 1369.587088143327
1374.4858194429585 1543.3154425045595 457.5994563443374
951.0237837407294 1802.9574215607786 172.21790140134547
1072.289018709885 911.2137697085126 880.2709599953257
110.34828202504521 719.5576037523697 636.366378011537
560.0118525030557 1687.7510096821645 923.2990524807973
529.7151625089705 1888.9313611438529 100.07373279384096
1546.4777399851948 1081.0817005701488 533.6304004871989
1849.428236255432 193.2373423195839 1076.1451451555636
242.98483660323834 361.63091858514116 647.5232666446109
96.49294449236478 21.725749652176994 268.08928760618045
317.00702723319927 1332.6022498468863 1070.6937711840087
807.209082599508 232.69199033136223 400.6697966638697
372.48494049486027 1035.2293205951419 189.16117161154267
575.8613078367493 1748.4433692344937 1098.1295040127945
77.07304610133869 680.9763265896023 375.0127515624764
530.2432406477817 295.79394422713847 833.722186006347
994.8562256586395 303.71999800448424 1344.9383437434553
928.4932363381453 240.56494649061543 1453.8204927471297
144.4738049519443 903.643953912582 1189.1738861240183
993.0826031330317 938.3522688759975 1320.356031771593
256.44638027269815 1468.6399049099523 816.2478945154007
284.1961830521671 1859.6749516217176 798.1643511068211
1100.1473554934475 1051.6130478196792 932.8754317134843
965.4109873042394 465.73255749308817 384.0183118200278
1273.9760174193996 953.530858605782 143.88854785062384
754.4769353755436 477.7339941615928 1360.7903678135426
224.20414626352846 1396.2211456294144 1227.0388941052752
1413.1095407601529 1880.3679973301305 175.3849489719696
508.2809721033188 1299.9931002568799 779.208593357733
1694.1151531946084 552.9146011953326 830.6375471192362
1447.37323377717 388.2091383622315 348.73967198833816
1862.4012617048995 1511.2190242162442 1232.8065062501319
782.2517251199998 1304.5834448081712 621.3055727053402
367.5009713766984 356.084811013196 204.68469414230034
1945.5848227308113 864.1652861929143 382.0490388377901
322.66415525815614 561.8175539093575 746.6368527197802
1321.2348979825742 467.3046825860443 235.05609503820259
812.2583880886631 189.37712474463564 365.32082254375547
538.7767388202012 1038.0853363263893 757.5103075101306
1246.4924133451773 1624.5899604453043 469.26186436139363
1225.7477663592738 1143.6385907189244 234.5768705541627
1733.73616197797 48.14159434836274 797.9440756702422
1158.5179678544694 121.4693531821831 612.4069997410732
1755.3364291295916 1221.2202501973939 163.05808313583037
1596.606619047632 467.027833540983 917.3411597230113
1458.770315836695 925.5371317118328 788.414660998082
585.9354201069353 1708.7422690899125 1451.090127116893
1883.6284766700892 1824.3490119791823 229.13799702177724
