400
503.6176505572654 1910.3178086405737 300.21873359490905
1265.446271171453 1523.1560021220494 1007.3052877227658
309.24366253114744 1900.8160435997709 711.3425508213447
1257.0157865412496 15.478128699135674 727.3152273831076
1131.1880318741344 775.4992011228417 558.830841827956
1135.8813069953378 1863.8158716914645 490.6353015179228
1788.5850738912118 1689.4882920431685 845.7981897282659
478.06483347021066 1524.578007913496 1137.3363353494944
1137.5166835575685 1630.7940909988154 1454.8929997993614
461.86529430746145 525.3127714104951 1479.1800695679901
554.8019449384402 353.23012380055394 160.37232810037995
1312.8311900977194 1858.9816810881543 1370.5563360561093
1082.392811557279 587.0880400642661 225.4892228640002
1983.5602880048582 996.3368088280271 671.6987940153842
1659.8632786380326 1198.8560950763417 515.8959378653224
1380.854528801243 48.41229280341297 307.6211711773297
228.37221112939443 1532.2455222544913 878.7439548737875
471.82392538568797 597.7003422703568 721.4418485185867
1597.5114455285625 728.2565404034016 1417.1938372761235
1347.568359014283 638.6835502131156 1375.8463327532406
1483.0205216309437 1578.3356676553622 1058.94880953211
1893.1747031240675 163.36798243807803 461.87668872870614
300.91372148589477 606.3290098615324 1386.9468698456074
1300.7833010053416 167.1213954446269 230.26104836623185
342.1207196516527 1437.7207421947267 1161.3670400412082
114.43198685725808 1312.1838790563309 1099.8003982029102
879.992087887868 303.43622745833244 1054.4168427238048
1560.9238488982649 944.7849401042025 623.7904246154166
770.1248487205332 319.00095459629927 805.8209044358479
190.42961066026277 388.77977740155467 565.2303188854349
224.55231610936232 810.8763819956373 885.875127226721
700.4598812617311 466.4645003159362 1332.1113060260989
622.6715537086656 1028.1766411963883 1209.5303040656552
1980.4891633105783 1074.806795340317 239.9104687784908
829.2634060624072 160.1037299110837 1176.4150493479565
506.5148555959302 720.8312915740438 949.5567623411524
1286.63843292554 1044.2980662646041 1433.5021506774863
868.5517951011082 1647.735113671036 755.7376729814001
505.9129920414609 1255.2335208953104 1246.6863598262305
1749.5570419524208 1593.2960244987896 343.31576530300055
793.9634793668788 457.35681325448405 254.09452193121774
292.78982424673995 1167.803098687541 538.423213979862
844.5369190424303 827.0784761845058 206.7746387850311
1136.5886298809453 1533.8222222312102 122.8379679106834
671.1662399825575 724.4598854564028 1260.838729161292
1676.3405398526036 245.42920335677044 1460.1259155707094
439.5349585032642 508.91376779872746 568.9058994967196
1524.0435159596361 649.2474946367952 1494.2622823504187
961.6504867455598 353.7312213018147 976.5313927176848
1565.3678843560892 961.1705916901996 3.3562803916104
837.001247747808 1411.2567344914132 124.09885819677419
1438.8147334848547 918.2920715903293 981.9857778395415
1030.889920331388 79.49437671367376 298.79893994829047
859.7195007909233 1707.0925975773819 1310.8585593280266
1296.9340761453293 1764.3514423850838 626.9915958544301
853.8950553507048 1407.8158113501115 262.5736325512873
533.0445565567496 1164.450783243449 1236.7559951141438
545.939271333888 1223.1853853149885 335.3926995765934
942.4632258781329 1562.8845466313935 172.56082827112175
1414.8745794072975 1532.7321519281775 1198.721204656483
719.8210451129339 1842.5338824271792 523.6393391761524
265.993397135025 1486.665159971666 308.32098957072066
562.9391473254964 1928.9850823365152 1027.5508734342438
1326.716933383057 1899.6178290797686 599.9041125329
944.5436640452565 589.062602168201 1114.8281700425096
1326.687199222029 1354.024901682175 163.2961226947916
795.5894086389202 1978.0895522898356 622.7017684830128
584.0692618658187 179.15119033460613 137.83863608659786
498.8497207426619 1393.1876473040645 768.6844241840167
243.9387333571341 1545.3363413756545 240.84702449432427
1949.237989150766 291.4746278481006 506.98529189136644
358.43180630526496 1413.5188630500472 708.4629116924074
171.0371052749553 28.51958698588808 553.8980055962679
1358.0376006422766 1080.128414744675 983.9989218073056
564.427185984151 194.67402936409627 846.9988522233109
1624.8079115496018 1091.6457087238457 812.2148836118864
1171.6709222603968 1871.2336491146214 272.9761465106077
54.804029056639614 12.359569566064543 1195.9693656466434
864.1646057758298 1145.8511657517224 662.5075556840552
1827.1227495117375 1790.9190608360389 141.15338685449564
1915.837936341068 39.87633019598547 745.4027612836079
976.8134099694605 1918.9865353151247 1475.6264142662606
336.24683869035323 1911.5614062362638 483.66586354225313
550.0179600149879 769.6357210438039 83.6092525455347
1914.3638146980713 962.4954660380046 1328.016924887276
1656.8981046736953 1806.8473138173551 1054.8045141543848
966.6582260868008 1390.9781106793732 186.9776307451043
829.5997090774232 850.8517590441551 1222.9238183195894
266.4952378462291 75.80571282456705 169.74088493653662
994.3860040713124 1288.8735396222582 519.6317005019097
1226.9308236363022 275.30356994685155 615.1642532245514
1437.1361840955904 1534.7203878401026 349.9600259284645
1987.7404812887032 452.6063596351986 253.02955633266077
1070.617089301054 12.081564384803789 568.024181404844
523.8795589057079 1136.123238471569 1233.7153869450124
1320.9856832640482 127.74563721295173 1371.456213451339
1932.3864172714211 1884.7461883271278 657.3278190278193
483.58278773866914 862.9294270733338 1271.471522517352
298.06497226259035 1713.25051649949 46.665870923165045
1306.569828372582 787.3114421562561 181.44375342460904
1575.5150942066075 65.8213838582149 1290.19281233468
874.5506760406179 1573.710171994142 1202.997544763677
1736.2016116333318 825.0090182330246 788.3792126704108
318.01178054285106 1524.6933863398087 1253.8557736125715
391.95896921737994 51.838715324798336 646.7375643400276
1781.3476136918964 986.1392075280164 973.4099980692948
922.8444922789643 107.2606236804412 50.60460773131925
890.1917177032103 335.6916709386268 628.7982261375356
75.1626679611883 1431.0448918546508 988.8176815177221
663.1692919369219 1928.0236340958102 774.2186075638184
419.3903081524175 1179.0929808840863 328.4339697328556
1540.9499000925853 1129.1524833090136 1208.61637994817
1789.0661158369192 1534.1113443768509 474.5806450203327
1010.5978816278196 821.6694702964917 1327.1335495211897
1498.834423365415 1462.1691404019932 624.2463267967513
950.0572506695215 446.98248733795043 179.19820792517055
1431.5644285208818 1152.5352542630737 1296.078346000381
1598.4178947879943 1494.0810514326863 1237.7587600319143
1746.3813929232244 1727.333325197203 529.3028708894694
22.496322314348618 176.98056474674684 947.620078175014
1597.2658786643944 1766.3772007177708 1099.7450951997987
1426.6884844085366 1133.8130467620765 167.6603639409403
1982.6733048613596 796.3711779395497 979.0256851276607
1875.4677629350028 32.574994972312645 939.2105752424477
222.21076062525924 1642.231134295806 485.87499269102784
1845.3415722738007 38.32406263981758 284.3409579009918
1922.0982565149677 216.36040936941293 1298.7454288226438
1810.4855887590834 1040.5494303264336 178.49552334518066
1105.8276886681458 1689.4497327412278 830.7441911609009
447.7464408871312 346.19786320195556 1287.3509954007516
1684.44423544217 791.866743429616 18.88676827763447
1863.074856952997 1750.7906255609216 250.5698883708744
329.6915428031077 1767.3517427273243 105.71475021498394
187.1516844279204 565.6668447164632 22.96530558467863
1413.2232363525195 51.463919209958405 1380.3226835712023
520.4289790652907 1578.9116969624008 824.2976504037252
1056.8406990211604 792.7824342854368 1266.4735353895383
57.80957751125526 235.6660130853836 1253.8464651446282
846.8585169100124 616.371437857175 1301.9083010277939
362.37193999780203 66.37920856217461 14.094320429377639
830.7792220861792 992.2582191487013 404.0449151158792
587.7661038764521 446.20670554641873 1410.7123529292342
1605.6249589022764 1743.0265038746318 1156.4394175696673
1669.5177608084857 1962.7402593086138 53.91611278511771
584.6456649730259 275.3809050976581 551.4911100862911
692.546742019388 1907.9181624672256 586.2813249667396
1587.630084926961 781.2355509139109 957.3591486139264
912.0014037595372 151.73501934220468 698.5415795147484
1478.7842051466396 504.08186446513616 454.8300724132846
289.2937981591435 1067.9399651287458 882.4282343020756
1738.2110571370497 401.8241958948676 327.79901187073943
1190.6026408436842 81.27507833583603 531.3582828476963
1795.1073904210866 1283.0254886533405 355.15343117706385
1342.7695337379614 1524.2899466075908 1188.7116352035669
1069.8089290641983 1940.9253686514548 1018.3467248450892
719.3868621145094 1705.6134705752797 483.6473077106519
879.9241523671737 1186.7792866447849 665.2721677867787
1869.7985479482843 1302.9550356822554 289.89565695706494
1566.458169606605 1640.0201185164005 1230.2051584137778
785.2680956891091 730.007245538065 996.298904615101
553.7842869721441 664.8848965827605 112.59344241715368
1760.4549214208162 49.62730848982066 531.9436238640787
1683.4179463425444 1946.3760487854076 1033.613692977968
72.73604242791953 578.6598534497531 449.2776354826623
41.31839285847572 496.11382602390796 15.83644578373905
196.71999490761593 656.8179962164296 489.7514066027285
26.187276038500016 614.6634652514036 955.261083754386
1048.6791562466426 714.6019601818241 1131.6858947123221
1372.0630146888814 1669.3149215607857 1320.5871907865246
263.03207553337324 1027.644810642225 584.0525692589064
712.4881747469547 1729.4457427554337 1247.1817379774068
469.47849001482524 1094.0765368032478 769.4225120335135
1977.995766805165 257.92328114687615 547.3049997865926
1710.2130908398437 1376.152318481516 543.3408900603999
1900.9181336319202 558.0870783173997 880.9276568025263
135.92462970029985 138.57502853655168 827.8115345036588
1031.6582671988792 1072.7087744761543 675.6201269741085
1381.931585021543 1507.6744522346441 885.2778884413987
19.218651978876622 118.0132983507245 222.42520947312883
1150.7854302084243 197.58727122225127 1493.5900975487061
380.67095627098627 215.9029811987856 977.4663528247353
1852.3492272350345 494.29085201532064 1436.2271678808506
1068.3336454862706 1035.4852532022653 1401.2438481071922
317.82410237796176 1459.9504124594403 1015.9070403787417
1101.586489262085 1752.6286697042312 880.9994734778786
442.02289154310483 624.4385198157971 1364.283714671769
1774.9964664878455 1284.1380782637461 1077.3597949257921
1073.9875282313265 214.85175047481465 531.971908897495
319.7116411679044 773.7516726491705 238.77977403684568
1192.3463782574083 1808.8276044892555 687.808211679248
1239.0387900306541 1028.401770077079 21.112678639513938
758.8784502824466 1582.5964013084194 298.69314338763604
644.5744109166984 750.5086715254612 1152.760418758078
1074.426289759453 107.95805954223803 699.053809767865
1313.0742996369195 1546.9831077926044 260.83393116515884
1652.5719947051189 1659.8484592603997 423.8430960934913
1296.514705003151 1766.8329950524203 1286.015813821193
1836.7002718531735 1780.974090176933 424.55781171782263
1187.2412878853463 213.6170836290352 1023.8135038374256
1248.7700767685947 1537.4338463445886 477.6101429664917
973.6349405139686 781.6515478731623 45.44236348098152
1435.0749318046244 88.6736713928924 1387.974618308368
935.1953248186418 1118.5381874359402 468.8048758385762
485.67014487452866 751.9441299102123 953.1591014258246
622.4626892707155 1884.6019736695323 1381.0925428480077
1864.6679511821342 131.6479969973765 397.63983071401805
655.9315643108365 1051.771917159033 1492.9142207945908
969.4488107758785 454.7384049595773 1210.6618615675986
1625.0317624300244 1694.7859194103644 668.9360416378756
1895.2053045223938 541.7072646954701 495.1001393756556
554.0538592004067 455.3473794295459 657.3165888616056
1177.049510087188 1949.9419739297732 581.831100883637
539.506161186825 1523.2222335786432 1061.3828425617305
317.92832647561386 1605.804290199539 623.9746903716651
1967.2742975832107 1298.0642682938064 1417.9706856736902
253.38146396531357 908.6270502368272 947.2461875260337
568.5393747664286 1249.9943675379036 166.59055709076793
1918.401124017968 295.49734333430865 85.2369947747364
943.7457366084805 629.8461731342329 846.1697295608969
451.1943650180377 1387.5023073486711 1075.5155630008762
1798.6412233581584 163.78701822970453 1257.5828474767359
3.147179125558397 1436.2828469890173 1467.5934930372268
1101.628173492853 1284.2334329591906 683.5446180686984
1085.8125828375437 1317.079124192118 0.49644457651781826
1763.6798395064159 986.1892884892343 760.8897330196809
1691.917734305039 1456.983594996561 900.849124903721
1381.9858245456223 1701.8275744117045 1136.16807261238
1992.5312024994885 176.1662662741721 1367.0132791251144
238.63101204811744 1878.7698164214855 961.3361900212218
1148.1681411218046 538.2117914773537 1478.512931303338
852.2656384238268 959.6243762704318 820.6041939704234
1503.9697544971543 658.0384627629328 990.5862138124285
1994.474634022222 586.4581536155669 1282.1613252162372
30.15870201477999 1609.9052412452763 711.6200069229589
1683.5720727304638 1559.8190663577743 1195.2287916881376
272.0821385741663 746.9171544192217 1251.6369603509554
1526.7563807991041 1163.7665395337503 1423.7167268416758
672.9132427181135 849.590489765973 584.3928359634738
1163.3519815092554 1349.1367314312422 1248.4737116851466
1473.7217570379469 1340.8095034488656 1379.7618321964273
173.51426557625825 1112.6036778116083 546.1211294629535
71.41991765443723 516.8651722541755 1047.6369712995393
1954.5173732866726 372.98723019154664 776.1329710175083
757.2657336204643 1780.8985394629092 382.8575799557074
1166.3281628447596 180.35917808698886 222.49429439855018
110.00249729248846 1485.0281269541645 2.540333006980644
1766.1799734358965 583.2583107406601 1206.8239732155967
1338.1499346053615 1953.8419749390453 1405.4114909966297
1391.26394385625 1878.069875961909 18.325793981910532
246.64369852761482 1230.20305523551 595.5118613885875
1524.3968232771178 1613.2664613504849 98.41447447627122
1389.6076715606312 808.2176777336194 1206.1163776126682
1956.1566815874198 1082.7972007501592 698.98315323093
1197.576230153938 1484.1194098179424 1431.5140665117415
1955.8240867285954 1548.1180887810553 383.96372792652903
213.8736017603322 1835.6013084437068 72.47658185080053
456.03839516845903 343.53870224318797 730.7864418893246
568.2532119679842 1561.1073479255567 1284.0692400400674
629.8791916379189 1662.7800006448258 840.7409422962764
1825.664476193191 1373.8424272928032 1246.3950083395005
1090.2887184621843 742.9576094093288 765.7769182275832
1607.8173404677168 734.0275576317441 4.601306768017121
618.6758436601485 831.6914346408774 393.0646550447764
856.9447524518155 717.5739503040892 1268.7673953400283
183.95071632502447 6.3883485025688636 610.5452072382255
167.38487434170725 89.06998408567613 264.4631652757011
25.5113666472242 1212.2349121913426 125.70360499586664
1933.7911325424661 1888.246616688614 546.3283142665448
436.68933754745143 1836.207187960375 1450.2239687724957
1278.0811348303919 1162.0776577725146 541.9382368412057
853.8395365642062 1677.1660701639298 1388.300599198101
1511.9792394959707 452.36044263331456 10.339089068979678
1014.8481335817384 125.8667974315666 710.4811860038517
1942.2380668589944 684.8943694697798 237.19834751243556
1871.3071703825633 995.2226969985732 614.3620491464847
1118.0616197159918 1345.244154640725 949.4070012966383
80.52915980941845 408.321662066125 1224.5890665320221
1084.517644769964 124.8345911404467 604.3407099812299
747.8930550770548 889.1460179990147 1310.1714426617152
1798.220889986517 1810.241287958921 143.8001467047057
1236.5140604167523 833.8739242889293 1309.4649452147019
1966.1358112908708 1973.4786385834723 731.0085526618859
530.3370914724599 1552.423673643052 1412.868059014823
1046.125908531837 1631.1198026965726 191.2190167641813
525.5188829444724 666.851740179373 1160.76748794602
964.9611364717634 1645.3657095018507 1332.9434139716861
725.7804418891154 827.1511524126545 1475.110066013606
1538.728137469898 966.3177236863454 0.6130335687000721
187.24442942575402 482.80920677872064 1371.1018383903388
1653.3488919025624 451.371738959899 461.13512938888266
385.73507283307265 1281.3990435759713 162.24686688745354
584.2021464941698 794.9774717602571 821.6156305033372
1494.4770289355808 413.0957504159254 372.4903406696142
1494.646619035338 1741.1410664441469 98.93287096912506
1497.9953187271803 1723.2110637771725 1116.8654029587287
624.7018518035909 1264.9987107238856 1382.8087638096881
541.8833391133329 561.6488149557395 1377.8750096743613
1824.8491746292493 697.1072838244721 894.3359808152854
1992.2721036367348 469.99114326288804 596.0737969860195
1918.2957496923384 328.12088787570605 884.5676563932084
702.1603258616951 963.4774049572301 383.2422635589655
1550.1268136905528 1350.7911295618687 1385.4308109971637
1918.4381315021353 63.03356554535044 1480.9368125589203
1314.9516155742433 1365.0303384464485 1224.8568014771577
477.12642009205086 1826.9951061477107 1380.4549140549098
989.6859243595127 865.0224992723892 297.7393220495703
866.7249568185333 1425.464332278098 983.2804506991718
207.77891597955224 655.0357430268411 834.5870286168349
1814.4017119804446 1513.0126060401894 1049.7269236568486
432.8832423875022 532.6111263194056 1484.2519713315555
1581.3065697274744 1353.0697909397845 478.2937802798261
1430.6751557849145 1139.2863577361472 321.4775108844609
1795.505535895723 931.9097280270119 619.7209017476764
1654.1355627770558 1666.1616605548768 870.8452546256973
822.2436446850945 1044.7725525527462 760.3060684466337
1754.5862031352613 1687.202676398449 1421.3150866234982
101.28675412643551 306.4096100125897 840.386530438124
1502.9150721238384 1081.6870125190114 478.33959901775796
1183.7261928865867 650.7251346147389 1286.1214514248159
116.58664183085787 1925.5215996932316 978.3652154379758
1510.4915031801493 1572.3009620549083 627.5161872432278
1367.6517457210953 111.41182324886678 940.6135196771427
585.7434943948019 1324.6934060315657 781.7281337508953
138.2188328033338 940.0527934196914 1479.258830251112
184.60763107154722 795.319577642507 1004.8737778274209
1853.9921005313545 508.27781365735206 660.337455821497
1375.4061144649854 1638.7484422546345 47.8668528573154
518.4544872619585 1307.3386078314672 1457.6741870015296
1640.561578998245 453.43568642121636 312.164592521999
810.745986761936 546.2556955109186 606.8482524835642
588.1300437079007 715.313625210378 1343.4187339731511
821.1914729110397 450.4239868025444 1399.523118803183
1665.0563151417134 1462.4373572151367 1404.8057260260875
310.510321997894 5.1020310391476364 1083.9008793184582
410.13209823866714 1043.140245512718 47.56981312568037
730.0588826587697 1227.630126624023 1000.000557671124
30.44206229841229 719.8363888779251 833.2168393349251
174.38763565982129 1275.434041368856 1309.526438568766
1498.3067222068594 1792.7591801604403 1196.238402831491
1668.6926783081228 958.9040058848697 414.99019524843726
1843.4789705607848 486.0715162450799 419.2190363143903
663.7196826957614 86.25805178961387 155.3934921861922
1939.8523078408784 1434.9886576348947 289.4612272578688
1353.7258029465536 620.9681307980388 259.81153068648985
1069.1196181765054 853.4906197949094 854.6363212651559
395.22028003038565 1675.1806341407598 26.610723422688555
499.97735211007586 1311.188033663485 753.4355688229592
1032.9391784396048 866.0391661607915 331.29202410709166
1728.0286896343748 157.9381867538854 1321.6491013493237
609.4992280902862 640.2335932867434 1329.1679610912486
1853.5477464605901 116.06740309512942 1370.2586774989381
1910.9240678195306 639.828101156251 100.24751961871841
1303.4122824044707 33.04185748155186 607.2927199412605
151.25951333149402 1934.1788786601223 1300.7419700385547
1202.471790311097 590.32802557058 542.1571122938971
1244.3810693267471 703.6545937507422 677.6698472381934
832.979815152852 1466.4105504581867 81.95347790653639
1590.7652287479882 1365.5814310258588 1164.87877213576
1190.3208665997643 1315.7832283393786 827.4616222839868
1712.647301397866 594.6025667028651 452.20083315022083
319.9681196405091 1982.1572356587794 1456.456268760909
163.6677815500598 964.8964780782468 1474.387657841207
1440.0472997345084 608.1916951531101 274.01353422914485
1315.399315506762 468.25351777740275 237.03943709471093
1780.2658111319606 358.0837359324283 906.9802008785124
1263.7001557160365 520.4227451334731 1490.6521241001633
136.06483564670114 100.36107246344672 737.4528347125686
170.2013449410269 1645.1900110476959 904.58823068067
662.548753775505 1863.2403531900552 15.364340884472416
1435.9873846873056 411.20331922022024 1178.9204691253958
371.42001010303005 359.60858732167964 740.922160698585
992.0241931979841 1607.9578141135207 627.0404274010112
1907.726109116109 1474.820274398188 794.2705570480617
977.0949500920407 1078.5483059605585 841.7718281993326
1623.1081410477477 667.2969940525513 1001.6434174174206
1795.9736875500332 1311.150242578583 405.0755420316351
1976.3294840339026 1346.8549471284075 633.8754532750366
1384.3262842975755 1674.7152695497173 46.25423873403933
494.98472268051506 537.4493764723771 651.3351395439993
47.93656345685848 608.94983361132 1231.039830334468
503.42977496420116 681.9569076593159 1046.3939064690667
1855.7667185426094 792.9318426133887 10.19832373063223
1878.658251758321 1038.6162499515951 41.37877934398371
357.53206745723134 1611.406273163441 494.56625522140973
140.0744759986008 713.2999932224966 1350.534624532198
1930.8467799038401 213.17659085500273 716.5961327699171
1786.3441197476825 759.7610446763719 405.8938693413464
1122.1046403282583 1803.840762007937 398.6993818335605
815.3449889839326 1019.6456075915714 320.4211054477525
514.2778559092702 1481.2221548336129 1105.8242912114479
822.5968810096913 1813.8683368152447 1270.7121188023723
1526.3747474007707 1429.1248790077113 963.1506126081902
1478.2807941091266 481.6883790024784 436.18556905025724
90.33860350227818 256.5361349298616 1162.2074576237353
1232.4750077281617 371.36895765135523 201.3831025285972
1026.1306057141617 162.84382920886299 1379.712150313066
1065.0851897387856 417.7646900735406 870.638985537493
1405.5534192482185 1233.5952536139657 373.9210660215118
633.3104958978795 1888.7084700162552 1475.685960316819
404.5131890004441 442.43489788272996 761.0570032633374
