400
1211.821673387667 1449.8915437041321 102.6305661802962
379.84293294389215 133.02405147647244 1017.032295243036
1722.1594247474482 1413.1914119475723 1034.602356761113
1638.3594692648953 405.140945350827 269.47223246019996
1883.8390652773437 12.84315007953074 703.1763030531281
1142.4786469188607 1986.5838744303885 129.75967696556023
963.2566504016995 931.7719689657689 1427.4335919205982
1722.7001864512208 1186.8835956016758 991.6888671472689
1323.4691174209656 1484.2239189726827 147.2806026547947
1476.7887590579448 699.9089838304234 1034.7778123166381
1694.660742991821 605.7584435860781 1168.8425321072293
35.01649023915032 1400.6375910282654 1106.4833402530564
118.66049708901527 1998.9991263113327 357.64404334951956
889.8084649977604 558.6487041260373 936.8745236067656
1289.3124264959085 1283.726158305471 1312.84968456734
1856.3640866539804 991.1439562688664 118.35875547955548
1070.0953648090522 1745.7521652719613 362.0831114293909
1238.3791255274873 338.2669022220075 785.9076713804511
963.5691787566425 1786.4769924981072 282.4411363081179
1724.5309553324291 1229.8539899039674 1258.790525461458
1828.2126468231056 990.4077694765232 435.37674925403877
591.37098103798 1625.9141326048277 1274.2207819571381
848.1500688113031 147.39374001867267 677.0473414871717
1022.1548757676651 1172.8606562713883 568.3389216967803
897.5893827573418 1348.2398040457124 179.89603517082904
1032.2338693468207 5.241969171320138 357.3554989752028
1721.1288368465089 1625.9882624189106 263.8703692173769
508.8201954951659 1286.5708989786428 772.1737004513252
1962.3183135536976 1078.5169284117342 704.2448283991247
1371.2728790180927 1833.9925793593227 446.8192547655837
225.12924335869243 1626.8780281354816 275.3628756583821
1225.3039644974347 73.7201778069061 852.3973708308004
723.1349380764733 232.17292472862195 416.5391747181039
1921.9776363291232 1975.7920026427537 1067.3375684681962
662.7935543658252 1988.4336175244168 18.565742462517687
1488.8033260277525 1199.8123089728354 1052.8420243292462
776.4202286315596 1999.0270483881475 818.8967176153963
1217.0662060953123 1206.125484260599 688.9412761782372
180.93618600193585 1575.1819991999664 22.932097436720312
702.6776147248546 125.0371857583894 1144.5225979393433
1840.6076436386004 98.39548356225004 445.7910963353356
1497.457396553726 167.56862171492904 1303.4838358044547
872.221553465214 879.9655509077147 1218.3678863048424
1690.6270231419594 786.2174273575702 1286.6082713881035
640.89085146728 1195.2768993831817 22.927531600927697
1966.2866451554614 890.8360568623052 336.63221878731747
52.198008060729386 993.2016452084096 793.8109124794754
79.09007504430443 1674.9189371334646 1437.6562441382814
198.40132587550752 1272.3302952061965 534.1311582131034
1706.9781037265661 1241.3759288817541 960.9270162606747
1793.30211722886 1018.1040798697741 786.8325877666696
590.9480867784189 1970.7343247252813 16.942302131467358
944.3253936661118 101.96002488259603 153.51141842839422
1726.936298976169 85.86449562416432 8.486680575798655
31.85867186630098 1792.1661302090627 892.0214867465237
1597.9786501524072 1571.1647594509807 1151.5231722818828
242.25122289063728 116.33210416277295 967.4865340895327
1931.8054140004301 1462.8320563326047 45.00775120734918
1149.66271155192 21.016078247676262 303.67085560155544
531.9711213743727 1232.8780878607377 537.5709143053389
86.5140102953612 579.679100734118 1275.2196834615547
1870.550725827063 1608.6262291273101 499.24153309784106
796.0383882459896 1842.0871806480534 1224.9387314016353
411.329163821311 472.14296054279646 1283.979395226819
539.2657974060648 1372.131297173093 202.4394760031727
1593.074397810743 1957.896587978364 1087.4788254009163
844.2249143723215 510.25684856873687 331.5373280910541
1795.1881868914174 1044.0860579283049 830.9130806224147
1682.5725219217352 1628.8747362070912 343.8047525964247
1231.9862023590854 1619.9014011377762 1210.2120961253709
145.04781802239975 647.2331149100258 1303.0099408926376
639.8022135404677 1593.571741017541 662.9606904742232
1589.177616090985 978.4092833354064 705.5818287259538
1687.647756153591 1205.766682762147 691.5922066256917
315.6479521146795 1428.325385104981 69.22746128620389
1764.5147547345152 1861.0592976614485 1488.030513168874
1551.33298903486 1279.807289737648 1111.1999119252569
579.1947115358089 951.6019025206648 202.9494179260942
149.1213874667112 1566.0933145741476 140.33400405592272
898.7744419280103 1306.3933820766788 410.2332073765998
1193.2089103947574 366.99348743588 1280.9569214999683
214.48877099721608 520.9324252552645 506.7357636527219
839.7821246386259 1787.1659973276633 853.5459956163066
1338.6127497136458 320.6337703854565 164.63447133178204
1695.81498219666 462.04351023885204 179.07124883144897
1661.7463662553175 1137.9007292265685 599.5133063121478
968.4640408906164 1185.461262219787 567.886964382052
1508.6701017969394 1833.744501137196 599.3633354045776
1275.3513437373645 1487.2644493310318 987.4435129643458
444.09050203620313 576.8629841858575 408.7908419575852
1295.616399883315 1865.0736653083977 805.9032556648565
103.16191452073942 1764.278303926868 592.738777617823
612.8431380039115 69.35908138746628 103.77756631949114
1581.293920737037 1443.5867165473408 19.46787593319038
1368.5865818367445 269.26533360201944 957.7276694531374
1247.5841302146287 351.0665577514167 640.0352938298136
1026.730456929298 442.47986997089384 1389.7119047348192
166.07544274361595 525.7483131471583 562.90488224327
1351.3415753471206 934.0409417150884 355.79610277615797
698.2661787143035 1855.6316032480631 654.1574804659333
1918.176889248267 1884.01096806647 1317.3833402175721
501.30582113801125 868.9101355892408 932.6610069744081
546.3413944006654 1784.2162152909495 1076.3119528711657
1621.3635258162446 1296.5476258043927 526.6424339429033
709.1690319333863 1217.0732314398904 74.56671118292223
966.6987888587872 1512.0732279914196 1315.005417575869
402.1778746100226 694.6880759456875 136.79598794705987
631.1210426947144 1753.761570820307 578.4574751590853
1340.6329447123085 429.46524448324254 1221.1994518918743
433.79115046440853 1383.274786847867 758.6310897096998
1994.8468839914804 392.3538387299108 71.64942575628453
459.3322463175975 1044.101705468435 445.4855916256814
1824.5581978302082 343.64657002486877 601.9289252022074
694.9531927999468 297.0983965661935 709.6039438450373
192.84113428746076 68.0843027397544 372.9520878463968
816.3516607829541 995.2573112854792 950.0683419315768
1677.3581858254327 834.7849814995765 91.60115767336508
98.29920985035368 1766.7097278894298 22.032080680264354
1158.3198715811718 378.72955709944466 774.861362262118
82.24227193854072 1191.82309901215 588.6277920854958
902.7139421108969 1673.034528412202 1342.9209521263206
561.6886717961056 1576.6564888467635 205.97761883263854
111.61505163084229 1765.6755993656188 542.3250713094208
1533.9714903490285 93.84671883831741 501.4665505798262
424.66617490084025 1885.8148313396655 1392.3423364719301
323.40274937747915 352.14910486516374 721.3935120114018
1124.6714378316194 912.8236700833911 813.3359880559365
1511.2761981513793 105.08785396093035 644.8773863362641
882.6183350597256 1199.403181862803 1005.7914692891381
1890.33227510408 1206.485312878009 100.68960502563928
883.5597852389539 162.96696494604325 1268.4876995459495
91.76947466921726 1834.1540244296639 1374.3381286927538
1897.7041074686601 190.12057557508388 1477.8834150803161
1816.9780878887375 1779.395110038877 1455.7377241567528
1649.3787931137488 471.6485515948199 17.242311073893124
468.88984528706914 1751.3402333493443 921.1027749997629
1211.122422523085 1534.0946346010019 1210.3686340098877
979.9944483750853 1801.9473229368423 807.7986914829919
630.3747097546069 351.91694653784623 823.8571429832735
249.3901607766662 444.62958965727205 780.5216293556417
1247.5983827392836 116.28692862290623 701.8054507531466
1489.0937053587295 1386.3548462742742 1434.9440781438525
1144.666866248377 788.6775806877436 1464.0999592979479
209.7294593790313 603.6499893321254 664.3096042870221
806.3220892480108 794.3009910779664 281.7142548165526
1803.9326651137608 1345.5565965016049 433.89011526450304
1117.090616134245 1708.2352933878308 717.7718957098336
613.0000434251289 1016.8972995921031 821.8424649317957
1822.5110189475017 1899.4207983345543 24.579922770328
228.03540152096224 432.9616122490849 569.9313768136078
1443.5536926918999 1509.984123234331 432.2009348474811
1323.7588085164641 252.97394624803493 1098.269598209408
1587.0863180927756 292.28121844141384 736.6311762818835
1004.052698476625 965.6831003321867 1374.9597222237594
564.5257916402202 1698.5522047060297 50.17914353726144
506.56125456685254 1869.227223191661 352.32837976661705
903.2407766978938 30.4736920842672 716.3243488132557
637.6354480377942 1275.293366248599 1454.1043633538316
840.1897996797942 1041.9574090856045 888.021793402941
1895.6081919998976 321.9017412460501 584.0632123188083
1551.5956146944577 1024.0869844265883 893.7697565614734
99.87485171750987 1900.9731547802628 266.8900159318617
1366.1498040650335 1684.5576817583815 375.29886480120734
1231.3395415824368 706.9002573243038 223.54850973314677
1945.1786088709364 662.9760008775929 638.3049823473411
1812.5108389446339 838.1610050486174 1070.3809285997763
76.64493508527781 1934.8815993496419 1440.6595821091446
739.3161844391112 1031.984500657502 1214.2503946482027
613.5716228859118 421.7762953301016 1379.0212077389183
843.3148968800392 32.49929633126136 1368.1751670981494
949.8089780299954 1584.7026984929205 1314.454616225228
122.32066944166742 392.40240538801305 1268.8939370828584
1936.4202338706618 1051.1573228316984 370.0180757113456
1787.7759784167774 331.75871521095314 598.9033045143458
972.5766622185325 786.5532591573317 1325.7994449637083
934.3083744797209 908.2415334088836 1344.5072306718257
983.1888492644234 1777.8467151210857 607.9673820057856
1540.9055202678321 1183.4151400954797 291.4897738760999
1965.5963192499207 993.6159253656778 655.6183488422805
1990.4531822971808 879.3940724967326 937.756022392012
738.2821780862134 1447.7889005206018 708.6065663568019
1566.0360081626181 984.7615989593437 920.1281642668187
250.19138226720173 294.3592691496815 837.1862691220001
576.030923872147 118.77449325723744 501.7051198497452
703.9281880266077 1007.5672337445185 1413.04282727017
1967.037239482174 1069.6473240441244 415.96690467236675
485.7979537806065 1685.4615377549605 104.64400098729504
482.72828100410356 550.8902331448243 1289.7363511477254
689.5554220008611 551.738527070774 924.4641955338406
264.65655153365117 1728.4901852019661 1418.996674990422
839.835600241037 925.0425913952791 1081.4436315705111
1556.4789310214662 1384.8083490623735 1384.130154366253
448.68960498411894 76.67905129537522 511.75881153028865
498.2042953820844 768.2651388350064 1053.5572870360143
949.9126229114044 1507.2380573315002 286.8647185392093
1315.8430203171927 744.8078869007593 343.64342050824035
1278.4366014110994 1991.88219195714 1221.741340216607
1466.143718632126 83.59012367133145 1393.7401461187437
864.8624505886851 1565.2848416672332 243.23698342158622
1665.0594819355306 755.5095929890865 473.5275914785366
1922.6760307961174 920.6181667218208 1083.7682565416103
999.327347787264 188.58794572251747 1317.0691700842908
1196.086182463713 1038.6613227483906 427.8109593912067
1693.6132187122507 185.23797343509818 685.3638419354625
347.8194185993657 648.3251127927581 1212.1790172731708
1638.2615748017404 1080.2656400193175 1121.0557242843577
382.2518739209264 44.15674177945172 752.3262665364948
1088.0989512462395 514.9788588902717 1084.4676274321866
1062.2557181696054 1349.586981916479 138.26593180322527
512.0237417951826 449.58985572392595 617.6618306505571
1883.4006825043134 1677.1359785547825 1337.1171859604483
24.18155391128107 1209.207227866856 169.61357100289192
1283.9204573666445 1316.8211726595673 1491.6388202683297
1447.4463479268043 539.1150350062009 947.326605031853
470.37004018437887 790.7263568266231 350.1615655508949
727.0171524924667 478.03842342903425 1469.5768108265443
770.5828385536588 766.6235897192644 360.3851623573699
264.63560346823465 395.0885434740037 1100.6484702759105
1343.8068633721934 136.71892765740745 761.8639508445619
1270.6227713317276 1650.0067263171873 939.5194050126383
1053.4678604367673 1185.0232293013419 520.9451237255079
680.7622791474084 1971.7988118556016 1150.3787785198358
1658.6215537332687 73.53159230112105 5.07175484427147
1128.7706776777507 1491.4708553092844 1366.799661936912
880.8882685701891 1697.8293742384003 582.3636866298688
1979.7646060648674 247.6380104844478 1304.8270687220331
1098.0116415638865 1128.2306692287273 714.565261469688
739.9608061470526 1635.1382714295169 1166.291345560982
1976.5994165374393 176.19476705277415 16.262043189197605
1056.8699036746898 475.66201888363844 1375.2374900497466
957.1811760258338 1231.8674072325873 1038.5508096235503
76.64420469930432 829.6654951343223 1004.556787015433
207.40096154447008 1143.1190057472127 292.7753777202748
889.6361616376076 1989.0217142521242 1114.777398884862
582.5096849552707 808.403137882163 266.4856812065725
401.16195252686236 85.6446020170465 1121.829880324826
464.0291129420278 1531.565502935219 887.1267986052252
916.235012737185 10.55047066171877 873.4072368787198
1839.0087878056233 1998.0579005354489 322.26671638557326
944.2843822124119 64.17973282235634 1353.6112777794915
1193.409067049555 336.04477346374284 1159.0241658701505
963.6289572929209 1716.959623581711 1162.8725364835595
913.7843588008772 1691.603745570298 1040.7781147534133
1504.7471252800556 1422.5369476937801 1022.3653404961098
1880.04021980627 407.3923172503111 519.7574545692594
1955.004392429744 1406.500310257747 1296.0383890595394
968.516194498529 1133.33443026868 486.8705057894906
78.56451556603994 844.1727406208164 693.607225672983
1390.9392347949297 786.8627425937877 915.441482991443
363.0751586835137 1248.4610815601757 1261.7953145046806
977.5906767131654 1340.8068940774197 1333.4786596867245
1243.3504494098397 1709.993321258635 443.6652918220394
1957.4360277866754 443.99816127044176 780.3760774322352
1347.2520967129421 1942.984790510444 1475.6742858321452
597.2847413874651 1163.9253350045667 404.2666662235132
532.433521393066 126.83304241671101 605.3648397877349
1596.8802525517028 1878.607571889196 894.1968942878897
1443.4836755403026 712.6391779655999 298.0016316008098
1268.6898327658478 1552.4890675516663 179.9175908166415
1135.617692755209 1513.2139716884242 1011.8314415438167
1287.6874577744754 1056.9305615038427 1469.2831993686248
591.1002183267777 1004.8404751159381 962.8708438120354
1430.8038060863792 1740.306328935915 596.8525546434671
1322.9686586758248 590.4531482976864 501.6074688686273
1122.307767888169 759.0188358913308 1008.6008655454688
89.07377343795919 874.5895854319558 1124.750289108557
1211.5125255382036 944.4042788375652 1309.1087963929722
1227.3195165207874 1450.8113389366813 1490.6550215958343
1926.9047357604886 227.6419683258686 17.124775753205647
1127.7834438876675 1130.1231196661645 1342.1890424910714
1365.5884188762361 1942.6328571222396 1381.2060046354234
1185.1093433985443 860.3874533201692 1334.6996061845402
362.3554159998876 761.4872218390991 7.1709584868537295
1723.8679929521325 1105.5086725490603 1068.5996262102435
464.6880573739407 888.0966248444697 1418.4400054019097
729.0021297101744 1389.459823633641 66.87670736370038
299.4592452785547 1241.6572380312853 382.25646070800144
88.2980361229586 288.252555192388 1274.167740800972
787.5996687118669 1785.0108818957897 78.50364176328894
743.5433605413808 370.88895969665714 739.21557223276
1403.7568979108657 1856.1832321594297 522.5394519003519
234.76950308862166 230.58539402111379 776.276671716418
1675.3546341662343 245.65661280774088 1003.7990597226625
927.4761367978788 1659.792266586046 1453.2438794521413
1216.0242333111046 112.22592505050422 1023.182036735252
589.5136849003992 991.1766729434141 268.1120305752786
565.9614172878851 1358.7150167019402 54.13518843414222
986.2538867207215 530.4057985354325 131.63462815244864
1810.9107126611618 1628.0152052620617 1453.9189847532816
1749.9985873464284 866.9315797508117 1283.3657344195244
1430.8479516577977 31.872364190945525 604.9889485756846
647.3435623888572 914.8715098205851 703.5705132590798
1054.5426224617925 59.08368571408795 970.2280422508651
1689.8053812376033 192.58666794419898 1345.6760146550296
1050.1470946994502 1062.1283707541147 464.2784717789022
411.39249157374394 1430.9712514434702 99.2333354255302
1963.178404335098 616.1646476913951 1087.7149701737212
1875.50550586435 951.5739670007322 387.39781890540485
1629.9348015860753 1530.1876156370618 992.6894744897297
809.883650836487 914.5221713178078 888.5574481355771
403.79936545449357 877.1776485141673 80.64047408988407
940.4619116690686 236.22178303044362 468.0097283513116
879.8438374728803 1416.5812477764403 200.76241039152615
15.27814720667231 231.75915304195226 764.5301592781151
936.3263579914549 211.1737840318071 1198.2416424556427
1839.2694362732661 1826.6184473130004 708.8839606582139
1904.6085640592473 1354.312320472733 453.62176445162527
1875.8169959786446 1878.7361763853874 478.41748406315173
1491.7054941004726 49.98051888470134 1191.2230530268141
1572.5662069058046 1444.5478157401024 784.8456812880088
1975.3849149508198 165.9954144743958 301.5840135052451
1841.2725908118912 1071.1708114577389 319.25838391761715
1821.0450093315267 835.4865959751463 276.44058515533334
352.80128852819416 1650.006394143474 230.04298896617365
1781.0031078726875 786.2144900676782 1026.5655329398564
541.6966696335248 667.6190183706343 1136.7959655355203
178.06047813628444 919.9505041664194 734.2386391378684
1914.3840898396413 52.613033713097444 472.49634137965626
524.8850866466854 908.6600763195447 1158.9090031661583
89.34902928932642 967.5318909179582 1396.877138195186
1016.5160978538614 1614.673494942087 1058.4891089069465
1473.942493437595 1522.401503920725 409.4947912956873
305.40537254000253 1214.7956621189576 1469.1761532808835
221.2585684474484 1503.5560128082855 1349.3548147098986
865.8119937251503 1878.0724521429693 1386.8662443560206
1637.9586874185113 1237.552038894108 1498.1320621929553
830.4366823815606 68.70049607013762 273.97973995065644
1109.6942101452764 1269.4706352460128 287.9606722763411
1350.4632114156404 1554.6414893240621 900.7540732687427
1391.8236832898197 1563.811634229524 241.61973317767226
638.6975253105791 1852.956745297545 880.4963990404714
76.60028083454473 374.4984947971532 879.6409252791248
592.6008760026424 1141.4736594485948 1450.2876444727804
1084.377617028484 1205.0404751469127 398.6574973563318
152.43726091939115 972.3965784963937 678.6576933158896
1245.525343856522 1494.103805174052 1277.32296678103
986.9960945770026 183.9110636169601 1449.0397593287057
1523.0438755318262 1712.2797974961163 348.8134130779181
1656.14456112342 866.5618156061083 1248.9231130871322
45.62737964525865 740.0493651740578 274.43776995348355
341.4439335540558 1621.8423444582002 7.511947900187388
1969.9859216109592 1799.3504596901553 104.8014057686959
1417.4246211787427 114.67659596323854 1270.0578659118423
1024.0937431467712 1764.5743645956697 326.19996240347365
1011.2437621793575 336.51017228915504 947.095435057549
1228.7406374513141 404.0940707547571 696.2214294666786
550.9864698574773 288.1650067446866 63.06289524184788
1275.617175652377 598.233393594681 742.9558814167227
1315.4535930924278 816.0207723394808 397.03937738352477
1507.1950224480681 1127.2714757647248 573.8341449306351
931.3805489594645 1610.1749445304254 48.514868975337635
1866.5851233386188 867.9491407264444 1066.4092195786573
170.95267459841733 1690.199251349315 1211.143946952443
1864.2681902233871 10.800319928698121 1488.5392777560244
130.74558082839528 844.6969006529173 1117.7439900354068
1455.0344436163364 339.04125697319796 319.0545177477141
1167.577683133801 441.4272120307601 431.75457353305234
630.3120889668754 934.8923570595291 381.08242250369517
1633.8831251277147 1202.0110996205 400.6913120116719
1263.0865628971549 1106.413466131373 207.75968354741786
99.73535156570024 304.40862293503847 120.39370044423437
1472.912187767728 461.5810751475951 467.6616031678303
735.608075345642 278.4998732813855 229.60093210810305
1694.6586370596624 1347.4205262913088 1420.760468932157
1818.1420219606644 1563.4264417011054 1280.7595935759334
938.771094599222 1319.172051226418 143.82125766314542
80.14724614630796 97.54285723000345 831.0608645676571
1707.6989982678595 1273.9657986527984 984.0520475153072
1152.1805190438838 838.9905165069463 276.37505112321685
117.95466875056127 1252.7392813764775 1216.795837141626
76.45735696100186 425.1748296781992 1423.3258730095927
695.9780490464495 1843.8122742352305 579.4939504448035
846.625088606016 1281.3211404933381 166.09160371727344
608.2846062737794 1148.8540812499327 1155.1614937333998
948.7318189731407 1400.438319288978 287.4575033291238
1903.759884770434 398.50793546954463 530.0868160518329
1277.9041325680016 241.8355462358446 365.8536355009388
719.3421452589563 785.9392989291376 1173.1170683688747
1520.4072523990462 578.5886718215958 442.55803991538767
1055.6787993510547 132.715275035856 205.35576679417673
217.16700731258243 505.76820316382174 1023.6527232757459
771.8831685685359 987.4458106610883 488.27392087824387
316.7597617932463 1105.01736096596 461.23025008377573
659.4640629119832 1248.2687895827496 76.46041844432317
335.1914083532317 770.8818546019962 810.1563331059904
925.5448399445852 275.5619951413306 982.7860730510237
365.07285905992416 1227.153732071087 936.4134650398021
661.7571925614513 1699.0414572265329 280.4874318943239
927.3753560722727 433.93863308701583 1337.351311066055
1342.5927756929657 1489.237870209599 1476.3311478387802
367.30348904064016 407.63716331491383 1080.6642111221067
1248.1668078963241 77.98338073316758 1201.1115739986883
1356.068582876055 632.1654927016239 1221.4845912192575
1528.8922098292696 689.0652041427163 1200.0195234420867
156.37779062491197 968.3555006074225 857.8886909888339
350.5835968436599 1548.756543424851 788.5821151107834
160.07619943586525 319.14188407112533 75.92610119657556
1332.2775431418625 1669.4813038767977 881.9335628299614
1490.3278726229596 1577.5525925386949 33.01835855433177
1491.1076567861153 1483.4250224729465 78.64660945630469
