400
1598.5924224807018 809.5590808123898 1302.7189822778785
1078.0793589748355 1838.1525215862107 524.4821227124147
165.5914482221905 413.8421751586994 1402.901545457887
426.96621915762665 1830.2817721172203 381.1098133869822
1711.3745387820045 393.27547933323 525.5958090137606
1998.295701918543 1871.8584057010598 174.35372802326538
1635.10854559543 405.40305757560134 921.9705736815051
1267.9443849632369 839.0833068096002 745.2152712989287
541.5147261494855 1282.5344243209329 343.09832689346854
1973.0330016700916 1577.6507819844096 227.64337833915778
1557.5500987167748 1157.7440111212743 1244.8047071284282
1861.061601970994 1673.5049325527996 1050.0601423159587
1938.3241869285303 1386.2652582841379 325.96577672427173
187.56223683601348 1448.7304353724567 15.622825210751257
538.3839919183501 1526.5675457669777 1374.9985936176151
902.5284042547069 1694.8081496557043 64.44247708113821
1538.655258802843 1510.2965093001012 1099.8968279489964
374.92288721523903 1098.7304895543755 714.2635963564455
1319.125629748445 1895.3307016351914 100.47435205544159
1203.7356341888444 130.94898743879725 35.71810576663553
1418.3535898269272 636.1326683565362 646.6108105989268
1646.303983705844 1225.4028929409722 319.2714414400756
1851.7357564342426 692.174919805814 72.53963966928218
1017.3452597609645 162.5418684592568 803.5642033255621
1585.0070795445993 1619.5129200851595 778.5348407341382
1738.5005978642146 1539.6902084094665 120.68644836735365
1918.3236980127417 1023.1636785359774 1129.764310167872
1754.105874698269 1618.2194767680478 360.51280068605075
1256.8183610612416 1234.3697808736556 299.4481044510515
603.923546739174 1674.300754343503 930.3572485956975
1331.9183930231084 820.5718825769654 1456.1456435930143
1911.1030261546973 1244.8117563391866 1477.785339873872
1043.669659571093 1296.6224980862783 94.45178414675092
711.3139250670448 1043.3891104972713 612.4077726162651
877.6342180121118 37.53659772930051 699.8143240461434
1480.5750166930452 1424.8126545056762 688.2082342627895
1170.4493779747684 1618.8948186651403 38.99213627770354
694.8714810677985 1067.833684187493 387.4743957920509
1948.2573173373946 1430.5994846461388 1155.9075862875502
49.353262671538054 1483.347970760083 1273.6228668749636
126.44104838267877 1579.866674334095 766.0747178072733
423.9433953351353 1962.9561393644371 938.2879915481922
15.955517770418481 1723.9510666751346 886.3367681537043
444.39926880320235 554.6219587154612 500.9854270344568
954.7329279581548 1312.773273476949 1004.9527589369944
915.2084712759668 73.18759552805854 642.6445277442276
1230.5073793195877 1983.5630938783802 334.65579537351584
1575.9263827837963 595.6035867982441 364.80907435736316
1768.1145498285534 1260.583770821906 182.4825604964541
1751.460881094016 773.6054928539784 16.997704296812078
1052.2168706594916 1100.9832752752725 610.988828626712
1847.9151534106768 1404.4707187314282 1471.596431761737
911.6710887762242 919.2405207313985 1483.71657799979
833.3925077311067 1328.661995946372 36.10035562291597
571.506082574462 1920.6648962108854 170.26990782831493
1031.2815245136956 409.1235223921648 26.29518499789707
897.5116841281858 1476.3009072487253 543.3221932813015
1026.381124959286 1329.6102052152178 53.796461996398484
397.44906147607617 1027.8601920141584 338.34434361938366
1203.706274859324 71.7549863249276 494.8830395027548
322.4943415620196 126.70956537985312 1241.991990326805
642.8161870630848 812.671511607832 415.75279513558485
1205.436231276208 1663.2163265071463 126.36072985521358
119.66807028688442 362.8584598304987 1434.4345965851244
155.92483925730826 1526.1684946868365 683.9689904089888
1561.844640505443 691.6750640864673 736.7564596774345
1928.6323618553597 184.37031498148036 311.1972190459024
1305.920270179801 1699.9127199001948 1066.1903915586681
919.0149407451678 320.913153204831 1344.4255480821762
1887.8258274235095 872.9561329976423 648.3943782738704
3.759917081148201 548.182439496957 151.46445489173504
210.1952236604938 628.6715491835757 667.9265101129256
1014.5640911702287 1099.3583587425503 1251.715079525696
1499.9862479030844 255.73905888070158 324.9678308263446
1155.337977799935 1334.3202430593344 647.9148464340277
959.5451553849135 1409.9664000471482 167.81635321933302
151.24832474308047 904.8518738045193 195.33999727347972
263.5046818571325 1633.1397357419723 839.2004648585365
957.6170251248366 1598.4461742177043 931.9361072821289
946.3871926004767 211.96000623327183 6.685993444449034
490.579898449339 1322.8706468945563 864.0512293918174
776.8908749771699 399.0043337058893 69.60133334376006
374.1564292991655 602.4539941212558 1473.3305386733143
1234.6949222093356 1285.5643976407302 1056.4351005816186
182.64406608961403 1823.5323940676901 84.41814820738158
869.504137556904 14.241101040928239 1167.164924710945
1966.445006781182 510.22557254681965 1149.402891448105
914.3052228425504 1154.455101144705 645.5382147223494
566.7362399513187 907.642226146838 821.1112597426211
1668.2622585988865 1335.2494429596497 813.6232641825699
1783.2764815377031 1134.0080571478154 325.79074753238535
1571.4758932240902 907.3376406472375 161.58312116317848
1472.0260919171053 909.5272501383982 900.8896505555449
305.7560343223085 1168.824747300502 87.40123466107424
661.9561103223859 1023.7909651047202 631.751582152918
940.4120037339072 1765.1159028439877 520.983300791593
362.4128075281945 1308.3963693604392 1437.5460612415886
644.6870114699336 1940.8322334334232 371.22550388520216
1654.801289414972 1372.9246174190093 557.4503476302301
1212.8037582659251 1780.1880081427748 239.3264793871519
1857.7684902525507 1682.6538254332918 762.2515957279994
1241.065464538311 717.3477958863858 1098.5687571771145
116.12686162853959 1908.4945647226812 650.0460478939999
1689.3583113074974 1269.6008819463827 977.9812042036259
822.344745488786 1185.6003500870388 1457.1875611479206
1074.9835029193916 133.20497321925507 684.7818599333141
1539.0679711976702 1602.1355913409673 1178.3872744838282
1962.329427699097 463.3344411162812 1462.489356433878
678.7643475777785 1115.7568547496492 1067.9613430933648
1966.6227905032454 1373.4011259611714 723.260274538903
1252.0740703744812 798.199946203097 1378.890156801819
1880.7579767755217 620.4371325149409 1191.9023142135952
169.80737802252042 1975.3408109560496 916.9512506471021
723.1753752377206 873.0562300955793 1357.0307312749392
160.72250306460845 1402.7541017617027 352.9729063251378
935.7412006703762 233.350972442538 801.8900888092309
1913.0244507865084 1767.6752858590264 1057.8144747098354
1526.7457403601752 724.1940068173134 915.0920076637655
1156.123215672391 1918.9877413474487 538.1793503865274
1766.5437123483441 1004.6817945974362 584.7761567681703
431.0790552115649 63.038703468925036 113.4656599200905
1032.1553735318948 839.1369617496523 314.6125188552258
20.541157055361747 345.93951765819344 1419.1939462388366
470.58142264216764 475.03894590403274 414.4245437885945
764.6192112228856 1477.9097116146445 219.62603433277488
572.794648895408 114.7798294859621 1455.1531524298223
1899.2727162947103 280.59510988597583 1132.2254122256031
102.92109987040376 653.3804208636751 1190.2982910876656
1969.2976959025136 1324.3135568290688 1244.9026284397335
720.5775191037285 1302.8399350418874 41.85591469957534
1069.4137532194673 1079.6375413983553 1471.6517687274359
1668.3132619649916 60.24416059878512 494.17807269348185
661.3113704870534 1628.0482097024947 720.6138906586059
1902.0868418218838 1671.7389720843094 634.9022587126877
1100.3112347268948 1737.6482926008262 478.70684294054746
493.94344100208644 719.5514167304449 454.8813100418126
1813.3711182963311 1378.4093625068413 136.80551819488213
1879.052608093025 1588.4261913167538 951.1403850007378
1227.5172848214324 130.43284687916224 1464.3905526540793
1765.02951417926 1219.6428113510683 1144.1517907758944
1204.338039738598 928.8143040916748 1289.1303326852392
1734.5378288834956 73.25598841643166 76.55883656480644
649.0318190077664 839.5458043341073 942.8017160485741
1766.3780039328217 427.7496260767357 215.25578615377088
1541.8668025908412 1773.8179353081393 566.0217930609593
871.8317222159757 1473.5772952811712 726.917571382601
905.3313786655146 456.30014969314647 359.4498892553011
1365.9309182501422 534.6883309094634 42.700814469569416
198.29579918948093 236.9776685511711 283.16523394489036
1172.0373312310671 1124.1498179743407 1349.964262181083
45.30484892841824 1268.8158029704466 50.37122830644913
1889.3578128709144 865.7425981024329 840.2778029346296
339.3950240307448 646.4573482229623 1455.3015596730522
100.77588874381993 1868.4538004889775 148.281308819645
1453.3596080098705 767.306619806913 525.2853025333557
186.6256038980818 815.911626708556 998.4468258128746
1666.058061562354 1306.3407146685192 277.7397188717916
1186.3998861919627 1415.143565334146 858.6509318619829
1472.6214139441358 1352.0716066697023 1271.8673340955932
1601.472149162973 163.87907425011215 1334.4243429352905
1366.632035151526 1002.20232812543 799.1100933749871
462.27888571969777 1268.853680026027 1010.069371747184
1345.970585180656 638.1092665683676 859.8854586048402
641.3297376839884 1687.7896514792112 1347.4657130830885
959.273382312783 709.7377124665494 933.8099890203073
160.60690504107654 398.1397411844707 1341.0628946348015
890.819671278857 771.0413113201189 1345.6107699150532
1954.7613828807619 842.5652451023991 1084.7604199291989
1294.7998245168399 1767.8736881423572 117.32508732227248
792.4136204495516 1144.847607876604 1392.7452200610637
1870.216838134688 485.1352472209922 1393.6107165649669
494.3171421499919 642.4064492841619 155.7766778901748
1569.9432660424636 660.4430654789712 598.043452443594
1279.1161320555104 176.05477077471022 1097.2926327401472
26.95999671682059 1327.642361272538 749.1733974561552
1192.7631312982921 1485.8437214303585 91.37670844888329
716.6782599707789 507.13965122857843 1092.4047348963034
139.82184806844856 367.7960036368435 635.778911629906
94.8365103045794 202.0476771798092 24.522889507920198
1958.9645032930246 1494.1426274753412 975.1217539011833
1421.919154019469 695.7372421670398 1447.0269651151343
908.531484047791 411.1817825076647 683.9202924094907
581.9734038511921 889.2974166645056 1260.6838072728788
446.8411468121174 358.80846569120007 1346.9286776666213
392.73000142990423 1073.9305877035606 1004.0371004887194
697.3020381140076 1126.5518717867458 985.2186136968346
1999.0232263707248 1069.0368824226505 979.2385579497277
377.13418677585463 339.5249245735339 123.53415507405224
1427.3051628250537 1918.4659363133442 58.4839124251183
848.7626330183014 1748.0206154405112 1116.8215806399369
146.583525174359 1784.733456544067 850.6919645565747
934.5556457643231 486.2390508601908 917.7668658972467
1050.9854606751655 561.5408668910809 109.8338205114618
1467.2943974813827 1827.6736166328978 1445.6223285324427
1002.3826437797729 673.8123305827808 1480.5761027313997
12.51105754013504 266.93146490723785 251.24204965514184
1436.1388617906182 19.831085210073375 567.7239700833544
1825.2715220168002 1412.2027016152995 605.0932886460314
1981.9641365476577 462.24128816670265 490.9722469694322
786.6894940686828 1665.4337438656453 1380.2176780780437
1717.1538783474646 1646.9595714156278 886.8036905080339
60.54557006285943 1256.054119023548 416.7908226080808
472.24200787996716 1639.1816739558271 1236.7359922479686
1783.8115039449253 1595.987220814481 966.6682873291918
820.3176343515455 328.3924821879658 873.9011122992069
313.4687266907461 1494.6018253321681 1283.761984206802
321.7079709548045 478.61863870762613 1458.9981431894041
212.51205065126234 679.9511468058807 215.49515091310906
1337.1834556518743 1496.882425559819 68.24140273616797
349.5798623373356 617.9347892951972 762.7460273785068
416.44406597880266 408.49903839110493 457.27685933943417
358.55729306688943 1191.6082330714855 678.4964723686127
1827.5255315010922 1015.3278001171009 384.26232796244255
1203.386001456966 1647.4256230846747 1443.1198280369636
1688.4728792959322 386.647614405726 323.4178404977708
1366.4262737581869 642.3057095634457 1171.6338350095946
229.79672160941124 1108.30634094665 564.8968570257547
1944.6980173831182 1178.6246765604071 60.9460096832779
1750.0889484171062 1231.4113367209106 1351.4708646122356
624.9306520863984 421.1816607705072 939.809674616717
222.8556149085539 738.9125070403693 676.9350977206658
925.6725678885039 370.5030012627526 538.9196849266102
1932.2751396111828 799.7358989685667 40.84360773086965
236.4177115732211 1362.936322786553 250.78385264173718
1583.698762875677 1943.0802350076638 1212.2040639258855
1471.1136950424016 1249.075147872704 130.36709924605722
1499.0545662450295 1661.2553656505936 12.43630579189131
754.014298142658 1989.2958072537392 134.03178548541976
972.0742395716337 90.97590350022844 659.1027400821077
329.26259467540996 1335.5101993853204 471.79895413396787
1279.8072498440483 941.6435002637069 1041.7664018221537
1747.4584838876328 1517.425760854141 826.1217792196843
1588.8939337152128 1805.5947809867985 1387.9778551511172
1500.368647924851 883.9501577306736 1180.140648363508
87.73229449369867 667.0093704361368 234.20511493220764
1308.3850689780877 1949.9053788497276 460.3880136456435
973.45583417008 406.58902886973203 1363.2727803084929
1639.9868454229247 1481.4748843225966 60.61357960720254
1679.624930685899 21.140283413398244 1239.5544464405662
1542.9168995593004 699.1517077972292 458.8407065346828
1158.1690591056354 1728.2862744601316 885.623074510314
269.36638745527677 1678.035426638211 843.3174852087301
527.2996038449634 1461.0491310085706 1319.7166816409217
215.08605217020204 643.793373745567 905.451999770377
1741.1597013008256 1616.7333527011203 39.7224219396286
1637.18984886187 72.01509455077093 1211.97699536827
477.76062208776193 696.7969441960431 734.8614348858192
1458.762544133517 584.9580076659296 994.523950886616
604.3606155542693 659.8047423218327 608.1571736929747
1368.5236596679563 1089.6357446176398 863.3055442843043
193.33937389869416 1854.3903607447435 760.3791494763068
769.9874852066841 379.2821093876846 156.92118626823265
486.56503955346886 1597.540103047275 547.3311494594006
1440.2559845876365 1103.2348329718875 435.323336687442
1489.3441629970987 1638.5053899134955 955.9476696071333
1459.3347362380562 1434.4057809159297 1317.3649114968125
1032.346978198337 875.9082439270918 853.689334855483
738.7288376074417 118.25831989460033 279.48336683558455
92.99321019580754 1907.9725113673492 1466.3765418001567
466.3878495110292 274.05741034758523 882.4521186765628
1989.54624015732 1769.0712168569828 966.2620240577819
596.2830315757726 813.6213865644519 1451.1891409223583
1905.782359285699 196.36312507555132 184.4818820229242
921.6777670330247 319.5847101604745 1054.048906365931
1571.1696328375706 251.33930215725587 175.91903394282983
801.2837404019208 106.36182612168876 896.6899630515284
1387.4460885747606 1699.4584438373417 218.73302580616206
201.16692297396432 1815.551657500374 1205.8386678761892
1068.2492211885767 781.9056071630164 1032.1246441240733
158.8054510193393 1656.9597838139005 1386.1344312108977
1577.1804830271153 1773.2674484079635 951.9254540350356
121.2642558133763 593.6470138084804 1281.7896845349478
39.13158628442459 1811.4015487283784 883.0568945149761
1365.0815900967257 1307.4951663455781 440.188606616287
582.2349923742594 1386.6077583902393 184.94767307770044
636.136672196377 1453.9669284406136 150.68082903506786
1016.1428218571149 366.82339123147443 353.6326376044684
940.7600021036204 543.8825901125055 879.0102034252535
412.7117808165839 1888.2113653219592 883.1485319006357
1780.9163343773616 1749.5941818356564 1010.1201712988989
44.682053847698185 1495.836601670232 547.4348320186822
1354.003918816392 950.6179677732063 452.90472130553246
179.98417141263934 381.86937535288945 1364.706937484373
1453.344343787802 308.80378927135865 1497.9076306855752
320.41152176348817 343.5134065944163 78.68279617470131
248.72817342257525 1759.2365749425473 1242.0884430682765
383.0373885344287 1822.623490749314 728.5627224103388
353.5238178398445 122.86173390179944 517.0710586553448
1962.6072956976166 1227.6298148201456 844.093555349134
570.0166395661323 1349.4847660506107 1041.343253035174
1161.9198837741883 907.3930274675444 1261.7521197568863
1222.4171830369798 751.0774247943108 821.2028980273193
1362.5601016701573 945.1668910506326 890.1245851048227
436.5000152647187 1672.6422416681548 942.3052981267325
1738.9522920666304 503.3207406088682 114.71101626253937
159.23579364218864 1487.6657136276797 1399.755870583684
1364.3160202260785 107.17144405208768 131.78671891343114
1409.2586334187959 1254.9376695220178 899.123054263476
653.0364616003848 731.9395201561638 334.9613465024677
863.6529508754529 83.46027706148095 724.4646959505486
998.464640185128 623.089009157979 851.2949780410335
1578.1290968268474 1745.5924816689526 16.068020821456976
1472.4182380953955 233.1235533361451 1365.3193397406512
1379.9279928067592 44.80510729303222 345.63145744789745
992.7716145145941 744.7862831654901 126.70371098803207
1842.2615536098047 994.4128994885322 590.3261878219707
1923.3330003586993 178.00175177882903 735.4571066210829
945.2958551794372 187.20733207697714 404.4456634476987
1321.6781285931224 1785.7583562861853 1483.801330704092
1294.0278934871578 731.1127249279294 525.744057197117
1813.8450405186106 1422.1512326618586 867.6022287197354
673.6100175179274 1955.2350202725404 393.73655034757184
402.68504157382324 824.0347633118652 473.20746909360713
147.229480531899 304.43579494624396 249.9111605266656
1731.90011046071 505.3009395362662 1276.3244188949254
581.159048316442 388.7102540214951 1408.9297568563502
330.56971538035395 1126.8248798461157 374.90855180665284
1866.5983443912414 368.9746734182531 401.66300019883516
1497.0693124611812 1694.1880617996878 83.29860623890245
1074.9176866498563 1585.269126995519 538.1112357212539
1598.792380722756 1761.7893138193015 504.7043121239591
936.511456691948 1888.4401934618988 847.4070584794632
404.7895590851995 1713.7772886125633 1276.8035803314576
534.4827410533368 1054.798447828796 869.2585220906635
1554.1017379039465 686.3603712103235 787.1149959448729
1228.2476528373245 1196.3065750114574 754.6189107804697
1683.2274773160548 997.7899593681052 397.67975031150047
244.64650533168597 735.289863919256 1065.2798213084363
1341.524107573099 525.9330239331695 316.46469033249343
676.6065542259938 1252.9405944030598 970.1156703729114
1978.1536946792512 1701.6396729993307 427.4092182308284
357.982814911757 1467.9136770688076 444.8438566801045
1255.871206510167 1384.8870152603085 749.4715025032598
1407.8353091159474 1561.038479676718 233.78389591462735
195.25756537748552 121.52524332526693 311.42524389932106
1745.1263465018321 324.68142324557147 772.9539607601239
1823.1850148052572 1708.717451199679 1331.0247218677018
17.974600179931244 747.8550479376296 472.17003231703745
1707.4174155019837 154.17474257058993 1112.0509723603398
379.84979495063544 76.66953993679782 1211.2863400251822
1601.1415367085422 592.6384332206185 1280.942798667755
1365.8558671641488 488.23777772297603 496.5272247958378
994.2985134105471 647.3717810235646 1472.330427175515
1209.1791133655977 361.33641846951025 305.29132047549507
817.2644821382538 1250.1873325456336 664.6388680775455
1730.7420064345738 1694.3766986704172 1449.1495726817222
670.4791498115636 1840.6942191037176 1109.2793272725135
1915.3090285620247 1162.852954276869 518.3540778204446
1121.7812306622627 1403.2580118318028 19.31422540994321
370.24430064611425 1128.6587243615704 676.6483362655532
1247.9718504481093 1426.7032728729323 1288.5799284943714
119.15585306007492 933.4623128457648 898.8330684352842
626.4896978695438 1170.6465117655139 775.9812745287336
404.31907968591196 445.40018217217334 1181.806178237767
1340.4538688211253 464.662534646648 873.3534464664609
72.09616554982223 1215.094895559483 13.579745179329471
26.5099069713588 822.2651316045617 698.2838612086479
1544.4832863417805 1809.6297553805114 582.4553813323405
651.1810623439189 1956.208720776267 768.4055206637926
490.5491338777075 814.8778811014645 583.767587056812
1665.0575836149126 1526.6804106083325 1134.1311332995576
1307.4245503441239 96.05026260458737 1108.4932810891582
284.3357876264563 1095.475887342127 710.781605632638
791.5345913066565 1133.4810307250007 469.59164386567625
1120.0789850499364 1964.1250469375002 1293.3148585348206
1031.2239416981104 437.34037646446234 481.2313636022255
1874.420081005471 942.8126031948092 24.372428987135542
1418.4429505240905 1053.1256994641535 1402.2362012784731
668.1185409726676 555.0912890093804 24.26825102618452
1629.3889316209606 1830.6529926052765 745.6507228474392
1614.0172831517314 322.40973037110246 447.21337211494307
331.2443769113012 1291.464208865408 367.53851708014
173.28522053014538 1828.239988335418 10.404448114464614
466.23951903092654 172.63401594948346 237.14207548152694
1870.1968198297918 1898.8320631339802 705.0717672976339
1033.391181283785 807.646805781417 123.24461433092453
1935.5596909199567 671.9008256025556 312.3240811800741
715.947660798773 894.6515505826513 290.76811663587495
1843.9478867527134 1891.6273317794673 1177.1738229179784
1191.675019759402 2.936628983019496 815.5848411386077
935.7448843327272 1911.4481015245751 383.251869377543
1060.3701029673862 609.8979739264619 224.24097013811357
1077.2299483529393 799.1075860243044 624.6790469417263
364.8297287666411 1056.051823016252 318.5818404498571
714.8783772461849 1477.650994838884 560.7766704719595
1229.7991568454522 1485.3852767121448 655.7655523599627
1566.3122913799054 1697.7174975421751 540.4827922291475
1609.333755598849 364.76562366842444 1163.0542550678613
721.5457749597314 425.3100813585617 1326.5163821293522
1824.7607677947215 1178.0649723283705 1148.9632691209106
1187.0990689717448 572.0218595442967 633.2917982156265
670.4129689454621 711.5154314133509 1385.1209414909015
1486.7898389820161 1955.3446696188448 407.88542297433486
195.2665695736362 800.6622068197564 1200.6925113747354
129.22881749798964 1088.15050130823 683.2976760383308
1199.1341225181557 1326.111435144229 713.1258919613167
680.6636593633508 1543.3313812697245 1296.8614442489445
410.667899481316 1191.0141858509548 366.41583021591106
826.3365576976878 128.4738613848726 279.0880904706082
1240.4597031570668 83.332136327384 660.2047650361983
