1000
566.4655470197981 1026.095472541027 1382.4104761461774
1413.7951813642233 74.55007579986672 504.2093956117584
402.69249169892385 1652.1106928401164 481.46934912652597
692.6434829983099 1433.4211094323873 858.9229164163066
719.3279065708875 523.2697717436878 1042.259974597958
94.79243879181398 1793.0543753871118 1328.0797720346497
874.3385864969016 475.336022869844 118.65352345660123
1261.4537358369605 387.5373039011103 458.8917387939019
1200.096553002445 478.6170495507449 587.4884763094831
198.22226050074687 274.87299341491564 1145.4066817682317
516.4466994176187 1377.2169633751882 507.2950519644988
914.6113766051835 368.6861203561318 213.06595040485593
1739.9626088721604 1827.3587191976906 1039.498543570865
218.52764843755045 445.8834956713207 1239.9621129460588
1734.699652595879 1131.215441293456 131.5096220439601
1478.9703313889408 1326.7839487043093 364.24000798324704
132.838852999255 722.0356393470371 648.6614473331335
1301.180582769795 1651.9060556672948 53.53969593987412
1120.9306337981168 1398.5065834372483 1323.0324751885166
1384.7926993066583 54.06033897254026 142.54489100588603
1205.1040480802567 956.0465008525554 1348.822312711048
350.1853086387112 705.0801620599239 18.08523595169825
1007.0142114679948 1320.9527675230047 189.10216761850134
1724.490515632981 937.8568284541635 1339.5502576071162
994.9836961300326 1192.5844383857268 447.95676413943903
1199.1051407249286 587.9786877647897 1197.7376746654274
111.33321498671921 206.785174010639 1121.9243343321946
491.99946640284486 745.4561194028851 736.3722003299359
142.59793254626229 811.9139793024536 1193.5152213975607
1262.6721900443906 1250.394268165299 1200.7241825605709
1278.9835587059374 455.0473460033282 1252.469852349084
1505.5147309929396 484.5574071083696 863.5047163542811
370.9293089874004 210.8645084451828 370.54947595964654
1277.8396478116983 456.25809088262326 1201.0940039087452
813.0267333810948 1089.5607024639944 1179.329383807957
3.036101209894282 421.9279059245813 730.9362508657118
983.6832703642566 21.94389520236073 17.51571512556427
860.3128433270122 1686.3336513219433 97.92275464739603
525.9418860836189 610.0468752392052 296.24375643239375
387.66566043153426 447.4783989423159 839.8915636404126
1606.3497715011583 628.520966076394 505.7624162443281
840.2505195625673 1693.926544861654 1485.921446405957
1947.8083182079013 214.97878330800611 232.6284178515135
1486.2537816227766 196.14642145256522 570.2676799023243
52.573497147011096 1517.7590306311947 474.356070451315
1833.7704040369374 381.9234080799725 1009.4863339022688
1120.4860162582006 804.0933418418222 200.81470164219368
522.3286044229993 858.7296924781242 1241.703895804205
1421.1308688499937 1599.9350666688886 554.3260477512416
582.4948870999146 1373.414542349428 47.712846589550054
1379.8645094159324 890.048778287329 1365.8954077410283
1830.7099292923006 363.13622956749737 1378.4493137312618
1093.4154234000448 1515.4948482897519 1456.9844691159556
755.54012944327 410.25021745923084 890.0813255573388
429.63233356505623 825.126083931333 482.7157671879952
1000.4616512780032 1600.739013168115 629.605067195452
569.0876596395591 1123.8046259589319 1209.803880833115
1799.780306142726 351.49402383493066 297.7712638360811
1915.7099716598657 1211.870908246137 384.33508618770816
929.2781422716276 404.0523694758611 890.9598321742066
525.660911863318 735.8402969840696 1056.8282548158243
1956.5051470380606 102.82874366451344 692.6224646998631
22.994638058890573 1447.4551952633533 1406.83240466328
58.01059622498484 1899.5037920320021 304.1901019411879
1211.7599259108606 712.9408625422038 691.7357708021203
1822.6698002801618 154.24938479478612 118.452867267757
1790.6170801157675 1794.3197018109952 591.4417187474451
571.652887860248 1646.139450488393 629.5391464080427
7.742041416531009 821.6641175658739 828.340487225337
383.3096498389725 1920.9806214893858 1278.8479823617133
867.4838969408713 706.8155136869325 833.3334755170683
29.522220476858596 1783.9035258072672 900.9201000055393
1622.422133684491 1889.3016177148168 907.9684647196525
1337.7531005069159 1098.3155506151559 722.054177175187
667.6162979762225 1944.7006500079585 1058.7600590465602
521.5311355786482 970.3562637966475 682.4185859705079
798.6073804417837 81.43933868637166 32.258037958440454
412.2463527490412 1264.7298212271185 5.348277433767256
1668.3459731799003 617.7444073243072 1461.2419364796492
258.5309057949281 225.29310427730854 672.2173281541174
1313.7200048223997 1727.6166920188114 965.6762674795264
13.45715517289725 740.8077489828055 1177.536444401114
222.07742503061812 1936.5410686190885 270.70178416855487
392.8093343290238 932.0656495768353 1013.258828280084
125.34180883632406 473.84831645615446 1023.6490299271779
523.6568720705563 1116.06137062366 1412.6971416821752
360.8022761188456 4.494969615681965 1165.9387997165695
1624.500905450859 1440.322672593359 1465.2468024254433
40.74773710212809 528.8492960438211 1154.1643403163976
769.8729114887193 682.9301440900035 868.7002427955839
437.35205963751065 559.9496721257824 83.78563197723221
1312.6465940693547 99.76484078462366 20.622701690914347
48.58225089846124 259.8039075573322 1169.301772182417
1704.9245414268269 1024.4645515088077 232.4474685834653
1436.1195500684826 166.5320548508331 366.93899696154534
1304.6363834166818 1450.2697752475724 249.01890061118203
1103.5500966336992 789.3184371145945 1400.2028980464304
1873.302175316369 1782.2090852212052 1306.0048194502983
1862.9000764306047 1333.1300419761028 287.61004912345334
680.274931733458 1800.2234693662788 1328.524345919321
1895.9031786908497 1922.773761174368 1289.9100988592713
163.60556675542105 19.7917668805232 158.4726388258793
954.112128596006 1851.3038365555758 259.61073093722905
67.0060543761799 1103.0811706363663 1252.0208000140678
569.0361404426234 1226.3419423777584 669.7852778949543
659.4839337677319 785.941674104867 379.90196954038555
1377.8098195640205 1743.1050308152583 1293.625940036851
1843.3797600626804 522.9572417452208 1161.9587058316763
461.7964009199247 1597.0365933374846 1323.7135109830283
1389.5633157165273 962.5413995778862 826.6267584846338
1324.3854192101996 1790.8417957705042 755.4500435580502
1193.208722156406 1981.832675046988 422.0848685763001
1122.6108088151561 35.55024126629802 80.8298117420101
479.91000057225096 1219.3057653781912 1359.2768262878533
705.1338721736544 849.3717649368238 1232.34318872971
1431.5833134076493 343.4940804803457 5.814862092425099
1805.5992693551202 655.3495242274656 330.2742146016038
817.0045611053382 1558.4515660699974 350.4737148058148
1243.8410238129165 32.49505898551153 880.0069950374188
1455.8353821435533 809.7305902949117 84.84675722012835
1991.9889666393121 714.0023427960298 149.31091069920416
886.0858513792125 373.844359108084 1431.0999462929485
1697.067310374524 540.8067190399859 393.28169577834876
1126.802063396079 1323.4615549845628 676.6723859249316
1319.1719036051093 1024.4521783846126 799.1952411055282
890.8838414078846 1958.9015943122727 1453.4780050714176
241.25522617529404 1681.7858428468303 1358.4145794176354
1735.8522832429924 1020.5270108989238 964.352711198997
1493.4214119724086 873.1991227635376 1333.9094930756298
413.1724773477674 916.6409284555057 361.6364354426273
751.6694134833429 676.1713523408832 1361.4103287932917
1691.3124789830556 965.0200608383988 72.70466406702391
849.1374718539618 522.2983857272334 1043.8605679279167
1718.1861526106227 961.0553085314499 1450.6459466295053
1112.925916001728 36.37649084546335 1186.3962775381644
1939.3088454984934 1675.0677445696701 1066.7016617833183
832.250979770057 235.97537543857737 442.7181709318447
966.4806129876724 1018.0680320294149 903.9025994593994
95.01832793497766 42.55101250821491 1320.026714930926
1138.6576722101013 1440.7689430594482 204.22211746356277
512.1372339406254 1625.8833071332392 558.9598400964451
156.15380661413926 844.9665106286013 54.87596048275278
1575.708490452284 1267.9026195980734 1479.4815935601873
1036.933878552161 638.5831087718434 924.0161026139342
1043.0911851978267 591.0062350977856 516.7926233653841
313.4452281980269 228.76976825726913 620.6263226414283
30.121142867835182 346.2943863734545 737.1479118242374
675.124570474219 745.1205217311292 189.08126435943566
512.4662092066103 1216.8106395853242 1395.4140240404151
1288.77611304741 383.2512474779255 138.5910074232495
1237.2623631730632 1560.6118198476106 554.4535147353911
1646.369329111153 1884.8329637371512 440.11188049612036
1849.6180439235416 1530.042027792066 507.135374162933
1268.3653407082263 1951.4646478680845 459.0346237968492
1787.5732294209977 1156.0460644020645 45.96332411232873
293.9691494941836 85.963531455302 470.63721286780134
1509.0788973291185 1815.7423034001856 280.33826363652554
1195.1659159959502 125.12775069147276 633.5754328611108
1043.7166352078825 716.7269806314829 11.115813077451243
1903.3349969944927 395.16751008549477 1296.7859199918803
139.15126372674825 736.2082798258491 976.2630676473904
1823.4942828160483 1769.1492863386359 874.2036913872615
949.5584910187371 877.8406356009012 1456.9550166404993
417.87730115872625 411.3424768395939 771.8516739806007
1269.5100931509596 231.7799631393962 1138.159745421691
816.6273938539697 598.6926179307976 743.5392878143685
656.8333047138785 536.8763834210617 304.5331331785904
1083.7862627617912 170.71607974391821 734.7921431123596
1113.0852039487493 1515.2182644865627 691.7544426508506
572.4488939159664 1916.9569041462942 39.24346430012338
362.24886303082917 1644.7212270989444 419.08657727495904
64.68781923139244 1656.487359250843 310.9323480787312
1709.6283037033481 1812.9102212590083 1268.193764874811
794.2652289764059 1962.6891718091558 789.4738482180381
1331.4606413828017 354.7051838861735 1055.3123893359093
277.35508640820683 1611.6704079452438 176.78839086828424
710.2187121404704 1793.4502880513269 1290.1286834675589
1015.9982662854475 901.8574496122434 1152.2749353127044
1566.7481644960878 755.9447972267117 1377.4527537165093
254.73946034734718 209.97003870918363 250.03240251865034
182.6100840008067 1707.8921565773069 646.1900223109569
858.8279738948277 405.36283452175593 1140.8801070288187
921.4200960671144 1975.6924836766239 1254.584443426847
1855.6251795124538 1853.1811563802996 1037.6549225274243
686.4420437598286 1033.061803331421 634.7480673886291
1427.8182166275801 1510.5303668784484 921.4733043845173
430.1156963103412 142.71542834495722 988.0600147361254
744.1824365756662 978.8226133040652 553.49608200831
398.38513708361336 1355.2773666601336 1435.2877582030032
1071.0176373562954 1212.3102579325944 733.7691706231915
453.30999785713044 402.52774230931675 462.64078543581564
384.3038316193501 269.4849544973956 789.7351842826122
748.928775434368 1276.9367678156962 1163.3191113116015
1029.1978224599868 1912.640542942047 787.4955374174939
1895.2051905142275 1208.1363172990764 1480.4128741091085
256.99261029715535 343.3440152736309 820.6796498133582
364.4049262080553 1173.8068207928713 344.9409287624715
866.2474095693589 1324.061583348518 255.90957610697117
1324.6417017175916 1251.7069574683735 1134.2867144540414
1485.1308567468636 116.25467588901195 578.4513919695011
164.40397985337296 660.0401809614036 58.14698028942733
1485.829392358088 675.6318862198397 1154.912202300615
1993.9369258669647 1135.9985024399898 817.8706028173797
340.65077443044413 948.6235525016195 1031.002540773798
268.49305706085903 131.35000234993964 185.2511724637287
813.8276275892429 1522.919609414943 489.31500102354056
823.908225539985 1150.1754367002331 429.65961088035056
30.412354220252347 1140.720612922081 92.16952723858762
1425.431617403411 98.85550071656635 1493.2714891874741
351.0710468275562 153.2135826174863 832.8348154596109
284.3087179801187 959.6076651551764 549.3111673457108
639.5635699828122 694.2283938041394 914.1919583942874
1290.3862967088794 1993.1340192958078 535.2564942703365
1093.6788113391656 1942.9690438218556 473.9289201358314
859.2041524059147 326.8103346618136 28.184462081408125
1006.3230065626077 434.1452974739857 1464.0341843883905
1080.747898532453 1750.0647279688153 994.9654628933303
1338.7875302966856 549.8171849460518 629.8663012459697
702.5883138256381 1325.8542723440469 555.1002391776263
1871.6558882749032 1997.4936929213218 201.701161213223
1001.3294264157194 799.3414688780083 211.96952997015555
1276.772354969743 1558.1669810555998 452.2689881271446
396.8485181716004 991.2735235273855 461.7255128452209
1369.0632649393156 37.06197594462446 558.2144940635538
1770.0594838333893 1381.0589809464657 20.10003608685279
1152.7621751110885 1542.0871899517922 338.8538742920227
13.2102912763854 1802.89491769017 258.23340935981184
726.5095065137245 384.9710477561834 1437.6925113639159
1539.469516124445 1709.2068578420378 1462.438069380993
1260.5988585688428 58.596065084533855 1292.5552013168601
1719.5425223525033 1334.9380070549644 417.56296885576893
340.7112097064926 281.71906948858935 959.154946851324
1989.6113428270894 341.57708434922006 1109.4755321368052
46.290566931179946 57.487269198210676 1285.6148128722648
1400.5484720523154 1273.9632776910985 1169.5407145601066
1204.5257348789355 118.32860710380855 590.3952942964221
1156.221944988968 141.42459661021368 245.0977164620909
1627.2835507235322 269.080160705788 795.6249543077313
1943.8576501881028 1002.7248738833355 689.9297377058408
813.7019833038239 1435.362860225904 1348.5746947391285
785.9360301043081 1035.5169979707593 787.653273243638
436.0075666783845 1969.1437855766426 215.37349429119496
1151.0192151956705 536.7805837426904 681.4205562004247
321.86590857845346 229.18116758876428 259.6023076288319
1698.392121568123 1229.241264759654 1198.0148038757586
1831.2830560318132 1786.8262238122752 583.9912430584644
1505.2775904932894 595.8402163934697 519.0219733975999
1663.0000821929505 1453.2377921894624 1046.9830350731743
813.7693734320599 349.4056608483047 387.1531089386385
289.48842024451824 633.9327498567089 1407.7937047974913
1210.2077222415905 629.2139996266011 1169.3868928327195
1497.2654249461787 1605.1466141104581 409.1495006769625
1056.8767589055499 1332.5184842922722 224.7994227680578
1623.9341616803308 1420.856766122073 575.6557849467159
1384.6549271971282 648.2568474344835 1416.4924813052814
1592.47659553525 1322.7492795411174 1469.2279034669807
361.28636378486 1760.2735070147992 1425.9220686987578
1218.8060568895007 1260.687161855135 625.971200323985
1800.0925246758345 799.2441966282233 548.3657117232174
1247.4236827539298 1192.1321200964117 802.2422299652533
540.7823971052582 1297.7993704463186 1404.1867582596512
1426.0053667126192 103.73499164856015 702.2573383473592
209.36745055676064 1698.564561388603 866.3454065716392
1552.579551148745 1278.8944709382044 1319.4867153034654
1970.2398975534454 501.5372068989057 77.77888679515432
324.9944608218325 799.5051332008254 1331.898230147693
1645.5937614400357 1848.3066429475296 1490.4405972721904
351.48669320984925 1545.936295391768 1248.0747786911634
1404.0044393021547 518.4160699583591 1313.9703136989103
974.8550622188275 376.63419124798514 661.8042885341059
802.0735615725547 1696.9811815575656 375.8776957218058
1189.8691764470132 700.4909510959967 1352.727798194221
34.981267631729374 31.180656742483492 919.5747529443025
1842.4393822592008 81.23236492884445 566.4953750369442
1638.6934686311952 1877.2781414973117 1128.8106628901073
268.0912043463699 1908.454519663608 507.04901741630306
328.96042973868214 1024.0995610684297 1218.663002493457
942.2498940113 1629.6171114001138 319.19568570112517
882.964244213539 1186.603977417534 0.3023581861469893
1283.5988127816481 1850.17415222471 395.9908009206739
1111.0633099668007 1383.2854244663097 1049.810683483895
1708.6777839079289 151.10516247052064 619.4313140097368
1591.3194604939379 953.33012105946 70.71654957628792
1090.0978825801342 204.57283078635857 1127.3570471822695
1105.4922087367088 1255.9822430545746 419.69329384483075
285.3052993374756 433.1823571610525 1224.9359386715769
830.8679469732348 1009.6893414932049 998.8780089097214
1318.172440500003 1428.7507051494433 942.4269393896903
17.716385654707345 1456.1393424351982 1114.6163343297856
761.1920368108864 46.90624597573745 432.74434318408026
1968.8087590601815 1411.003254185521 781.3873445449855
759.8863493404668 1421.3966994530108 1338.207155408821
150.06970728095715 833.9806795467637 859.8860316469717
1595.4002865309742 1738.4827083071891 263.4841078155799
1922.1659013667245 363.08623087597994 767.1799050761985
285.53616845773047 59.28309364829687 1152.296307284238
944.3441372878912 691.913400439087 1081.9727854979133
687.0335377777219 848.9659782729179 1030.5996979009624
733.7436078560031 1927.5217387692237 881.0597823128176
1832.1014892280207 1902.1730716012173 1354.674877769214
1244.1640521930929 17.716234440349865 1161.7878279867539
1038.3891311512893 487.69827169399815 898.6147672973043
1435.9170399670004 1107.8409793663168 224.67625277783003
812.2701908700665 1231.020602822944 650.3560253790149
1003.9231413676941 1337.2607138933938 1296.8964730287846
1060.4229145952802 279.33169914198095 345.1681392474237
818.6117258257359 257.3601360085798 142.809682579229
874.4013147959284 128.11205235890856 1104.8671875633763
1517.4684553301106 1203.9031858578858 516.987065301061
1292.517699724708 1738.4559507833774 513.1832046171993
1309.8173044322182 173.99183725174638 959.8390522607677
929.2100570049291 1445.9189523803802 1409.0613882822415
1852.680284971542 1316.6666783663522 240.76856269718883
45.90028814967617 84.52148875469634 339.9336846778076
490.54336616187476 492.41264856390023 1214.8815841011708
1463.981136054113 1673.9678182334803 1365.6726983077194
777.7045389955719 1785.015266583988 206.189517322383
1978.3432276286815 694.8296980641821 1046.9349467104664
1599.4053686518666 1159.5336703267858 1463.9975623441965
731.8852149637587 1085.3898102919497 940.2703998244291
232.3033826941503 1071.0131704004439 1125.9467272971724
1888.2026762742585 1387.282631981591 25.651547723657576
1196.0907198832588 1116.751161185028 299.79546130486887
1029.6175984029899 642.8925948017009 159.62683760109104
1642.7195627193946 750.4278570977054 813.9196843821247
769.7181771436794 1816.626290450698 1402.6981202504764
841.796457325706 296.71147162785627 791.1827129290681
134.46927767733175 1019.3709999438076 267.6959331360564
1750.6449926906148 80.32776609121495 129.61937172624283
1717.4985293928942 1718.4381747185164 1023.2673497599145
894.145925241195 1620.4144024775173 1302.1629415940872
336.6669370792914 1068.690501360525 483.2628846126827
1122.4124072832817 933.5193110118622 167.54061810020798
548.8463578637337 1887.6629791827418 390.4964500780317
646.554153510268 717.8411618186991 244.20267387470574
1216.4429513123118 50.860526423700314 9.024797033015952
946.2466890533357 240.12505726930854 593.1658501016623
43.39568967935081 1387.8168638008979 253.18092062018238
1092.109216058856 1511.7569155062063 1492.8665669598115
992.9358337401839 1654.1269529196795 343.8500389990323
1103.9452675938737 616.1124742977718 559.5305629230178
792.3465297304 714.2829543282683 1448.3363213151106
1481.976127657267 1817.018411883024 1429.372381925215
1811.5789016918513 1165.9272113981597 935.8956125198698
1142.2691331132078 1174.821452857105 1455.1587845969498
157.98977103516341 1307.5126526226386 1326.4235379896902
41.352139070579106 1405.8698736819947 675.7380308766872
1811.9827009197845 1332.0139135391298 1024.9859973800772
275.3848637247622 1702.662644767896 730.7801827314996
1528.4276686732553 577.1478289466228 803.2725472729675
1391.189721891144 351.62857475932043 1333.3893358179537
1778.510447957683 425.24407844556936 573.7594862709652
1127.9286523099997 775.5513617938357 1021.0848779098147
344.0082657872325 1305.979593376482 790.5777447111258
41.78683424088003 1382.3727999377597 118.66985460147933
1421.9844361756902 1224.181672903953 453.23717004537536
145.62529135808754 1048.8013126497262 664.0651470244169
208.63085770768762 986.0949857900907 901.5990065190284
1232.4239606386466 373.0457275525454 612.6124684244612
303.0210357445009 1571.9467122173194 1199.3413541760444
1864.2000543320423 1331.7591495515649 1276.8326517970502
51.03176949486321 630.2873903407475 1194.7821154185317
452.56028758929466 1441.0230741384157 638.2776413026701
1826.093612015629 206.2507491956418 1296.3678037196166
1641.61792588201 821.517511534862 769.0899732197381
501.0234383977923 1685.3358347363521 328.00976532077505
1125.7468569848331 1400.2608728057664 1031.6292813712948
191.33326450074685 209.84761886625748 1055.1545697783426
589.6742213783916 1311.4406305410805 800.6753263146967
484.2962130971715 219.45897383202518 555.9819464239847
912.6217033051608 1653.2240048045185 1492.9508990644072
1423.8985868463387 275.6507992565116 1094.654281937967
241.72803762006455 1939.8624847865829 114.57207868350766
102.57320397673553 1291.4123097688082 817.5826202129863
1968.8447494967052 303.8175040598834 1084.962698388692
690.6283028619503 1498.7873281989143 646.9021431891099
977.2841437921862 1554.240464100076 101.34544047746947
357.2617513447334 136.1880641167994 643.3532951385668
447.5657879150547 1000.6695888475974 1001.9576778619701
1304.9595237678204 407.7184323126295 1457.9086874122984
8.277211949163199 134.0854000062861 703.7374398520896
64.70388136089377 1031.0785793144287 1262.0352306130817
1377.2394994989054 143.5301333969714 471.1344506850701
778.4268610257548 1839.781580570861 1306.0508574200544
1221.7271726220927 762.0592181767151 1457.7351675365378
570.2446857055155 1037.7521327194906 945.6387845534285
1115.3667707309387 1280.5777407378657 171.15315415645566
381.25230515742146 1359.0185674321315 470.8145001884279
1561.0586360731088 99.1070898671147 1352.7536370546427
760.3127233868727 521.3346935847459 645.6921246006268
1621.97440281677 989.978990108904 153.78793955337417
1965.1744222419588 1885.7358325905077 905.2320699401132
1248.5190099177696 717.443623118982 874.1739155831247
819.0731677650232 980.0720235209195 1285.5723846461756
1427.8291833095473 189.693698957349 1429.551679697871
523.8026968268805 530.8110515670384 1224.5681576072577
509.52817438049533 1705.5278267351207 943.28428564259
1819.688355579449 145.0500560897594 706.2484869611419
134.55973748172912 1498.900679214405 164.9218579593495
1508.6344551972013 1818.2850521270182 304.78851147938826
1810.3798201488762 650.2694766589012 23.038258966399273
1941.0221472877224 289.5718015092095 524.6631754790671
1949.6645197990201 543.5303672985287 23.760618496072972
1364.853295664995 1640.518058103709 505.5308190719739
10.358581575443448 1397.69531089031 540.7983007950187
931.5346748808306 1100.4418832414478 385.4810097448741
519.6524349001747 854.4322586528532 203.2612302689617
1279.1224889583266 1841.3112975088502 613.9881085407814
1306.602231783475 837.6530335986153 716.4489081642694
773.3257495142125 132.96292925526055 339.11400540775185
826.420983528654 594.1735175223835 510.94532969798587
989.4880224534328 567.5536665387459 825.5269417910368
274.65714995212085 1653.2520856486215 709.0080150243126
1322.767310341243 240.18683202790214 930.8746825334978
146.66777592558012 1569.581977864397 1208.9890307368848
1461.1269501533343 333.3953324570227 1422.7153905422772
1929.029189755431 1390.4992118142552 1289.2345338178018
1689.6168477090616 662.4490443593089 1052.8711280512632
422.48269191956433 948.6839777964848 140.2518221524298
541.8067313542385 1705.6125480363453 232.34098155164395
389.30489236360734 1625.3625817086129 1088.002077451667
1315.2272313697301 1239.1213970866165 598.0815803579139
862.8930155450718 1732.7752358841599 273.1240374741409
961.2981867927815 889.7118585766477 639.613554691315
435.4552300053032 715.9710411247681 701.482306089484
988.2274951195516 505.65309997920326 370.21512965024317
1190.1917101748209 1736.3611405239917 628.4250169008494
1143.1420330506003 1189.752112488162 197.66702401102194
20.275532000574525 529.4958475838021 1443.0048428166067
1503.9294134428637 1499.714203029897 941.2893589328095
1013.1478161230991 1199.7280056091588 111.7501900383644
1.131125371158337 1135.8174386306862 1119.3517615809687
1810.971955390899 960.3096954233554 53.16975303567045
1288.2908581715 272.32038560790903 525.3719729929091
1035.0208277787765 844.5790352356532 92.21611276813124
1926.3221631940228 316.75191103684597 1400.774341418435
1641.8458388700783 1896.9575514851942 731.7906293784696
1185.8179370879564 283.94588279821755 676.6098305967134
1048.3770113717064 1585.3455765095152 1006.712722735082
1663.1733879628287 332.27133882744585 802.3044407751257
1845.2365775014855 1468.0754167074979 430.615849195813
379.75638915650325 36.71205407067202 1455.7830862932583
1440.3909221580395 288.9535260305502 796.293489878947
205.7274358964245 345.4430814519949 254.70977591005422
1627.6553459872366 959.5227856131198 299.7463134868624
1329.5671787576707 791.0055330992283 1451.9151880741244
511.3599517634191 123.81615718355943 342.14745249502784
1109.7818506714118 1597.1032901102237 1115.8314671639414
1184.2730384560225 139.73180885508563 1070.079122872062
866.260973827375 1226.463692417559 518.578352230121
1890.6951449168141 1864.1381849999618 803.9202233141817
793.4210143756076 1329.8842008880315 1394.9301198510425
1785.9114514953537 1116.0118657666007 662.642429332678
68.80080429652268 318.85927388136 1407.509887584698
84.29954506511095 470.8337280177517 753.2021588383849
521.5421423740216 19.400795478503596 1373.3798870933056
1647.266341809202 1820.1772059031703 1359.7514074722906
146.03302713868226 192.71945105126775 165.30562779619933
1834.054635589996 702.0689782384903 1428.1851465471084
493.0670054982316 523.1046370371042 257.11590745039393
1094.2282114803863 294.1354257085029 633.5189932199692
1823.9893860769175 1874.174290614166 1375.4374154765612
1063.3373727724743 1969.9033099433825 1017.8947702051044
837.9678167980765 471.629806392869 908.8035292031016
911.1528197312948 219.26141949736834 1267.3512009345973
1238.2503172661645 74.38557016935299 1398.3219374881462
1480.4748459608911 198.87020746793849 35.05375608905775
1001.9358473130957 1080.991695556218 587.810557787258
1652.870788697104 482.3753591023994 1451.4152233318503
1051.2441244190825 631.298519097853 572.086445741935
145.40959205346593 1631.4658282005014 164.79056862583334
4.087468014189355 1752.0194233945062 1456.562172077198
482.6904070127016 1541.6557118649703 742.4808749186682
1105.992721515345 609.3463082899859 1279.0858000096118
545.66382474152 1572.048854645885 64.31395279664997
321.8730658549751 382.0325517034384 1273.351955682573
130.55565530831626 1561.179994539473 918.0482072356971
74.7785434156083 1600.2498423548486 191.92282127937776
977.6476610635425 1448.1393596683301 651.6119796503019
1497.3548466882537 1196.514597942759 724.5686149147201
1666.3516346810068 1026.89477007154 15.587967035750605
1249.670557119122 466.2049856741288 1061.6150672238848
848.7154810737907 1956.5193817510951 1277.175015942403
446.5232991160319 758.4944293213663 1296.3514285434887
1651.3874528055949 1983.7433572550026 56.15450142731421
1521.640329604911 1526.437298929715 509.292212290184
989.3755775547113 363.571540057352 474.0573271578645
1627.3597028403374 978.992914475373 635.5574703628847
1389.8928632914535 1882.8357352302144 1435.743479647356
540.3669564227198 874.1806181168402 500.4106504486299
484.2162592716512 997.9873938746979 143.80105510294817
1125.5369648679416 1379.2435623359806 610.7297699474224
904.581014637404 1609.7402612741657 716.0168212619297
1686.339743731847 1136.6622168246108 144.19631904763003
1374.168326924124 0.5755028321576816 1065.1465040364903
878.4941630015355 446.4871660575196 764.4915697101756
589.9276041490382 1736.0233834528713 503.5808735249068
1482.0559285010463 1300.674506064054 950.5769152088491
1678.984174384417 1320.1530098089922 826.6892437350917
1414.8156496052466 1125.2784588286395 1315.4031466334247
1996.937585909243 1641.4002390810865 706.0463581148023
393.42601776028994 69.04643337170336 1050.8309666192508
644.769695048949 900.0776215426521 327.46885610110525
1907.0784581573912 1015.6236000669774 1424.5804642692808
1106.4406798622636 1707.4237820573205 1448.144590270908
979.612038437156 514.4440058005657 460.4973682450121
1664.870980625356 1681.2317435205734 316.917663659881
1659.8249013653713 1108.0409402414136 1177.4682896897443
1479.8254438182846 545.9465009311406 886.9711928904178
388.79724609736724 1583.9886945212181 40.50956465572797
1140.0451153540864 961.4099756658727 449.3427618022436
1561.4597012299937 1779.170424735228 1435.6766975673827
922.7114252417388 1403.8563507479907 888.633978255584
311.807965170928 1023.9193533702567 1369.4716812118056
1925.2109968231175 1604.9036322803076 113.44411797893194
1665.8954850100372 1465.710333008996 1049.6453685476824
329.2337825367126 1073.1184049483886 951.5734968010188
1013.5856516598434 1136.832870996719 1151.0962350409604
965.0031773855807 1476.02193610832 319.0743971517758
464.84538404930674 218.16491440360198 1266.808036659947
1733.578656538847 924.4415328764726 11.618989094008436
1062.2244757487733 1778.2684542319216 679.8352179289836
624.0902286729977 1024.9599421188502 431.80521995274944
485.40152199350285 613.0611047053396 1191.5395127141019
808.1333880147807 564.5293679180301 756.0436709524729
1930.984541592652 1021.5201369943117 1242.2063413246767
642.8392542201582 1865.388820060914 613.4205200651551
252.38284022474832 849.6357826102834 747.9130750892912
1972.2678942343143 1898.2895025470984 695.8887228947833
314.4903583245169 743.1824925238508 197.4483815841181
592.0689227928224 1580.2129833067868 956.1301150336147
868.6349849117414 785.1486621721253 1452.3911816481163
510.71155514386726 1572.0081483923914 1449.5509818977027
1617.872582485332 1382.3411793572432 181.56204868678262
1167.9520142297797 561.3156402483155 1355.0291209403301
934.4227769347307 120.92995591134704 163.1028128678335
1952.0352225965476 395.64835933545896 594.9142953428372
38.69288784273106 1334.247293666247 257.34505214904067
787.60067750992 1026.5129820482134 1361.339355475279
1874.513316575824 921.0435354466209 1080.9637773545812
1995.265887300737 1572.572105722747 1334.604414041158
1457.998669102759 1584.1151458677703 449.2953011121685
782.5334651610225 350.2763301993923 698.5779269656493
811.5447586766451 1221.8772032934953 264.9785293169603
1448.2069321863785 1590.6716179391676 788.2139632242468
1709.0598483266476 440.51176913500535 185.64280114519192
1328.1946969215358 1493.461132888798 345.80720802060927
483.0706632601418 814.8503852746849 956.4261832665085
1987.5581694376413 1417.444176397416 1103.9513354094195
78.01548591030594 1434.8259519480162 384.55277957140765
421.69463559757435 1866.661879296678 87.30744924031197
1517.8786278766308 627.1376428488422 109.84497881293143
371.46621920655366 1107.308095130733 1097.6194346172103
427.6111648100134 1719.0809553342679 618.4459616788482
1057.4760143733135 1825.5203272620454 646.6923752153016
472.40463347744253 1636.11843797856 742.0351212380821
1361.530649721885 1950.2841928581338 62.12773154207585
1618.5108299011351 1381.129318427269 1031.4157106844827
532.6240320575935 991.4301205355938 681.928207041095
1282.3309844714543 1472.0548676810506 143.55306001067285
1042.2856332696538 848.7496289289597 703.3473727290042
13.547528447816815 1521.4940168715434 1025.6348805668415
1135.2263436930657 1035.3162331523388 1216.7463953146448
1576.2904723181098 1556.7856676829895 1392.8542298358439
1506.3110144534173 419.4841448282449 789.7913799330844
158.6223832524454 1150.7623587807411 786.1168283884969
162.84154886654778 1344.3414895243782 270.88701007991057
1559.0038809096811 1457.6605167390305 702.2406157729544
433.88506684033825 1389.6884891039433 234.11832068066957
1902.0964599558265 934.7441157154855 819.5264210022875
191.0118704661412 1258.409604214234 73.65885464872896
1345.9792747119081 1942.46416218937 1262.3626420115606
992.6572096569046 1563.629071614242 1259.1570134839342
792.7009252591164 604.2884011724856 1158.0387693135979
481.7906355724988 1597.1578145188596 247.10967699142628
828.8774347421597 1500.3614674593018 694.6112130708945
1600.5318969240743 1648.837227446606 765.5159886825713
892.0142311313883 932.4175366773479 140.53059402381552
1404.173951439103 697.6626057977626 418.9858618533629
529.477567230723 1981.8821305414504 559.4678958551133
885.7566194997224 331.8831221214906 61.705045066796856
1280.3439693139849 77.98326875567629 1205.3832975518083
55.77662069804479 1935.9086944046614 567.3952994596881
1874.4008367239967 1872.1825370936206 1300.7590644374332
1656.6964143720286 1322.2561270181109 1123.8352528239977
152.907185792297 152.1481408493943 404.1118254437042
1462.9043311525672 297.4110745417635 218.39830795889287
1808.9991598386114 697.7015215172155 1069.1319814309804
1497.1084426284365 1240.3236024643788 164.5333440363369
1582.8713495439365 481.1344732752745 698.3864580644413
1619.4218700353535 434.41549375892885 862.3656450713006
1679.5366044193267 700.7931293607572 191.85437055662862
1210.22698480424 768.2590829378255 1441.900085868459
1018.8039478135825 1949.9600673216028 1059.4903435085366
1470.4052745723575 1890.3690519238373 3.912281260946948
239.77052531882936 1154.4923807455934 858.1932773459874
1851.0473366562926 1512.7784891803296 1040.1035787879584
102.81904904107742 496.54431632485705 1177.940155274162
1503.068089960335 1827.7030952158043 1230.025300524378
1038.8830385711103 1039.47415946566 1428.0874091496303
474.0423318203439 610.8923832088719 1209.275320720267
306.4915549225744 418.9920624885268 1059.726908073999
131.6014478497791 1657.0339211806283 608.7844740558511
779.911975286894 1218.8997769630948 1042.357217635802
162.01741038214567 408.0545927436141 538.78961469138
961.345445120144 1922.1443538385429 1472.980713163272
1572.9697319008048 1449.1892104257013 767.484818909073
137.70157175727383 143.78462635723 1030.2694994749922
883.2988347539637 216.4182924982323 1325.5111735531284
1796.324837391793 172.0346570347906 566.3896454269089
216.9024748518924 1064.9625782311762 453.00513451329846
1647.8741884148735 1836.6258391854303 1019.3267345797933
953.2377390673141 1571.8886860147613 14.988769311659711
1259.759278610588 1147.0443164642193 654.2000046642178
74.47618984956983 592.2170103335726 861.0389049236724
1021.9994197728126 811.2582717498036 1495.2947970685793
1919.1693363473487 851.8509994525634 771.1114932941475
227.64780342793256 1530.3468413161436 340.0909407457203
847.3959760057321 1761.3855259210443 249.1328724877687
244.5212350351067 1001.4510174004854 415.89759150067715
1068.1703902738768 48.54286763090787 948.1007218897186
1213.8682902196283 1265.611780402173 962.325084000642
1814.5214648988183 264.3103064108054 1220.7913801932407
1722.437157988372 1161.1454462858937 3.208955638248301
1258.5892722217163 340.8458946950925 712.374872274114
703.7066214291714 773.9473052639559 1375.879631780001
1802.102283270078 44.6289652038514 1480.1254704546059
1756.9603138253087 383.9461520999452 506.9969655153504
1615.1340443931665 543.631456792153 1194.5642594971232
1449.3686162820068 1343.5241670451594 212.76681821149867
1192.5849064948375 1673.3593702611236 1167.4246276555039
878.8344547647175 805.1232455793391 511.33745907742923
1200.340820739918 1385.4372243922367 140.0442530850335
1907.4887547721032 435.2307231155794 1243.7416881413683
1114.6255821795014 1551.3770261797974 42.796471073395516
1277.9757216938608 699.284300089551 998.9502633418033
147.99455100981885 697.0983637355916 1183.9247185996758
593.9567430787405 857.1290705506977 1363.6179566340363
275.81439790347196 1891.3702864311947 759.3424122651893
456.9140773314353 1779.960616769599 841.0605531676583
1056.01520477738 1256.1301036830644 1074.311942013668
296.85225016853735 1908.5924121288533 20.40647226763109
1532.210052117346 1630.2936039014098 421.00866015440005
271.40744001630355 235.0607008610892 773.6926302418981
1971.959126443155 1818.966860631178 1284.9452834703357
1843.98672075266 1430.5191480187655 530.9089932277618
1792.6252492543365 927.3640597202552 15.913938058220168
1015.0936226299436 1767.530505211206 1289.6320274576433
1855.0503648787421 1608.3457437607535 405.05299203439995
169.98154291124635 1157.8497888414402 535.7945864821653
1602.0707985403326 1980.8787069365192 37.54071859012803
158.88063618242643 1350.6739651990354 1344.1466802971372
227.89105061353786 996.5247443847103 641.6361972543368
773.6991808290186 1634.9718158267515 1198.407345076042
1934.263501682762 727.8958528459116 1003.9238727455854
186.14536153545959 952.171944473126 553.6803658304649
175.2555052127649 1365.1897465216457 1414.8379933397237
243.80982099811743 1305.965892060811 1231.02983726278
266.5221289978874 211.27536054062347 1124.1525958727148
1416.1631645279845 76.35930696304483 1034.896988443865
1145.703009598447 1262.0267007912037 1305.435374518179
433.006861169162 950.9504517512124 630.8068490606373
642.991273199665 265.6793831847573 945.7263237193985
1099.0329080610868 772.9063620198037 1437.3957848575692
1538.490820904899 1964.8569662179113 320.0713424027605
1395.8113166329701 477.9492165620487 844.7720775838815
112.57897126950512 1335.4050519114953 817.2840145876205
528.8020869912367 1469.3435407730635 1470.8312271157272
1303.1214077079696 819.879037184581 653.6638964061888
1478.535501781694 1111.2579622946753 1171.3537128575342
1233.3513732443018 1701.65769041114 322.1781127081614
292.81229740442336 1415.9480836392415 577.2919373205817
1283.3042792509618 1792.4384469782476 903.4126266122214
272.1278730548089 137.922848072908 155.56486251054446
1078.9449263339702 682.9037117433652 511.04115469602954
681.7683858418912 1972.3815270658913 172.24939853852072
1542.6037820362478 310.77503830438013 1162.2310468890105
716.3193342029417 1534.3859552127572 191.14238096499653
735.8065071736444 1326.0647213036668 1107.615814897391
1344.3795880395844 731.4737428489806 813.6964064804848
5.738544428445014 1112.5230443926014 1002.2029446814913
1468.6163821623145 855.9404087979108 499.65311255241375
1495.6419371977654 1075.2518720685064 1210.859917411254
686.0537747423145 1873.6738067349675 922.70304625583
1629.0991268285352 1421.4701344169275 1049.0159323499363
352.40388212679716 1613.3150798129807 258.415948205739
315.8028555768697 1244.1457159622723 524.596294360009
1908.679324210779 1177.718605509356 1099.4643769156253
1401.4248561248448 491.9446049671239 560.594381895374
1729.3686910421459 540.4152033677707 1427.844347359825
343.4763174871873 1059.4863694971832 471.18738293720617
1719.3358372960452 1660.5906206371471 81.8272885032702
1869.7216672077025 523.0800764374968 1458.369282692835
1149.6330363473426 1978.9925771295523 1428.8456053703314
1226.0968238770536 199.32439846537054 1381.3938418747655
1360.5102657299813 420.08625446183754 957.8934925680345
518.0531061819773 1328.300898054103 360.4170371577094
644.9856207304683 1423.396339343701 227.9077079139823
257.02456116638484 140.41135447038133 104.19497201038169
1589.8628448286488 1084.0175338076933 87.69869528087793
1388.1990834079072 37.87042402376062 48.91588429515931
1132.4704938024843 76.84109360553082 55.20761637961474
168.74698267210508 1886.5851572992415 955.7612180531347
27.295620771406348 782.6877894576841 560.8733519005574
1592.0962037079748 824.0914204678542 653.2596402879103
1429.6026275059935 589.8498440849589 142.92070881025904
1898.7984076417492 1087.3844347854465 1109.4356305299175
785.1750922467471 1753.8672253211944 1248.074398387051
46.835624715412024 790.7065499349903 1269.3358270070596
1887.4053498069509 1793.8564074136848 46.956559781042685
1754.9864896721267 1008.7641142746003 998.7176989107204
1071.4846027388605 519.2048653618217 1172.71927649639
579.0397635356246 991.884893369163 478.5841248209897
150.76233640306768 1655.529507767969 160.2789463592076
576.2089719033812 1098.1740495967663 1410.873865006212
1956.3639335905773 1714.1086693624834 785.6996119076126
809.7615204204254 620.1635586722123 886.5828191991461
356.0483245513115 328.55901104284334 280.6255103144941
672.5107278639308 1168.8876955910996 314.73043640792866
1305.522923686539 276.08446589984203 1305.8486710469392
444.51717950436097 1744.6155245462546 481.42860861438777
667.9333624592733 1050.7798512269717 1385.0039838393475
1393.5062843915523 94.13310728707236 771.2806860916036
1942.2122577311243 1490.4576574510766 1471.607295944774
647.7157209350574 1071.4741419010688 690.7169410263524
715.2231664883495 1514.1071673103982 760.738897371882
872.5683524739376 247.13157394423857 344.0124212104203
894.504621819427 1706.7351310863926 1409.7643631922033
1898.6181212463568 229.86541782705206 539.7759342564409
1245.1875379304956 249.85667828419423 1466.4271051892902
595.9485722619362 1804.9052688618724 349.2667814188124
952.5967481830057 1672.358230479104 130.9130869977404
852.1996815623845 1004.8564786602802 312.4147407733257
331.76716156784903 1828.3900812152021 649.9451834311776
223.58309158713507 1719.0200313782063 1145.1418446791854
1648.558799588712 394.79137619121894 1420.0967988255609
19.527791516467772 1618.674360937284 91.86268841971828
1829.9904780089428 66.16863510646165 398.71027022639737
1706.8163368513049 90.88055001521211 1439.9774952390376
130.38452125186728 1281.2934103117352 1322.1124507627471
961.0212639333799 5.77871874165492 428.1130152098202
263.79516874068963 1920.0777289694306 1177.0479158952
110.42444161477749 199.28292580221907 1248.5363866027235
787.2751347525226 343.16751467266846 540.6362141492853
534.1383698049223 1421.2237086864486 1200.698278094278
1057.4515235221188 1166.5281534967596 937.0987009997336
1450.669722927894 1961.8424602054588 244.3266042943591
501.2010221804626 345.13970632888527 98.79289843045235
891.9666563546612 994.123332979389 1445.2233407831168
784.4687467494554 1461.3651028842091 547.929048336551
1092.879547539308 394.61965334156577 138.81813233121105
1878.0026664461554 1327.7923725491457 871.6443822518419
440.1603704797796 980.9476233664008 1425.3200090545406
463.98354838069355 1266.4774775351868 646.6298344717908
1115.2659589766595 612.9302608436285 1424.5298165443303
1665.444285697052 1738.467556958607 121.6968617008104
316.1660136226596 82.86507817689159 1442.8779119499814
424.0309301947669 864.7688324197052 313.2669688264315
633.1515991673804 320.3237848035416 180.37450808058225
87.62991302936585 63.110007594248565 456.61263266648604
1827.5583897032457 1900.9781439135468 721.7554886365382
1271.0854333831007 581.0573547077156 767.3911498828388
748.724123422043 1599.238344475996 1149.7456319754795
332.36186034616844 1322.8393741135856 461.45820741011585
1471.9808154740294 140.18918019801953 590.345429010626
1709.3924052685813 1369.5052925160908 1001.7741032766523
1638.0964710546718 1805.3353126753696 787.1070955474798
149.23310472390682 1565.0033679113562 348.5543321157895
1638.9473163776756 1226.1514000852612 206.0436855881539
1374.4344910641776 1568.298519910815 1297.5590290629868
551.3281313960549 1920.5876943895582 921.4625730051403
1402.769273084759 1475.3163322607775 246.0510915932335
1385.2526928222583 1300.3166066584515 881.9903276678953
1148.1802785900375 1351.2851102372035 924.0913994109628
128.32519765261742 58.42672846726727 632.940183147719
22.67756606217297 864.4518490133574 767.6442298687809
404.31720582423503 274.02601096099045 1454.4113145926929
1339.8581902684132 868.4991377276268 532.7876950689946
446.2384259536698 767.264853971914 206.00473454785407
1235.6299461285923 680.746463216396 49.695364186500946
44.92746704762962 819.3315963234602 178.37517256921427
882.7171537839049 1931.6377801785152 121.24984579979969
809.1728888186722 1065.5024716801688 973.8769695836537
991.3379734155224 1567.4185274986419 1059.7345574515855
172.631070960225 736.7292449277032 886.3695940692317
711.5164247246515 1037.097478573158 500.64857564212934
706.06605481917 1212.6422021353314 934.063868155784
1520.5271872388741 721.1218658137075 1246.3719250663266
187.5317560291887 1635.2433901716165 879.4346092944652
1534.247536891493 798.3021757582585 186.77334480824825
834.2095470365989 1160.8417376698742 225.08258390802695
1679.0651084322087 1730.7037066074365 378.1581396565381
1347.3383230145823 1109.6156585327537 984.7540622250488
1182.491819041422 488.73447909468416 667.409589800785
464.4101477172451 1846.550075500592 571.2950020291719
670.5159450670035 1148.1539479572916 338.9962220599087
1602.6958515358301 570.2975543808382 172.15782842135118
33.62910556881404 38.08447283555672 31.164928843143926
370.04538522496546 371.80930221806665 1375.1249331087024
523.2495976667934 1320.941209363836 1391.3341271371373
436.84926031361425 184.2062500236885 989.6934737833769
1533.8065420788034 1044.0093307353209 1355.413709538474
1216.708728859966 486.21410473356775 1105.4641960709455
656.7361521639583 1223.8187395594643 1317.3407079071662
1169.448335384925 152.18456071246788 159.11173125425665
384.5652238888788 994.3295313504177 277.0088830592413
1870.4573380944312 302.9417359034836 1495.668775044302
1567.1629459034766 1758.8429399863483 1258.136109389017
663.6855856475954 1081.4097744637081 1310.6215030976446
316.04482485074124 1705.693494199656 127.67082995951634
1378.6293143600271 882.2147093768689 5.718597795977443
1122.682442791694 946.0855030239168 1085.57899766699
1159.1639945023956 64.7589885171389 918.0669254749322
537.6288816013863 629.5334440608433 1084.6985145454269
883.0484152949896 1076.947568246938 826.3457602368627
1023.4613962778827 1225.028789908956 877.5827183032734
597.7696285143433 305.37744347602234 1235.9921999043875
1302.0044880370854 481.3192665713091 28.98545735973662
1694.413771154419 1619.465930464869 605.0626622231673
85.51974166750954 917.0004418643381 1101.3717617504315
1917.0233553823539 1314.617204921273 1429.954806223796
935.2785769838728 1277.738900660345 318.46421425078216
1654.3059962395234 1134.016886390539 493.70907913684806
636.141551515256 498.0392484977891 1345.110423026042
1332.2464168133874 1353.030245757111 361.6073850923653
1309.5341011044256 943.1407376041674 526.4419895448652
605.7790030936618 1092.4468431548796 499.6268719328863
1771.8494067370737 885.0169354420239 1226.948836863156
558.4733372187725 1850.6008423954095 244.23468170078615
1611.322170788798 195.37353970174487 617.3953630571691
1912.9239614478715 656.1837284154836 804.0435504864201
983.8015332307637 1979.2921494543352 771.1113197728366
1497.2953341349223 1959.2848446898397 1349.3685491789372
1263.3787754509267 1315.0018532866823 1292.8957482981218
1951.4355677462152 1444.8296622920968 1123.0790045768888
1557.4744833681787 782.7597387058154 573.1937404399748
1001.7753795005826 390.5480018169731 897.8649367496794
1038.2191317463326 116.90674381388 1234.455903109405
663.3457341227762 116.61933502189802 473.1536162595938
526.3660630847529 1934.0880469019153 304.5301171587478
1082.7588541929683 878.1550282317093 1441.772130520521
1209.5262544684801 273.5512755239471 1192.2901778041253
407.1696956308335 1941.4598883167016 216.97944174927713
183.87602868214725 1760.2548649695073 1109.3122949424603
890.0864962259278 764.9449362490761 730.4678304289785
648.9693004738022 1198.3108098124274 800.3695627206337
1535.3629920117246 246.19897594600616 654.4087947982166
1994.3390694993732 679.791486582271 399.91310036924096
682.8772876636564 625.6416117219095 560.1938913264046
1248.3014204801325 311.98807443285114 1020.7515319054145
2.8382723752051753 502.69385495234854 1458.3715971827498
1894.3777840764437 661.2247183126308 1215.8323088585653
1079.6613501935058 607.3030303150366 1230.5049959072408
734.2509036299467 1368.570638702256 516.6602301980804
1796.940270473773 1199.8403328167835 669.1718308883623
1822.3064323747444 1300.0383948347142 349.42632751066753
1064.1476057633774 1372.9064555270804 776.8853253359638
239.2669509847418 1843.067140717712 1023.2495737655305
795.2910588431481 1662.0660327200305 313.97286075916173
1040.3938169524154 744.9589854618138 893.0023147799508
1473.1454512475786 1648.9779329863425 122.01751646945131
864.3978035849977 817.4343871786491 795.6003738724733
509.1935775289669 827.842038936288 1431.9264880923015
294.17020084459057 1211.1963005565292 597.5873096143692
1297.7254404132007 128.39306659775173 111.64445655432287
455.3492947461226 1814.82152469063 1406.521550585751
32.783884258214435 1226.023506939439 1188.0163432816446
273.959657682485 352.9110527975472 1318.70956269751
55.97934078236744 1447.1167655645506 109.26742113211718
83.80853678286648 1971.9759839631333 419.75666121123317
521.3488781096268 555.4903741247728 856.8084663012172
410.61133612114475 644.3486428390651 314.64624678757815
1943.746561009605 1853.4275694079588 360.67411108030404
1891.862299090032 318.83772780789286 783.2839620942367
442.78008875738516 435.7365746890216 497.74152626369636
1699.541291979847 1266.4310380339516 1079.2232302118834
1493.936213464464 856.3151851266497 120.23996333463477
25.796288609981843 632.6236540471626 147.88968147749392
378.3624809100892 1201.8551249346801 873.6419339511627
1061.8650506077101 656.7311500630193 1257.6972340307718
144.01643729492218 1330.5030764637243 846.8125985728117
221.84705240606073 1299.725724861262 47.77808401204597
795.0909801424053 823.2746918901896 1413.7697765372952
1968.1284594084095 1363.57716924445 5.669332919456204
7.218646056347922 1321.336608838334 562.5493604386143
800.2085609794325 1006.4361337539187 1222.11147292283
1521.4772598429167 1360.1376438912896 511.77412985562836
782.2304673616462 481.704476926895 762.3054955122587
1301.6267552103368 843.3144552808301 141.84368046829027
1276.6699006468825 1289.2370880113929 289.80298464534974
874.594274640738 1250.7021781670223 407.29750940773454
535.2781628039278 658.6213776038172 463.2391266494648
430.08298288105664 757.0625886551061 316.2177509164874
211.7499270963139 435.8806684458729 220.54283120611552
415.6062663475537 1408.3358764498869 509.61000646950765
1977.4625422080312 207.15464206316136 269.750025250623
760.8046071421048 1538.4221094320144 122.03559002312997
69.2554436632804 1041.1304721681986 101.60429237100243
451.9602224395871 1913.3922909731998 1184.947538730029
1822.8418012767427 238.33314651800586 1299.1406144167067
181.00376101608106 486.4887721206512 1168.0430130837622
1052.621796897144 664.7746057608341 1419.4041491877335
771.956953005198 68.61312619998694 178.00939125232367
1201.645746478096 374.4434829571519 36.59027743504001
719.4336477439034 1395.5713125878829 843.6156779806998
1551.8277818868705 646.0016797662007 1094.232497230185
2.5983928458632732 1996.7485100989993 1326.9179335201695
379.9820123164446 1058.4911556525187 670.5222856039255
1953.3981756169483 1056.6947625632974 551.5854170984275
1219.4695533000222 238.76386517020444 1394.8424276465162
585.2882697277641 1601.1400329716969 971.1292319297798
28.623222452564434 1854.6354731933725 184.12320982870617
1149.7714126920052 1006.3867007510114 495.0173693549864
333.9568199058867 578.0291887677594 1075.0084602685317
1691.7226718309842 1752.774034001282 843.4523410489917
302.77827393675835 1364.5440029085664 240.67019558469704
509.3023857775489 971.596077017194 447.6810879602659
442.6410730927199 277.4877554228619 561.593233963223
324.64523270610624 949.304265165571 837.1093234751826
1848.0934435551615 1635.1076574899687 1134.5570073228994
1011.5306706889758 1759.7402533986508 53.79846067708327
202.2879663038595 1460.4904941188058 371.92608134299616
932.1526662025667 244.91177025701606 1090.2272804495233
1827.1236599807658 957.9709831204899 177.32048444188254
160.05662382790064 1702.7437654362102 934.3795096940966
1106.6244469118092 1962.040701975539 1010.1425495273044
587.2899013746382 1015.6573175298682 963.9505800920339
886.6177697846351 748.3649980343237 1423.585220085241
951.1554857164259 1201.8031049191814 992.4241365967888
1327.4732045880467 473.2973313745883 1003.6510710692187
1695.1408830043324 1534.8837354332193 663.1161199409
195.62542236142312 616.0601358153019 1299.9201689896715
1504.117321641682 1253.9995119695213 924.4409833230332
178.65463934386372 1479.4987901203758 318.44501143176757
1702.5482923395853 523.7251635513525 108.26539524705208
1858.1598525094146 1846.3508327110715 1174.8260086220175
1262.4583575755112 851.7016612867075 540.8422971258399
1662.8904280539493 1784.6994739012848 599.2711962451776
796.7296462456442 973.842584832274 589.2665763286827
510.2609329157044 26.08731756216165 628.3502097037433
99.522170739623 1142.448867491803 1341.2323552784676
896.9202598032466 280.893013501766 691.92179945381
1487.6754986829797 1078.603876898479 1367.6048537949696
646.6478682294601 681.4366782417623 42.48559846019096
400.68154429580807 205.72679815320072 886.7997349431947
1441.5952332053039 1002.4243997311619 47.73049421885944
1948.3144973493595 330.86659802685904 1409.3234583246874
1136.815193836796 1526.6298984895388 295.4961610224439
634.985075049512 1437.2490791789596 336.9811351124719
577.1023402178832 635.173627647927 1384.578309738766
535.5595904697186 729.7043641408357 244.34730357201767
1830.714006899603 217.99936467362224 1210.6404851209372
1661.108412726314 1551.8327915726832 406.73917093977013
1611.4818054632021 519.0272521010199 790.1211477825384
854.6944942563171 589.3989000482851 586.946494129529
1450.3491627538726 338.7305060647505 780.4685181189404
1300.0919011692097 1536.6409706245404 310.72283315200804
1314.9681346155596 430.592339909448 111.3396802800633
609.9602657599899 174.87924028821334 1007.7867686863364
1701.1324424284085 1432.470059059439 1387.3438126320145
825.9508704310734 1440.8907451118591 704.0193592092407
448.0113729706623 1603.2077108141107 1429.5400009716893
1390.8045990109288 134.9932219958334 819.4616128513562
335.0813081724897 1113.70029203286 1248.1661135136153
1012.1717917822122 871.1523335997795 1095.1887809814823
1893.266829750365 1131.1948157673464 1259.376814573375
59.834052538707326 453.8626907731012 401.5327616398977
1336.6359417046049 1523.2467260630171 897.424487870037
1460.2007909579902 1683.047742202669 513.1567526220699
993.9172988635729 86.81565720623685 103.2103839356911
320.10237979385715 545.6297658048095 844.3799600608244
1028.703600074243 918.659162310081 414.3618655675703
1082.828677556276 570.2789946366453 524.7807966879345
538.9653829288097 1833.5295031138517 634.7149770079541
565.8321714151646 991.1222715901156 1169.7398416267424
210.95724323614905 1782.0095386847433 1362.2536076808842
1345.871053661642 292.9743661016873 1425.3747287265867
393.1988276397036 214.22758521216912 92.0352833592345
984.9001357360756 1213.1166965158245 932.0866141291533
113.8928722441932 707.618170880786 97.12624248384394
226.90636050061076 511.9469584828664 1283.1163171754993
571.7949903239638 171.36695780565802 350.9617926611784
81.90111545760482 1480.4031785956859 118.68804342843508
313.35755971434986 1484.9417246577332 1148.6629070428012
1155.0176881788047 605.4203854303735 1132.7820583301095
1755.0760121395733 1825.3679677602315 426.88710937267723
112.40105650598697 1050.96576011084 327.527168948145
1506.4099799553514 1189.9289676976146 318.2043121357895
1314.9763371615788 656.2312629663447 37.728348352062454
996.2385051435842 1442.4766610878835 7.519190585606628
1555.5569790663226 737.7348470283938 1279.7889044259498
587.0839571532749 1251.9472243557207 90.16044862760702
851.0978029711742 266.173903512565 1247.043917338131
1587.69155675603 552.1731937977719 622.168887137273
1214.9591397417018 633.0811300267504 1268.0735730732904
529.5478547564363 725.4903692871544 1141.605969407534
586.3085803322352 1124.2613667614507 1470.8553215211286
833.4507472102546 1981.4310429410457 868.9643837842316
1309.972844633465 776.3192555393621 919.0814411053798
878.9504812771927 546.5616428627744 757.3863127526487
