1000
683.1314419502174 758.8673150646872 1150.631516245666
860.8134634537698 316.3271008281712 194.58454214799931
32.05846646271415 1863.5823440899676 698.9682647188179
1424.5108212940002 952.4128029578014 986.3963045171317
1166.8224227270348 1469.492172298639 1170.2025351826142
530.3642654268273 31.95336115623992 129.09466525936452
818.786454538495 1339.6661023098802 730.6562974737649
1780.1502025934608 1060.3795809233204 370.4724511631714
1243.0925500799833 880.7915831215658 1445.3909752700822
1255.8575319124973 1724.037135298845 528.6303940720243
687.5180671584773 391.6351599386043 169.64338419917613
1457.4812483914063 1298.1150846316511 284.8239171903818
1028.5932319333665 1344.3232742902792 95.88292839910333
1675.2430104374719 135.748161178338 315.58483631597693
1686.848055659822 235.68598694994725 0.9016545202458759
250.6018682123683 538.2482983919194 650.6663613504529
1353.5173704498372 1867.5638277789142 593.0637725419334
599.7905806030724 1837.064457807028 983.9885951602527
297.5634764059538 338.65385311719785 450.13668645673755
508.98790612208745 1152.824855194627 1199.3562173277685
587.9912224895185 1926.228352496714 287.73508531557064
61.0721930884226 1656.9418425749923 535.0907556400863
15.81639759849307 551.276668525237 529.3937195392776
1793.0630369220619 824.1319312324116 1108.0077467745941
338.3133684354407 1155.4546025415939 1294.5328703145835
1789.5351593541168 1361.8095691913395 1295.7200962807538
1273.8826625688266 1800.1681665238734 259.9874457026255
1899.536735935013 788.4261851508508 59.05083910446923
1180.2861525302048 609.2906685828434 942.1048278238545
872.8431356029552 1254.3853577251832 1010.6186984338582
1672.454859324314 715.5858552326005 516.4666458458278
214.68967312703447 1198.233387724698 559.7787531527842
587.4031652621543 1553.4985402189056 522.2811667425273
1293.7776963487054 471.96827363611993 1171.5276468046604
99.72051258401126 839.1772801070267 1197.1149923416353
50.207292429613084 1196.884485616178 870.5556736531254
504.67979273552197 413.44500371350045 658.2291048867461
124.19175243549452 1026.7276742229903 922.5734624504564
1512.7564341831123 1187.3173711582426 752.4875196676298
648.9216505588771 1005.777848824771 418.5330402039455
899.1456120647314 1998.632547498213 274.79190125911146
1722.3302856870976 240.0106958373809 253.98281389646104
1286.8034171772729 853.716736620425 496.7343469781915
513.8701420588883 337.25731884236666 658.7183261349666
1738.3386778013373 1007.5406997991352 520.5720139559716
1478.1136961133884 1188.79173033456 1024.278787703878
512.1509613703024 1434.207412204995 531.5795836833814
1114.0074387702298 1250.240552585713 1134.9610483510155
912.0380457863957 454.4554201796507 858.7026221092053
820.0240023553818 752.0613469114272 294.4380332997017
1377.0953779972556 243.06605436293327 207.31152929644853
878.0522382990677 1933.7434189698547 1439.4006580135022
561.7344486942109 24.05076986361321 1341.7072188813515
514.4606974709986 1958.9659694751067 544.6467253470348
1800.119849667808 1133.9432050317403 144.3660693174791
1957.1358076699848 1740.7134386796195 74.8354950331268
300.28826272428466 1153.9759645388451 543.2103181624885
1048.7256988010192 1395.6725106514552 582.3400374766469
883.1783839511436 924.8654651497366 474.2065968377851
1269.5206609177262 1835.9908098748426 94.14470928853835
1005.715051642605 1148.8372733481042 335.7165935551904
895.8734605588199 525.4545482852935 610.313311566003
1857.5222107810782 638.6975006271065 907.5129733946567
1015.8883277182216 1582.6641233179423 1347.1315419536315
295.2099491553546 320.79459390568957 397.46019183561833
593.9289039616884 415.57569844502984 1373.0028784819972
1490.7945009209186 1511.2007852263844 153.79435360278993
1375.7580074493385 1215.9989733866373 1349.0818449234023
876.0267915368214 396.4672274624865 334.817622803555
1085.4673466134886 645.4996659714756 604.5238531020864
1369.8366989462058 1935.3001162913474 914.0493451907765
518.1518229278183 343.23065668586383 1282.4200113542418
314.8709948358759 1882.1732153949322 1337.2722879041619
949.9062313262505 1746.854694996884 158.90404116295093
863.743242876591 611.6045224952618 1178.5560319981555
128.75927457398893 835.54549548285 239.0841560649004
1766.7102430298885 1422.8493755657307 181.40068263167103
1085.7069288031666 670.1549856353947 1411.7030468991854
1414.389532152739 692.620001990504 142.10283996549677
629.477515122159 1737.6792118354392 669.4071469261163
1997.7250204255668 598.384460564397 1148.0772896071226
198.00734384557384 1509.4924633223309 411.75829879700007
136.65311715916317 1161.1450770238164 1209.6022888868015
1541.1592459769022 1905.9342909806196 1037.6796155487093
385.2920225858374 506.61334092537146 1166.8209194915928
1450.2988968257832 720.1203876596398 956.7186297145256
1583.51948161715 1074.9816561592236 551.7713583249458
673.7520824302352 1562.1873301080473 1380.475037584583
660.6901083486416 1981.496942976145 402.2048050532323
1807.918466234698 1945.385819813947 912.7874328107605
939.3771396680271 547.1493396458866 1009.3944655572034
78.85999353150908 1108.3081498055287 1354.6936615665188
1973.2182105842917 585.0050091473926 659.6799988515656
1897.6580414941845 1623.2641544205364 1477.3918128247476
842.2938741752826 1472.3708769808259 190.77731972978208
162.15359234979076 648.966320421098 1369.4815330686206
215.17327224724235 1500.6143030914286 132.10835548712947
997.6161627884102 1353.4607288478846 282.5729148531677
1643.7681206680259 852.7735525737407 1344.4381954708936
1476.7450663933753 1147.1871047117245 149.85058971321857
772.110683645592 602.2203493548308 1274.5340125840462
83.21222309661636 1805.4078451796752 659.4837371818428
40.210475027258056 578.5182789244743 789.3611031845303
108.86004132757266 1154.3953955816517 533.8496276242131
1487.418997116111 1274.5203547273359 754.5770201727111
1864.3066253178772 1710.8441828513494 810.786802726222
1376.704790908366 159.8658974606897 204.1592733518992
1998.4481922986752 1686.686236216621 1272.919072352258
192.44237852803047 1563.2720006999511 210.2059913967547
1670.538117132093 808.7903411321497 710.8848566818925
542.0295584648583 506.0535765120389 660.6909065687821
166.88652328886988 784.5872150041585 20.664186337322256
1263.3960164383532 1310.9239821247738 838.2554442416134
1709.8785292528821 554.500516538043 378.8528175205681
495.986994110752 427.36831941411776 1221.3732215271552
1314.8435042034366 261.5111086237407 1194.8134266977052
1986.056172562754 428.80360784947413 36.30764240511192
1558.2756550739682 1989.8901099599095 1452.6552123946146
43.76219949887972 93.41866152653178 40.39619522141602
1683.7913169976441 228.6738238705255 616.8592752250182
257.6904617408009 1449.1473363720393 310.1389757070195
1495.2220211162671 244.6065317985313 909.0052231191565
1107.2630869805153 1028.5879776216593 851.1824663412649
1953.2656842534955 1292.7684279062476 593.3701716393593
1014.531018717665 1850.1366312923296 1030.5870348754986
853.1558141645053 937.0433023232085 1140.674068063525
321.22560391046727 477.1257677463245 955.7914381587901
91.94264465589086 1823.271304092895 1204.113471005989
1151.345977939954 1070.074265511627 234.77611208548865
655.682309764799 929.5446721179864 807.082247644166
1464.0470680659516 1406.1162411929242 870.3808571054693
761.1637864897518 684.4262105102763 677.5622134078639
720.741901789697 225.86329849802377 578.8289651407093
458.891717624772 1188.6536088774033 861.2860847096116
1820.7897169285236 1228.763138732988 1285.4111009370206
932.6196686966399 278.9922759567875 1116.451406376434
444.74680855057727 1684.5720047503066 429.2103297645996
527.5830407242896 561.774572855237 723.1466696594406
1306.512566129867 1584.5540578700704 769.1907226963227
1572.0368928044784 853.5719377902423 44.03515614637604
530.6492852285953 142.99777095611677 167.5634550598883
1012.6074738101764 1247.149501315067 1043.380708791422
1169.7530008679205 440.6492023466475 561.2645421958575
11.510398572516456 759.6073221276778 1233.260095912849
1346.8956369371697 1279.2612996693122 461.4316910849627
1430.9080033443024 723.4038596324627 741.2902173720521
1905.5621937077053 1711.2545479825853 28.331125219881347
335.27479263746574 1934.1358209754615 1193.2865045686708
1654.832592659147 315.19331528342695 875.0005656907821
224.16303237031744 310.83617473265537 539.564128378265
981.0451498780628 1394.106452578087 130.64481291775854
1407.1468749879652 872.8756697087376 563.3090308176183
67.42605511179067 180.74719500712888 287.5476596707108
385.38200444834735 972.44177492452 1032.085632369634
1640.3295779893074 591.7535255170312 498.7343372089935
1039.9899987156107 1793.844632921571 27.163120855973556
567.1338348626999 1173.6946503862832 872.3493652288827
1934.2748460980606 134.53551394435627 1130.597523366913
1128.5795483396519 1101.1420449722211 943.8828234276476
187.4852363442001 292.2942833696116 311.7601781700091
1615.2387108649525 853.5199204417177 506.19968497421206
382.15513238554166 781.7702206911141 512.3682224119702
1274.6692239035385 1107.5430228289665 699.9557090331567
1463.6720124389046 1134.094013676195 592.0066111116097
1197.2808304864193 1721.1157532083432 441.73984024474305
1791.0161648688197 294.69138382544634 471.4207252016529
1387.44552892597 1710.1724876043445 756.8391704466602
1782.6560341498352 819.1221629243908 1133.9400412236225
720.5329573792553 1597.2347028569118 842.7105863769847
394.87669367229097 1409.4612887819846 157.23725510151877
731.7614003068802 682.3711834911021 1329.9147776735235
962.3576698549938 1776.314276158753 171.76228711835302
1002.6421254710054 1475.8016523903912 831.6491886807477
1504.1737202708593 182.29580429465742 245.02120976866237
362.33979080414457 941.8492610943865 268.9388659283557
1610.119831812187 1527.4333606419682 678.2954669154661
665.3440780177133 1824.6461093145888 494.4790855341765
398.20259782056854 1119.5790490598597 1358.302215889037
737.4663653561227 789.2077587287123 340.37449151603187
992.1287620590207 599.0372209202067 1089.3991687164942
1385.7468397393104 1271.3145611288803 626.4376564652126
449.3308911730587 170.3874009611912 962.7637539681991
779.0861454689908 1420.997523023 1462.486025907411
379.47595517780417 972.3867031427811 902.6358470189662
1758.5569717514454 1084.310132050277 1406.675475880984
90.50306261327812 1368.7789586368133 1121.1928278480514
941.0547697591702 604.5271773861749 995.3563253959159
28.733024351649703 1605.700088921199 41.68674745405559
607.5011284736831 1951.1245166010115 1023.2549848813201
294.1562973709897 1496.4431213148866 19.151945721639365
1477.9257029957403 1049.4152460126395 395.0422265370873
494.32310369067835 988.1197847625971 1179.817285772021
211.04162563704932 869.7277751384678 1120.2730825203157
984.3705392893249 819.7537740538312 1463.6754680521599
343.8024179308552 1626.7713751432884 826.1799430212468
1374.5394805005856 533.8840685781998 664.2714687139169
1182.5076345428013 1406.3733635429173 434.0358460386179
53.75066491339054 509.2785156770927 930.4912256429751
364.43823218565876 994.9681378480968 87.61464576966472
948.5427887194961 1612.0686520089057 440.6283196499975
1818.962103805108 1905.8213973339593 874.0447267836329
1433.6911478969607 1882.7838483288938 1425.6748659472505
493.3401729632936 1204.990044098796 1349.8937050813136
1998.6239079601517 475.8855871013559 776.810783063876
1144.658351466578 1128.0798155996447 137.9596060139026
373.85753940558874 199.2106324160099 1023.1536731678832
990.4244247091234 1484.5273503314872 1039.7308071249915
749.682557050926 57.66395893570198 57.23113224139254
621.0774445120973 1206.8175782284525 502.9789052748192
1765.8728737548395 522.8322132225878 40.863919542037664
1516.0507102722502 378.30446412693533 715.5826021501339
935.9418975312026 229.49201503608575 1467.8205907650458
1063.677210448322 217.23985958286906 465.70515110425964
110.99993492121851 1681.3475117423097 523.6375312885266
242.27208913350663 1361.7037672454958 991.0812036685289
1282.1147660041163 1075.617770956784 1436.4288561321287
939.8104560253154 850.5928608378155 765.5055021957387
170.60508141086328 449.31066543499855 629.5151939950201
291.4478383803736 1433.5653693392067 648.7605621483509
574.8208513509396 610.3387293779332 1247.214329019139
1726.2801021937473 1290.5567637734723 935.1579171702443
338.6221447392788 660.5446648872071 1273.482717527431
789.029268760467 1858.4879757736435 359.6050296254315
174.7258185990861 856.379124618158 691.683892838436
1272.1142331590377 1493.1034933884387 47.509186578287675
18.258321480387085 1125.9478004622902 1060.380620206717
1013.056506606382 443.2025204305088 653.6671362990224
748.8430880109604 1256.2129217606798 769.4096939895295
203.30096822225462 989.8567745702653 1490.565566062199
1391.0054122144888 1077.746093754796 754.0410226648772
1144.8438074193753 55.53251882456767 820.1061009250412
650.6658595119559 1786.745259256721 423.6644696571148
912.7653099680306 38.15384098408492 1452.5095204199663
1822.1940578052834 1840.3213145471293 757.6670278320938
1499.1927828554587 78.92267491743277 55.38371770110423
139.39377852004142 848.0959337986895 1354.100483851896
1949.5640051664402 1725.9066489897705 675.9141071346378
1310.97644216201 1790.4580794294848 636.9412079400719
1366.3615994354693 647.129403665762 112.1703973783017
1182.7495378663855 1387.697251479295 300.01513946574016
125.73125580559719 868.1672322182014 151.84653835438144
1293.3887415780564 486.67409217708934 1415.4316359278357
1638.889757066266 183.98530575555984 721.267828949738
410.5407550489255 1768.9917299574229 507.1196107760933
16.211541117154837 1240.4793826953767 229.3504234689363
690.9708968092918 1362.9566825104553 282.5222732004627
186.08549285611664 1955.1355332463347 543.462504991811
840.0323790181739 42.039779270304 243.76452661456472
1324.9309110870727 804.7972632275397 1007.7170614478041
898.0191182122887 1600.7900761795086 938.2485078445449
960.8378886105138 810.4076290559811 826.170436926564
1914.0536737215116 110.71314693321877 339.5639319280628
1593.064015453619 1348.1966734390185 941.3874663423868
137.56560236192362 1898.5665284815452 45.27491335543799
748.2865367972296 1218.4908406956229 404.48946001739023
683.7152662822457 1988.7342962924101 770.4910504925372
381.345687126559 1186.1577922625834 1186.288356825577
681.2278959488362 1881.5472021060273 17.60387751973369
759.8841737436246 786.9413007730545 945.6270666103834
1485.4395743455286 1210.681048873198 761.675135991487
963.9541452044393 72.0968064322245 4.4562126047583135
1066.4881913686252 498.5933502229678 455.91453137599075
311.1030843293363 84.5840294373772 311.95509791100744
766.1370991030744 1168.7636124616943 317.18442653206864
1223.4939668181985 1093.7925968998693 1349.4236889939127
1901.4267780953976 1035.0578617267565 753.0447151786152
1447.0328820404663 453.6802633235162 464.0530911068252
391.5800281250412 302.77818321247827 918.0066674155266
743.718020999609 1208.071411375125 35.88115901642874
1937.8222219458453 1757.8695534318906 1333.0559043059766
1712.3478265373874 268.1443055022006 216.2759410322018
378.7593315594511 1380.1294200721768 222.2453939607943
171.70768029242467 1454.046080183358 1109.3452447960553
146.62098888483533 1823.038990043736 311.5860281127868
1873.9601290617002 1125.262662755794 1214.1332490905118
149.64354746696506 450.320587865255 103.86764773378204
744.0134097422468 730.9157569627889 1049.7978899456857
1672.5366109572233 1013.7320897917499 525.8034119774501
1944.7683963565723 35.49648844997155 1400.2094234199246
558.9573182615868 265.5854303622063 478.8765810205414
712.1155817271243 856.890141922535 199.81297484568117
497.56001795060877 626.0997701049329 919.0306627219408
887.6202963301778 1897.4436239864665 1347.2669070127504
181.36928678388807 506.08919464259407 486.07918191557826
453.51991078693055 1284.6802785787236 91.37989220973076
484.9856119565159 674.2271460292402 563.1619167297497
211.85252286686708 1079.24122213781 552.6607998511986
547.8873429198314 445.96249982452287 792.6484889526292
355.7956135767137 802.823899437858 375.9657854318742
153.90296871458008 796.2796164318078 1218.3618334306152
226.75028755379168 1745.299029261834 460.7014699036062
1362.9650043168335 1584.2185523086002 222.74055918426777
1738.7389789088527 708.7890399141302 980.1374789445109
652.336055281949 1987.0366082586884 895.5259790756094
912.6998046485004 1504.0793565227611 1199.4598078561894
1311.5958595012912 1810.9315905372378 283.5402741218111
1791.4823233550037 1073.9371047690888 38.762879855921526
245.14744179900828 276.47919842601885 183.6383029835623
296.84128968773746 1184.2613152410079 520.2871766755409
178.19378113191385 1131.6540927129683 943.5399149962395
1.1358058540724691 1330.1455780410583 946.521261020788
1841.8963924187663 810.9074193968393 734.0218988678794
1978.7385562933268 649.7343663199506 910.9319014287238
1988.1308543604248 519.6230618575423 1041.3235221785687
1061.8541174246445 870.1412600461235 1116.4298621006922
765.4776269497763 1429.9908801664853 58.351200145572825
183.7719966733753 1984.7485160026645 1257.3820538641257
244.26223079462918 483.8767366576295 1178.8610703637642
334.5369062482011 1176.9884613867496 658.6220900074105
81.86283472369004 291.85561645395563 923.6165865244323
1114.9266177101476 95.70032066120393 1341.5857091671362
773.0294214352351 1616.502714853371 213.43362905157875
1539.0790853872206 373.24081718788807 1036.1766097490033
234.96953199743564 1841.634888256682 230.8615952967986
1428.7045260143507 1171.6720717051978 1198.5174361046659
1025.445378965841 1510.6520344184303 128.0082920470141
1545.478202852218 963.6243056410432 1022.8351128516031
717.637624758195 1605.0545358090387 235.59584033117582
1338.4830863025238 647.9611305613071 1170.4679709181942
1089.8666975359827 1917.1665847266195 1375.2645443742974
225.47029350171078 643.5782704092426 90.55494574891027
57.78716439665877 1012.6020651273637 219.22010744109184
645.0051203885079 933.3504570000958 498.1864251205652
1555.2579320364177 99.16630378766156 377.88389567976964
235.43924087232492 836.7577819021135 420.1100304417304
1828.0289126790353 1211.4220403003233 1025.0616539684838
1506.7673980577865 206.9471327893011 393.7517414737906
1254.5313342799952 1711.3608140985145 787.3558819543475
1360.7026515933287 1222.0770445596343 912.4673259630737
467.5158061859255 555.4582624182143 1256.4986221378222
1722.4041139049968 137.14142932224127 83.78398075247028
369.0158083605493 1806.913314076317 187.6258846846645
378.31583924999126 680.1758186588813 337.40395508840794
1015.702713449187 1342.459421562648 386.69683165543836
1150.8428801800076 1028.9309405751303 1438.9117551843312
730.5451786986887 1936.482690295086 544.419924502814
1642.9532037597965 1687.6979099858477 120.58182834925724
561.3158274382008 602.6335192199457 853.4810383446211
229.6540572646344 591.0766516806032 1028.011726555785
1762.3087293946846 723.8357729019873 765.6414313213718
580.4304340234225 87.3647698731832 1320.974874072028
1776.2678077338637 386.02139287138294 204.18600444610436
1010.8435028561217 1511.0972909456455 488.1371478279564
1310.14577072643 1147.6707673469848 589.4434039206961
480.78134458673173 48.728701413851994 1397.820628764445
516.0419692675357 1500.66043228467 348.3976041833605
1750.7504726862605 924.939232144435 401.17904035314234
687.7232648472935 632.2844473463409 45.229578034467366
84.7142150699014 1079.7249681550352 1227.8622592786926
928.119593108719 1790.85387641997 915.3647667189517
1029.0387541224925 710.8429444749445 329.2321354658717
1653.7955226312051 954.352729642013 272.50849863792786
948.0600166348607 240.9720627495584 797.3293620853782
1043.22743215635 202.30000453441767 1031.5120323609574
1733.3616886802708 1111.0668414028912 878.5869683402872
1075.697778921341 1522.0749758865177 1251.6424237719582
1775.78631472889 1999.4521080840013 899.9172252052855
874.4076584128637 215.6149184336398 490.7786725376306
1082.8604232979048 1666.4675902427705 128.50732337683428
1935.2761968066159 311.7457642569332 527.513152846977
55.19630454533142 1739.4745815735853 1034.8133152784947
157.20245725476056 1223.6250574690741 640.7489034331984
327.1815160597438 1931.8360468687154 288.7659673867405
1557.5345055463135 403.4063146253455 641.105677470568
824.1145157002114 1447.9642524969531 687.2255125343224
1288.5167716985218 539.821603973293 1487.623948121203
210.07582761062804 1973.5663528842726 897.2067448548191
621.9090099840672 1912.616098639379 1077.0654683791818
1305.358479854407 1212.4634096606833 588.9961454241371
1653.8140230829574 594.5723202984988 98.43330521325161
1000.4125116253065 1855.7457319334153 319.7269945262629
95.22250158560142 43.4971143761862 242.94626083479227
939.4407323931238 1998.0884983627197 504.26967572429874
1562.5789616184325 71.95817683042738 22.79838053147637
823.6492031832261 1514.4784947037695 1202.7451979878417
100.35102766502612 307.0418210783623 268.567380211399
1751.6231377905408 1386.7663692879175 1089.5594726483873
1843.8379951461156 867.2719893137828 808.023631381753
543.025245909565 1142.343179245649 1054.6055382496193
1778.9378164814264 1964.943101320948 1340.5126154468521
1138.9125666853668 1048.5404268579118 880.1534658096789
1956.9149610025095 1460.0312970021782 1182.4358306782883
456.6114744219567 1833.9492996525437 130.82746077235646
1269.307378244585 985.4831692070616 884.069400454004
887.2522896724422 590.7890881927004 1.4112720521700095
919.7695733922053 70.80841748221256 633.2158951145555
303.35275829388286 214.4234082730947 1246.6529338130583
277.0744238687226 1649.3921276305098 291.4171612512936
1844.5656149597312 1595.2517609366184 523.9872115080689
821.2526130212727 1688.9396151366388 1224.9199530194544
743.8651293125394 250.291398906326 1140.264064806833
1097.5432773319396 1295.5433552131135 837.6615177608691
120.99853344224654 1902.883853597386 1128.6680866397685
547.5341960000939 1526.0192096186213 599.4894518980528
263.37185832972597 1197.5399175602106 352.6042309679093
759.1082719578408 1136.861244283808 408.7161910346808
1186.3218061486286 1153.1200627679336 1166.4930435701983
878.3891929008456 452.71026582293007 266.74978799224624
1582.4960695527134 809.9725419088628 569.2862572651424
1355.808398533984 374.1118957344389 377.75964538609753
431.4418712941599 1934.6725281676256 784.8680329604257
441.19651140696294 86.37001988538783 261.8525687806655
1272.8141633819585 1579.1081310151674 434.7952336565142
118.48213179285993 803.6332443468737 1450.1567928232794
646.9011763244221 614.7901243844145 89.1333123611564
1596.6919953141835 1032.7442450899127 158.45895449946613
786.8735018964796 865.6298513942728 305.26579030497606
1968.5268027677582 1730.1961217796086 966.636478359851
510.0849625667978 414.292350304192 427.0750864616754
1884.6796290724626 1740.1145888028686 190.40810949771654
1968.1953953503212 874.7954692236366 356.5905294883696
974.5834642961527 1687.7878245458842 496.64264202964307
609.3950208571952 1144.3359184097876 376.64804759986924
650.3644996154476 132.4726798446234 166.111746219608
1096.6687166631173 1193.5876031765317 1399.077416070774
1198.3630346730386 651.6604687308476 408.60611062792543
1517.4744258160638 56.46202144536727 921.0660486710426
664.083559824498 913.0559913651799 729.386101228927
527.91666806748 1477.7800434876008 1183.352471069621
1897.4614703839463 1680.941551583939 937.1276171539173
1466.9614389858955 1278.8779321081702 490.931766069155
744.4408963943454 1625.009220711057 1203.532238740127
1944.4980806529984 1061.9917970719891 45.513172301625104
1906.561302846555 313.1236695364881 1405.5224330699855
1447.3553844520618 675.0302337311018 133.34238581919843
1584.7998416881283 571.7740972399836 125.59179438150665
1219.1422543797237 1976.6619619379294 307.7271701335243
1950.2467516132415 1544.7402445531181 960.9556763833757
30.922982027392187 1623.0162060868438 580.5231481477952
31.137026187848083 561.7942748587049 1024.290787679186
1810.0686000559167 1248.0091452409806 903.5433992237643
1481.9834447322937 41.44079567063352 479.56977499197205
1815.3086563035297 275.5944726140269 1399.7364881351332
618.1209175037767 954.5002029670864 697.3732158698217
1776.1378134211927 602.8553566749005 423.55969441428914
1239.5882401222086 1213.098647334712 730.4420737304014
1292.1799313516226 1577.0417901168755 928.6727530077101
1397.7371161105168 889.9544425742494 859.6210348598978
591.6418629702999 5.012675117730625 943.1077743576908
1410.9185355619252 1295.8874970319177 966.028269909508
845.5619582039351 632.5929451898015 1037.0346670624785
1605.0212957234837 989.7318140166329 238.76357784178742
1995.0510576954084 1991.7051222965385 225.62132256241551
1611.0861311844424 1558.724736091458 987.9777227772213
882.2506516534559 1372.2922243679986 1020.0115856903582
1060.4453969307037 262.58275979872093 1144.5748818637383
200.61293523339629 525.3183188503616 980.138122087288
1048.8874244643416 1148.1622250060102 257.75336858384264
634.88543293016 1288.53002738091 1129.0101006552075
1065.6070334479264 1758.5589016771596 199.83308048464355
1911.9891822076947 816.3874492868762 198.42293628300317
758.7350766392038 20.560295523205376 1213.7475893693515
1730.959280092781 1778.1086471644073 388.81790999207686
1778.8076688891106 1354.1466636634493 887.7038369878675
1252.0426166102638 1774.9170578592125 24.257614932482074
719.2086643194662 949.3277986713256 57.474566304968775
1204.0156257968015 1563.1820309627383 818.9606606448207
378.671574871577 1436.60805326452 17.50963063975741
509.59571119633296 1673.810091456435 1141.920756101263
491.43682615950854 826.3805513448525 961.3763682684764
1447.2949896884106 1704.6268034355046 85.25135987925947
698.4955477051404 99.35237450071854 941.6959316083188
1713.6449896317736 85.76657025152711 568.3210792729642
84.54466574733033 706.4645121852844 228.21582287176233
1770.9642038470608 129.45314584918123 552.1087686451544
1924.8212232575213 26.80111639037652 383.7215116188303
966.0906329472402 705.0196576198307 1407.5416333211024
1844.1432302922308 919.1844980975976 1000.0868717011836
1335.0824989471753 332.65992881542775 1191.7095872204536
497.03286757184475 999.1487568871378 1202.592713159322
802.4489460156387 542.2186168271093 755.5265718487807
1883.0859983200323 1949.2374049110172 1334.4261052627865
1609.8320805241729 1365.7610246564493 1130.786551831414
764.0325199002242 1617.3894052795658 219.05814375815686
742.4373594405484 509.95199454354935 221.44959114908562
70.10307855424891 413.64349772040043 1429.6726606714624
660.5271897222209 850.7294951140749 32.914405865949846
1124.853799644027 1913.8789420085043 1246.7499696581115
1995.6995999693877 1706.141169866676 845.54893821529
1604.3050417576549 1709.7325242455838 803.3523454758625
773.9374605636528 1317.3951669799992 1331.3024533384473
1751.0210206342686 916.1370198254144 364.498041569149
1884.6638380418403 377.5713032258412 1051.9585442776024
832.4960330202011 1370.4910228224946 467.20595863221797
1588.7070609197424 1508.2803785956153 1429.4088876369144
799.2031995327073 1071.2909345561598 566.492743691652
661.5379765740901 161.05543061251737 1051.9273069383316
1791.3667855213353 1877.3354797653135 187.09652695231443
1395.950068384567 1571.5345969842977 820.2502863860744
802.2625506099248 347.4299550685616 177.39227056218698
1753.0133266795267 735.1274220700788 220.84975313403882
1071.8539691466676 1460.0184181138206 209.5772954497232
246.91760073143843 297.0127184036777 347.53192276160433
1254.6895429143135 1980.8681625455727 1331.9680704444745
212.21071388515523 936.999088324924 721.1137385049506
149.1992747631292 1.6571492376651342 1355.9256470232147
976.4207393908433 560.7051046694145 960.0649477479103
1477.8307961242642 463.1596685102124 949.0837593882859
8.852272777782666 116.88572544090947 802.9424216000706
1956.7761999804823 1728.096650815089 502.36556125529347
237.82506265067994 1263.5293848345013 1357.9972799046584
1864.845597852152 1795.9391097976452 12.055573344163351
1187.3916772533487 73.92121324589395 1264.1700797027315
299.18007324427685 1042.6139577020017 67.24164258387327
804.93694033603 1095.0687986523303 919.5288502381899
476.6278476381487 17.419279396529987 741.7626659892746
1199.9328844044605 1196.8492506767843 386.131895257191
931.0371321166853 807.0014916570296 1372.221742254815
1880.5957752938712 1943.8592054360226 263.0720639677928
925.930426966377 1310.3616261536902 913.1110992720145
1305.547949548156 717.8897623078337 610.5469006119703
97.67605656088962 1557.8223405064557 985.816987872353
1169.5990865508597 739.4720003391224 988.9875678535002
1523.2629849348752 1250.9510571833714 921.1575486023792
1345.21445145794 1586.966594066074 74.76399248455311
1575.7448149080867 1326.4666718428246 359.86138206052976
1001.4661742515099 708.9535478701621 975.2108285953301
272.71016668819146 1529.6198497709033 1297.0763322975897
1764.727711006762 1207.2540922573407 976.1283238450038
553.9637905003192 1164.0304266955272 436.38338369910167
1402.5068732186508 1104.9025384243535 1025.7049523282808
264.83797250736353 636.2088877379352 1085.138894408374
1859.4542338093445 524.8289824109858 919.704483699031
164.65939778951366 1520.9871324477217 1294.0029429222843
1859.7439856273975 362.39964142169123 652.8975646022895
1471.052831622711 308.05246126225285 1347.1376899190493
1576.9529656713974 1348.0898496525836 1250.7415990426036
502.869217511982 313.34774877786 692.4735756670891
453.40843577456246 1882.4706890658977 1469.6412662141786
1393.9521027894446 438.88334683614306 639.0870793600626
693.0488443064154 854.4785852835084 325.8760028948193
1643.553172183084 739.4924067123548 351.24750357292754
1481.4978566499974 1916.7584277727472 1104.911014311327
1705.8631724632983 353.161496560662 1216.7452872268316
648.4258507429563 1164.0936234051092 328.7582969331841
431.4234895103777 621.3632893914487 284.4531836176718
1115.101458178023 1187.219523140443 767.7804937618978
997.6277396092887 681.2490478264237 275.85177169059784
315.2175758240376 756.3773437096235 396.77652488319814
1674.8342980291923 1098.3157218815759 895.353241146473
1248.125786493717 1599.72138371037 133.65773379393687
62.73774040969893 979.5324479565404 881.6476692021201
1253.3029681754795 930.7175664691612 1300.7884470672639
1499.4433013899963 1422.841014033323 1313.2319765209095
194.28343642726432 1235.7336878303602 609.9301420068349
307.25110228044537 1034.4346184867886 34.21067437640002
626.0068031492085 953.8791880943802 1405.029982286436
1405.2468199635593 3.770047695354828 1109.1159405610563
1197.8988222676169 374.6698187257682 124.37727419814676
1666.0494984582604 1222.1117368717503 282.54102309970256
485.31908176313965 1104.2378929846784 63.961555818706714
920.4148403997754 214.74122708933186 1128.4869287314687
288.9211519441157 1644.6259628035132 342.62364668570143
1607.612746317452 1730.8801306572925 1300.9271941177115
503.0021752385414 1098.2862452062652 614.2995697340315
1797.1265006962224 1562.002290669832 397.6725121085645
24.071802079384863 1618.5271199379868 46.056205227335724
716.8293417811558 24.76005186899077 885.9808507805112
1854.5009850212941 671.660981913135 296.34514965544236
1592.3655410150275 111.38250156814311 768.1229077765588
1795.9762761706975 1754.6050997137752 1315.0044445269943
1813.6975494087458 5.474618110617335 591.4176127818398
1176.6917551847023 591.5026699643391 147.0782607521714
858.0070503862429 1385.4034881982777 478.67134945093306
1834.634597207075 1855.0541982546524 541.2288061906976
466.43245535294733 812.6194898700056 193.36623585664847
1357.1750174398373 695.6084598121104 683.1428208803121
1779.7694946215317 615.8480105875645 836.3088883494793
778.6346778511528 1536.3916132296781 1381.6264039298678
751.7116723593884 805.8015547450137 1079.969412932704
93.21171781953352 1685.3437754438628 818.4472280312197
159.55332466047255 1805.506671407464 407.75775313376073
500.87873799972635 903.4047296129817 711.5580301558147
409.7663494346489 1108.0430270942195 195.90924828297202
195.41826862079458 1954.2064471936696 947.1830937595597
1429.3202627071864 1753.027025846283 1057.984204239837
397.42940369627865 1872.3488491917624 735.7630886555281
337.8391614174217 686.9238265490301 706.1741131105548
1520.275125405771 436.11997589023923 78.35482381699421
733.8699268451805 857.7734900855949 1399.8567350955316
1273.5210955548223 1425.390923065925 161.982202132323
742.2530043420938 568.0579068266092 1042.7838429537908
818.3057681229786 84.67729536639301 59.130668284045285
84.32323290282118 1913.9064012919584 76.76491034029098
40.87690560304424 172.0323103373549 670.5439728669224
1225.397842629008 1126.9831110010623 340.62170334986723
1038.6267529632817 226.78199545767575 81.76590545781015
1134.6638626855804 1665.7535443927484 49.195290402350544
1729.6315821383603 1380.5723244968658 1287.547479060903
1710.6834175274485 781.5432016653665 1233.4244255626922
1977.1425016483968 1361.462923289378 1181.4812865737626
145.78377333478775 735.646883988401 619.4778095423303
58.87830811751882 301.9593842810646 412.17927978570555
1482.3102778066066 1687.6479062918984 1337.1397115564462
1549.3789221821976 80.42351396486902 1094.4309054759542
1344.831985145109 65.52880986844167 1258.2829344323318
1610.6317655434414 348.8791414587804 673.0295118289743
1228.4377548057475 1962.8635065672224 773.8487156526301
1007.3404232321927 1000.0228167210465 433.1818342449479
1833.463239550414 276.7138545650816 589.31020003817
910.5968792261637 300.64614455045466 1489.2600991793372
1672.2979049378705 1341.9886800594306 231.152414086185
210.3642837326023 23.839875775805154 1093.1609250366507
940.1150368942632 15.049976806290832 1040.4427281760043
1839.183480041847 974.2005618446718 1040.4359241724055
1005.8711582088182 1241.6384928333257 574.3074275447054
31.083799045907632 541.029521887521 1178.3000710867786
1207.692526274906 1669.9292848746127 1167.05061961225
834.5486732590963 1857.158440134691 806.6641037962107
800.277610522466 1768.8246008397848 307.8915187935083
11.175642793723073 1036.3701033241573 989.5369384985067
164.26887943174196 1630.8248740272313 370.46567949064166
43.75429670917397 334.67664893891924 784.7140201552118
730.8463213513168 367.1227435204227 1486.8538158409401
1010.7553845088185 54.022931715931755 1234.791507029252
1413.5391335700947 1674.2525374743961 814.5797673282162
1741.783358362868 44.344707259204476 155.7157019033782
667.7561368885267 698.7590716135501 1081.9884269535141
879.8142167253817 922.0601033362478 1229.1184956627135
955.2782942491978 913.7707984574608 1495.486264246223
443.70584147702294 1991.0636470590377 1036.1869803746883
1954.6722546975172 932.1985093501784 1306.2902056475343
427.9680248523197 1281.6856448423548 663.5338188547948
1751.9392650276613 896.3055842313545 1371.0083432855372
1074.9536045184648 953.4637209056325 1260.125621386223
1308.7732694077938 748.8777401863796 389.2601655135297
1906.067462585788 1346.8915409375318 1453.5271485226076
336.53693347680223 505.5323517149617 28.846407933399988
1971.0171623979595 1435.7225432466778 1067.0513815875825
62.14216882029522 880.3889486029543 228.31850247967705
467.38002849369354 1777.6488712050532 363.44237134749005
894.527203574037 947.0145642892352 952.165633553302
1839.3311489744956 201.2209908705458 175.1852662181716
108.12871987275807 1592.9261816664048 682.5454318498088
1532.2288220814137 1407.5731680405263 617.5045709998882
438.8676980197637 252.98506363267492 1495.5332594263202
1287.8273799423428 731.6447366725909 349.5828460897765
695.7017792857873 434.34304200096665 522.6856953471995
1941.1473808715511 1176.0575767415771 269.8477311051143
1139.4374522558562 1515.5224091200437 995.5127496379308
1427.295023671735 1755.5791337076428 543.9293494801133
1494.9425345138302 508.3613481555007 313.3637752705395
1632.6007748976915 179.42208617069343 1301.9509288673396
1108.0489722292707 1288.9197054795761 739.2383869072954
67.19169594969566 141.34490010842615 832.4870132005968
1340.2240171281665 1379.289713168033 95.75088897143725
1179.3396822481666 1954.814188333298 766.6902221197346
1662.525270053276 933.6074286958199 435.0141305987463
598.442008294509 755.6186927349953 1329.0734668226
1089.210146250994 1300.6177327259638 465.46689776080495
488.26689093476006 1392.4560146712263 590.9754863554698
581.736055226038 662.1393849351773 60.04170589660646
361.9927013873809 525.9035981831178 19.362656546697554
1864.4017519687511 215.90311384255955 1191.2275416412713
432.4874559102483 93.11335304425961 515.4085535731634
1195.7324309151309 545.9834572690883 1469.0107988288266
1673.9586020745041 1705.4967770199278 1165.2244726436686
478.661335778203 1850.1315377363028 127.20967377922182
8.663997016531866 1079.1039998387282 715.427659108556
199.3462089505653 369.6884803005982 795.8867998811468
1093.2242071504113 472.66310359237406 455.6824094732687
655.2352412754161 27.037321508571743 419.3106586961308
1287.1628273808676 1509.802407255748 874.1713266280174
1952.1423591146383 187.45838598475427 26.319130495816744
913.7623493617131 1739.1570059706585 1016.8107457237246
1260.7278923231083 302.04899455209056 394.96784895487826
1899.0935887543117 1972.9890656239575 1417.7098876413102
1239.8875878878303 1243.2968531898239 439.4848997088817
237.86318981560805 1722.714817352338 1420.985775120983
1322.669146815541 1846.575692643941 550.1638515323821
1710.3648614896442 10.896273336237439 1274.6083162591704
979.8254560036759 1953.8735298044976 1136.0565841800487
1102.678217160239 1032.0258492937826 490.3939109919855
1961.7550819765474 45.596917244427495 1038.8708103182494
32.55076871488627 1754.0342246758032 151.43169156303833
1122.2037125687325 1598.2259093725556 1461.283297802078
1237.1064106748042 1232.8164776727808 373.70775814623477
32.51293015960188 1245.196338344068 775.6609425985666
1996.6683671498593 1300.0997263394158 1220.8135240739005
1743.169742856339 65.09982250236845 815.3108673404348
570.4904305592606 484.78106724548866 759.3164758326938
1303.6319906265333 515.2715513298132 650.5986993562196
1325.0453138184344 614.5183871272689 993.0489873281895
1947.4155311860172 1563.9535537410131 419.9519002600962
1084.463828026444 1032.192739075822 532.4634092279532
990.5805839226041 648.901196010997 62.62081551668708
596.4307785572018 222.9419427546664 447.45667072323846
202.42342216478826 1672.1319317416821 1035.7589724514694
1394.0456987023274 411.92721634655993 801.206154815672
1264.5253511846038 629.0617441236703 873.4477485638286
1728.6109439920897 1269.9703708014258 1338.118321782831
918.6637252764407 306.21717082631375 799.7357152679879
693.2530121622307 444.73659763765386 43.95375989069511
1728.0664578945893 138.9838876763303 632.8476996654459
53.11187543860996 61.40640969567968 112.3748541552908
1282.2784434147407 1599.549476925064 997.2016032945129
1082.0057869928298 218.04212039945293 609.2123459698026
360.16727521825544 40.26113886285954 850.959075964172
755.0049460558234 602.0855372807931 979.1505901485561
1053.970262932301 534.746472922738 206.6709034212618
920.2094559446967 2.5309787767791025 909.6875562847981
1594.0570360068932 984.4856652201195 668.6522896121257
1746.9591244681242 1133.45847204909 1405.2255313937733
1151.1512015115454 1835.3033269227583 365.99904017682854
598.3321164166047 1329.8366309994224 1088.808396881407
444.8286332359379 631.3383583016914 343.4397951835819
866.0919759258799 1377.6013044405295 593.591637407071
1096.305596986266 689.3104699847356 1247.1981196955842
873.7905837039956 1919.217496580151 1192.5037007344743
379.3612761055141 1780.9251368961766 803.106419959248
1723.2601355410777 162.75022359821855 1435.629394893749
1807.9680044746774 1294.4010844445872 963.39301048173
1267.2638089291556 503.64338953967524 711.6184087073531
114.69726461991402 1511.5233410519972 379.69517100624677
1060.609467999175 1267.4984729437308 1387.1920703983333
65.22030348150265 311.68151559438684 1399.4030282974948
1845.3632981899293 1744.53581348134 1027.2080490280957
313.1898680354641 317.8440111184848 160.300515698781
1943.8325606095968 924.4579110122169 1490.4263758170569
440.7821395031997 1679.1430981464175 312.2961475152822
39.842502489059626 790.9817327828672 301.41677657418796
236.52307484134406 222.97254872017902 466.96021168360505
1438.2833006123628 1970.0917960614618 1181.2056298895113
550.775641612566 56.493669590986784 942.921170496851
562.5748776291028 1630.201870407263 379.52193507265906
1722.9116049096897 1423.2088242297473 765.8064589098883
797.6766908655896 1315.2702718029648 1192.2051738773005
450.7933338559016 1898.6849107062808 179.5991212767039
1950.6510665186388 49.617577228404876 1480.7947487184517
1120.5326194081968 1827.6839894179122 456.8377537126859
617.5938148461863 721.7547118122578 479.7160001391782
624.6414079488031 1381.291538309295 1115.5665968185006
1897.932970680336 993.9558660950505 109.88079487495128
41.99085809163727 791.096607119282 1087.7261138526078
80.03954327916074 481.02287657616995 1373.40099766008
939.5755886046493 1588.5826570271304 1220.9644665705025
1722.1727576873157 1758.1723848304557 171.89474164577783
394.8050705767514 1316.5464337268766 587.4904810316038
1105.7463710136276 1925.805804203531 656.107095393412
1258.612957196095 1837.5358076346233 729.3837693647714
1645.507518848083 43.42882446886187 436.13716482808013
1828.3225036146446 784.5667810925871 1466.4924269511664
1687.5376978235574 1554.8659368639837 290.5472393920965
1531.9213420883805 1065.3805538008578 1386.2542823207561
795.4849150776781 243.8760300691898 152.2201814478348
599.5224108677888 1113.8598251936405 509.92276740384267
530.1051813157003 1356.7946633719775 802.8751887486756
592.4411211656828 1362.095542400408 147.39493414730376
1105.70113989201 1028.28065848068 237.21444526440234
1539.4501187237395 180.97673465481256 461.7201682384384
779.0578236419485 932.6294345252215 68.04818689137043
102.7274424816671 1728.1833425532063 528.7277713777189
482.80261508806865 602.4031941860642 86.6826713745537
81.41204133382263 974.2660411529096 520.695449531587
332.09922081015765 754.1408584574727 1370.1432441833679
1777.8295710058214 1040.4342708483225 239.75173350420926
568.2388384974954 151.31332519242056 1434.588540399577
759.6185786727758 809.8634185640905 463.08538091213734
1625.7861475428183 154.3176723513655 190.05248319950024
765.1664734748651 94.4807133715957 1175.249160614629
294.79555174171423 42.677082427400535 253.48926210516294
1345.508274522198 1758.327347708345 1436.3524010332324
1468.0282025557362 572.5366889493466 961.8055320017345
1206.9200557126048 284.3714142267828 930.1845806515385
906.2265673026053 654.2972213827949 1145.986974109925
197.2538860976072 1588.8826372668684 921.3377902413054
2.1498750750783557 1053.7771431736187 760.9809685808642
537.6486983869715 1696.0865530663439 630.6372401406115
272.80521818475603 1156.821390463317 1282.5575289869212
944.9069052464572 1305.0664755603489 1307.1213292527013
1382.41617668092 481.22698982439505 1105.5538264735349
1930.3568853991924 1813.4066267581454 1463.6739651540618
1756.185897391521 18.265921579258215 851.6935286683371
1581.2934609105075 1342.5115372178877 108.79066877391786
1202.8401965279575 1810.572854808067 1082.8440155444775
1069.6707303325932 1184.6639863092287 1285.4317755013672
1554.5657433999922 684.6657142704639 1129.539939699379
206.62757381794438 1405.7389496667222 344.7871588652663
671.6488304635922 1335.6717235863505 852.4579023969312
1989.862661327538 702.7716735550326 34.70630767369354
1212.309663671077 838.0394143633803 904.7550867505777
669.3101957548539 981.783929823092 1276.3575517128843
1531.253975450717 954.4051084723612 336.2598428849599
492.38953429662445 1630.1561062916853 291.99519098645794
913.9481838687349 1379.1926029853528 1033.8712571230894
244.5570502576826 1735.5991567079984 324.5348818282677
399.52906699616955 373.0063499106915 47.42484756156773
487.5697068260634 1773.2923254731074 549.8485270691064
774.5348208883356 1973.2586681345902 631.5764681994355
171.84252488303642 709.3138868003252 1438.397702875433
1419.5180032521534 833.6164591927482 1452.4900061427154
1352.721271665257 950.1670059660065 341.2677839525899
1991.636751201069 1832.958071846498 256.1919783908352
571.5076531602175 306.23980536783944 288.56851508107565
1664.7834287501528 326.988537952986 682.6150821352195
1393.8419380855244 957.6106988768121 999.9695109779254
1830.8543443190115 199.27603355955426 1456.7973015588357
726.4003532298962 841.3925198170936 1286.308862896086
1373.9685216983196 1756.0754736208219 1264.119138089926
1850.6663718692096 1845.887903113802 1400.5590755169428
1427.264975721267 891.0220794744497 1066.659812622674
769.9726705203178 1632.99207326733 552.4816625928261
759.0311262860498 1128.5820031334629 420.2001281187721
178.9669760208876 793.6347179766436 1154.038154490309
1067.298015590549 873.1707108892841 1238.2111613871784
833.2341137456621 998.6477865584811 766.6652574604168
979.6525505887607 154.80247464854412 44.450033481719
981.8435039074074 412.32130051305836 1210.8279871171992
1939.9163581802184 1964.982488866857 739.0770548616485
1348.7353157253747 539.1270246557025 1148.7295668412926
1264.689979719995 1653.639145017799 68.69061044562974
354.15017193431896 146.387390555218 74.1699105598983
1959.9878565163017 1833.3830515866118 172.84485327112486
232.75454078212144 1025.9483474935523 1260.886156123706
1574.1899266350936 215.51489796757585 1102.5092810601475
1356.331168893177 871.9950087210761 955.214923487617
1937.734307875439 1970.995762400588 1428.3083794836773
100.96898369589002 724.4580450321768 1058.2046961301094
994.6313838775602 773.4399955389569 492.74040973195184
1826.1516532898286 846.1083668563507 475.951157192529
1731.4712955431794 1311.6716055291838 103.4415872810075
1494.2123982672124 610.5853076022377 19.523456109805494
976.8079180002609 438.65183076739436 1166.4698600184242
958.8008084364953 1690.562738324844 652.7608173890178
777.9261229661747 1779.7440002464218 689.3597647465621
1060.612387094817 1527.5517570487518 844.6056679998194
739.5237044273788 1507.8469825793275 504.18927504006194
789.6652040593109 723.8249040976895 88.3399390970262
406.81626117774084 983.0047504846231 756.7686916864492
1137.5997878927399 582.671428780591 1251.843807943707
442.8024194582969 1892.3469760876806 628.5024494711851
56.17586700039978 243.14649191546755 22.259276311705822
621.7191841821012 1151.1325109568631 862.2085678906143
1658.2775346146582 1613.4841934309995 798.1925002779673
1737.7671083082057 1620.3693694792557 438.41311096327024
1770.6533593899035 983.9041509102123 1089.1042180005397
746.0035794427771 746.8975193446332 1395.74710016204
719.452586214486 385.43948168355956 743.3093369614957
218.46972406098186 894.137749170409 1040.6316060797371
1125.8023283691819 1459.5348283669348 502.6853502932257
982.100277173586 1278.0080731346561 1310.8279040944035
1976.944200901419 1495.426903033259 260.70103192687935
303.4778613792608 869.696124140705 1410.8157749619102
213.1450439105833 747.6835430840223 738.383731546818
455.52723001079374 759.8271581764822 394.96604442128654
937.2760637803082 1976.2225449944856 497.38429184493714
1678.860293331773 1440.3690561502306 820.3868256809895
767.6071080519837 724.5310549179054 880.9855551314196
904.6393592001402 122.53696328985275 961.7412370415118
1818.115585973274 1986.055545261878 657.1384158869421
266.7454530364248 1557.370853338748 1375.084644941307
614.5311297418352 976.3217574245659 875.1232122468034
460.7869413955443 386.7354977497566 1224.2976036009925
1641.3789572725602 1858.202824287931 575.596776313479
1775.230793554997 158.11240806485483 27.191671360163205
285.9020751677888 1872.9629059342535 833.120668288366
1882.3124484027446 1967.7283008405677 1309.2220004714354
1435.7769932577958 1025.6288586507706 279.3486705419191
907.3033429228508 1971.400153555494 450.5714215448826
1032.4326702425612 314.83110902675105 681.3906772682067
1297.9984776271392 1444.7471549185655 108.48506997598429
1771.185190160595 546.9821769596097 968.2180293479744
184.8114595000483 1531.5360959635102 596.7868343519264
784.7031460166369 1043.869610068508 820.0845010599041
1811.8058562529836 1815.9048091382424 694.4908875092246
613.2130605106095 1772.405660315601 630.6170044865936
539.365297051966 743.5175668005743 65.39968642153259
1813.6759989682837 546.8830443231296 130.14547047178883
1122.5240483196642 44.03638579433577 389.28246921022907
289.6185584451521 1016.4032440850303 1468.3544687358167
1548.322582851522 1908.806643328368 81.65254398234528
1462.514017942631 1496.5482467171537 771.0898249968175
367.4347619728395 370.91149908888065 1189.7879545546903
148.29711031062055 1773.9983990811008 725.2353314351983
596.123612198292 897.9092801237858 1078.3321596997032
1881.7826312402988 1465.118549037726 1077.0281961332003
1742.753364114123 624.4672009975778 642.4187082071098
952.4681130771977 1076.252406193931 328.82208700222907
375.8863225297613 1428.2658434971581 1162.9769973178204
1842.3943448543225 1110.6305264977161 25.10618064306891
1807.5762761370454 1472.7831495834919 623.0005039512777
941.2896900806933 1275.626333076378 217.45878333648682
444.28440926838664 108.78989461905041 1334.9811930824815
1797.1406382771645 152.5138741756451 280.83196672628355
1493.6492686632812 900.8240113645832 607.0400741889937
1490.0768197420573 1083.5303026481292 785.057241750497
1816.82779197343 579.9450082255548 965.60623481437
1599.7310941276453 1251.5451805203547 810.3068891223759
720.4957386321566 993.7056620531574 1213.514336291522
696.3642868193767 486.1070036443329 886.6025832889105
1646.5422633827407 42.03097760137564 264.67922311267125
1974.3217955740934 1124.8943586955515 1272.4706617488755
736.5900110928427 1053.9807414030454 668.98376201901
1201.8862191058283 1780.853409175678 918.435793213253
1897.5891106911129 1570.7512177819106 1091.911676306574
1613.6529687193001 783.2720410602499 1122.0087892709746
1372.5459413285723 1130.2894889020702 431.35721027025363
1367.4784206466463 1483.802209736158 1413.4188279759055
1622.7196537142754 1534.4960607959902 829.3640433368798
102.35218066126528 1758.7155855967217 1430.8229168562743
17.5127601449796 1725.241073007651 923.2616464586242
1370.8758688171642 1107.49301458184 1364.078759614746
1733.207101376362 14.737140851359465 735.9414266815877
359.7886809387454 744.5448409896376 61.102055885544736
975.5092029925354 529.8136037354908 1405.166482080408
64.05517789146731 1273.8973769304307 1480.0766268922139
832.2074122755743 1869.7808335757425 1180.972263198474
1846.3107889592486 1894.3591320486412 195.96702321475323
527.1478810983594 1156.5716397831086 99.90924638756243
277.409497768464 1460.0280562565206 1235.999536285927
1748.514383583346 1920.5308680244725 1403.2548549730138
404.89504209309746 68.47209445163904 675.5231958642074
239.56527386432057 423.54039433078293 916.4634917974296
1103.021124064564 510.38105766979226 36.60034031704584
703.7993636425628 1621.6029661949722 1282.52006584574
1000.4581394193815 318.1092003470201 1011.6249958476525
208.53798461557506 1379.919955439486 930.655638721208
1693.9616904437257 1695.1845419484978 1123.8331654273538
571.0715121773422 1460.2450838135069 374.10279196977945
824.4994151927821 1157.4963629995939 769.9858075039384
1180.175395015412 1548.3767942817467 331.1114826254793
210.78754671254086 163.33217220554496 893.4620455244794
1691.7149909904917 299.19463576798 74.65951046088942
1868.2870374633774 1810.6658100126906 961.6100073681856
1570.7647585157883 1768.4970101365097 153.9072417240178
648.2976174800231 1355.2728273040614 377.61725903744525
1847.192773525587 495.0504585690949 662.145901266077
1270.786596917606 1662.368558884501 1240.725217464518
644.1634798329412 977.1882774830663 254.3019616409948
258.900374757141 1568.7759436940414 53.4278967730144
1325.976237473456 706.6641345821463 971.1668075392445
1988.8731512715085 311.99133020350354 574.3611505022602
1994.798265009868 1880.0264279480605 903.5761217965688
87.01524799332283 1012.3492865092625 13.110428289136278
1042.9050406179526 1819.3729014088403 1125.69073210203
1346.3615029136467 638.9397270470107 258.57412858184256
748.1440723776907 1937.4730254073497 1452.199842097921
283.9777990945276 130.73315458266399 1293.2515666269478
488.03354599006576 771.434291372552 79.86686161607808
42.220766939800484 135.62977171484135 1044.1043452549875
473.5264877354657 1093.2943198664568 1239.4256732153754
471.19894178806135 477.52520279479825 229.3016625274974
649.6388557755448 509.1998206597028 102.5711186394907
1895.7683477466928 541.5728153083624 15.100008618017968
260.3015092597243 1043.6605704819044 1066.7652865876644
1875.235024702035 896.4675103566088 1254.1912372886106
1609.068493849365 734.0571434403403 1146.8502744411048
821.2134737872345 426.8903731738525 806.6713118067926
987.1766843100231 485.5062494546316 879.091724436215
1802.012109537968 544.3679250867259 349.57364932554935
555.1335980456231 1496.7880296741023 757.1291553220726
1863.4071135037332 1600.3377720990331 420.1499145894174
144.2576877488082 1446.7583250846799 430.9840489627045
763.2883865213222 1273.840593215047 903.2073828200317
1616.8962103818462 1923.5425970542976 832.661667516434
619.9902113284321 72.21236994308123 593.7686530033608
559.232895817049 1187.6343794433192 285.9369224783697
1100.4316626599573 579.2192825990244 860.5886789419852
1073.102735705933 755.6416679863746 663.6374855951905
7.051548585554457 901.3568350987005 196.41201477213372
280.54362839090487 118.47394444862181 253.33290762819848
487.533688629088 1201.4720152503269 716.8379985799679
593.9642648889532 674.4263744965302 1254.1353938245225
1363.6656203383857 1367.1689607710039 100.55310601304434
1305.070373216241 649.0993031285519 1291.7307917723942
572.4841780927974 1820.6523800190255 227.17457195577455
958.6410021258384 1653.497142945377 985.2829812879834
924.8223186593907 1344.8571629348894 965.4469996579351
153.6095736675418 1593.9228592297711 1130.6150770891488
1466.3614013342026 1645.388196252583 1104.6557594992028
466.90280822628296 1206.0999714035604 349.57258661440227
1888.3960295584893 29.479745515242016 103.48708230859305
230.26829777413903 1555.8630408746035 794.4979960836184
50.716742641914614 768.4824799583163 152.21737063197273
579.7179222010107 1972.1636908449625 1328.9605522253337
785.7493416422415 1952.6420511963654 1121.9365436826847
171.12492361782694 40.165846581289074 1292.3273725479744
1575.9982472798188 1937.4318304664914 558.879429572197
1331.1656094537504 1599.7828152909872 489.3243627921303
1725.3087226653288 520.9501781734758 1266.493269162014
391.44504583791905 1651.3969795226806 1355.3056613146482
917.8429977726717 1848.2677432599678 123.43523243548782
1954.155689257118 420.1160218917257 525.8765648179071
1945.7358570370334 1446.5111606044131 1265.9316708381468
828.0859225399395 730.4634556708697 104.98940790239541
1635.8686273517953 1592.3954138632507 898.6982824404064
1510.0366520395582 503.9452080772151 458.8849340014958
1996.5626402077905 579.6915218849248 1391.1689926384167
54.92187746595678 1536.0026158835412 930.4534968012491
1398.6220369034195 528.2263295253149 248.80843598024828
1927.308754149908 334.65879222321513 128.69080463529264
1127.9997334963782 1646.874757709076 1082.6485372048594
1405.7677547621786 399.19682917584277 313.50266023515144
1465.434757202549 147.8239762706084 270.51290813985787
1667.3099980241727 311.784171524216 116.6065436588476
286.8784206933361 1299.9861436270216 220.15346794472146
1788.0948253743113 1096.6380818752534 356.54988932379985
1300.8053958329565 425.6046372377691 37.58337529243477
1156.924306542618 1433.5117374564475 1337.6176626659303
280.86260404655894 1946.1176555128877 781.7229602359916
