1000
1358.3486216150632 1902.7935822992438 564.4278856671533
95.73123554008367 605.2309241790052 173.2715831876054
1127.8874991216917 606.1207442322041 1389.7210612590418
1525.3345064260293 1344.5688522909325 62.27401585217274
1450.900135436784 99.55029804223759 353.0525454653103
170.93075727435104 1124.9165043045307 1040.3626545939435
949.2717279906982 1404.4140534213832 1334.4759688879517
1946.8744901349294 1104.8183085177034 1195.7510689930991
838.4537820984685 1705.2478264183487 686.4273603446742
1209.7846817303923 1058.3916648674094 50.41046870677207
783.488953794761 51.482929206515536 478.75898839882615
639.046686969986 1403.8109178625232 1239.2323959210028
1581.804691863935 1911.42088140427 1173.9934564580603
610.9807864876085 1680.8039969933102 944.8330441676525
1114.8335633241716 1875.9697064389284 519.8442588604047
1281.1610751872413 1448.909381441923 398.3238927116747
950.7293944205173 1862.6636983172573 581.0202752232902
99.05467842328264 1988.0455002396957 672.9778496128322
1059.900011565481 1740.7600522086996 65.15459910232546
296.0693653051993 1523.8849903466328 90.04172530106518
1084.6201240657 1579.6651431061707 1052.7713344815952
348.84019196425254 1962.2298378039834 982.5471781513987
902.8671376753157 438.05759721610735 924.1534372416008
1583.7102944837504 317.1631509844466 990.639858403461
1729.0505489110867 1969.1314266473175 1476.351932629164
1840.8532102875658 1977.8500411778043 88.06184605525719
365.0260506447855 70.72339190882681 1093.2707664055456
1334.8740363786733 1022.3329695126675 1420.0805246887237
1720.8752066087127 900.6900578887515 1136.9355864388638
957.7784480491964 851.6663757188627 162.75051655925643
1919.2032498774847 1405.1041680093165 99.58497099120123
1556.0501701802161 1433.1078167021433 145.10784736906874
168.8531405252345 1353.5278256434626 429.8291360663414
1944.467863899652 1535.2379156555708 610.5845755758597
1618.6689588411682 1137.137220844096 270.666291644262
310.4303827804067 1436.4566926204052 232.5196169214408
376.8950361219208 1394.9033329938288 1322.873657695062
1832.3798475554256 45.23359023397933 987.7423800313111
1072.8261090570436 1174.0632028464156 932.7003242630534
1985.799828124146 1741.1600042941106 1026.499835798848
11.064434645781107 361.00408868915014 1051.725343685683
747.4869111966542 589.7627191040231 825.3388200956538
1211.990171099019 1033.3565325582445 894.2061639600388
326.34712349282194 742.1820541024699 91.1030692718393
858.3095663788971 567.2090949723543 959.320073736684
800.2413019496655 383.8766045519091 247.38151428051324
178.52062933236667 1690.6559097683964 1100.8445382457785
1694.935943362919 1031.2104829877167 385.127981078238
24.319590325402316 12.123264422692959 485.4492120085294
243.9065481582936 18.93887116648485 1212.57724036979
139.08503826504037 723.1977171844936 198.21270833542815
1928.4863208108693 1182.956371318311 677.2844468811448
857.3246713314446 1015.1068679352015 449.62419417760896
254.54674381673925 1794.0377650640378 422.7959149540382
159.66492081952399 152.94274298505428 1207.062962820674
1219.553356924812 645.7129299096274 144.34293754310264
1408.6361419398277 1940.1137628839701 913.7778294197552
1753.2523949890367 1038.797068933185 401.86613006361483
725.4419351639143 921.4872759273671 744.936149866075
1202.43645662224 1510.0035568340388 1156.4660304309589
215.29787737246542 1015.0214597169631 607.3364259813526
1388.4294571161392 1445.9072145068278 980.1017036768523
500.0237783633994 1119.1986674132336 42.234427068102654
1187.0641064588222 1304.6989408067366 552.5100099624484
1963.5638679280735 1100.8124295592627 386.51856239308984
1696.6067830647146 967.8595844817933 139.3534182194986
1165.8056601392884 1240.6880509381576 823.9101265234009
566.6158083155773 1687.141578391696 779.5622548503128
650.4625788819264 1081.5399079898439 1130.2017675966267
1900.2986118977653 731.0229757314036 1331.694231931824
1539.4194439731823 1767.5759836200102 1114.0902796139817
543.8219319294599 957.3699407609066 114.13579868017764
1860.3311310919055 1209.220126038198 417.3635251615724
441.6151005546638 333.08692269324024 934.0982554837119
235.85789639535128 7.948884014047586 1234.645086497634
1422.033281367032 506.1054000065977 1112.5393609529806
642.7126620102676 1165.1874634643186 508.24933611534004
1282.9215760317882 816.6006829324357 673.1122709054895
558.6746407599463 27.24976559999903 717.238268080962
1293.2805833379884 494.27996705623434 1318.0435456378598
304.88290675004583 1632.9719303069026 1040.7839983651684
830.0651076667651 458.39436783419194 1122.517244999355
525.772693295717 756.2100857798341 961.9234722084979
1461.4570395014714 1166.5372665234718 417.4353417562167
469.9039387841546 999.4320566807914 1051.8432310930543
1644.101711349255 1873.7241080765816 387.16048825206286
1360.6493047396525 1561.687798531157 801.0290391113026
1589.9206385639832 842.5532912646365 1446.0390898884227
1886.4984015516409 445.3977208889182 1430.4222647436175
744.8602942879432 235.83091339209417 29.095834486735473
951.0277060957479 1938.9694626354672 1464.6163186251626
1782.0408132762366 1180.9345644527689 1246.8160373818928
1953.0956713751725 1903.9925652948862 93.98492022877475
393.9553246005807 1910.1727601443808 78.36383587434293
1561.6291605581616 1095.0191514967241 1318.7802187276477
1050.468361482365 732.803476422103 1326.1232272820732
628.7326107592987 122.96902936589449 230.42542366872652
1156.3480012697796 1490.9279193974173 247.8516356970743
599.3485033101127 1942.6404070995557 429.15498224696404
437.08740359911815 1643.3561377076649 314.0465800645709
1020.0026653533561 1876.5652227880882 675.8681074563094
246.7997400576165 1321.8419822461697 1246.8295002764912
1420.5434896114466 1645.416126287872 738.9423128212459
1382.3703953720114 837.4551827009531 769.5324312772341
464.1593199346816 1310.8199162171722 1357.9631505574973
1327.8202658820692 388.5539093133357 781.6236937666611
209.67762552974924 1474.8893697362942 498.8294589012434
927.1980981105526 1472.6643485969932 316.6709736985552
481.04340143128076 1682.9773173801632 860.9370607877386
1892.1756860643861 426.6098151950217 58.791301624227856
1402.188916434502 1627.541905530576 486.86160975728905
1391.5124996781763 1072.8375211015448 1200.9110187852118
139.52459511572067 1101.3647482450626 180.1218902949562
365.8704066027065 1664.1555292980704 120.50599368050197
402.0952764335319 324.8690746728713 216.91329387405
135.32510843110157 1499.3804241520506 393.7797209542273
1299.725864439819 685.8072606717409 816.8650708986089
1501.5580073640642 1763.5884965945709 726.6474783852632
181.9752788080138 305.42245142125 1030.470178195536
1078.0896727998118 909.8771845759499 905.7649489804352
1687.3392893783905 1253.7402992447614 1142.4178357844517
1687.9850122683038 1433.8910367194237 1022.7191009412533
70.17263723814816 981.7053840762416 1441.5841221526566
1497.783751585489 1683.3325849455825 932.9035050052189
777.6951072671123 1067.8174881102996 772.37855398229
1421.2808006602995 1910.905840102685 844.9326316953599
1205.4982387072773 1485.646849833825 993.9657217334842
1734.624922833176 1437.7457915996624 1410.9975832622906
186.34520845151758 633.4961606443445 303.22229022371823
397.20958583405366 1343.8797619384056 236.76790082755284
1264.5332551929996 1803.9168708454094 255.60591929288086
1393.257446419589 604.7651666685218 620.7389170627968
998.1950395994712 706.9201494715622 967.4967587699009
622.4617666471188 1148.4601253976289 821.1737673883206
1729.2419680557618 1857.4348764137521 1465.2810038841965
19.342112378037733 1596.264580627726 441.9596863759648
285.65309498525426 1676.9966368895577 1297.07909292615
1075.475812623576 1770.4005906899617 20.987324746072233
1172.1984296222026 1944.1311092441174 899.6439015884886
1041.1781074825717 295.38076527584667 107.40240776846777
361.1130147850665 654.3993802726928 1042.9298469257449
843.0609183355841 786.6435062167953 417.23028620531966
1275.2126039756904 1902.5805947059678 1216.3377951666453
952.9999353002381 1470.2745943252473 1382.965803307678
1569.6637850982356 503.99522349214345 210.72200152357712
952.6169217138274 1989.8443077402326 82.51526055972514
1939.829564665397 613.0747626777562 883.8516785570094
1388.382794591445 938.9759557972988 1210.293020484792
1103.8928591557756 285.5450002903841 314.32324504618674
484.7495220565541 1570.2684551231387 141.64089366310384
455.0697778014303 1779.5386315340822 52.71931881007619
399.62094204535157 1735.5364424255868 1472.1415377836552
1362.208588385419 740.8155723404752 369.3035580194039
230.61512624029 1647.0302867744883 1326.7932229847502
627.5726570579895 1676.397983578878 1462.3685169997327
1950.440803433643 604.113147970351 745.8419187930884
1860.9912136507544 285.4278520310649 936.4522273282353
1517.730287078747 581.0413654294915 844.6510715578212
1075.8759629139402 57.698906613082855 698.8534122627141
1344.0982501422786 1375.1393860761 1312.0164555199738
72.80158724819907 447.9421342789176 1375.1348197499044
212.47489119440564 533.2597778015613 1215.1486500563337
1254.3588628305854 604.8797172206779 431.2705597742692
980.2694294737308 689.1679632733944 1191.1522622884022
86.4188189056978 1002.8350746463797 807.3461015671345
21.57868661505047 1358.7742756151872 1026.8105618160077
1466.902739402688 1524.0170599638816 565.2632204579338
1770.1401132580215 629.2860565153176 1118.809157888405
314.08188453660205 408.88340970830296 305.2607455188409
902.3928906929806 1727.3705696755517 950.396675623007
1285.8252992827588 963.6677637275988 48.70248405830135
1300.581304391631 685.0308577047686 378.95352699325935
171.00245225933696 623.870122364987 366.3489701138251
1113.149998392994 1020.7696781852758 567.6602309377871
300.23705730486824 991.0804401068889 727.3315757890072
407.2898005802619 2.2282211964430587 179.52945107290748
1476.2935040405962 758.7042840755527 206.97320970178086
611.4552491744384 1674.251088845146 957.7799138972813
1622.3538745558476 119.56172677881915 1358.4677514631633
1653.5490293596927 706.4924861318926 204.6976565883074
1473.7530809577336 216.29780634180952 1168.017035355905
163.07859842611072 106.12856540859616 948.4061891334245
280.90383297357266 121.34522403927073 905.8773061851468
1882.748103699869 122.37869754687213 1399.9735881834742
1866.869978280687 358.60069377217394 1052.5874564229323
83.93270797733598 350.32366252357593 398.0669360912081
1684.3047535522494 1069.3591157483531 1388.5679500504352
1741.6085480740478 713.8170796453227 661.0001538776833
1363.9322199395074 958.036655778179 1135.9468139734993
994.3947620144858 65.46248083728968 606.9994663397281
967.5886690761657 858.581428565343 461.77296300443936
1399.0114790771775 1905.2938894575336 452.3546019619272
1807.1893015731855 313.15969173822623 538.3853328358039
450.6702107036238 1915.3749544154878 270.8207486817364
411.468841885815 146.5358729426829 1310.9477581816047
1927.0645006495572 443.283548900006 318.6967128048801
1332.4258248642766 1924.298966110889 1276.590145896747
319.69830876240326 29.726455251273265 29.229820174567102
489.3323128272853 956.1003878895538 10.363659775453115
1592.7523218905474 677.138963956738 254.9632297311217
1823.5581213744792 625.8902922960168 564.2833486479688
1917.1786366737665 1796.9363854815242 413.3835104576234
39.94428688928164 740.0009112796255 1185.0615279059784
614.8437018707305 1114.098421398341 710.2130483175785
330.80760902377926 1788.0584675920304 1262.149891614147
611.5511911972886 638.776671331459 44.08617451329966
156.6528904655149 1696.877872176937 156.33818362435431
1767.8772043318415 1154.4103672702395 1117.674173376498
1283.8229329162002 1483.2942804783388 1487.709702926597
1402.5696293181413 1913.9387994349277 1294.8858775905635
856.5680309279815 1394.408755984429 1254.3736103767574
859.6006240842036 838.2937322666882 916.125785702194
1185.9853490959838 923.5438571220365 124.90783615354361
1456.4029281809856 329.93698804211436 822.0225913838635
1230.6267120675257 460.5307227376658 103.09222158810005
597.4498482847232 937.9701844111388 1067.5062310719209
313.22971228081855 1027.8262426294054 464.5439989282373
750.9349344732846 1837.017957030081 341.26317818533505
436.0002836468535 1997.880496013665 664.4535365110443
717.9109069145575 1325.2411341399893 550.092616718109
702.316224321741 1809.1452696547444 1346.026117001969
1282.413378144753 62.04792185451979 977.037506828644
1043.8447728123826 331.22134375507375 291.04021954248657
41.67136797669491 19.26844786934412 644.9794785591989
1437.7798700450192 440.87801459528777 962.0609425582886
738.422646796667 1003.2692776037204 928.4292222830173
830.0271240806283 1154.703110489272 1311.0525619640177
1612.4024760337222 1549.1228149747915 192.0622473616322
42.96904604031293 159.29732054353929 403.64973844675563
155.41126774758206 787.3463585095142 258.28259964797445
833.7107280266463 1803.938977269156 1081.376226087287
1833.2065173324952 684.8260453818978 519.0041363575821
1174.5025993422066 1920.5420611466693 1170.0755251238677
1392.1656016368274 296.38297408572424 239.54673599103683
1148.7123747731405 1989.578681993074 351.5419083412302
1255.9808191270897 190.08487639355542 868.9327309797962
575.6335222471172 48.21488320774048 411.516448601348
1006.8277974538506 1860.6970657846612 377.8092003349679
142.8279886865431 1607.9235100950439 105.51136701273029
1747.1630109507503 30.050929281386864 121.31071036404545
822.8610575300603 221.88270134992405 694.2619324722685
531.1741781062835 359.40584306892754 829.9217119841938
189.5515534924892 1170.3453503928217 483.75329886640105
864.4335095125191 141.37508941154042 1217.5415655312477
590.5843237561883 755.8983173918213 95.74300360851079
53.08781129050821 1470.6403783456428 1023.3512073436829
482.0581988281953 781.7487107887533 70.26598498432712
631.3251178826403 1882.4723675733003 893.3246421062055
1054.5597186063126 1893.8245032631373 1369.597310659087
1855.165762509309 1725.2950010198874 1043.2624815001811
408.613837837007 1953.444506558905 805.1954221319908
1246.0861559352168 312.44082587712984 425.78985388720264
1143.2529336654743 217.7067879148713 1243.665894264064
1114.704904536456 1146.7617720840788 760.8706597022103
1101.8518483124299 1157.698683141454 1091.110636784101
335.43157774947497 272.47418783156394 536.9376720063227
1716.2585281739277 1179.4071292830229 692.6272212578018
662.5726330414878 1722.8086798324923 447.72989322317596
368.6023735538142 415.606011747536 731.4019280332731
1329.578918457106 431.07224538109136 463.179067751386
572.7064541586815 1903.5387293129552 301.7166405118542
1100.7265507079387 884.1945350288263 739.3632548177741
661.7137465507848 613.1910571556864 1313.787685628821
1842.3544685554598 775.5978337350205 725.9193726400861
1306.6857529988165 1033.092619705561 1413.8909949984932
1598.6383542811618 1353.8791070182212 1168.4312132512778
477.42272724300716 1488.8295899304542 883.6903658833751
1719.5225027303702 1162.2747565542584 165.55583486576097
1987.288764556305 1681.1360032138905 516.1921983889184
328.1694204567791 136.37699259759995 214.2207967960843
196.04067635316747 7.210840483541592 666.6255894969305
1086.2959723160768 305.77069807455183 85.46593141135573
293.1683411108916 1505.143999564017 621.3191983576187
658.8724538269548 1193.3874060835155 216.78494919310248
614.2887440940264 902.7361755964694 215.45263340083497
1389.0486522181789 1119.2482972018572 340.0878664810706
443.6124323115496 738.1426470132675 1366.081088464168
941.9065011245431 898.2282532294277 1034.715436866398
731.6424979134015 375.2899864291208 953.1360721610025
266.1783219875411 1763.8082207151201 205.73043414691645
1506.499745236738 183.61481818441726 1082.258836408159
1171.6830690672803 419.0025556972865 1256.9719550868276
1220.3223991523892 323.58870254794004 283.38918399558816
1190.343192332441 1166.568745423452 334.206469803408
378.33527169364436 1012.2521367591748 769.686656624253
1866.963103176093 110.79084565887665 1448.4579891354242
1273.1875287715595 550.1446664284986 1321.450396600706
185.57774673352245 697.319116982777 1363.8452605287341
851.5822114110188 1238.9166412099125 1053.2980297671736
709.2973575569453 1371.798520968087 676.5496292594394
478.8022503811511 591.4197684773643 638.8891298656176
1262.393766430574 1568.4603435028603 596.6440471191839
467.11458417493066 10.906183863045538 1376.5231183876874
28.435344635757698 314.3405261399592 1066.8078851018645
1228.3877820991406 781.4524934358038 636.5199994100968
1749.5189141805436 365.9197560575327 607.9285904090459
1877.1788496951451 672.1638665659186 760.4247511219161
308.2509689417896 1307.233197926493 367.3957510838143
251.29400516366874 1887.4290423033046 391.39383629581397
514.3432777924517 224.21617866962862 942.014043320159
1170.0089990229926 1722.96471877955 1345.6206824807516
599.6747632132968 796.3232168267356 432.7434416803308
159.25164568136796 1126.2441568249196 518.645205150116
524.4208276099023 1862.6779220626297 812.1969072399583
340.3431424675698 176.69415292763225 40.438210542882494
1288.0111373301206 1164.86655151883 208.7862073465836
742.525390259362 1979.8620844901554 56.241911619214655
1035.3475115266633 1013.4577402928795 1486.3836795052994
121.90731984352942 1156.4627588648673 743.0251836161127
684.1197633833903 268.4668930812428 1440.428459715606
1101.7742057443772 1077.2282865057753 1391.0770410107436
1147.367148043674 1235.108727995569 1122.5910619626447
237.59699122505506 1152.6674517485387 676.9204827375385
1908.3594586718268 1803.4630585395018 791.859973582417
702.4082749422538 733.3473071635157 221.36273303198755
1381.282244392222 720.6137236313177 169.3541033336277
1011.2456102570364 652.0886823171272 557.1601213575486
987.0933031467792 1170.6140867906493 885.0446446852042
1963.4901574622174 990.732221515769 946.5808099042623
289.8542480803161 522.991561619379 1214.2479459592364
1345.604773472612 517.2540896005164 996.1641353636483
1694.0837075697145 586.0117608352316 33.5651548946928
1320.2576640645239 923.5513380637137 498.06058869284914
1188.32993254401 210.48169555984254 252.65461328073542
900.4603244026574 1258.081652834396 1277.0409617181392
1035.9776048712006 1313.7705785200465 1133.913923161072
1981.1323856021072 1569.1602653013842 1411.0086258487806
504.02047269788295 1287.991417756473 430.7398832480695
863.6984626967057 1323.1864350848543 756.5190303239627
1759.5791364313093 1013.020512820038 771.9252728269197
1725.693044797343 985.7192061244955 525.6657345420759
1875.1612503295228 1106.508684913343 1285.3827633843212
1718.0190060553764 1097.8546435692153 878.579094240083
358.2761102697305 221.87015152514843 330.34474156632274
270.9025473560156 1198.4573356622345 1206.6054706819616
965.2384152121369 1811.7138073333867 577.7249584436486
1815.954362546548 1144.8879884944818 409.50005220810954
1441.8626499172346 1068.301560452699 1472.1656157508748
1072.5038399477169 1801.0387498511468 77.96639071918582
45.33101968086073 1124.908787227097 723.2024501909964
1091.1529360034367 1486.6087905305535 566.8140606268475
1594.9654844046152 335.54441118074266 833.9752976106289
722.7479391729726 1877.1849035556265 722.8955380956913
743.8965481345891 1626.766844475523 298.7778484101382
831.0462210867098 878.2918385525446 986.9228200419886
737.1460191159354 1213.6271196675755 1124.0512736999422
1451.4304813500514 658.3058662077057 171.47913483713296
1602.915100801403 331.6138944442182 980.7016708454776
691.9014725417205 111.81893740079008 954.6961273285989
391.6456771862622 571.309623994348 1123.1726052539013
1609.5668230578476 1888.687527541921 633.8663481852338
180.79632950809855 577.9139968997573 412.3176370788163
1421.2646027714636 1253.9907692180218 151.23674356690375
1253.075174979823 161.66065475659087 695.1253859939753
1065.3531911965508 1695.0893292713035 599.3684079645957
1846.1149503971872 65.50618746414871 402.79370539041656
1263.6535681155226 562.2885749291436 565.4889268319379
543.0778469755749 1303.855161471322 117.77268293990373
86.60649455139912 1591.286971702872 1359.3536447338442
175.64204529438453 1441.1000125908377 1472.4319627192383
1206.0611433849106 372.672967360032 1134.722175599773
1324.538583485898 756.8568064046275 633.5551359136282
1465.3941155589803 838.1579601730598 505.78384614786364
1762.345840679784 120.68607131903275 775.2039734475997
270.12692509365553 1796.3590398031606 152.54136949604418
331.80568471151315 150.27534706763257 809.5519917518641
1563.3739231564873 882.2147996181952 463.5128564400901
1296.3705966272164 33.90232466045329 7.015970115524073
1403.2505315046315 107.19062400542323 200.99391402724308
539.2883667473665 1199.314469850137 975.538905473083
1392.074268813588 1078.4861948125463 542.0739727969118
398.5753706855508 1299.313963881591 1181.2316526742516
844.6664851002934 1617.9554916456968 146.61273784701535
1857.0094667322528 1099.119263604215 747.2705362307411
1980.5749235830178 954.1449410241358 92.93117158919262
1951.0544214408753 1414.7509110251528 1373.5710660720845
520.9712920930108 309.48299838591 1357.9896426668568
177.00689461635565 718.8649375284303 306.883748985797
1019.1744723380866 1230.6895411415073 624.0614882480368
517.2827754740581 908.574659645996 1378.2510722466195
1913.9171472556914 451.21875591501095 55.89890176217865
610.4607886958848 1219.806854477746 684.8148251864066
755.0220711528348 1117.3217113471499 1331.9112318244731
1592.986764081709 870.4707857116181 963.5194799493995
1447.6685671203284 1705.9039740250664 819.7648485478817
933.293383278855 396.90374612142773 1489.9053831489152
584.0766570061849 1484.9930032402947 1418.5788363289241
1514.7883066047743 329.36535209870254 808.3104013775256
235.95506474017913 756.8681967262789 1245.9284574357728
1752.5874261171764 1316.838170892867 620.7943327942925
579.8675258923845 552.8787430812679 754.1646450754275
1285.4048996712875 131.85438644752122 1204.8231460897534
1607.198014979384 709.4714426964925 657.1275517244102
1076.6812179384406 173.86598295485834 24.50229980731089
585.6534671922844 1565.4428058885865 22.66987305312995
1336.396229698731 194.36877038259848 742.1810213562352
1933.0177464811384 5.795137936441819 1221.3337325606774
1386.6135915005607 1571.8714534318797 845.1062292355837
1993.0411336935347 76.92218187118138 226.81608903535334
953.1617703458572 1599.448742376007 350.29186541784986
1765.395755935683 998.7319449031826 859.8995902174308
777.7570373944919 1023.0529794768674 543.4638770226454
1830.6142911714242 1071.2871913958875 1356.2985071785097
1591.752278974224 1669.3177059045452 84.69912892452459
1768.391389028169 1310.3875526130246 593.3049629617076
1571.2023827388252 325.21386791957485 514.3868540258882
615.1900433023613 654.73395015221 41.25570395718536
991.3780625139145 1816.6598795650316 994.4528939705544
1289.8954027697998 666.3734072548855 677.9126369776228
667.4339512477525 1538.8750771378152 855.6730788398306
1195.4837387960924 343.9739901576482 276.9563271274343
1565.2699187453948 1379.2158795609664 1337.867423707861
807.1766515019119 778.558466795944 1395.3770515183846
1873.8873349578544 1128.2799726594396 1159.413292329599
451.8908220011051 865.6927228865198 1473.6877188470687
918.3225476928112 913.5299060037789 1017.9222831292577
884.2051613958386 695.2111328795554 1417.3175059966813
104.95715367585446 553.8263808739492 616.5703588564477
160.76193599595513 1264.8910812818635 1055.0820870274088
1928.2149066410832 1.734611556550636 443.0163816152968
1843.8597894077016 355.5888863109486 1310.3244542121406
1956.3107272430736 38.16587764241808 1249.9572888118603
1758.3268782046405 281.2057430435497 613.0930572671201
1121.0996334192887 457.5797607964409 1066.128948466372
1573.0916957462925 1357.2806997780472 1372.0034605926296
445.82886751858285 1461.2563434226004 354.18528527292614
879.7472426615129 1851.08733925767 1060.695666986471
1300.4083213026477 1376.868185770337 468.5442356533483
313.70970262047337 1198.7889479019418 324.12830110034434
84.44560255260502 1598.0330721304138 1422.5813224340138
928.3402539984409 935.1774562033502 1321.677425722739
499.50679795197203 756.855394295392 1446.8522940633136
448.13472108818917 609.7575229750356 852.6159696210832
526.6068328344198 1752.4513425281327 912.0831768071387
1952.173267114343 1354.858034127769 58.65027477451601
1648.918987720696 1178.8566238167625 1152.5965380529663
341.7601230742824 834.7027219042449 1258.170814947658
1450.3841168992637 529.4291790833668 589.4319498212495
739.1746458190995 1423.2535709056235 1151.399158205061
1519.6087691062648 1713.79383635938 1198.4470564337828
1152.8637710576015 1579.5761123823993 1059.600737753498
1412.4753513996372 290.0633283725151 1295.3150858830877
1329.213190274611 636.649216185965 856.7525269890348
1012.6494777531236 723.9034826551593 421.8772517729141
970.6516284815306 1117.0783738443245 1232.156615282964
788.186462124747 674.443652965478 988.440742295495
1933.281365365531 1405.1382187451864 1405.3611446564253
1889.9317708052554 218.4203726694107 757.8576707822916
919.1653890568903 1516.6199419047298 19.212053522922325
859.11938609792 483.65899098567763 1024.037692326218
1310.232779925073 945.8404655408352 602.6386369971132
1134.6186779865745 2.856751951902714 818.7749673071748
620.9629652337755 1192.1044792583266 1246.6546084994925
1890.6659616482482 177.7825829854349 967.6793010407331
1770.7569057365 76.45448289947909 39.97547693580694
1913.9595548997095 1513.759559180967 174.383628203616
987.1957296346962 775.535298571145 1376.059433737084
621.2177349683892 662.7563631108708 1319.4972141753428
727.3332824259151 1952.2696041544382 1193.3562306441572
226.25954621168322 162.67114777775916 132.37559665731698
394.714376144176 140.15328559530627 882.276259584011
1160.4782944378837 125.87397543099699 455.8589576433798
838.7034069107307 1587.4231923949058 533.2363450604736
1774.896201169843 690.0913853827897 650.8218570485645
1568.9038539065696 653.3004803674827 1106.908506470929
1562.4570062764237 75.85216275302975 62.446399523605756
109.7519119893462 158.6085768047363 804.336782114004
1034.6725681384703 608.0944769216561 997.5172829152056
510.76431859942375 1610.5327231247368 1216.508827910094
1035.0954327826976 802.628673342196 613.4831604227776
200.51642504122813 138.0526865009224 244.50257279661446
332.87523515178054 1151.4188185249302 329.15088553566653
1730.6003515528316 1954.8347668063964 786.6045960902528
1753.7806079954978 1278.02176207213 355.32926132644303
1540.0105847304499 1837.007522668266 11.68439996054682
1620.9634217245155 1686.4584929999642 804.7296148029839
750.1814009947834 1819.8989300631517 831.5148159211049
1654.2301029605749 244.8071849954423 1310.82714005524
951.6685825466766 1392.8549344846904 943.7068003099288
1182.2186858296022 944.0032593467527 1498.9986929743511
244.57633823817025 243.35733047191388 1312.6781171215453
326.41285272795864 690.5433672785659 738.8373306120245
1241.5325891271573 81.14400045787096 224.89734423852215
538.6842415499402 710.322568787779 216.39463217908556
1040.2249006306145 978.1045709926348 1291.6115726747382
201.69592311876448 1675.342667014518 248.53573946639364
1230.311816032463 186.93498256552866 860.4074832214847
603.6161095030368 1247.8352718012266 1498.811346839196
1145.5113615944667 1049.2938316716343 879.6498088133807
392.53688724463245 228.72341144158105 389.82405411585836
1510.0290653635032 1807.6604484785455 35.39145262251997
390.7711133903926 1358.4622355038875 100.95852772967994
84.87585582816193 1843.5776808157684 396.98678890800505
588.5017617910413 1329.193106914322 282.0393141059901
1446.8729651648528 308.6857588564116 760.366768508828
1773.1174515315001 1947.449601921796 1461.0477389450161
81.19475028918832 172.00797398894306 995.5073166171406
1037.847671553901 274.55018056276595 266.36094274386465
847.0121142500826 500.1055186937518 253.98099971428724
721.2904115115897 3.0503699380712845 204.25277017222925
1057.0314234130046 1218.443846632047 415.5645603033527
767.6332545686338 1001.6411931042211 803.4964380081088
299.48866804037544 1232.9069742678403 638.9289349627205
686.6870541681105 1021.2484859022022 29.38605078061385
1002.950251114544 1557.2748303092997 299.78838980518174
31.377495326196268 758.3776889617757 327.49649637830464
1280.3147900308882 27.331174883702182 126.63102942754296
1979.3274684207836 1381.5966693587345 1420.2398750142606
1705.4950472127075 1035.0439726904392 1437.8807701271903
1137.7615111694836 155.2367965289463 920.248409151172
910.7790368994087 1482.847009208954 769.2682897407002
82.42681621944482 1664.7331853705869 690.651423227366
395.8943321436419 4.600719507746209 788.8885161106174
1700.780653886299 917.1037798430093 1221.2047033814993
1777.0610983188235 503.08355930042393 983.7187108024694
1995.8089319287978 1601.3542410752852 337.8128406445479
1694.7233146289632 70.28570448660099 395.640982045167
683.1078380901696 1423.391388168742 1410.3254267926063
1980.9323275868446 507.21588613900303 1418.388169545496
1353.9173060938847 226.51436506935707 568.6797332168106
427.01487899833035 1016.165193740473 469.38066259158404
1160.177976069565 198.07906616264214 250.50250090423725
1035.774323387337 1418.7219299153637 1158.391173747295
1215.3559232369714 148.300052937949 66.41000462531255
790.1617368901592 1038.154586566873 805.8356636395284
1160.143409203059 1453.3605581840955 1114.6108749655639
712.9212575127412 237.21574996721074 584.6427797482135
814.4557824017671 1644.0356932743844 1251.4053976524901
1010.1830207306115 28.85564431182619 464.06378652470084
1240.8442521503148 1247.5594346429414 1239.718464319025
235.13440402417675 62.2926425971273 984.7278230127329
156.68265306932682 105.22759980828256 1438.3239064226645
1943.387451952944 800.0930786498106 1329.7866720820123
662.3188179086834 1901.258295683459 1270.324957258709
160.09077912019086 735.3150700161457 304.22156056068394
827.6616272482222 1089.9031718838467 619.1741979090308
1610.9137504534865 489.38464068418597 231.09745609556794
1563.5430094306262 1479.8138333813836 184.210198447763
353.9448607631386 346.1864507120596 300.8971271333003
304.18332744833896 1900.441638649919 804.6768415947547
710.2125521824685 1384.5970125495558 1187.088528629449
1361.9453499030049 144.85884444821616 30.858057773189117
1596.6634993772007 622.2071957364203 725.0861000315655
769.4412675547775 925.3036521466196 1092.8831402771227
1088.8701583229756 507.8554977905796 1108.0669882154693
272.0432219718174 1113.3574388858096 732.5523022638534
544.4852997765141 230.01023372986373 727.6839760974214
1467.3520757521708 1811.8578771446298 1205.6056059471246
1.601731601631462 1838.6320377398476 989.5333066584421
178.87939874271441 206.07738859551407 173.7882099753561
619.9589061774174 861.8581617913994 1003.8790797555674
1013.3408516724303 1248.291067471036 7.221431316959793
135.4110729090574 1271.6437033317648 689.7438286001385
960.5507901936741 615.3179457316564 399.80101412166624
1475.2670815956901 299.2343603946319 1185.8348613377946
16.30469629627651 1520.444913381071 1130.1031104653819
712.3110998714806 1577.3422331735846 1390.515998823469
539.7452082397851 1075.515038165273 1125.551541844713
581.6444105220975 24.258970512308853 945.377674784093
1913.8105468978945 1331.0034983708595 325.7675562684356
1803.4302376637352 1569.7450320036385 513.9149160486311
324.6789564604844 201.97123881793866 1194.4266926403138
1073.2404178695162 841.3100715299003 923.4746310843002
224.16056194792455 19.25415204437386 883.1258323327812
917.0150171808731 477.0397727603388 973.1247676042742
973.4929281853879 1611.2133654566096 592.8878472625611
995.9802084815788 1601.0176935898098 159.46930806583026
925.0947014178474 1349.3956764337868 424.006715107239
1361.3586215616942 786.1476609739946 357.69857025366906
867.0466098573723 1505.7626430998273 945.194421154967
1287.752869079852 593.6461183235997 545.322664443807
1802.3372972936322 551.1787107709758 219.98172236699764
290.96432636425186 821.6073175810415 1155.1844504960761
708.5708214933076 1164.4022301048478 181.67673141938167
1003.8710244518203 1036.359060836297 631.7005931824726
1514.783309467724 1376.7069368623756 1009.4405249719177
1209.5400895352554 649.098892548438 89.81975434620526
1706.3542337614535 1713.7730174941305 1075.3404393334774
501.64418417646027 227.96060956060015 630.7168627138308
140.90200399806773 338.7485507781387 991.8281473999452
636.440926340949 723.5739505847642 1267.2280032729334
455.42894629478826 485.72322084886423 278.63492811716515
824.8072517181353 1603.6600375343503 895.7811336937707
392.0330560623897 1324.6753945534156 467.45898475230945
955.9323547767127 221.74301847055267 1202.4404367237025
993.2839661268047 854.0134674152669 1146.8150581043576
466.11156058301503 1316.6320027571403 282.52474904517095
1780.3931857590492 466.4192535977432 1424.2242896476
822.7983268068685 694.1365221768998 735.2471865594321
1665.5187425641664 1289.6954600884326 404.4945625900283
1441.206226753422 375.6835720409164 287.24548492219435
852.8732705082278 1604.006674500909 934.5528008093023
294.1848216815719 223.52031669203453 328.63465311237275
224.4409618596086 1672.01018728107 379.99087142499206
1859.6827029458689 75.16680823977251 928.0303446709652
1048.6413397930648 213.44315407563874 1447.4535226985631
1831.8239575892737 1798.8050995023596 1148.8562017769182
1903.232514711022 630.2013884914619 668.6478690000305
487.5776860705754 584.1423149492582 501.3763268173729
1894.3930215459006 309.61158322938263 926.3148495355402
1115.9139512673887 1707.9456947153915 819.0508167773925
1818.624159826569 1949.9182582609797 596.670982102304
1245.9312883780303 366.1859904917188 1400.7602195446875
55.10385013939434 1529.301348824512 703.1157157128656
888.3884718653927 936.9563223210117 687.7316476083648
545.1953173225328 1496.5503525702397 390.93299145274227
1865.536919558216 80.98366909248145 521.7756748423518
262.1663869716797 1660.334359748466 1044.7870010742017
1325.6168089900189 973.7656520477709 244.18812165301108
1967.1298582818197 1117.4881472927623 776.5114845196654
880.1469325506541 1937.306536455247 81.15003340446492
1701.5429660873733 1862.4330184841779 719.4024998058412
913.2790705109868 1907.4490813859063 1379.4404781407163
1636.817193600947 976.3322110559956 528.9916844214424
396.18160103401533 740.6579534077983 586.3244879058005
750.894601586781 287.10066744683485 1077.5364696416905
950.6524058053878 1399.3448878283116 553.6370318370723
40.126292228824134 902.68990782822 194.36033586257423
1480.0897383564975 1998.2853076461015 1369.1737526921572
706.5755098583921 1707.6453382894433 1138.415732205723
673.7460346463879 629.4224728465496 1218.5119853287254
1478.7725202055867 1074.6059100329728 482.969571243384
1120.353725801 465.9160915682945 624.3760295906244
1050.6754471134368 1668.2372432132047 112.8503176997887
159.31963076609313 1454.6121902458615 859.2965920308691
43.87229931614689 1399.6433949011293 1372.953728425788
1738.5974442280342 259.5980109295233 1474.8194070198863
716.8141179783152 948.2939800703663 42.601452975910725
953.3349236881675 647.2852788146802 35.52891874257552
1546.4236212048959 145.26613481421126 757.2888397898046
1508.7067528474884 799.8065725091634 709.8969430765122
1356.272787226187 1852.295096462488 1092.1654853507473
1691.0249893246344 1222.774607881801 1499.2165799638933
1974.2478427453657 1329.8315971556397 333.4389784717948
819.1509521320348 1351.303972798843 1138.5221192192307
1588.0311014840386 1585.364609961665 30.94167313799634
49.65809188582981 1139.0724926647836 1375.83103856487
1743.0954377927228 1495.2437989065663 1145.2461432220655
199.5453846737738 1042.5951111144896 458.5744110629835
1438.4735044764036 900.4765759074776 1326.9096525180514
1876.835259877692 1577.2384417586313 972.8711167810675
1173.7055877768098 641.0613472917046 263.04694055575874
1779.5641640953843 1377.379978923226 629.5903061906089
1560.8160466419436 1580.5807487423115 1076.2440746236937
502.92412536191034 1733.779037504254 678.061311859703
731.5714023189416 1720.4688981927534 901.6867980105636
708.3165189444923 412.2329578763575 184.8663286225074
662.1901570745108 600.197099924686 744.3427136821296
618.2655407524364 637.5222270056857 290.46899113330943
1249.4770760993167 811.5178976628519 644.2577458035315
1977.1132183550162 1428.3074217966844 687.86474140147
541.6465345837951 636.3690900092414 672.8732238704288
1534.9911106039772 1612.2437594025046 25.666740707096736
1317.2752213299218 566.8292684771241 894.1039690046329
1328.82901648223 893.7506053597098 1313.9018657637027
1930.005071180414 1832.357840588319 129.09883340585648
1863.0096498930634 1855.5716025387508 202.225229308391
1873.5863124569512 143.0604518440004 1243.5448271207647
984.2914120516333 982.1862941960889 1122.0149057877345
1358.841513928517 343.1239403397501 200.2394610058224
858.6499590405031 94.55139428800297 1448.0856827336386
1775.7445914075977 180.77115881768634 397.84959900296957
1987.5631943914973 526.9565297256194 406.41910017946594
963.8008461840121 137.37767541380586 1081.9363913288344
597.9313398366863 995.2257929718536 462.8178371014848
625.6519695723504 1771.313939553936 552.7332099529475
1771.5800097892295 544.0616199560419 678.0486744691414
1482.1814033414703 1773.4689937225128 661.0175681766804
1236.2311468725152 1213.7739953949326 1380.5687955058972
119.91859707273744 1586.4058450579726 1299.2985576800081
151.75592068724498 1201.4313750108856 351.9723305091931
1434.9849318020044 1318.6499009606753 1350.1530910582007
617.5556971032139 598.2829230764423 1156.1823477226221
622.7112953580156 1477.991888610911 1109.8370681847553
60.109703339636724 354.7265277476672 1152.7561238988776
509.8432627291458 306.4722484280071 1155.2277186320284
700.8247461250572 1998.2976437685818 478.03965456752644
667.7840415748766 288.17390927481125 1339.9558113422027
1818.1122804740837 1955.3879877576824 962.9954408038151
307.0900175540192 816.0605342882683 365.7048700322856
1833.2754604989727 1236.7954099485155 525.3195856089776
1614.9791926827115 622.0310713411324 210.68063159899907
942.6567875786905 1755.6082094190037 786.0243155982386
688.2278791321637 45.297651474684784 960.5172326730723
639.8802811464808 541.6406728413024 335.50633352491724
817.5205681212525 191.35659912117742 1141.0632642005396
1704.7794071327337 774.4045743849315 848.047526573889
1760.2502028936447 127.4261384154718 1365.9595370934328
1543.338770409713 1201.975997701826 791.5377103247495
636.8822149964142 725.5016763197673 905.3846554522066
1977.9110035872754 1094.4187093050875 770.1596999269384
1130.6577593645727 238.33126177073783 931.9804855919235
100.49906281610754 1943.2131711646384 357.2126928128672
926.1749666788737 916.9794366559368 1369.3998181765394
236.73057287253928 1477.8333880170285 1355.7641833560765
509.97089792413107 1924.5963548831623 109.68734833711325
651.9775359006645 216.58711161270693 1417.347809978891
894.0958475893865 1110.3138652214866 948.2798566872766
762.8848873396698 7.400001856666227 1415.9527388308672
698.5615759041821 963.5222711775729 179.8508969232427
1104.5951974898044 448.01742947939215 918.7713831778203
969.7455825000103 222.09735043091118 1201.631536613079
1947.2110635110653 673.1593538969873 88.369019735261
1460.4594839950967 1145.2380789941565 212.09429429950887
485.62350545123746 274.84961767069694 407.19500441219884
627.9543863267476 476.1438123178363 1158.2712142543876
552.120178044361 867.7571736943912 638.6714297543579
385.82745441746914 724.2040069018572 1476.995947483062
1796.555754903543 1939.2050789565815 68.2441419672356
648.8766548744329 520.3007348756556 1393.8545458444255
1278.5325244759163 1552.462118658284 886.9004815002525
712.007657661095 1639.8339244260158 324.83542956960815
1021.6830719078276 1285.2202067534654 619.3635720592093
538.1743124139871 990.1084675390048 114.43514721214076
538.7835359665524 30.2212990960693 1070.7689358022021
1575.5385885325782 995.0853367400139 1329.8664266271867
686.3873551269039 1397.1276873547704 1010.9193756388561
1198.8238762339402 43.928739337285585 1352.0410986134866
473.6777198517324 789.4154324959414 698.2688231524568
54.11410452916221 1334.0872474154694 716.8860551259123
803.57336890839 680.2048711159807 1111.891352439265
1604.6898394282364 657.1549628261013 1107.244861083465
747.6204306253662 1837.6186612947477 4.996691507834217
721.4692903084721 1845.526928907472 58.13330991530646
297.5998090962277 982.8781177288914 216.73850127671608
1034.6326632341968 407.9390247678714 1191.748354990675
1121.1952757001707 322.3149022280663 1243.2257659939478
270.19505292974475 375.02237700322837 721.1592460169315
10.781901731393928 1755.3538855263582 791.1017301251328
178.56395006739058 530.7758932292408 1133.9966657939824
392.11438808680896 214.92629906027983 400.0566687348744
351.91432511816555 1523.8574885962132 240.50070114960803
981.826706563937 994.7152729599824 568.4367968498392
1782.0147012310122 809.9665604069346 228.63737948195933
342.35402124454686 718.0233939377772 912.3067506667182
1771.1078011784653 543.2275744150114 596.0623631425997
1383.0061200215077 1778.5375422952725 325.3842641669417
1159.3673426384655 933.8547191715072 242.6598597765443
1391.568627561048 1617.0817973465848 1467.0346713758909
190.84302409917296 1677.8449643132599 602.9124616181617
1558.7303291082153 458.2756330112514 271.2970850613691
134.8068509865783 836.5260148608298 740.270160514949
1289.416664094761 64.36976247914905 178.27125448978538
607.4159589800878 251.327873883624 1250.5763581284486
1708.3430536021108 908.1258215206917 482.045275395189
149.75189384759946 826.8516930572572 1366.980199889484
286.52445295755325 780.2411921536292 695.0221973337261
1478.5154312710738 762.9050066161185 722.2676723906136
39.00480011052543 1808.5896859725847 1417.7281152984021
343.13399914552247 1270.0504288425716 121.47178182058016
1569.5756807750956 1324.026053982276 285.40687198392925
1366.8323201022547 1145.198363217395 1258.6347626285153
1202.2519679325549 452.9608210829794 1423.9270216579819
207.77825264803718 563.8054714203762 1203.8343339913686
1364.5047241822049 1565.2399825486332 1378.6536565707408
1667.6768613049417 364.2588223301666 692.7144896112626
933.8133452827573 57.98668677732288 461.91730541349995
804.9705815800908 632.671455466719 1361.0898748630352
642.0725079095755 743.2864230180913 1285.231873593148
1553.0977252434639 91.71729762440029 1309.5055012492653
612.2106230640862 25.443465102388263 187.29074969078175
380.2854166724545 1447.3941840982363 1490.7951607290893
1557.7788169143432 1851.760403444333 994.3249004548045
339.76316027996444 1050.8355201004965 1235.6497267307693
1368.868690899206 1649.5115987169727 399.26942071404045
1124.6526063234899 1965.8591775546586 10.21445690320727
738.0904423931289 1739.9687696551596 323.0314362681973
1495.0895282420713 979.0945634606876 113.34265669235205
418.1678195849754 173.95329969329043 615.4037040158189
919.7006262918734 850.3296074555744 889.003124761973
981.0506527001374 339.41108877328776 854.1610753444156
1196.3747141714202 1149.41354603192 718.4777747109605
1674.6498861331472 1780.901536899225 1356.6801519224032
1563.1492919378477 807.7060418869602 1023.3084053428726
197.46937758839977 811.6253961935356 823.6939412440726
321.3660102206224 877.4276839012276 911.8605236063509
1577.5715363066322 634.8498369252837 177.06511574414034
1524.1207229165095 1023.3570542303538 1096.5373686924795
1363.8469337900308 316.1630412077445 798.6182316293264
1409.7351307324195 1130.9497707399082 1455.1582313527717
996.5622434439565 488.3481218884154 651.8518430106312
881.0605725597956 1893.060303527338 1400.1531528971907
1152.5121683063885 987.4413097934607 1076.9334409213373
837.1753919899807 259.4701763883367 806.5415943579184
1313.3755091201517 1065.7156046734394 352.18292026020987
1946.5752291894705 1695.248127915607 351.4226415204046
515.5029470068916 724.5845488463824 59.646931544995674
619.3004147195091 1032.4196539028515 955.9508779245141
614.9269119372505 1806.9921948903284 731.2118615909478
1388.5390266799839 312.8134076187672 716.853287443824
1934.46396938123 101.61493697867586 464.8362631168103
1952.312859979934 1533.9480948142311 22.084824781327562
1980.8200028163724 1237.3170872604371 830.8725720040336
1461.8309825167921 54.36472138419535 1039.4830501225472
768.290687215569 838.1254052790497 1205.8524533925456
1123.6571209948083 1302.5394277941384 935.074199661038
171.6815840634327 110.10411102512396 218.06675022166016
773.4470059350622 1438.337724813805 1308.9045230866886
1234.4244580621985 1797.3563103484898 1316.0613783584333
1113.067401025355 520.2096207826592 844.6789578975045
1772.1964607174434 430.05894070984607 663.9337866687719
1278.1982137383939 1188.7157165795404 12.656356169967465
614.29771669856 212.83616195794664 1476.6508397807756
192.2977667791037 302.25767330175836 506.00817757861364
1920.514072850641 1166.3240464120877 1123.3029823684867
1270.4112083239947 703.4334123370685 231.0500866250783
1419.4880420610039 776.6178374841936 56.32949841899676
1441.8187978677352 1906.975895786432 818.8495988482639
835.5706779789903 225.20466271643102 1482.9192590508226
441.64549300807374 198.46044199551338 749.1922237208585
748.9084790200455 770.0704800148841 142.9174593595282
774.7262022427861 615.0188238682339 202.06442454630462
1341.2964548222317 657.2116371474073 1310.7034059120604
46.56183818930826 101.62341437053146 197.26486213347283
513.8957881702378 696.2195615967024 1496.716628879584
356.28750575284164 694.6470327258704 809.4181547059234
1209.585245368433 551.8758202119585 211.64043342845125
784.4063869501882 57.097577083695896 1154.101495942431
154.29395012191338 1593.2122799280285 1195.311205416402
1519.0547128485832 185.40189785426574 1213.3015238767453
1589.4796609868442 1840.8552857326827 275.37409899645735
772.2104743321534 577.2353828363667 1364.8206877732596
1841.8647576154221 1077.0685671690733 1462.1980198753604
429.5116631168265 734.1649447343173 1302.6256564197204
1567.2197429337848 667.7287962715494 1386.566494586504
793.3710317612614 1407.5521280331996 568.6747574387877
1518.3734384061675 1627.3613772619378 635.6706641561171
1409.715946428499 1029.4119010072752 206.35483156792634
117.80331586987636 1586.6000328207 593.1177531168307
347.1118399875972 1100.129764716163 882.9909459705713
666.6767673594203 1908.4795044613288 799.9025053949989
1878.5046280517367 346.085879665043 550.742913334384
309.47767545155955 831.8928210688525 303.5576114941692
725.4201108029337 686.5561826897872 1385.549870674252
946.836503124982 1649.0101365478429 152.26341453079573
314.60626068523914 37.272890300579675 1346.9007386365336
953.975803187358 1216.4504979297137 637.7542807463332
1124.1531158863258 1722.7116687509458 634.9101421929217
1550.8698490378215 664.6325187029634 1415.7485083143292
1546.5112528286413 516.3721796587672 160.8029172256097
607.1241565670593 1335.1606824366588 1356.12157687702
1066.115975071393 412.17201311659954 128.79756033999146
1282.1331964625213 141.67043342639852 230.30221445523563
11.143916420686573 898.4284182796036 786.9449224996561
802.1278182464506 921.0853257222931 487.7445300409913
1327.2933836282505 464.31510484313867 1316.186140006529
1561.725502423594 1116.7837606757391 743.2668431228095
329.6324810370104 1004.6863760780432 1299.1657923458138
398.1559933262777 1779.8094493933108 362.3279823723746
454.7552076923853 28.49860445228525 351.329261270837
1714.0298597254011 121.41730269664231 850.2345371561148
959.595740214986 590.8207537538908 299.45282607479015
521.524944898522 438.8013757220768 445.44024349484914
1094.8582695903003 492.4703678568627 1482.8250370477888
41.910793415653735 491.230696367869 751.437090039245
1326.8038818066982 1162.71818137826 1132.1789978141478
1219.2326252129214 1576.6161390839054 616.4355935682702
1788.7383291449626 350.7991855960893 547.1753691746079
1586.5622188621414 761.5620819992143 88.7355186130378
1062.2900373761508 1005.9524869187088 1.5789394044140037
38.94548391227648 1270.7732457490988 1405.4143522676895
530.6381530321329 1552.229087988772 361.0332909194569
1838.0749144863819 1075.870706487924 261.85795330190706
671.7857797081914 259.058527246377 179.48723020383906
840.9547877181103 503.92827288071953 425.357468065826
520.3438580301996 824.0002084471503 1414.5586218832022
1177.1719831328592 522.1533997083487 958.0769955662828
541.1686792387674 1076.178228917456 633.9792674082067
1266.5087397012053 1556.957125575298 548.609319317596
1585.235302625521 1831.7791692733347 10.374933201855674
261.51811599998484 1763.1998530244337 72.6902939289849
1411.686568995683 1422.6060109289156 567.4779346694808
1234.7615439112874 1554.3974151565744 1096.9539515742085
535.8836010124355 544.580274814622 508.35033770386
537.393305885965 1311.8845427333927 503.85635920266606
322.84211845574396 1422.7461228284349 477.2315504537128
1198.7526341560983 563.7762143365824 451.23029331851876
1613.4444761655802 1654.7089095814592 861.1069941213055
1059.9733745132269 1063.3202775572067 1391.1242296198864
332.99608881908193 1105.1144781512962 50.66991344299365
1694.9832997711742 443.1523474970158 1369.1903569278452
273.8102123819939 629.7165295156391 202.07690788340648
939.8682072757153 724.363082087259 1119.5051392294085
1000.0876823978817 137.25325831685998 783.2825547737549
959.0150089739598 1000.4836425830188 845.6742527894487
584.8881488417337 403.01793816349664 1045.8344831574275
1350.1365766748243 58.88729846974306 821.055722587678
152.0478796222917 1093.6137072129675 827.3374263676201
753.7997485269516 175.263140078884 922.319162908761
850.8556016861523 272.99639124936095 969.5551830265223
1673.451229073605 194.21608254921853 1373.7910438049873
335.05809319503356 820.89347766871 1253.3067911898158
1940.938451241734 170.08032666333105 338.6265796187573
3.1882382243986207 823.3322515201826 1186.8849954648197
1647.7970643323727 1443.0255080676457 650.388434271551
1219.8663543597079 611.4098151098979 1107.3542048188442
1530.7675244542913 124.82852605307504 697.643875311392
462.3365669997388 1532.0307225402921 1090.481978347299
908.2094354398804 1912.9264994661407 693.3274560104021
493.1020174751251 706.5970225857665 1027.3802471662455
1295.2991515445397 1527.5784786492607 1182.2827269613772
1653.1164535370117 1790.7743101538167 445.35799125649527
392.5210285020948 1798.8077311871002 933.28612901483
1399.956122252193 1297.4286891618358 645.7673746820271
684.6621942877233 445.2973414235071 1148.6540673248435
1983.3803270376493 23.450855271312633 1487.9674784436563
1569.1464989925137 458.83310367063723 1312.874689276986
99.45490496573828 786.5819656882558 1112.614212662548
1596.015188719031 1167.4106148502597 587.2178314999269
737.9443967903909 1452.6678471573098 24.843621501302536
980.6669262628325 447.9844655340557 1413.206563256313
1833.5764790401474 58.60878713352879 641.0985230442077
767.5267061908919 274.4293568598584 610.2045543970263
1749.8958601422496 140.81775532942277 1073.9429850012855
654.5505344632803 1491.142350689527 588.2170159305313
1513.485716757486 1196.435304486319 1199.3271102018896
1326.6978919470357 578.2184431854934 1386.3251289598393
608.0872881839581 1931.7301268328538 1152.2455100903287
154.58260055564187 434.67770969576816 440.05129894770255
277.02108285145255 82.51518955148396 1057.9110372487066
907.2202838733623 497.59642452108176 310.38060788272514
1800.8484616516475 558.6658282238135 1415.0478285758277
1367.9210628671653 1136.5590742813586 1023.0863149694065
1390.0956740450224 1190.7743884974193 436.67006840598503
1797.075625925178 968.0621877883209 682.1285512034376
1643.7819222479516 207.30224056838708 762.4757219640815
44.96533587418794 900.560136708808 1278.4866618438216
552.2397229146774 16.062322410606676 970.1547907258711
1982.8026089805703 633.8078487231129 602.0424616789107
692.4878017124423 232.70377048235224 1436.9308628881372
1273.8814340281199 366.39987133251293 441.427281900619
1258.984347932289 1869.3177495732264 904.2234854158182
1486.020229252665 38.739662817812935 623.329092725648
736.8984132008031 1686.1432979624888 13.309801309857427
1799.0191245061617 1946.6047721231512 1339.1174004507964
1788.0592383963763 1195.4237989218962 1140.1467179007657
568.841163327598 648.8477011707159 137.2406783943167
1346.6551646027283 309.0767111844641 1150.1634737891507
1769.7702366264505 1656.7279409293913 466.4658529408448
266.0111158989482 102.44839460361787 775.0005976078102
277.01650161998435 1821.4886763392972 940.4432672326012
618.5962211028522 1945.7499263433444 1050.0708812532341
1319.7133542202976 1796.2498589587506 151.9751056420945
1686.3775113759377 281.8897811293324 628.3036885819483
773.9333499312047 650.8442794525675 430.79655324614254
739.4389640730049 999.3184234091976 663.8399729930503
915.789616492301 1908.6270341234842 1340.2067029130646
1110.5282897700843 160.1806073773473 753.592061769698
1826.973486144039 326.4868838259578 1245.6756357436273
453.1208469519796 1314.4833078892425 566.7446737246227
386.74800805728535 1428.6150221866124 432.84616849962117
1754.8962025993403 88.9813834716735 144.92553339274684
1032.3323622922162 977.7447009938771 534.8849599990077
1210.2364547614445 1644.7396442279537 308.30334934176165
421.45470579815657 106.09187916586582 1348.8693332113078
749.0372773657576 1200.9190031161293 1065.2160637459333
1739.492080534071 1811.7529538195697 218.14381890308633
149.58442548410656 1068.5039390309712 130.08429273197174
1382.4986850337207 1646.8463710412716 949.0145322493815
1756.6784516101543 1696.938427883824 1284.8610380560324
601.7787084477695 760.8012351901883 243.7094455299728
515.586648127595 363.5045797047485 363.34903277203273
306.85997712599897 854.1817339755955 236.7230323498969
1608.6686756559927 368.5162842002048 1042.565778346901
1492.8648300631714 832.0569839091559 930.6954100840292
745.555714772103 918.084880402712 897.4547650522201
1644.9736966515368 1992.8278340039662 440.199220843462
1870.8416279092532 1040.154427349046 198.82913223460423
90.75321379175571 81.19935118594812 1422.3010227871525
123.64065265145152 890.9092913473862 1438.7227613559699
566.717725320431 506.4933326761356 1204.6808638686334
1718.9225052386382 1049.2720595872202 1469.6882932128483
1313.3811512743512 214.89968204726972 613.84884530839
1519.7766611618497 711.8687779172781 657.1337797221847
1840.9293790754978 1828.0217447020625 1497.3752271960511
579.2736168392145 149.8201054145254 194.07508844546072
148.91351867912638 91.75287181791458 789.0985845143701
772.7741803173786 249.2581004073322 739.0117485626652
154.6055810777931 161.0240139838497 913.3621236715227
1257.4476177208492 1272.1745717785782 1192.9748093323926
168.7764841119317 1229.5272606774417 28.565285921151872
170.61994631767675 1576.2285839594276 1083.0160586656511
173.66239229875458 1811.1100592476357 1081.1443243372828
575.5543085615204 1504.8213484671887 518.9133606234692
731.9546384547184 1707.2549373633592 479.3046196643051
487.28868212336374 1658.3481578725175 165.44281779566765
998.3845244929641 1030.5835497426215 243.978476990477
332.58366721755664 699.728420638942 1431.344696307954
66.64615957957065 606.9524239955482 489.24838493492837
1396.2179346842352 1779.012589250137 989.2743477110582
116.611793068786 612.4235012828565 897.0994452934431
1088.702228361641 1831.2744311499807 1396.0100917710215
1790.846956558862 496.45284629553885 178.86161846795952
1330.0579714407104 110.45404839880923 12.669665115808193
1791.2274587262411 220.47292650195604 970.8542673064736
525.1938997031524 313.7345239364462 437.60322903074007
1097.6919912628496 1200.1814870694218 94.36125353418396
1809.4457104067087 1718.9109355181604 1382.2776105251119
1367.6342980150425 901.3787997098815 16.756844230877867
1194.4440574816663 1030.1047783244396 961.3772716060179
