1000
995.1319050180158 1986.8134058311846 1267.7354491316473
289.4297825950658 1047.276267110294 946.4227033667613
335.52870522699106 887.4776004033009 872.93891295478
184.8163778241283 901.892815882426 1257.617907413203
890.0707959386447 1132.9981817704577 413.3184183185373
116.46461784051843 1420.867019620014 320.9256761201059
1432.6523321815412 871.0412287174044 689.7697976816125
821.8547235685005 1800.729946133991 1494.709148894652
853.350418751645 1897.394175927976 1158.2322064419473
657.3424017103484 1487.3900511270886 277.6353612570058
1702.1748179652625 454.84497058835063 177.4766179552264
1854.5654859718995 1848.8194290359218 1346.0319166717347
420.58828469209675 539.6004709421464 785.8485200750232
1893.6246760020665 715.8097789361738 46.7653279919274
1205.5512859356056 1531.9917355840134 190.27840080049972
899.6091720767866 1514.1850727800218 361.60860009010736
1569.1344906848065 99.11939591513175 90.99939060048945
1356.009852876641 1821.638880399463 718.0876439938417
115.32854581720531 940.1724454533311 430.2913278900101
926.9398098394155 71.78774487822915 963.6008637929285
1652.0011470273894 930.3987722965097 510.1067400294437
948.9226808262148 879.1182815242096 1250.8026086831767
1017.4584506433968 432.791568304552 1295.0851567107486
1637.6833029382863 421.07155928063423 454.4177274492378
1012.1201525973748 1409.7353100349872 2.120267036496315
1391.4374137230868 494.33397504124275 245.9477568667391
526.3463091050891 61.86060511062186 950.0904430596971
635.4937497063504 487.87383706129316 1478.6476132280925
779.8353068704454 145.4872751752545 950.7773243000976
1064.2607085959473 1557.0573253886182 870.3599708232422
432.249587916012 405.64646579245675 1460.4918804878773
303.62541928734663 205.70005152292592 678.7895316814049
1965.3614465833093 1644.8730471524066 431.99134176968033
1860.50610638829 719.157236648486 1034.4375215270973
773.5879433575212 787.8511175479741 1113.012309408508
475.39071362634957 535.8490646947924 952.2698515008597
716.2257481391117 335.099933555725 806.4586456429502
556.6451666631631 1061.0486456402966 1244.3839408456352
347.2093634636646 198.01692925997006 160.07342065048286
284.4396360168322 457.0312943705779 988.7615611481662
1466.3370244880975 1668.5342847645513 1290.2943383725371
817.0822663900757 1988.581141049742 840.1447959424863
257.19519409035007 1355.1503021530846 812.0714739717897
1932.286026977687 1615.9804376386658 790.8384357859693
216.21281699315432 151.28504965229172 76.08147924372399
788.1031014446829 1678.94121810703 200.5870260065065
120.22694474628804 133.08566751260688 697.7654332538791
1236.5576948331143 275.8985821844324 963.7042149267761
1930.0504003895367 865.8336771933841 991.3972008509447
635.5867272163354 1871.48505939537 523.307392515993
878.4180109869076 236.05433156409373 243.89349297058433
1989.1230671671156 111.9031916846669 1459.0726513962818
28.162752666333724 1879.7364548402807 610.3060939528434
1303.8447576555757 551.4098336076132 637.5845331867624
50.03331127736721 175.20368916523066 1375.7297432542773
551.311254197927 577.4031113309157 951.3524870320263
1489.0049833471903 855.4225143637216 755.2660767629145
556.5970109444229 577.5805547840722 1251.4913016358455
786.7823146134498 987.7239019971753 1185.202869089503
846.5547452304758 1206.076926926079 808.7078654334019
1646.4773739553432 479.1308645939507 866.9673015907847
1097.8713384865803 31.142072354171102 709.0804820370057
1237.9634825700773 1494.3979844710245 713.4645609752389
481.7449261772451 675.597543530515 884.3555226633214
157.7052150473104 531.4278172000442 64.71843277518458
1270.5703107039546 1413.1657075360938 1203.5733182468002
1894.8893246015011 677.2160989233533 1051.737311308698
1748.6385940252057 1629.6285150947836 666.3044726820355
374.47353365370395 515.5380941856365 714.9851319063091
1276.8295407234343 1844.5501654791622 54.94989566274394
104.76515184103951 1716.5225226929656 1296.5447285614555
1872.6995161518123 910.4463916842569 1138.2960850531426
1241.8088169713224 898.8079564072553 313.84588327503684
994.1790222195436 1333.1052693083689 592.3234104232398
41.5356983674835 431.61331781053127 100.77259210609529
1851.086566338575 1226.1820548453284 861.1187375138238
1873.5219062990511 1167.530700319388 838.9547891409428
1332.6406373065083 197.09451652120413 37.15034637121411
1802.8147397467428 90.48264232571324 635.2468228748705
1729.2626491440947 1175.7283976383396 70.93133762227882
1157.7158170793855 182.12777389158964 52.43739590042368
1871.5273325255903 1077.1824619003505 1203.796668105402
1062.334801516308 1523.0823084611504 649.082228317619
1699.1848442566188 335.1083517767475 578.6986536111733
1803.4015200133117 361.70869992168986 1421.8841715168217
1735.6877166669092 1514.1452821887096 839.7043907031511
39.843657254536204 1969.8004230333186 1227.5235072759817
567.6414461706757 1791.5789458622066 1340.4324998481607
587.5428831959524 1086.6824562593436 1161.125899925586
1820.2139017958384 1316.2309104165447 876.3974711159631
937.9171897782068 687.769979087654 1225.5609935697898
1308.4306380887974 1797.9481608766257 1077.5754619227275
1381.917198748854 278.60890102802995 826.9590919314838
1713.7015999199673 1303.0455948674287 1013.6045528047831
1628.2119611219844 1689.0863926776553 75.96825580777578
509.2368188713743 1488.296941262041 605.2167160427838
407.70248996232607 1514.7992769592117 1052.5264715292847
1750.121296294493 179.86028191970925 739.3180406782453
1482.8258457084314 886.5119416711693 700.0629581365179
8.845338189573226 909.8758007715504 1032.4440249869667
462.4619479531358 1964.4592879606948 688.8316712727748
21.841325032606605 355.9283565725433 140.1524760470661
207.97362643363536 1198.8166502392896 1189.8558910060424
1805.0974845302078 205.31065932110425 1103.61120389348
979.7578415003618 1636.7577587473636 760.2933401003661
1409.7020161983396 1321.5948100979595 295.28951567228177
281.28727059174463 769.0274579030824 77.8155838849176
986.8646595032246 322.3926897627183 861.8141311472237
766.8032367138167 1423.8541564089865 814.0336767281816
1162.4012133837305 1897.4007403704124 1306.0678051281736
1385.1018426655376 1519.389404994887 1320.4104026931147
180.81452944920207 1658.6749457344322 604.2253560136593
1857.51076283954 266.3018115499494 846.8512094159014
1955.8081665748828 562.2669637988822 224.98987882191958
1674.5980037873026 766.5570053179374 1047.3254575344527
1734.756286248806 1787.8568307496869 362.5024517681169
1013.5197257528985 1243.1647632461593 792.7614675813314
467.40653151050384 171.88354945946904 747.3583561575299
407.9876401230309 1794.355952251461 129.30593804541596
1486.8752741242772 1473.8154175415934 696.6642189223891
223.9952013184523 1045.6852932246884 754.017759041652
1911.540347280987 1824.2503226948322 695.601803323531
1870.8738390591188 1604.9718464590635 706.2432368435876
78.46937048025815 52.81017483144912 715.3126394759433
1210.539609599061 1056.8113558635516 598.9205096606066
1903.3698574844082 139.6076840300997 1377.22164019826
1917.5745720142108 572.5540437811804 654.1085951878296
546.7658383990397 1706.0482246683687 538.2124399048381
1732.866222555391 1038.065622420868 752.6845808418573
420.49239908265565 1516.2588677852928 951.941995809385
571.1170095884029 1458.2561659422254 745.7874619966915
1961.6604163584489 828.8781586681364 669.477768505191
1436.039505185339 1848.3372539719426 1056.132375196194
1434.965711324912 375.6233145222989 1279.5872314446044
1463.2056583460535 1317.6365282215274 1311.195811604521
1334.7008398441058 1901.6210298209999 699.6389124533912
1751.6043396085424 477.9043357301025 1410.0949017242779
1739.338395534301 1049.48022668304 1132.609510112413
1744.2045276009253 224.60243615281382 409.25754935196414
1121.7465199184924 1721.8524486657989 522.1601839351971
664.5467086038755 1085.1123061396836 945.2002910225233
692.8893069013085 579.7346131996264 1302.4268263251918
1803.4523457474259 1011.0523020756606 613.3475583936969
801.5401150093462 79.83309072242251 69.74056371950199
969.8215099996393 446.48373325076363 1449.9419705974924
1538.510606356556 1983.8165026210972 976.8267018972058
483.0131789482668 1229.4367736520055 983.5545235823854
1362.4548365106743 404.12156491824857 776.5185995736271
61.41613732535078 528.3848338154324 825.341696997271
1507.8095518735086 509.4160854279635 847.6211631910019
314.6240660082182 82.77829665285074 470.74562391728426
218.7832153196545 1443.161592404382 167.06673893468192
1177.0255019048964 190.35206052544962 1147.6728838633746
121.9168693477537 1780.8676812444712 1286.0463268356953
387.7299421641276 1946.577592279333 466.6268616206019
1877.4119676062273 1734.3648446824632 141.23585011321583
1286.4125605683091 1365.886156791654 943.4056368626121
1815.2286255264805 647.3326180588992 1111.579512876269
1117.0253970231897 980.2089048298866 951.4713048472544
889.4509868209839 986.3479479492312 63.60017845916327
1564.5667518897083 854.131633831966 1191.0928396910106
495.44739617688947 604.268632413214 943.7913846625236
301.0800254155388 1414.6862900244266 477.658217719145
1433.9634595975951 1957.5601575358553 1052.344230186856
1451.0684456466909 1790.3613984801932 252.0437959605134
542.8559609958394 327.7397752774551 438.40941559574924
49.883689847086465 1403.9137350286496 400.41869680045403
1272.4706873021396 36.13545209757807 128.0975271900076
870.7559794399398 1867.5096191007976 1260.032552432286
1410.2376079579335 288.97957577544366 565.9646522971609
1706.4155677731658 850.9503116559964 6.043249717171795
1623.8990467121564 1565.3712626031324 645.6984499147808
1289.3299423412686 1515.9354123687951 1244.1579038285968
1851.6400893941009 997.9135137060014 201.39018240330253
1087.8470177522827 1982.8087039303064 1021.3076251773431
1172.3227664191354 168.4651531374617 643.1008214017608
112.18548565677212 94.153126272706 1485.529423027185
290.049598925531 687.1486328321164 889.1817784504318
1677.741852368131 665.8772901118879 554.3849318330404
196.19355966325358 1355.6391345152203 1446.5128919436468
275.1012057635775 1232.2896910831955 848.5874957317643
1656.6380298220704 436.4012053423418 1119.5361593279006
22.42138110900438 229.8041870822145 1253.2462639458147
1627.8659906723124 1445.8864787473633 378.7100438121494
625.9867096127292 522.972512899456 1282.4998721517802
140.4497518264003 1119.9057973115507 351.86950850723287
1399.1132706219453 929.0621213443058 93.06773078439629
596.3036965102077 1909.9245213130475 961.9753340627111
956.299743607619 220.3641322387171 1267.202298685474
889.4641263252528 565.6372583553859 1432.7326241928629
488.00534936607187 1855.065879713011 229.95279195154828
363.45459257435175 283.6847378724181 40.12752696581667
1472.1302030261993 1717.5026176162132 397.8407131069767
746.1436554208576 1414.8180359555686 714.4568732244928
551.5343058698114 554.395902908317 370.9352643137189
368.8477299249331 470.9253919649337 1497.048555178717
1061.6546133194386 907.5753014478338 699.8018687833003
720.7707593130997 1369.3998905203048 1066.7639975235168
155.22335672169362 522.3215456975405 1368.8565962631615
199.86113764048352 786.9635019618984 298.9772453531198
986.8045033534519 1674.7158622339168 1060.9382917312273
466.2709995032801 1318.1561511424768 968.2888314638353
1690.279005709133 399.0157318007974 1341.5166413269353
1529.752554772986 1575.0121036356659 879.9640250561446
1817.4514591139073 1048.1044971537474 915.5904439760033
837.8531458380678 16.141753408062343 740.4996292196265
979.1973981018773 281.7557675856386 727.480355264075
691.7382368688736 1020.1549089753765 1231.3994499735127
1962.1041859177792 1263.4704638051703 1485.48748753975
391.4407154661137 240.8927305200268 942.2321240183169
1112.28005839602 587.3162496708015 228.77563073208
1031.0688501729644 834.8667168343056 1297.0494191376322
8.437569089042807 186.0283987834137 21.22421509862876
379.98535074346586 1245.4805882814803 655.2877020926386
498.35474706372395 1765.7074620712501 454.1296423988931
1613.873990249889 1211.174333348256 110.34713246653533
1433.7407636894693 1312.3882756394623 1223.2145737271965
1763.5790940420654 325.88563101280374 991.1432153396744
988.6490810424453 1993.4588764225628 1365.925460838208
961.3105150750512 128.13776618407303 1395.1674889104904
1522.3821900861342 1010.5580199327579 486.78053713074394
555.248772361707 113.68895040359473 1132.436044387044
1705.0057783350858 478.2871649439271 1008.3440861365076
948.4074994434293 291.82675139661353 87.48930275155465
853.3450402084209 987.2486184268572 1072.4503554104065
1262.7845124001803 1694.4365976850213 52.353494993158776
1084.983073862711 868.6005910942416 631.2537687443645
678.868255598689 287.54480990715734 315.05112434815135
892.2539083915908 93.01802145997007 2.8010329908958465
1322.024989467206 1890.1362607486258 1466.0825297866406
311.637340620337 1357.7379106426574 1181.0962575545266
568.6082768549061 497.5671836934037 383.1775862542044
1626.8235989087239 568.0190489393098 622.7472254845177
382.92764849426544 187.1762371093364 1039.3799729687337
472.5331787513429 764.4886530002173 891.6836337314148
855.1671021229113 1423.5570965180289 747.50463113146
1631.1600633903477 946.8936655876931 327.89522464741816
1986.0363633936377 735.3853987980182 1046.5341477623278
1222.478543527863 1772.9944304822407 685.9238988945301
1591.5225099431968 849.467781947016 1288.5184096642618
942.2277599948023 914.5688748019359 359.43242689828827
1416.468956334922 614.6236268059555 1078.451889702348
1008.7942744518459 1688.353498393773 1422.9156989463395
42.00581067042442 777.424190477673 91.37437235887985
808.8714748163806 1533.2577240796911 1055.6521696906052
400.9887791801752 104.96431039323184 551.3624314620893
80.18538239543504 1017.632834213797 581.5236529019355
1994.56803146347 631.7633347970736 363.40956693082796
714.4145162882671 688.7147490616161 108.00758974778869
259.3631590371579 1872.2286106419836 511.08882279960045
157.65006118066992 956.1725467114484 332.85170992391295
509.52466410503393 361.5656972553054 855.7839228400032
1451.3404219853246 1948.3067294716657 35.63415822502375
1586.9434135404533 28.280554137739998 353.6597019945553
921.64167377434 433.46684115098986 1166.8055338782744
1557.0370496861046 795.9694590897883 108.60800005995202
1960.129936962628 389.8784971397138 580.9110625563628
941.2630662458558 371.0512612236023 1416.8599172558013
114.3017234447985 580.1227413725123 136.53726882902384
1522.9476135975306 1743.4622758241196 591.9680471830047
405.42737578307333 367.6787255108793 655.277451824489
398.68265496961874 594.4040575268792 220.19737611171476
1849.240812306772 55.796023770177115 1415.7854435076752
1041.9064235210526 1265.442449638319 961.692925763887
807.5932449472975 11.461332799326707 66.06247771112555
1115.6371890195537 350.21597611782516 1314.4129788699113
1466.8477628473827 104.59231559547865 228.0651078596475
953.650662976217 195.48041880289824 53.572355217384185
1497.4416867241905 1718.553447737621 142.14424259741747
1088.8846892769945 670.3898278170974 1078.1972870586633
1331.9727457787342 1171.8974810943646 715.743697958613
726.7301462807128 1080.8521230505717 112.14290924150112
1719.5575221339545 1450.7095365162588 806.2778399145382
1860.0648946159886 1362.069018856977 719.6841310062001
463.2011979623214 632.5976166999292 124.62836922386717
1999.0762718511512 357.8731762081904 892.5778584771942
1913.019533218653 1098.5895237425154 240.212685557859
1793.6788356141049 1991.9987914786905 312.3175205481557
1434.177247174691 1156.7734698563916 168.75219108013656
1798.5572110613919 348.1715554622151 430.97050354324705
1120.4641719219892 218.51194546414797 198.20842209265592
1321.131731275043 1793.0238169844006 1059.3211753154567
1788.4341278362265 387.6784295914846 270.681115562611
845.1815312356299 1612.0458109586716 1463.2139920670645
536.970440003162 1444.7139697891666 125.44041486604796
653.4350727352177 1670.2701714270427 1112.6080927220364
1068.6542731320492 833.0254333595974 437.3338840458741
1365.7243699105063 410.46383291363145 1071.9592193948258
252.33865013225153 1535.6953627237924 1007.9368650225085
111.47566368000716 367.1373062221372 80.79430333658027
1986.0070889258493 254.0471965163178 750.7581579960358
475.2510919425257 1546.9892421622287 1460.5207639819066
1223.2291655150573 790.616442453619 323.6066236747262
454.7949194764982 176.54469823508046 1029.2145730194159
433.66250279170293 1680.1145477012471 965.8490735629108
1483.6039857900846 1780.8943762478818 22.355506625657327
58.4584762761724 1838.9639591003354 383.91700336959036
1237.120889820868 1033.4682335829264 1196.9218332882283
1896.922231297837 116.72070885496377 656.3365445349103
1744.0682555944363 1332.525337622956 469.94064860069113
1473.7486404587828 1896.71683466324 805.4479882739723
1780.6874763838796 443.1415590941128 306.65805696691086
1683.3973798381833 638.0427641074701 259.2433198672433
621.427238308079 1808.4100614877816 1124.85618456952
694.7995769480113 1628.0102304885474 169.36713242132927
675.2914642458263 229.82639531919259 1235.4718321484686
80.99276807142309 743.3270171108453 358.34453087784385
551.6337686662966 298.7311535543784 983.0514627623232
1520.354378885801 1495.0770422326975 440.6028363882109
1895.5240307806923 725.5430938884548 385.3121026286806
1579.5625358235259 1061.2711357404448 576.0983165039277
1902.2950732663103 1510.2742268783081 1102.32898340173
856.3260000763418 1612.5246233530775 273.9515185402147
277.5651911569452 1124.7569935734928 323.64745984942596
1942.357082056188 825.264659988261 529.7874919088446
1565.5423906846179 1818.5934452665722 1119.3113891016078
973.2267364143067 1828.0425736462616 50.285343982735654
884.8693680479897 371.0946466642833 910.0330527589564
137.7040292001801 365.72850296484984 1239.599289510619
402.7706641916684 1680.246777043828 226.0766700293737
216.01757094100415 747.9742421896483 8.850233007249187
1883.3469421981074 1729.5588145971853 53.083567659156785
1762.2132917166298 1309.716025313215 843.2658904370161
1772.940668586957 1203.8666665582905 666.5593534503482
1993.1772167983934 582.691396571051 1181.1290697905838
160.79105546734084 1934.9301651450246 970.3937897299223
1829.9541552011733 975.921640982941 1216.206546531081
822.2110122854389 1881.7332854853323 514.1161415114723
433.257613342608 1742.3904736107793 189.82535230223695
1204.0881838138766 136.69324253080762 1354.9816905014115
829.1145076916582 1207.1850601675933 32.47893108690075
1805.8817902520966 1225.014884297603 536.1806249793937
1372.0186566728537 1424.379908385799 813.3386505855741
986.959700817271 18.534096512003106 203.20691129752007
9.747408432705829 1594.216663314452 168.98931677593947
27.887906290026354 1668.3652290533205 1384.1867289777358
1970.6850736869383 431.9460475063388 917.8745826856181
1572.1328230610852 1932.0471147835867 622.2334206450322
296.4354975093819 1103.5287686737795 221.9634395866366
1952.794035216132 154.87745870961623 1047.365091813687
1387.9515388916523 1234.2887337768148 1429.104116606379
123.13679630172646 503.54724918556417 958.3088156395788
1344.4871100644848 1047.9653283749483 1108.3276494241466
671.0368373683519 201.9929886772236 685.8940926284686
1364.4175423818886 208.7436023790019 1163.4736887808092
526.7663968121096 322.3990664616361 695.4265542541299
1539.5217544286998 331.0767058210191 129.57374112885407
997.9957886773345 1283.631167193663 84.0680099035504
1484.2138521219115 165.95207652399148 860.7822777802901
1700.024553804438 1951.1699386992568 762.6680299055142
896.4598407903361 622.3359696307069 777.1922566033594
722.1270826316775 1709.8039687108158 1124.2562188103552
1572.3591795145987 151.20594938646704 47.751191418217154
590.2493798257715 1613.5173260683437 829.0926679637603
770.2731886462018 1515.649159719709 1397.8874873855498
887.4113286441192 1753.4455355690448 872.1262331479579
197.1326482277427 1666.9800329602103 527.3098355434181
1787.2053131032233 1205.922806693056 442.40535818162294
1460.4294141212563 1302.0814090980944 425.70758063867703
884.6681829243048 189.3758534166905 216.44857787485216
1477.7493683078874 248.75281723933716 1170.5821417254786
1354.8939476499531 1207.2546496761445 1034.286659073943
1624.7300728494295 261.359445559731 1212.9557575523606
1372.7419233189487 29.247074441591803 30.72556292927614
1368.847027836252 1880.0034174764016 1433.6174251489656
1253.2147544688114 1133.0236768352208 1207.7186888119184
14.459478656362545 1424.5698956845529 1425.8316423993408
187.98795691028226 509.6426798139533 1167.6280667384972
617.9088738081131 1605.929119032505 880.8326391222728
1306.3820483063987 640.9310997003553 897.9968096916873
214.9835246264624 1430.60454639192 823.6253039219685
906.4684001263297 1577.6744892024078 1022.9148405415417
1409.3940075073924 1858.7445681306801 619.5495200062352
1483.6542312054323 62.7332867660233 1099.9073701595282
499.4776196524511 716.4519256017044 375.5743403916542
610.9951168316014 220.8541018591601 428.28473365541214
1292.5156049635327 1102.071101482783 743.7193096949312
1248.3946589654493 1580.9077995592259 1337.7914288684967
0.6667735967482713 1956.8901782275502 547.2400749260285
479.92825115710326 1938.768663627419 1152.3841816639958
1133.0096765985888 988.283301474114 745.8687917842105
645.732354203481 1233.9081325148923 131.9864745568553
1871.6221724584193 1606.3177554075828 656.6862376162195
748.392124720867 1566.8116486600704 799.2262984487929
633.1485475925267 1387.2644417548279 444.13823166783345
1804.7080242310535 152.56188308072805 1174.3311875222519
1942.4434665121719 789.6130700027919 1005.7817690424408
1159.5112231037324 908.6096021518641 1129.0985802557013
168.93549588025692 329.13373936942514 1352.0694050220684
978.9595315247997 242.16724610176544 783.8534886125522
1977.7975410087179 969.0357230397251 555.2840865213998
1268.9988283425755 1791.5168762546143 525.8026050366606
611.2617993914096 839.8398285438188 512.8841005329632
813.8455881274449 1309.9959516838371 1489.1727143285439
15.215075790156352 22.56387337189647 106.95666824126637
578.6414298636915 24.853588150457906 1272.6081837862284
1753.03710697402 1899.7161805781486 1282.8813098990126
1301.6897267578825 514.1483617543963 270.92067452793947
1846.1680475657668 1181.0112268028292 102.18895850963256
453.4101428432058 1217.620909847074 862.3545222798826
1371.6161678817398 604.2583808012337 482.59539344361565
1290.928631326733 630.2516095368245 623.9706556511551
1074.506788124639 443.74502618570676 1424.355158502573
119.02859062360682 1847.5234399687533 1360.9224875282903
1727.057181760699 95.14284192474199 717.4916624704523
20.79418397343047 826.4926245292801 552.520291847858
1136.5600735097287 139.43830194817997 966.222469606849
271.58232447735276 151.73805924082572 626.3197297855015
266.1798074954818 1175.112205586794 1397.0419741805467
1864.0041100882931 55.29678789358306 776.0591052767505
928.9553696231275 472.9120472662296 745.9636146110553
1917.4356038116973 1043.2526250892242 1060.4137199899242
601.3044423634373 1587.268853719634 1221.4234928368855
994.1183054140803 1418.5028086623438 842.8271635149979
1668.2224359450338 1611.5266925540855 1087.626319803277
411.02975571206633 1802.0905429711504 288.3696640038551
194.398040392469 1719.9061205533678 1021.6400007273057
1473.815677170113 13.264455201183356 1366.3891265649868
716.417851084626 1072.03027399827 575.2847459905585
57.351001192290866 1437.0036774660102 544.3954722857732
1535.2809341869677 1342.940095017545 537.1119939674402
1160.7617861053448 1429.2286964503298 224.612028774131
1859.10465698181 1748.347919698423 736.5999086593251
1434.9128316448403 207.93885840530658 330.41950847926375
103.10797963751229 1156.6311060084613 753.5781471665313
1555.2234913231591 1600.8316115780617 227.08412701019574
607.2706780380604 1210.9716533404144 28.012513211960023
319.9852655518878 637.3541319148866 934.0684305959934
1441.7013479651237 53.420989822605904 382.09170202960576
1786.8235323971662 847.5363704818973 348.8730799457083
1172.6454026228923 126.64968773227136 278.0222591937367
802.9902887950633 189.45972108895725 215.85699980077504
255.8797373218662 1850.6010505746212 1015.3853945773795
632.9960727234601 853.5608161767269 552.3959112727712
1968.7808144575029 1991.750275619768 976.7106340568148
1417.7188712105715 216.651402295462 628.1853565685557
1360.0420459279667 1057.9260055271686 84.03051735421924
78.65990132771827 525.927461726239 791.4507645223252
571.989100266207 210.37603485926027 1486.6812340270242
299.92754340706074 1388.5965868475873 418.36043087785134
1620.9289945118312 144.32846024116563 1311.8460371880315
653.7859047407886 413.6015471890899 228.55495081889865
1806.8078360002223 530.0111884972827 341.99829656664775
686.9034602327818 985.5160828614872 988.5677956214097
1775.8483168686037 891.9061161985884 872.6309915565658
1747.8546818786356 1240.172006712596 618.5156803819216
1074.1523293198393 1413.0294056193977 1483.6031687956718
1420.5761074148686 813.2476446671591 576.9561520669959
1586.8347051835492 1136.3481262809048 1246.8916001890009
1368.4682667737716 1915.0387386735642 580.6436448718725
1056.79869248166 225.15997834336554 1198.9400566400209
747.714328979568 615.7467764445607 1427.665231391346
621.6568114955862 245.04341688359753 527.2272784101265
1380.3164322117293 1600.6072719280926 277.78030871633325
473.342880780538 320.03932825257465 608.2029731125104
1831.2821816093067 825.3989436164404 378.9288974582424
1219.821774736271 1372.2942912126457 128.56581094004588
604.6091083831453 1122.881651118952 521.307854273291
1084.0504492548353 522.917755185696 756.5721487458222
1139.8127804407593 1033.0200919249298 1059.737186391016
608.195774157028 1139.3660999818146 298.4196936477813
1300.1387699839688 491.01531684083466 393.4538472207994
506.1026787424312 204.34185984713494 89.10634395555323
445.6188441117308 791.8685024530386 1075.9658002231088
1097.367356878148 1645.3174880789034 368.06502268207527
909.130943192231 574.6558189156518 116.97622287501287
630.4887050573165 74.34781317687845 163.82945785804614
1727.5859169173925 983.885925699203 915.6464006704834
1678.4501888558625 762.6679932779718 929.9067902024203
166.40661500514597 1699.985040602477 112.86659035486763
140.8707538876366 1668.8410559945462 1328.8040021536494
279.00417610993134 1116.303773141648 971.8733774502937
509.9161789890232 1470.6723163969166 835.0379815568825
529.203535594752 1577.4607956880157 500.4785648502473
1886.083997824165 103.18756056311851 1015.6957484431313
1236.0829390831416 151.8034882432282 1325.4569003730703
1355.1256579171782 723.7368638307686 344.27174096198974
469.49820371665106 173.4507857677232 684.1015625673213
49.530657350954414 1808.8231533211708 1445.1403663395456
1004.2230245592303 753.631829906895 527.9575052596181
978.2418665366281 822.9864151537707 516.5586441129152
1538.3580009384748 1994.8969740700104 280.89401909539095
1763.590422200305 839.7682423329107 361.3139034998877
1780.8958426971994 28.97824879278099 1447.418428607261
330.9109971108166 591.5913177369476 1454.6570564318251
975.1777228487031 911.4038223974046 1147.555468928444
1285.1352919628553 659.9988558170076 419.6577520336289
1914.7768115357178 1050.503552900868 881.9268029473687
622.3540779941685 1617.0393327731827 1139.5416009750004
9.790806904273364 978.6779897357376 1445.6313494085591
839.4385290707289 280.7764873683658 787.5891984877022
903.7683743502 1444.2241044795007 604.976807551088
1745.6421419010085 929.9452396335655 866.8746614692366
955.0823148882846 425.5116161485357 612.7789516197665
1689.8862234437813 1215.3775393881726 270.2298044961543
256.35751656799056 81.83236258264937 66.1779449211573
394.4695004366816 151.3848069464989 1025.4518500239333
926.0876079234364 661.9359596459789 905.4368955176536
928.0635480748736 1036.246440881444 1167.2605662855733
310.57931676082507 1671.1442267420412 1465.3120137998005
463.0255312640765 1412.5043841572767 504.2176503045535
1312.166042181711 1510.73773444713 1279.556161343184
1806.294590729294 310.5170634847723 1337.8858333534922
1902.541340385808 969.8522106142564 684.4985589960928
1955.0411044038538 483.82292964598486 366.94807164720294
983.2817746102189 140.1881251578565 690.0395170077578
1238.3670021294563 1264.4085334700894 57.776355233978336
1966.7777254614448 946.5002857514096 148.02440836885577
1368.990037161493 1794.9110397718364 791.4519939443314
1643.7976403427895 1573.911076877805 395.9087922775997
1075.9652030019363 1992.1748254296037 704.9523405472202
360.45216957455995 219.9622204363143 628.2453603941445
1891.624202942038 1260.9894612261405 1027.9790390052706
121.46544569955763 979.5787168056804 1251.8620630350597
1268.1479306048595 1955.179350145193 387.7365112815146
490.9701714775148 1329.5298918127353 396.5954929390565
1128.327971084104 646.2820096813997 581.3420969150155
832.4164054821783 350.43682846077974 1002.460868636916
143.34281785867952 825.5821025455274 1441.4024299062712
136.53889720618827 740.5277675119996 1186.7450757523654
1309.70311612256 1199.5504506807995 244.81857241153355
55.90844102223657 945.9870148123084 1318.1660963409606
1806.8511200567466 1426.932428201945 1002.7441598267195
1525.251751220677 1174.1606769790696 1284.2169961909303
1946.8037281898612 2.1880663402433775 744.8356137342897
1670.9022592745805 1758.3734818386667 43.362317577208934
1040.0385855611644 1250.2614671330468 1003.6092107964681
1266.6138983472117 1058.5834495414115 954.5462711237092
956.6096138639264 234.34575617253861 1211.5942978690975
616.3120267317544 888.3111802751631 1118.5309014211073
529.135713397174 1546.2682311385822 1442.2204341113986
301.2755215265628 956.1302524491114 1341.3758865628872
129.68474737871816 1963.1671531208706 623.3760394126825
1278.2330363267952 538.8186981724692 813.629168208179
1128.8702070019804 1868.2579841691522 1189.697257553684
1011.8314274893722 680.6639891686548 1103.9499946089038
1728.9895332326482 1342.8113967349716 417.0945270371175
1089.5660803236078 1398.2681632962915 536.9161444643927
5.4190512415832615 1053.8986844359906 1478.6567139788076
155.96563878893187 368.8204784111202 1314.4755373403907
11.122924496806297 1784.4684088518823 298.4286268413547
15.26927973243919 1123.8078343367172 923.0117407604416
1194.4672011659577 1365.9348913030724 758.4284269325483
205.16298681052737 1874.8157374980103 48.05018875565531
1733.258827063428 1194.9023688467116 1449.757491284431
685.3165338931022 695.5038308657282 253.70869438975134
1578.2500604620739 233.7050190304193 560.2328073925117
1810.1968072162601 1480.2479243479586 614.5116282126189
670.2809621559767 216.38732888469804 832.1903606597949
563.6292075959799 1651.224537157767 956.1812887385362
1744.846709853612 630.4912806771055 908.0845938870848
1465.7701573650502 1845.3094877501962 1361.0251173006814
787.7771230938255 983.6444161162135 532.8605758884624
1532.2907604472312 342.1993104117189 847.3885814392348
1870.5338565755737 166.1861801765343 219.3627762526435
980.2041878083298 1935.0438245940961 134.6037763724038
54.74043029737818 997.4379994790015 583.0557529253573
1962.1579585292736 1037.1246698382029 44.27704323949288
1510.9871354022046 1940.54992496259 1258.1709269042215
300.72773915492434 1476.8556127180875 200.89651842451295
677.1896614353734 1793.9430907885233 1280.1470113791247
959.6331172863623 471.99751099904796 594.8519162621247
1877.77242451106 1621.9301117596945 138.53386322542366
614.7746944268662 1464.4659215766649 1076.465888258176
668.3714237675316 823.3057225581995 1484.8917780910563
365.3853515899026 436.2798157189811 1069.161143650211
1543.1862077558562 94.60249914540842 1435.317444259079
43.33173590597595 158.24537196583765 88.89152377438364
1671.0086605440395 879.411231569303 301.19102174152977
1325.5866548991846 1490.5968407826547 1245.0869594332955
12.23166049745994 372.91479002008754 1165.316710698525
1661.5298236517797 7.594507625004798 293.72223978251657
1856.6459449681042 68.0668405508893 332.7271298273623
591.8182431224724 958.2540824602223 853.4453691856206
1043.7074609831764 1704.7730156909122 930.8530257218039
1504.3302663981444 1934.8648658929226 49.08068359957224
41.45826574800293 794.9614620797472 293.8288683447225
283.08537400328214 1582.3113251263585 3.3694025059478605
970.6652761121985 736.7202171242137 1496.679533634801
1276.356438087182 655.5349457601145 449.8895621232262
1827.905742648259 1479.2069904436823 575.328129448367
1878.5229146754718 398.08458230761266 789.6763385714195
1556.3287039365282 1524.8377556425776 537.3506323141768
1405.8989135131208 366.25149607286977 290.6726374502766
260.4891437509189 640.0104545910986 1124.9922731718016
7.851427535106703 1928.9423971596884 1224.043983651796
1375.7560074376531 705.354121119847 1474.8568384159169
857.9665172347195 1928.1498450431166 1197.3534352268894
1274.005233657094 1037.9251935419666 31.2240257357288
18.157415326705006 406.6674556921723 366.61845281723396
271.4316029663384 174.3902133309454 1182.8592382891225
758.4379509997208 168.3863693825658 635.740602353453
1238.7707575844206 1410.6720234653897 34.03874467619028
1568.0290997735506 180.7731175535494 573.0315827912966
373.55755994750405 829.770506899981 637.4390364627678
266.96993149245077 621.5525232886248 887.2299775375217
273.46633887064684 1046.142930750108 1239.6268374854412
690.0824041833216 486.6833320298225 489.6490345499746
1872.2355505357796 530.1676969343299 1332.6311159893337
1447.277403351897 943.713598052382 1266.9752094009382
199.54011514128035 1460.545374475622 300.82188093854506
1471.3469326073778 942.7015905718985 196.66993274910627
1284.60771081175 1163.7119128301192 288.67601793639267
790.7414784454047 1864.0597406831648 105.30405990668939
1482.782971254834 142.38781770230324 458.2095597297541
445.3695096731922 485.88660786247596 381.10287544038897
971.4575873292126 928.7199033831998 332.2959628421132
521.1866443636696 439.2570659081365 121.91570500905114
954.5057458599655 565.6357882942751 923.4907921410622
1017.3385706688358 461.3881813884828 897.355663996316
719.4003505271307 1888.9373915799886 386.86980712747504
34.625110590459364 1736.8238635390283 1303.334232521382
1175.3479969393052 1090.224728300997 670.2063744210915
893.5672197046285 1257.476565618009 111.1661869581691
101.37509578581239 1807.4273657242552 296.13684747498326
785.363928153689 651.8311933402048 955.5759495654112
1929.0669773140726 1092.0813256016115 352.15577575241633
1861.2173536703312 844.1893635576894 1099.962411225005
192.66515634233605 1233.0400552502676 327.4264607097221
1994.726600563311 1451.483757675947 1286.6675644988638
320.9248982961177 1110.3191686886394 25.792618606018113
1270.654733123108 263.3137719790195 152.50310140411588
64.50457213107485 18.155290756502794 1446.617086079496
1062.8729329622322 225.10937236493288 949.2502717934611
1315.1346458497183 1921.291642537912 631.888823506255
1910.7105622269244 25.735000605616285 833.2683834621987
1402.194582530422 854.6785520959694 1107.8239042095836
1547.763854559461 405.2567360507984 448.48195062251875
779.7173473041785 195.89899392503418 1251.2954709959054
1283.2073454858576 542.1990739015785 1283.0762777354253
447.80546382666284 761.0985395746114 74.0044494313054
1015.8602641455026 1647.5635989440875 605.7486337718555
1521.3142140237305 1731.062347837903 1498.7435659982734
94.6954452562776 1801.399416841677 887.8007980441073
180.58854205347342 439.63713339113684 28.877908250018624
1348.9343464726085 24.867761113429143 694.3133589946959
253.5352639480053 1859.2690040376629 686.7141577978606
548.2856398921072 982.8172948841762 1483.8874472111902
512.7905721875668 493.1734330269466 563.2142814934473
750.2258025869318 969.590352455783 1105.256185824693
173.95825647571962 160.47312620164743 146.76947511991924
1255.1414569740723 1231.5961238690636 1414.8370831548189
8.50107255003718 168.13846707103286 402.02535829062685
1414.5240205098532 1137.7453540186589 1236.315051679551
177.38497461893644 1641.808817917942 748.0619481845166
177.38055571866607 1031.1337459585986 218.92531292241202
1647.7323755143161 1984.8074831468607 1115.6863576043281
129.18804548857122 845.296174680168 965.8573027054456
519.6664458168594 99.0530114038941 934.0513364184135
1224.5876295596659 1681.5463711351572 1157.5233242743957
1477.222148378649 1597.865592343726 1253.9283712353804
1661.703332230798 935.8091155765723 917.3081046038409
928.4362641648231 119.63360161462 305.4166952181836
782.0660473334929 980.1013770232103 694.4426327734002
1287.2313747001022 664.4936669985484 1496.147103470229
184.45895921923827 936.8150210098538 1381.119641393721
381.3083164533164 414.6601365710301 126.27217435828098
1803.2070200265923 1111.5141606898972 250.8486820396748
780.4348817106775 1821.071301325627 286.3547925257905
1627.5885428162605 340.355167792554 509.02723507117105
1245.743312807583 356.26975284263153 449.95455732782267
591.7223665909546 1660.7287532615635 591.9790279364385
116.97475820273495 698.567619580313 319.9316820461848
344.1122490494595 968.650355475534 518.1701488080948
1086.639263438144 1084.2209568945536 631.474054619539
434.739820289173 834.8483065980001 97.3215257516704
1309.1018884307018 615.73262957211 1218.1270336428538
593.4203830770539 1720.7175070182914 1157.440675890318
1026.9650729438424 12.539644506985415 379.24320884459985
757.7816757332661 1388.8779114417687 183.0386879427071
1892.8441396415806 576.5901527167924 1414.035294815109
189.33100678112092 511.62440665465823 330.935392179897
171.13014296879814 27.593121850738143 1224.453170419066
1812.06733324336 52.41078251931653 998.3625066652863
270.32674553895066 105.3400485577669 1342.5255330490288
371.9166578976474 756.3020719032389 516.6624387883548
943.4451296077419 1374.4879750951957 47.36184182302411
28.913519014614586 118.36734176505902 471.9080174473034
1197.4102527528278 1655.8185726371012 592.1009541954533
1290.3626929338693 242.94044134871194 787.2322032288931
1803.8035863677312 1524.8969201123084 993.4120852632138
1638.9068597244145 630.9486501107233 210.18179820310561
708.9334530361831 252.60730652984043 760.178641778053
1710.5471739748666 1060.375465338385 764.2242987192157
316.60657112152603 1812.2928101517714 814.1524007887105
1445.543153054327 1280.3794351079334 190.4495433247409
1370.2580650092914 224.78083536193384 1345.7611183052054
626.60247908045 783.0964263776413 395.1279409632712
1865.7560751098947 733.2045409862149 1472.8407103635814
1369.6469862082402 1707.9041303747201 249.9283529229036
694.0232255935741 1465.9459137744127 926.7538203197665
73.93192060564968 1728.5143257856976 73.2551812184304
746.3507289433728 449.2817097348225 1011.062003016266
1113.264594292947 666.0276065832014 682.1210044252449
1750.2283097861525 1955.9423389109807 656.6166614861932
1854.7299880299265 16.917709354600685 1234.4505941487962
1169.3800139691987 1778.6263283266537 1035.9753609878153
1727.459773531399 889.0387868204909 1256.1718346366067
1991.7840682140913 1299.0388072510816 1399.3263921219154
1171.5780641047365 1703.194106548837 123.26178253859304
1112.363214891931 1658.4259028831184 1115.1965099604674
525.1884049053946 1760.6630452727984 398.43016210126467
323.25797867326946 1652.8776591736653 166.1418909632263
1333.421842358596 143.1723076097613 714.2483935075628
126.17724718622281 712.0111717736468 1045.11858229034
1776.760607541163 961.8933598011246 742.1666059704213
284.44221009629865 976.6255274834066 1007.193954080846
570.9114790869331 730.5230813275912 1022.3668234654074
1587.1761510882368 639.1835415203307 283.36595716032485
215.096926312651 1001.4643584424481 1059.9706754564336
197.0062752586168 1007.5100447239743 625.1582710037067
1105.620990717389 1644.8191543167636 471.86762292303405
1651.1368198733842 1540.0479341376165 1143.8095696523412
1518.5064054922034 949.7803345268254 653.2964723434263
885.0486334367778 738.6623850837324 686.77641387379
88.21703605870735 741.5261268512694 1216.5844612017083
78.59822941750627 831.0924225299965 1474.0169595416166
1996.240894319866 1807.5204706733732 1402.1124049144469
707.4017197136886 939.0613982893476 928.7421135189568
1000.0082074126437 577.861600474737 496.15156935575783
1932.520472043334 129.18988368721517 574.8651830206187
106.18520537207199 511.4476323071759 623.3918385606579
1330.0449435043952 148.07887023218825 142.12981568947237
1792.871276431093 675.353841296767 531.7035531904056
199.56559407552544 530.5929634845731 770.3008021663637
1020.6823994020402 1390.1570299022057 993.8528227557939
1713.7735739251382 999.2498845947804 1188.3474781937337
237.22785393764067 1862.6765285234285 447.4121289350956
490.0668248549496 108.04201944291103 559.1411429957697
33.162487891486236 1205.1060893971862 1280.2792219580913
1562.690040163676 1616.572547272316 1103.770500979522
871.7767131878868 1346.3751359539801 887.4195443385973
984.3870036558162 754.8263707645797 1308.8084600848154
344.27639326809214 1240.5224673095024 976.3527077106128
1539.9668093247228 1140.0808433823272 1301.440603712514
161.35202191408848 618.9072534275637 1382.9902181591167
854.4758466206348 856.9209959244278 182.05291345265638
246.86134531258918 1657.86941825104 458.28875105354166
760.6344121333785 1050.9724204567601 871.825964671415
1188.5994423892678 66.16373417770416 157.28585166824067
313.03838334254255 1143.009101321766 1161.4834896082805
1306.821571083191 508.3329424875049 949.0151212722178
1386.6470417641272 1392.2547299316277 533.6168578965097
902.157884905969 919.7351256712527 1364.529981173692
1534.183255461713 56.593363267221534 917.2879064789931
1316.7961270474632 536.2179380444359 460.50252550863615
245.2448722344991 500.25947526003665 826.6503009772254
214.70775859429025 842.8197270291269 194.34035402806455
1295.5664330976858 1243.1127402101547 896.5038860978539
1723.9740602777351 1758.651191485581 803.5408197865809
388.34222466556236 1140.3508021044395 557.9294294292984
1323.455889935887 553.3780865619731 237.66717551413606
718.1529519885139 1715.828524619562 1313.9541686954487
1081.3992836752034 821.6495149301763 1202.2697589975194
536.0329343827415 156.72923078894584 986.094784260462
1028.0898949753068 1749.6699920696035 1431.2022959219885
840.7321167273802 964.2044859129633 980.8884058882026
106.12357190937827 64.02349844197764 656.0672874684724
1069.5476641516882 1254.570037936086 1283.253489940479
1927.0151903301714 1362.5469134824195 189.8262676597824
1485.0753477548915 1449.9694917996565 663.2241153573316
1286.7864793723688 84.90687029621591 568.5376751754659
1519.4630092514014 277.2299492088981 360.9770488476541
1754.1596581695278 1905.731026925195 956.6034355250905
836.0269200455506 1707.3812276611677 853.2694141858301
472.40508106069166 450.3945392496609 1232.1791589105217
829.981434473154 310.3261459396181 1294.9890894656942
508.66518016362505 1047.1256740657795 460.83604565444296
190.27615369852157 739.3497274104366 1478.9638421846637
695.6311972083988 567.6917357943718 877.0882405644305
1010.8364595939328 446.73916755406594 919.205214933512
72.68209801150616 668.7062467403 919.8179637258174
1266.4902692842104 1076.2408010842173 332.6444828540126
1539.7335087579713 10.309763514375625 843.7513802943433
1102.2829005006292 1628.7122499474135 265.4930445545971
443.7701274201231 1176.1681041855443 1039.867662456324
1830.1771422332336 1007.6515679884058 1316.4556991175577
928.9624863868786 1991.552467719484 890.8779997423375
286.25959449199655 536.1972301871349 222.31173478060057
1675.6193760066164 1371.0094552559763 121.97535050642577
1373.4293664507597 1480.4357763063972 152.92709357665785
1984.7383109582902 820.4541968956373 123.14116898298593
1644.423535426905 1902.9618347036119 461.969663055842
373.94560884854667 959.634534178849 321.1799663116592
1036.396513759052 208.49732370416564 555.8649670154231
1543.2809841495693 982.9143406898062 675.1872988528863
1483.7569413701726 1484.4621356450093 438.6731888998393
738.0128546063047 1061.9774550656502 818.7130269845836
1274.307068947425 123.58616205573992 1437.8691503012212
282.1654318274922 169.03533135980342 573.5873570766536
1654.0729986665751 645.3455995474761 981.748599811008
659.2747367337297 265.1121341011713 293.97416676347433
1013.4853333336918 466.99835747670824 1174.907824160674
98.41348065886169 310.197489529503 228.84823681465056
1794.330548347611 704.9757661072757 51.385122482591306
1125.628698768646 358.3575502922793 1499.243109107859
186.60498829560046 629.5438612273674 817.9147470212337
1635.8044661843835 1193.996914330692 513.9387818515431
1590.2212683799933 1312.679958755554 1015.0753416965299
927.3947671972884 1838.3467500296026 95.03292360337645
1837.1648728830187 197.29032505273182 1392.9558258197765
1118.3498213443952 635.4111209601467 593.0609377689077
1559.6304894972632 1876.019922237102 345.9541372543175
362.46005698827366 1276.7323239527118 301.70959947384773
177.97950634217895 248.23481044241257 1285.4612332682632
77.81666487760307 1683.3674027408726 25.150175357664615
580.376872977856 1475.3366132842305 1127.5637583282482
1121.5732682002022 1122.2342931100916 340.90451502471205
1611.191110052712 1434.54710002834 310.9177394602145
1333.5631812780541 1390.3480902697581 546.9610687957696
1994.9448453253435 319.61442143659104 188.87792103945782
378.4913332649842 487.4454311293794 1005.6927522194238
590.9632511140519 1728.3018430944755 967.2751519955366
418.1309681662173 900.5376634447877 585.246022225777
910.9387474285571 1560.478011205479 239.83211254838182
34.83317348784332 1530.6672565943577 485.4679556653917
89.82875373874144 137.26702087380116 692.1578609019886
788.5658202905926 187.2143600748275 1198.566750287563
569.0830666205376 361.12780909273613 1115.7506786066572
1197.6959711602535 62.72526074058171 1283.6752949527065
259.3895701282121 747.5702817121863 1091.263803536338
739.562266711499 1746.6804147797632 1494.5063694280761
724.8296152105913 1630.7044016177558 1360.1666431624453
759.3998110665462 433.4711412743173 1134.0401856609722
1936.9081117938917 1684.7352740569418 1374.6168388859367
355.1359580710087 1898.6558404181847 1487.6636686982426
992.3008198618888 1206.397470228672 173.96068100974065
909.51154146327 625.7642810657809 164.65614513037707
319.6411589232142 1617.445943009893 812.1117975540157
1677.0755844583502 1569.7208244879719 1331.5117083388584
216.5774928710553 494.9626676575578 1281.7888595868144
1902.760276029655 1811.5224804299683 938.2037780695248
292.34259493272253 350.70612236098 1242.5661285506849
32.57438760301756 1449.995613674452 1210.462753200487
597.4490359062403 38.16697674830771 527.0863988890669
1932.089000006061 1919.3651181051928 1426.6166747410298
748.9156981141942 1725.7673062948181 533.6060568302762
1969.4487081228897 1123.778029938538 1237.3970344230768
1575.9134051326366 770.8757292619117 384.0697773939975
1525.6320150903318 1723.9468491425594 823.4219900725528
1261.6258472002937 463.6699278587333 684.4176935581906
898.8201179217758 172.90963819388304 1337.6438699760233
1953.0077464196202 29.987701531202227 1212.092453404038
446.88334036164855 115.04780668157521 1047.789971689629
1655.6719678256902 781.5088721132621 399.56803002502795
38.54291677260369 1149.7582787564706 1245.2834230740586
518.0569059542017 323.0925566223193 1185.6369966888385
1306.0194151630778 942.6967101885326 813.0744679622286
345.15122281529773 354.6565686377638 1096.4158150658
197.65956090515812 1841.8673834868068 941.2474791114171
312.09355719226426 577.4358586871662 714.7730717820709
840.4589291444056 361.37966924033526 597.5016964372523
6.530452403299414 1310.0605452946409 369.7672432733857
1502.837583538446 284.318146889601 17.687919717825963
1234.8389805315505 72.13987270827471 755.725335074739
687.3841723147858 1070.8754509034904 170.16703752459972
480.39117293673826 1983.1926351019179 729.8194094754365
271.98808391739317 215.51920386977264 149.1662002813568
163.66139015549973 197.26322477031698 1377.6495693399568
1635.3235307277673 589.0264937837367 422.1376558258365
713.6929938547463 680.4856104751542 547.4219252064191
1598.0593013097753 941.9128512744071 983.6678109270699
182.3087011320401 1673.7276320633075 1255.5104716627977
432.501227776404 428.29602820478783 0.7488240535846735
835.2204441114548 46.11050511216463 467.80525876214466
1907.2961908722855 1716.2765036571507 586.0718915367255
1114.0280204436087 839.0272459917089 565.4559167052049
1291.5309477802675 204.59297017762722 1338.0563239730905
950.6857296814791 363.6029837080552 950.1071905590277
351.6817701135964 1093.1886600205476 1062.0189938860385
1853.3092274424707 1204.922769385369 1240.7567489740816
411.76663827265634 659.2587355303825 336.70278041917396
752.4877153677785 1820.483588876638 711.1933963799075
32.01559971247603 95.13430835416159 444.36929466574384
1963.216535396612 1870.8568598147892 747.8562262261421
1065.4822984175623 1652.2115356897104 889.1216565012178
707.3283810477973 953.6153209386664 490.7702679923279
156.5274372732137 935.4999051333093 536.9086649231673
305.86884448500973 977.4314803818394 1271.1126002507035
261.20477620536195 1739.943142511439 858.4284712914088
1502.8462176865175 1055.2277665728673 855.3706918718094
1502.6418273508157 641.2670644139275 298.9087214980703
134.92729613808186 521.8462628459699 126.19697617085102
1553.8913747590686 406.9008082680965 1007.9891306159502
337.5330911236987 1998.2912817565293 1065.9293620447838
1921.5624311159463 377.1414789504446 1440.1165505645445
901.9335405267632 1733.042922624224 659.9351105664799
1679.3012283986693 1307.1607425843015 765.4624400914461
940.0840304895917 1638.0789433022396 387.7540433583544
1023.530326822678 860.7826509111434 63.98949171833163
556.9394834622236 1373.3494928045588 609.3233461721599
563.9903128452241 1399.926100940991 182.64592578811235
1601.472851994245 675.0023227859832 1385.8430259647714
240.1102919816227 1959.8421665182318 934.0316656279939
914.2188113206436 327.7843079665021 1389.0258240602138
1714.7735634937856 290.0562007527132 1297.622710540154
441.02502684306467 1224.6933459585525 1186.499285270837
1559.6339034942375 930.1515311707684 1428.8406093660503
1717.3155814089228 1345.787803347641 161.2056322535781
856.4781953190852 1523.857852997747 464.01540076912283
599.0254165617301 209.19654099722473 169.100057329087
1064.3064271031924 1952.8900904785035 241.48163393744377
1264.7058671240136 1905.8782401368765 1244.1448190083745
1766.4687296263671 1211.865708407389 558.4566498365235
544.1006603182088 1256.6420680010401 402.3069567758875
638.7376074359701 1437.114592366546 661.9927808731184
552.6842968050687 508.8245575909571 679.2762675407857
286.9979642496863 1355.5676627760627 127.72845605936195
1647.980646789949 1289.3579953426874 397.9888431101288
1089.1472429957487 503.3531615684659 1155.6389035109196
1447.1831664541276 316.19018127439216 1489.186297687438
1578.0521720137083 1829.0478720998944 759.876085764411
1889.6450125245246 1137.599036414969 494.3383763477408
263.613776938304 192.86910483334307 1076.6017858342134
1002.5699259670804 425.58115034938606 1024.3382930195114
1769.4457754374791 121.68185248971675 731.9409107604591
1542.4579308031946 1247.3245617450898 126.18858982611685
260.12653578242674 504.7913864875133 890.10143093059
1380.5313619129338 319.57128515530786 533.6111858129337
1572.8401779511312 393.1756113781495 200.31569110348246
1462.7388645159751 1738.4534833955208 376.7955826712325
1567.4210950132576 769.0995881473235 1422.8913321583116
557.6890603996119 619.1436145019234 472.76036276536854
922.5494469275828 1449.5472550941831 311.0277387510397
1962.6700940407097 549.4455410569783 158.88551906290988
952.081011444206 1892.3174175067593 815.2224398003285
1149.7198540725228 291.4799420417491 1477.2437650482384
692.6939812881035 1214.0386970955178 864.2745482372349
23.930979370178296 1395.2288881774066 969.6404000757393
275.51461984242076 509.4531606214339 1256.283037472636
15.77661259111962 616.3779533829685 751.573325385917
1435.6543085623243 571.6439173921464 1009.8740320735524
275.76848638404306 1729.968217588357 731.2121640667954
980.9193567839502 1971.9123392859226 1335.1505740923706
1290.643535045177 716.490393986601 683.1814980062048
376.3392863220365 1652.1112148243387 1250.805322854349
264.5561185637357 1474.8950786376915 5.017780626876133
266.0441452113391 1794.0311336046038 1497.3572549336159
10.326692376733781 1042.4909338123866 432.5979182657995
1427.2107183741123 1251.4539111341858 221.9371580770575
778.8234959537536 1814.3049410531632 1022.6387618124913
1871.3146961525556 837.139589623888 190.5595104317155
1308.526800010125 419.2523294100861 78.56370370038596
1564.0395086611766 1015.93575900802 1402.167462082311
45.97893381001872 1120.8374912819068 441.7926852553305
1994.2400167494964 1290.059878567448 1170.1574224693188
128.37556375446013 1626.2000064506497 2.811361249154154
1741.7138710595045 1030.6478305621522 772.8252751593313
1549.4633590592175 1890.2898397529098 1433.5464199199603
1300.6040523741997 1221.021677845975 1386.8760068278048
1053.3060836611503 510.52247318599495 457.5109107644297
1653.778402697136 1293.1629555964896 128.09801552424466
473.50671337116256 224.21126823949479 1010.2635192199806
651.1479576049109 166.804228718505 1314.8702725331286
1112.9816490728406 322.73346148339766 1098.386135290716
512.3575186281386 360.49044158777144 1006.0577868738475
1376.6451884746605 1802.3862549230141 718.6541490707463
195.90879620639723 1184.9945475638692 918.696619400089
1745.6553514602751 69.88250903996973 1175.8111662587596
1217.1241223781833 803.8381056226493 1209.9545490394191
445.74628573091445 396.97716973686227 1114.9015747250694
530.2665997837541 1495.9495495290782 1190.2967994391947
1301.132136942768 778.0261101300449 1163.6935435444336
1328.5616956502838 1118.371869859775 355.5884148193182
995.3305033797885 1753.8448728309477 1237.9761776124878
261.69678674472084 1823.1369161982416 1050.3458276389015
1748.9424823011816 1929.4612255051243 133.72428865178043
1034.2525831313753 1727.2074627305303 909.0987042247955
196.49715793310008 1947.2053106251776 8.725532751632848
1670.0993693688717 894.6604324393692 95.33338396125424
1066.5047470281372 948.0065058946748 126.49882070226276
1590.0746115829102 1746.396835965125 1281.229708569188
1359.6884332985103 1457.92607500482 1048.8026862053332
1922.5884632037244 234.83720438128876 692.6475966707071
995.8602425581271 1336.9516077968776 1292.8912659193695
601.4314130680693 609.0075005872717 844.8676560256671
1907.9693135038276 1725.6101522969918 471.68074223932086
387.1290139202985 807.8035254789551 403.86333858325094
389.10837949165654 1593.1624144128348 1159.2756519284744
1493.9388062192068 1614.6469098108885 1105.3078167145247
1497.4356108795355 877.8697851592609 1225.707530413014
1736.698979532596 236.64521434034037 1255.1374856896373
699.0669362423104 235.83901428030464 475.6583247978258
1466.2109918526774 1127.4670513923763 1091.2929668660704
110.01507682822775 1447.3167775426386 237.13519194638505
147.36047039833443 1506.7338061192509 694.2781525353386
25.792993032951905 748.0403475358938 344.93648234386035
37.65363386080245 46.333777274717434 606.7583375703521
782.3501690787826 638.3711048657044 1041.6896765111371
1046.0035780539579 1832.4549897369918 50.77266499988964
1231.3011535104556 1738.98111665839 931.6336378287689
1764.5004615636346 1097.6381530892156 493.81526396541585
1441.8498831946129 514.9171882508676 586.0427932189633
1968.3519133273433 787.8341165959289 106.2140459552457
777.5298004689648 1438.0498062126012 1282.225723967059
843.0914711905009 967.5510236016042 1481.7410016734725
428.52685401593016 1510.5135185879694 56.13547607123098
729.7865430049411 1380.3276186475669 1309.4858110552118
750.8849067734607 1377.6654515782488 1209.3651015509784
664.2282009365439 388.7323343111597 1256.925602508669
