1000
1185.802779234762 821.3358083631057 755.1841447950936
1811.5402994420735 1562.3593333900676 387.28298850736473
1438.828382110794 1844.7614121671534 668.0205316864575
1154.1257260132797 1373.1081697726622 1278.9970600422973
1034.3501145853684 1973.1148745430573 659.350522533852
1229.0755208228015 181.77168220049666 687.0746207831229
320.62838234893667 698.1578805584048 190.1166260194279
634.0121697780534 167.11908886158122 228.87787434141683
1071.0460842348043 374.40252090728234 441.99328557830796
422.26411281485923 323.90054834188265 540.8269303139348
542.3583576517286 1743.5886963762125 616.8872090081757
1772.9435471758006 1298.9589572094753 539.2920881864529
450.98248153711063 1458.8014850438926 863.1569609763211
1220.4530860188127 120.04392012688369 794.4205116633516
42.79798272267876 1847.42915558677 634.3600826832562
1876.9492793456438 333.3460805049517 364.25975088701136
701.8595445168951 998.9192523953483 495.646745955334
285.10478437062824 1156.8124358522077 529.6694110824172
1381.8981535384426 567.5063987367026 1020.3925607639911
340.6469824488327 1474.194086816529 1067.4883898983937
1141.0557578916694 544.002121843638 480.73674138044726
1620.0659862289651 792.4909314805508 644.6424539782305
514.6157950809649 490.4449527158574 293.8645320811359
1227.1660958047585 333.65839502228556 124.90196924891083
606.9269551369698 1682.6846033018826 1220.20917814734
472.7452483430226 326.09841777832173 625.7561257968429
197.23652390603385 1876.5701752837108 361.52238617429595
1282.3072002857625 1708.8339796209764 1097.358549152142
376.8271729095105 1458.0464404976344 570.8869919798833
996.5460024138968 738.0014831807804 190.7991411032016
1050.2894005756077 267.89477926340146 1383.0129651097404
1407.1918543663362 231.6754397980918 2.961560513074335
1634.8280306169934 140.7368695174498 498.1328601473689
1433.577545249294 700.8192617453692 968.9910584270683
1826.0319293296186 1461.8513812591382 387.3819743918407
1459.5304438823061 772.9814613847175 321.60861961760355
69.50094630172931 188.72513988859984 1393.4347106386908
1198.464947964146 394.41579955442216 222.90639794981888
1030.6391035296444 364.42692662844854 422.79943743395296
1988.6701050778922 360.3945990317543 485.80063335875207
711.2751653276124 1510.5389219516553 978.807859326623
922.2866231076556 387.6967936768374 208.8508082541774
1723.7383904744117 1884.699204434371 1461.2471431201145
1655.0476747716043 72.35566215439037 1116.3749028519078
1042.7175918995579 1153.701691371117 8.8853004162055
252.41596841293722 373.84933028021925 1139.8220742762621
335.1667540633756 1901.0156643357832 1377.1950099635972
1159.424247354673 452.7757698048123 1340.8400766741229
717.4678041263156 500.49227693254306 869.4088487663809
1736.4653446582481 709.8521208137367 902.9552689160388
1210.118575240483 1310.2456643990952 1245.2109207078956
182.91449564598915 800.8552647937632 1175.4713759300075
1214.8204223245657 1057.498037105168 1028.877221212691
1818.5906704415343 53.779387034251116 727.8998581473816
527.9020996700083 706.1711040029463 345.27645799022383
826.299978540606 179.18790674923613 543.0498154910665
1202.5612329981204 1371.1822804694534 712.0546485186753
1059.0252698548786 1636.699236557634 1295.4941666159025
1783.717397580893 1813.8036661159683 1176.547999725745
1076.4567265690432 256.7946405319408 433.562517815582
338.43493816525825 781.990919943228 1108.3116433585376
631.1530995690524 948.461525027118 476.59797152408356
1482.4692842854804 241.45679165952916 296.0961384907981
3.7011386847980443 73.50944226797628 890.5255215840979
746.0633589087886 352.22303073946273 1163.978699114236
1047.8253137941344 354.0140058160548 592.4871765412282
348.8137512104579 615.1188009823985 1085.6586410869
1933.0463118856862 1690.1370135559876 720.5304873799157
1269.3112422364977 632.9819680188642 1163.9435198422439
1842.2667843713 720.8706331637809 608.1761973008109
1503.9778743619052 246.33102993091427 1229.8029520544196
1657.0943035398677 372.45567034743175 574.6769659770699
1893.243248847031 1221.3071112005673 1146.909680614408
1311.0280068097431 1503.9956907487494 214.23754467824358
521.7343406760028 1344.9861022580367 622.2032940790258
36.15692948350535 928.4246782415049 540.4795601278796
1275.686401464498 2.533246898189123 991.0914725953315
1043.6177128309007 379.9355839205849 1343.7622931482344
1056.739987796527 1624.0692892134061 210.14482527120953
1777.187267937222 1493.6250996575893 1385.4951902912667
1962.851148709202 1442.3829897308688 94.16285604495988
809.1786661058071 1353.7854145600127 128.42663999181752
928.9403456925312 101.82592126777612 1029.0912495618202
1264.7202544585402 1.7709448851475074 1272.4965792032833
766.3855323620496 1944.5223234074936 1042.6161834814136
1543.5067803041832 1688.069808329724 1140.411168232147
351.7474777462546 1985.4256292853124 1123.5395539456779
1608.3109128011404 1749.2737451885168 1341.6036145964677
630.2627219985221 364.45639536972953 1350.8326932188436
86.21075581979953 1708.93565790661 534.3917369961879
1803.705080131836 856.5227657852686 662.0743525594993
354.6823312119305 43.8483185060643 808.4641543985133
516.2734905297257 15.201134841173802 186.9010739000721
151.97867194630587 1029.3923894954464 654.5665370819665
25.549749847888712 742.4320068848416 1281.3676954984444
1037.2853010010344 107.32076701451598 105.09359772336774
107.23739830640433 534.5175129011166 1089.6620832962471
1955.3943152284412 322.95658416568006 1219.0380954624513
1453.731357928173 426.89623068275154 1114.5485888683675
1137.2717675199276 1745.6340750530712 54.36578179872187
32.7773950064314 1302.9617875686188 559.8639996683837
1028.37229826868 1541.6299464296028 1364.2404569602393
414.85959183109225 1172.9081566144605 586.2309025533108
654.1206675687355 1870.7094209773047 1010.6386985341641
1595.042977979136 362.69301999851746 58.63114771898809
929.0272410168508 480.13145637038315 933.7892347956509
1492.1823002092408 1359.8898182570376 946.6141394617728
1838.8807092574568 1650.5656423791684 1345.8421134271798
1734.1788571114985 816.927387088622 16.96635855007034
250.65146466532707 978.2696497222114 1107.7260288970554
1909.7922033903299 1221.3607524067595 1183.7988451396575
1380.9550716451731 1942.8100524933452 348.4074591055122
1387.7432874918234 1932.1554046254455 282.5913923903215
1514.9925710362113 974.2969065069158 1050.6201637891857
1039.9885956443052 1126.7268264016977 179.418161704131
1121.2933908990494 1466.8586302279673 117.70733349344886
1314.5548149860206 183.65882571292636 971.6151727535716
697.7784406517274 1313.7206112234337 1205.0534402665128
154.30326131350958 942.5498881194212 1348.3724702597478
1270.4618929569644 632.3898936243493 1023.9044316806024
579.0109615710519 1281.6621406325348 1295.40891500315
1003.8709752246693 1577.7102813048919 1130.2424596179058
1458.4241837157972 1806.535182118653 637.192090605394
1744.0365966936085 648.4339424191339 893.1630533984884
686.3273749897456 1378.7210784799888 824.9248228827182
550.1021746114981 1165.2951715685156 459.7575165238945
1551.9476536473283 721.3855382826275 207.43040669728035
350.17157859813165 193.12795536555205 194.63823026339654
1358.4644438111632 995.8637346831807 989.1830231166797
153.3194049606037 1807.290110094531 337.5985426038377
1644.4813251166543 961.6270580094213 1256.2507334222848
1876.780524629735 1581.7025202577665 1147.8894196813483
394.62667018203445 1340.5275275695706 199.3861413173344
220.1351492840633 90.11315509141116 994.175900587722
1802.6356918987424 1365.190029920506 795.8370243837464
215.87473485532092 807.3977865324345 814.261396484265
576.3528545350167 1832.5188475527073 1161.3542759895752
55.68475440512444 1713.2713802522032 1182.5648666156694
1656.4582964368512 1114.1377977630061 751.1670283669199
1305.4305943700515 114.749147755016 919.9696124465027
1857.7170453908009 855.9801643935355 848.5469792600087
338.1264924687957 1911.8154598116037 966.498015186663
1232.9266272925295 1477.2153605959022 469.67246442775274
677.3163398677915 1806.287278519278 11.193379108470069
1596.375598127368 1782.0873592822634 1287.5110248592568
205.0629898195906 1884.778847132849 432.19949910027947
534.9473675337671 10.550266763192928 639.6861463339253
718.3108976150576 1106.3800279091965 1103.1300924221007
1461.8991050469895 614.5799421073946 917.2577801774928
125.10863667872685 1975.7106122401133 197.77699832345326
703.4691241752802 1491.8029568599422 1284.0269823456752
495.698931815175 1283.628754558978 1009.4725695437241
767.8238906278094 722.2191094287344 592.1915586765709
1506.9351521575236 36.543701277269804 180.4856424464342
796.5181554859919 665.239102006768 2.6010774157538274
1119.3613955837416 1228.9440118506502 55.827645255578595
1402.151810522533 1499.3248254070575 840.600798207641
1821.3140445095007 497.8813109606339 1291.0113357651312
1814.2393872595835 1612.3911192217424 555.7121396473353
1338.5086103275403 151.4803222218779 1461.9387249748054
958.4475153015794 1684.575988120903 351.70961513542693
46.88469740005985 682.5657644963184 776.3564536695711
1426.3564127896134 1285.017943621994 1305.113598122034
1818.914302741987 260.93720541973386 87.08811711325399
459.0085378073374 799.2777904090493 1065.3159552811096
1038.7653715867186 1415.8682891689884 177.79235979169272
231.71851247975206 1811.9353569945538 1234.015283786602
1912.1894524523018 867.2299599848194 953.4796435355917
842.1618763545786 1003.4371185525204 267.72084241558457
1571.4193000543532 382.99600316002056 451.98782397221464
679.7255310623349 707.7431950688411 50.96920223525275
1821.9534976565096 1182.0073785298675 185.02791018262133
973.9961217214803 496.58052580162826 572.3035555667846
641.4279791143673 1364.6418361973642 1275.9850974510193
1962.836649537239 1939.8426223609758 202.8644213909266
544.7125646543325 1970.6452668280363 803.956704049301
1458.5840184393687 1073.123402105415 826.3397533618785
240.06638583326435 1763.2937701877686 184.9582145032026
473.3723073989915 520.9383342422029 285.9823815136453
376.43871483387323 1676.03854086449 419.5862613209227
654.0156550995229 1166.7537228320473 1072.7999893244257
1177.7090601054854 595.4650076911076 523.6549865308134
1704.8056564278486 1479.2610657151017 123.93103526747845
1936.5591635987755 45.76647118657107 1413.9157390921132
718.2095829845942 11.02786277606116 1357.934302318892
240.3533923806218 317.92311380927595 717.9437028613225
1673.8603508495175 709.838303297655 1054.2273424746295
751.5756300753422 846.2223438119514 528.079891877148
745.4388635660137 1607.741907197213 559.4736534778546
803.6685543381203 1118.4585968297213 237.0104453372267
1360.0273477701194 1481.6125289567203 920.7125891347104
48.861802486429795 1596.2087042878627 845.321132518565
774.4280540528432 1134.4066910280687 1018.923455154991
1996.7666657552147 168.57819891377136 1094.4426641563941
1343.586032451756 1377.5095002950873 1252.405778512391
1117.526885719953 990.5105356684177 1412.4729690325244
1588.8339900325484 389.1242175964893 726.3860122804573
1678.3219127963766 881.0242274393044 439.35925452054346
683.7650891405016 596.1526442458457 39.59909834382241
279.9984895750893 648.6037347233175 946.3003327540437
929.981530627378 518.8776489390756 192.71764558233622
1671.5767477958373 1946.480313154414 1341.5349335989672
1373.1562001107218 937.755672659784 329.66287455886265
232.86331229461445 1552.1243593597014 424.89107323968506
1909.5246501717875 1424.8184630228056 1447.280624867204
1287.2442211799469 1005.9104587851626 1266.1296679412512
32.706782950727266 1661.2008981442948 456.99629679289035
633.4436571987372 1539.3848425795961 1339.7836538274098
1990.6875738006152 1947.8883090037064 571.4622553938186
972.0110225270806 1382.6686947588603 75.96774110437521
463.9506128002926 1026.4797957416104 930.2772228327336
1850.1404703453372 709.6402183792629 1102.6038625466506
486.15453023966325 1016.9100872231674 1426.387713737232
465.82918031443387 1253.498813488725 1453.136541653478
1208.5836814477652 277.6060452575544 998.2988802509417
1042.1062366625024 967.3106046981102 1250.7743119557047
1250.538446142455 1974.8144865422955 99.62742722905377
685.7536994270928 700.6714605053211 233.2206391147289
1803.8745879314376 136.6425255716015 1063.699822251821
1310.0397461507382 263.16279191772486 852.3714288808885
1108.9165319191345 485.22631426914086 1204.5595060166297
716.6352960611823 943.4563869191929 1082.8471027299881
1973.334888494145 1163.1244665529648 1176.6038509154967
18.436852478640688 1795.22194787046 658.0603418051153
230.35965798061554 1957.177710222208 545.8629830368944
90.02625715053681 20.718933910062187 995.2272602410501
112.99147997484549 1264.9337608079302 124.5060098252399
319.506820472639 757.2302880022992 407.54750257764664
664.3941187720188 442.8513737126243 187.34867036320503
1248.1797118876127 112.92101150147138 1493.0096142125158
421.721712833776 139.08968276004342 594.7078961850191
1730.9749746587108 1258.46416593761 441.91812603988217
188.82343118396915 718.5950764799907 926.3975178409818
614.3326493499393 33.80460296725296 118.01178310602839
570.2712848725664 1981.4682461946643 145.12280253312005
260.9374278610952 374.91513521139865 877.5956007972087
985.4670849611531 704.6857837498148 770.4984219885697
433.53686629953023 758.940944216433 674.2309323667159
825.0281114738929 1265.592586152709 119.9050362057189
933.0080450561446 209.73730235281286 244.19617332509895
205.70570195930094 200.2641334874924 750.1795557605496
1618.6034785614931 956.510495372972 1194.31399139379
435.25368096122685 1977.0050086126869 100.77806822596169
1505.9061643697532 99.53358331243889 464.5431541756394
1604.7502435977037 1575.418370945672 840.1413791847299
1773.3377733546063 1587.651487493647 16.9914951570046
1991.5478385495496 1811.961731506443 455.154738761328
833.4416399999609 1629.2261268195173 479.47259157696266
426.6251617326697 1900.2078464686397 531.5850610652753
813.3451409588499 920.1401912852297 93.97965696347849
1252.338814504622 931.6619216539623 116.8902186357602
815.0205145137046 422.4034606703828 554.9395877223166
1758.0974615563389 1525.3409725967258 303.2089698290538
310.67405302154526 49.11415388518891 782.1839782428027
1148.4053144832578 1778.8352912435178 125.46481822866912
437.4833351889877 1861.0731104363776 1078.457508357168
501.5259811921622 1014.5056224316629 1315.3815923626423
1724.366303317628 1058.8011153871057 1392.9604284523898
1118.1984691208806 1293.9917405135695 825.9672174239117
971.3725866317749 1058.0901275048493 386.4732589436895
316.16461184056055 1410.7533036251652 301.2549942000688
314.9452635000978 1070.0386761878838 398.465863174553
157.45083613421284 130.707060290288 254.88016058176615
824.8572152529982 558.5760909238604 419.5040087849368
391.7057294989696 120.34819069367076 1422.8241896124748
669.6189400860706 1536.44002560171 523.8165975483338
1140.087042928379 264.3956663406739 1342.832354579097
1856.6203958010638 236.06100300898913 716.3092232420354
1621.8919574290994 1537.3032248657703 179.33585860813207
1513.9185589977126 1421.4258612335898 1278.8508704821495
67.72909308447161 1717.6005185771924 684.5615179825974
199.68395073225588 902.629930285304 778.0596873588089
1629.417560561148 931.7358640472644 500.70485180230224
649.4051526907043 63.71691566691551 123.54392430732159
1082.4456705182556 1967.1991689356753 1013.5944891612526
1951.7929648328316 1976.7212810163915 612.3933584549518
1709.6344986034576 214.36278380940888 952.4562700384428
1309.5486664444343 589.5633983507457 583.383141307646
1227.7370580539973 1331.4874866315504 982.6731975756281
1519.3099082287877 1623.9769775248553 313.8899619480852
390.98954411953036 492.85443233581526 607.6288792076361
634.0155938111436 1902.2472248886734 140.25871110688337
381.4438631123032 1723.0796337597078 381.4511102917144
558.1067419172203 1856.9467925945298 298.9095330917304
1905.3693285189804 1918.7526192534344 170.95327211108324
381.99665346154796 654.9877120847758 829.4298680452663
1069.011533666994 505.1904259460602 888.7999433256032
699.5592848068959 1426.1065855350378 1390.904811195657
437.20791785065825 179.89286061010046 371.21931555140856
426.8416814721445 1152.2624247936278 77.04882692654714
805.8375661498972 1842.4132514985122 622.6856919497598
1215.4733233189595 857.7367366646023 182.898473405961
1804.128493920806 1496.1347153118516 0.3595967545956258
959.3167011348678 523.477685817826 938.8060096466724
1796.9418906270027 114.48399276981336 1461.860213337533
839.8163060822939 96.47225326965648 784.0491729474592
1418.510049589903 883.5231468532005 571.3204730630149
1762.3172779881513 164.02005332755664 1286.225811436572
1451.5829922245246 1376.2446668587859 1344.172926795634
646.5544882833527 816.2693314814481 1496.1325634631755
1240.5737726256427 1461.1675670391492 1031.6917255749609
1975.2504500729794 415.71079918792475 975.0421972505483
1788.2795924689067 957.3945609067047 137.63768828876698
1063.354259669161 1332.8273584036335 775.235434637219
822.4658760582942 127.66174510278749 215.4106313735994
1208.1067186907703 954.2318216137893 564.0751119737026
336.93042085627644 692.3415475216539 907.3687508228769
428.42449531216477 343.8330168121548 1292.1288613153804
170.6895751093811 557.8659480196404 1146.7429283931976
1289.865218592553 593.0530533354987 673.5126838051824
57.17643498997216 1276.8272564328965 828.28413327483
27.149896298448883 1968.02482156861 540.581071815698
1070.530469033966 1232.7872857003706 760.4950448628454
935.4112654753435 129.87354018239517 1404.8671175693562
598.547819927991 1587.474386468542 598.2584077320101
235.30851588606328 1176.2038638605122 936.567372490171
1351.553647808945 354.2242924878243 987.6745600676811
1418.1264743983445 94.12186410489221 60.68135390709612
1445.33464660813 303.64056053026457 957.7186314537406
137.51667350968444 1320.855673838583 1.039476025075703
1654.4249427372868 737.1999686353927 1332.850967139758
631.4522294309388 1100.7738467183224 344.9974179033245
348.3429150650215 834.4190841771592 522.275600944436
1340.1705412647284 1095.9144834550038 551.4042026298212
522.290202201298 1888.209321794878 1271.997998967987
737.709307453021 1705.8115750930913 299.5839105822026
1537.9902433749473 798.2281458735396 268.091878256751
1414.952123983937 836.2336392361132 1123.3643059478422
1515.0598742553693 1026.2782324747402 352.10190926844086
456.8137522211628 1127.6295349448362 1458.8881017937458
1707.7924837061585 997.5472422884211 350.45867796059497
1719.7128720058802 744.3032807552477 1010.97874093892
955.8111963719755 1198.5249752278526 1372.4585794370134
76.73548006720065 1009.1863038423614 378.61316958190895
1572.7633913737561 820.3514554586384 893.5557605828469
985.9239976819625 1191.011757650404 297.16374654049366
1559.738602301258 78.17969734838238 411.1944588405984
1562.1805578270378 1612.6615442798945 447.1435808706693
635.8091495195797 196.79911110244785 1388.279564795296
1101.8693488417691 1984.7883992634352 1354.8278248582058
1279.64596177191 680.0088443241203 1044.1170016556455
1931.8984044633203 155.65314600873936 861.8999101539046
1413.4487851595975 176.07801710962568 1216.6277074750217
1021.2244947474944 469.94550163255843 59.71877106599932
1937.1409654304546 395.92189258668276 288.1931243999894
1438.8292318666672 1598.0615253933097 1238.2760483690831
271.56059613415005 921.5405128559393 984.9495591888259
975.2017682252448 161.2955765242048 260.44577960088344
1000.5112892652074 659.0760493581981 572.1207076132679
1100.5734541059905 1430.013911661805 863.4732006092346
877.2597307386902 252.0954797044772 1054.0035084163685
1302.1517245695472 676.6547001301356 145.5607902030625
1342.1189258481977 1466.7949381632206 631.4815607569839
71.29672844176693 376.6465108309682 1029.8251209660443
1158.1522694234966 391.07602008010446 747.114072752908
1456.9580381156786 435.83988221425886 105.12610823237311
1590.7085736068962 1300.6561266895662 277.504630055387
1027.819599086681 729.7356509449036 548.135413225691
1161.494829746875 1812.2179416501112 351.41518502153014
897.9620796325647 846.684887399275 1392.4807969955937
498.43282751858186 1902.607833246642 175.6740783702506
1537.8139860652832 1482.7080673564417 633.1305365185474
156.36881928772794 1960.0981325057676 1013.2318674521406
1112.9496254192356 1521.1055368189825 1022.397607749368
69.74966257229754 725.4818008675461 1319.0048545785419
99.4444625555848 374.0255919363378 903.1214724271733
932.6366929049974 1657.7437589572733 319.0279375996484
1070.5647544658375 74.59962964405587 746.6149495262874
485.50240814316913 668.8059181205061 805.8441534252366
1324.195142301607 1345.1207067014896 227.74692488240748
1468.6391363818675 453.9375114288464 177.27132601968765
1116.2143674626839 1583.6031603308836 237.857235527848
1108.9741014114063 1818.8453612250241 1447.994748422912
1656.4070073237028 450.36428981494095 112.5279753340006
1277.10070308568 1374.9977155747983 458.0755794693234
618.5174306692762 516.4336137442116 1296.031079863866
424.6097603323755 742.6863187230557 710.1734669490024
106.31729852645333 1374.6037684660164 582.3954311799292
179.6632998002876 1708.096775152359 1147.476581263961
142.92665605036237 1224.6007725061054 374.7480965292457
1820.1130473216515 1534.9355637323558 733.9511557118788
973.5766238196684 969.6397040387399 817.7747962088137
1085.4013035458715 575.5374009476463 153.2374669906198
931.8135252760595 1206.3966751281464 508.3883602652619
1682.6349919016557 641.2232081772249 553.3076724831876
1877.2798448198732 691.8810039694334 548.5561719534315
988.1026698925504 501.90877819961923 1482.195720868827
982.506417737842 332.43596555104915 194.78810171134685
1038.0451459526153 511.41118354559853 409.2946826885141
443.70027102658 1501.9370254795379 654.6451081750107
910.0636778982671 405.0353112348213 33.48185376425161
1256.1230881669153 1805.6397074776535 335.4327957876834
1032.5403154992741 1622.5330366775381 336.66569352550886
1237.9581768149171 1398.1263006036766 200.50310460304672
1224.70580475778 1252.3642021714688 289.3595410117866
585.2556066304244 1944.2157584513707 181.2847050596358
1104.4147661738334 1514.384138416586 774.923725118417
81.07502949719336 391.72311294410434 229.8915713420221
651.441688896113 1200.3438467245498 880.8629158112053
712.1884677367481 139.87098063735903 42.52536199596235
47.643579059398974 308.16674364881493 600.817237797704
600.113946917421 261.67872054015515 1473.4016401524882
1334.211900422028 772.3627015175563 1327.7660799682176
800.9412531518243 1741.3555657191305 165.32430566448951
888.0857992970306 1833.1191487821163 216.91174593881152
224.41283839730852 1397.527910342106 207.43455645393317
1398.1843379000939 1044.8574663613322 291.28689034399065
1050.3454972413163 1170.1762387942313 1487.8069442059323
1896.4062013085054 1171.8090173779433 824.4975382581171
459.9674958374771 1028.6512941410922 1295.9442900487825
15.054684816977693 1064.2265006387345 927.1983805725702
1355.2649426015605 1739.4888981212148 161.95565129319155
1089.5736038568195 1868.2806222221338 1264.2258692299145
658.7669315875411 862.2076797923374 120.42826832800696
1046.9749815112539 783.970799110401 1348.267836157116
1657.0938377319176 1173.1877521644328 818.8889082875222
577.1869520831112 751.2342378231263 1246.526546896622
1452.2127005685452 66.83597739848967 1368.99012945034
1082.7677873476036 791.9890514439827 328.70979257084065
460.06708632062623 715.1396400406671 595.0704340970995
493.74006670882187 161.00035845236027 84.66144235404727
756.8362518339264 845.4772278705105 339.4962136647304
1362.2759155015651 243.26083196872284 727.8689964723181
946.3804823577424 466.56304888907687 238.73209862561168
1706.8408954026281 571.1266539457927 912.3955014738758
1750.0694703333163 1952.8144496635334 1129.2969626854024
422.3508028835714 208.23059132129094 1282.7888538495592
106.28702151990011 392.7333063612437 238.24511535434993
1831.3017837810482 988.3061212783697 1137.9336593159792
1138.0646127627301 1993.0391223366055 1317.1422121212672
162.22384187113082 158.16533882258054 1310.7268670474232
943.5087913091005 757.0878502700775 1091.1212873930212
1525.7364458214968 321.8160408202091 554.1867269160333
1502.7691333926066 642.0423867328002 347.5937350160171
695.965698480048 1018.7866951209074 751.0739082877301
1449.97796917661 1763.602237614179 81.56388918697705
1457.1369053345732 1817.151771559085 168.7811022207446
1069.5611106468432 1790.2289308703942 1079.2177172539177
289.63217042253063 1245.0645996643761 737.4681876849833
1999.8791615776609 1204.973472507678 423.46043357760607
174.31543371416126 752.5246120887457 442.11465228966216
976.0267971950593 1488.583654588036 119.73612941351924
1244.121509675745 650.1967235731258 287.30755361489526
793.9662827133742 841.109594286267 1290.296195553513
997.4057585690294 1651.9972441689195 1301.707428467627
1497.6960990791165 1668.0055471166759 617.4852853648513
1976.0085823020017 1959.3767877945443 938.2764157004608
114.25312013759003 1663.6514684854073 418.24421176223547
1915.7853766009696 451.2512784636087 912.969089780689
373.6936519173979 1839.333566832868 139.94767424005377
611.3565029684227 1835.4222996425815 885.1452057805991
1101.8029113391374 1877.3185966439078 308.87161198358535
346.3134789627016 342.3986504146428 148.01213860006547
119.02465368415349 709.8738327437812 1441.7517144488527
80.68427936744781 857.664119266905 927.4941592693458
844.4748935482357 587.6222509878799 1003.0242687962204
1510.8295686187241 1090.0782925653366 1053.621041794446
516.4013186203822 1943.0217966506866 1039.3878797762516
948.0686615919349 1985.4853118990466 876.6114447309918
195.96888345595164 239.081045274405 1397.0742956634929
557.1911475591802 1985.2180180816022 67.63663455876096
477.67644766785634 503.9629052950756 916.1719546432948
169.40129994145647 1830.909471815876 72.98641965948633
186.00209452796523 1421.247453020664 1336.5755643046905
1053.2843384850185 46.93296064727903 1311.0474831276374
1290.9168955139016 785.8255242622836 984.1006374444049
1210.7518621914696 1462.0192413615364 1072.8279412440165
1302.3591452982175 855.1822506948745 1240.3738664432776
656.6506733468435 1092.072253481964 742.8878317675317
483.52644733635896 674.7295131799973 1168.181928719832
1399.7696474073862 1401.2222852601399 272.3983266603406
483.373234495742 1071.9385786337803 313.1125894235198
1795.6988555962187 1748.313440345971 625.0852379972495
1315.2927749946334 1775.9892733681822 406.0855670736494
484.3166711192244 1556.9057918214885 1458.7251059638038
1976.1399570982169 1896.4494933720002 150.45493143188276
253.8086589328079 77.64040693465036 631.2567844778063
1476.1813454566081 1864.8861761897456 815.963478042322
1597.0679731987664 649.5713029010375 1028.894308960396
351.4036913914671 1957.5494644164028 1069.34996622632
342.66824836145184 480.12851730659725 983.2265689593403
1207.8656055501776 589.7079857587772 770.9622736372038
1984.235390419371 1711.856599341074 44.81177093868932
1024.3312757290298 490.10810023002426 437.578460214767
1512.5595010611514 1603.7021039728386 892.6739808397344
223.15996992299668 1941.1138235331925 944.8333650102813
618.4350376389807 370.5578375060239 1301.2832033241702
913.0368455543778 1673.1734495494354 1492.8650578038166
978.2590070369828 595.7969696702158 911.4499172341913
1251.9459679801882 914.2210036486512 740.8023617136538
1957.2364346310376 715.1769688523592 351.07859847260136
1187.6637291693016 818.0010796079424 1115.9003936612942
1567.8530216790307 292.55314721812863 861.6270331320552
1132.5249240201858 1109.6049145462994 400.02495705108413
239.64465261144107 519.5713198573537 58.95329717679476
262.94264537376597 743.4386271852786 1019.1643686066951
908.1226873611586 495.4243883652951 1174.309712082697
854.2570724895586 1780.5606462276126 1188.0943023440047
1486.9998116737877 882.5729440191905 382.1940571747488
226.6405465549124 1846.659033836393 936.3319613348754
350.93394033028045 1127.1766207143169 226.25042357492086
1620.837605138173 204.91061739790985 1110.4463153809281
991.335892822957 690.084051221082 676.4605339644409
672.0537241093069 895.0328389368283 359.4483125392488
1838.812806073332 1492.012343208983 1103.8496044712483
1695.9708022413847 578.9767169535123 1411.3076430025037
308.87245506738225 1819.3810203592468 893.1780405594418
908.1615623970519 524.9778705631683 252.44447340456756
771.1484121805199 694.7040678227492 1176.995116515041
1986.5893523554123 549.4261316843294 1369.8077404362223
64.68293933775304 810.8154660671536 482.68839657317676
592.6445877622142 226.7572096186683 381.0359596004215
773.8374271198629 1320.069296569808 463.2301849636102
1492.2829008957494 1178.978999358808 1147.8184312944031
655.3957403460755 285.5489096917321 651.4668865266228
1390.2946664852636 557.1648094929618 913.938095499725
320.42676592300865 232.16015566184444 970.0141752787872
1715.2006365142565 1278.1645064327695 84.67603855586464
1131.8680089460338 1731.2939365808745 1395.0004351004084
564.320698789901 1011.1293346669128 915.1180631899721
693.799127252855 1976.8479044346511 387.24075446401736
1096.598634486116 1116.9304745370548 224.69689996608716
311.1024187646654 1104.7029028462182 834.6489816837855
778.0025598741145 333.74847125820816 1079.4983159777403
544.9538107621115 330.29321721919945 451.35497210873865
1847.1453989516483 1556.8933756244112 298.4048425039541
183.59421246297947 1988.1320241654823 686.176538430091
433.28568422675494 1610.821486606549 673.3076237961698
551.7990879812082 257.9998554225498 838.2991401179397
166.32717422054787 1993.555311927755 1393.1596208249994
82.67905485534132 1287.883894660804 218.20986091920963
1637.8215078076921 1756.4318368338238 1097.8437706406735
1933.0833115171272 93.16271760716432 528.9734665821527
1796.2794161735178 213.1854093721357 1293.9561665985968
661.2184886926838 258.0827834376918 1029.8465318969193
305.5228470935176 1167.362298865283 966.5500577229895
710.5854127886297 568.2894923731714 679.816720440289
386.93461626094813 191.82364579828604 255.31802877552485
1010.4007887274848 1761.5914664165475 692.4445742965145
346.4990687318512 107.39328946133652 89.25566920744349
1675.8582778497416 1088.5613052522394 179.75584566825248
465.9012296117011 1220.7990047183926 1284.3417345737341
597.4811855023978 253.57771110646388 651.6424616432197
1604.270173020398 790.4661192929557 966.3486311948974
983.5596870176576 1406.142636232891 218.81818317753903
777.8827123281353 1667.486619502383 1181.3711207439674
166.60519986050735 1654.1538793599318 809.9050893255036
518.2445362481423 742.7370792605377 205.2732240184089
496.1437670226954 1454.7889124094463 1338.7985894199376
1048.5157003085 1619.7180297164173 646.0187427601147
833.5397102177542 1882.140845724087 1149.9634949464662
463.77341107013126 460.1496694044742 774.4491761602035
665.9840848782878 1489.4988074475257 18.7711291073705
282.68380731030487 1848.9290379509835 934.5566606153122
1787.9960552498192 49.40518125002447 46.989937713556586
1366.1947306532682 861.729641226533 1196.0240877508022
582.7454147299549 562.5663733775881 245.9588697028163
1409.907526670515 1871.365974176056 1027.8383259188186
1329.199177246449 1719.9621183442516 318.0904612137098
1740.174365546408 1958.4661849640954 1014.8152073500484
93.29341757745912 1259.3207961777803 1090.2380044676897
1295.7702874725276 1898.0359785835224 1255.309500631101
1913.5432100927326 1646.2287201568554 845.5682687716604
898.2165097189081 521.2629626717455 1267.5393863153834
1058.916337209911 406.6440245125653 284.68984992296674
1874.8310370139693 1782.0824637704839 1146.098687552533
850.1510778578813 1352.5185588665943 834.746167662028
1815.7798304001258 538.9641929683702 461.0761744593383
41.27782899150656 1915.376248549615 978.1848281914629
1246.6377638557592 621.5513886014339 857.3266931421826
1503.5591884430469 1160.1765879223394 683.6770964621255
1505.5145433082794 1655.4314654191517 238.10544482192657
653.158353428479 92.7713836126327 622.3097830677787
571.4807108022784 942.3898923501919 721.5275129031467
1670.8577507920932 1046.2139823311693 27.59454739280254
1134.926533558373 1019.7902931233281 778.1693173442844
1420.9308677434576 1036.7896960293683 1233.0804120109126
1134.4539562641571 1068.2595879639316 764.7909591073991
1579.3448806882163 1787.7876207587974 981.776910710009
124.44379921724513 15.588384355071927 230.84962396349312
207.43793797120392 537.3760715574367 800.4364928311473
382.6855151381545 484.64409070400416 981.9550249794225
1470.4062020467443 129.54070795412088 1003.7310318801865
1594.7298302883673 1341.4464971413138 407.35896302209113
159.9668283479041 1031.2144411878612 667.1636727373378
611.9779918448547 225.57045494813076 1453.307501385834
1772.8362381121572 860.3035446381475 639.9729926540368
1166.7372337662048 1830.1225810080641 464.64182399402887
782.5707259784283 581.6406232395727 1225.4041596246516
380.70304461689443 1240.170369527258 349.1676120375174
745.0504475376083 534.074626743725 448.91511687790745
1902.055952810168 1698.979347982346 1362.6572066196647
934.9762791333593 716.6414275229329 890.2209737705331
525.3743566123457 728.1944846628625 385.1615292459546
1311.5828445752265 354.5315919566066 906.8219749984271
1720.9851590491812 147.59515843263048 35.08275662056115
1841.8083509846642 457.3531941851805 582.6738467710974
1831.7895483233658 1000.4854428282819 909.5577341477776
1405.7386482174516 1734.313643715833 709.5622357101247
1874.5034241812136 668.5993301091977 692.4664394925207
104.5184097478702 677.8027416178741 930.2583751695242
202.54611937949528 1512.4048145975476 1040.2037904121153
1512.5523414023921 1064.0696368999131 1359.3109020442269
358.92556476841065 945.2156276292314 644.4126798572197
951.6822689076437 1429.8294458339417 1228.5321838526802
900.667667639141 798.2002195645446 74.61959791814427
1007.36562257573 39.0607757031387 949.5741069874789
1387.4063460722562 1998.944336899217 165.9270177604824
1588.6808871683074 1967.3849505531414 1499.720864947618
1608.0992682703338 916.5965458992964 542.2918550880497
969.1596771959532 1701.953188625504 985.6023933835785
1733.9133706520236 1793.7219943079965 744.468213622096
1226.7514506408409 1458.9847064648432 276.6718080238058
946.2566891407193 403.8965842679021 1430.457644471221
837.1205728239754 1908.0054847642282 11.91849110477905
1266.9195473971636 622.4330890476575 292.21771752416026
1868.8976329577356 1547.6976720811124 1035.1074900580243
1661.6907510449798 628.9103277221855 115.07693972461675
192.47045952126695 17.860587664295657 900.92914931898
1859.922995371177 748.6470859064567 1473.2262513414514
800.2768828682975 1567.5382093653766 1212.2172927284985
1858.0949219306954 1101.5406033370994 1319.611043259395
1654.6718635754844 731.4843473467947 339.40786037714827
1780.4182313519432 1906.6795083071165 938.6461178525409
1264.421241635223 1106.84657686906 533.0754740797274
131.1801861759876 873.9587147471473 1128.1716415092194
1041.5280972698865 1835.3068302108065 971.1526110773715
1262.2444828758532 1720.1835312788146 1253.996304887058
1741.5954413888953 202.6115523982206 79.16346037618577
1287.2731304606984 1651.934869256413 1378.8486223077168
1958.344810595493 348.4818129204386 455.65749613383247
1396.562682890703 514.5229492737791 749.6920980261784
658.7941641689395 1766.6927447170833 1100.6765908857872
1675.0416974360955 886.6545843746492 406.68039712145526
1085.3635023788806 783.628969216489 256.85913265410346
1838.618870511164 213.93887436691793 787.8045233805884
630.0953933325999 653.5831228423739 483.83689166572947
718.5158059217669 51.913430554138216 1179.9263575797033
1533.192671162873 747.7411391861324 1213.5283755089433
1682.9317302662955 769.2406062696007 530.9406568569517
369.5511500356936 1488.7562594833432 270.68523253602433
1258.7077567768001 1795.9042660331436 53.455894696122996
1555.6933015769841 417.17701940846786 1174.5896948513166
446.82184287870473 516.8936145214295 1073.3690838017633
1292.8330136086897 967.8159793875909 508.31573026431744
338.71428011514126 409.55260333908393 792.5342626546443
1403.3487321562006 1253.5516848189923 1163.3363786692664
330.0472346449097 1250.7971018477572 1227.9599738715463
1661.1073903804543 1317.9725917119915 179.19890831552644
192.0707192224609 1540.6097912770917 1004.9090585867631
961.8030546933978 1137.1164728661795 1308.2760880726655
602.555891548638 1029.5750793138384 1039.2894684989944
1596.931164129618 653.0884595761786 475.66303409703556
613.9180011226986 578.2792409001252 574.9566190850875
48.08444530737499 11.38892206900799 346.50762495865393
1364.7241946031604 689.4264351551362 169.56160882937593
1722.1655109134551 1551.9899510856546 783.3012392047718
750.9874638983936 556.5716833481484 1210.6794825917511
1036.1455215156973 1781.0015901651427 170.8670580454445
1431.387367625438 1435.1996586550408 383.18872689436876
1871.044417238549 850.0354046556182 19.39962819655183
900.7843191935308 995.7436458847654 738.8274010519134
186.3867085021944 23.551492921449977 31.669770278360264
1738.5990074687772 866.8208893413058 924.9802673938547
81.91833719412057 398.43087458332406 60.1149374591563
21.176632938891604 55.32484444560581 867.7860965223958
959.559045757415 1830.9757763802766 792.9652142876279
465.3327054315528 186.63217366201357 1058.6217367532684
106.91393381541813 1259.850547070701 110.01967732100249
944.2599476943756 454.5439446388531 167.4604841032949
815.3153543755571 309.09579343642247 933.1973427077684
634.7638354448926 186.94985789092522 709.2266763107227
1069.7583454875187 775.1934143716444 1357.7664771203952
1884.647123095564 536.7979687041073 368.80706945755935
1035.7412646232099 82.36081123952354 580.2305126716245
72.8995491297293 1962.5018058983726 43.879147665162655
485.9889870786338 939.1001087328674 1477.8211361867582
939.5294000510268 493.0027624120408 142.78504343414062
1230.5420895036705 194.91032208075865 723.7428631929652
1919.1495550479992 1908.8056096426067 1453.0179082372267
335.79809111492654 1354.833460444239 823.2671311023754
1417.6161378365737 493.9083477657284 1069.3730511992667
865.4437244389745 1434.1351421823808 646.4247575233828
1198.5494920815229 858.0393040436825 1361.5921637484346
1134.9816457363493 773.1379067906596 273.22104563453695
502.3336080400178 1500.8567609318757 234.5077952890176
1909.5466538333487 70.77866854094151 467.3850603334796
1991.197401835995 233.89189936589094 1254.142775699608
774.5392127897146 1778.0589644284123 270.84005001777336
1048.5661796521454 1413.1554028500834 70.83009261402218
1578.5701509970704 829.6218402348983 1188.6898345520472
645.5927425232549 1762.52244502984 1413.882562183323
577.5103838964204 480.07986941256763 148.71619071888438
70.38526354810281 645.0216542979548 448.33304224608764
1222.6910294729526 540.6164497019479 361.9164760884758
1725.2016990385607 1640.1123225068723 305.8719750063244
924.5904766670503 75.55688916969049 249.21842162028457
1194.5073220050322 1089.8248824905604 465.2655260543727
430.1981258950303 1628.9430887663116 661.4347679898026
1968.7613384903873 415.3212209469703 333.44519006768365
1700.0168096210039 803.9446840180535 1081.0096673738735
1322.1780695952946 1947.0691429735782 1252.0896924138062
1196.504490245202 1361.4419644148882 437.0509282534226
1323.3656216940196 682.1963855985985 1158.2642550430323
359.98997652169027 1864.374852160871 789.5463620811502
583.9447779826731 763.7813810844423 86.15455776448933
1634.5114657515264 1291.641906870092 36.07257955388216
1322.7768141008798 156.72719461125405 40.398408706345535
732.928511883176 1941.8796348847625 1264.971933727052
784.8056428419941 1344.9888070927589 1243.0719789411712
1795.310240647382 972.1003394971428 1349.1372643461868
1257.023989614223 185.8035861424825 463.73716822002547
1426.7165962285471 1019.889197069804 1318.376682435225
1197.2293428728397 1405.0202032719171 225.06073775057024
773.3672226874008 763.9194639830762 360.39173432706485
1783.1529085572847 443.6860093405883 528.6506243126012
918.7231075822766 887.7813820949707 1214.0400894616214
1400.7984115601682 1041.6579049331747 1099.7799334165188
176.60235968868986 96.26877410285029 151.2744430574709
212.6019469995959 1473.7636561538914 336.66676718641804
858.970434712535 860.1473397226573 229.75616895355583
926.2500250531418 1160.3388723502326 1057.050409601728
1218.6535319308616 280.92509859986126 496.36193693963804
1354.5083491541427 1810.5266871652998 1084.4494992794948
6.199064647805841 91.84204627275005 592.0247569346209
570.9437618848248 1511.3004390658914 1231.321227701604
1745.9034756678222 519.7909045581921 1272.486340173626
1016.7995725855792 1558.515322123442 1223.0395343731468
265.8452351700107 1344.5299270011549 1008.2971173128911
1731.5837817394997 1273.9801726508879 885.3040360307875
182.2164414228773 279.86876299136475 1168.9967336217771
553.3516165545064 1120.3606594945388 169.4439774715337
1905.0217752602664 1157.7005115922752 850.2721441254084
1050.5308361068053 6.789271628050209 1399.3355144244465
1124.6505704995645 1161.410742291513 212.64667268793403
941.5551501142421 813.6324340600783 1197.3421499921062
1971.3825956368237 493.1028312083614 553.3955273324084
1927.2484261342195 208.26737865141575 870.6890957318358
1584.3440369467023 647.3794046387953 1361.0384285193752
1522.4072333651486 604.7858034919908 599.0533341411821
153.17514838149404 197.27713619851795 877.0024631157149
1021.2400934094009 625.6775444962259 856.9989909618222
1525.3628013013038 1448.196432011217 709.0039804280384
1940.9759335953804 473.9094290243089 1256.7953775930032
923.0883294021459 1505.6335495613082 988.0751010166778
1433.5394838021705 1617.646793893306 295.9080462004222
455.77258112784415 1840.8152314655729 670.9251336927101
644.7959601255752 106.64000414034747 379.2123833613967
1354.8661163235192 179.6867736531744 402.1701714906688
1958.1192537967122 449.81385110143646 599.4945149616702
645.607465661926 1625.7852650638572 1013.6281142986658
1971.822514865091 1187.992258641625 904.708421867323
1315.8218898076634 597.1172388582675 1282.3021600850957
1171.8989947591988 1394.7386759784904 909.6945573268466
569.0788956261415 723.8182733673988 1070.8082201839738
481.8049888124245 1978.0549333020053 1345.9445948916712
1764.0713568495967 225.44609919617153 1061.9663050963668
1901.3716647153856 777.3321042713764 449.6122779285065
1208.9773025630502 670.1745567319446 59.06534651526174
1767.3276767214766 399.9548642510495 1237.9987916751545
107.34638465224688 1694.5217912355822 1055.184263005349
1516.6380856004528 1108.7327057633518 147.2509044857011
1027.095468143968 1389.446640007379 1076.59236451882
1932.5340911406713 1455.8569391955605 329.33282479033835
225.67034708943834 831.4661823145566 1105.8429451528216
832.4973801821031 1847.8858190942399 596.4460496900656
1510.8222331922498 205.25161270341897 355.79782407961255
319.1346863774409 260.4562201261229 1468.8603311296552
3.7632006375549754 1789.0663654256873 634.1477037147866
912.1975363227592 63.93836545773479 33.752736232758984
383.7063081530678 771.3408436967267 897.3563112580704
1300.8888043234529 1519.4040020434838 1250.1048705741798
1333.5605345130878 913.5516647464483 822.2422710430714
1609.4430814359616 779.217436933261 480.738861653953
1319.6772503106602 1673.9519909481658 555.0269707516194
1118.7818052158902 1823.5309441178356 985.0071315661629
968.938428321547 1531.0104112695706 245.25041618137084
1463.5237429735073 792.5264293840861 1476.1951003844717
1400.905407390554 208.0174572717346 810.3612114763343
168.7905140655772 1662.6427057909723 565.0410148376538
798.7991502297374 1727.2139894952247 758.8139403914762
295.8176872557259 1629.7549655531702 1014.6679956396331
1967.9490808434857 315.3914213398667 977.8938184384127
1452.6983759918194 1742.8209183735205 582.1973902465297
123.04864278686023 345.5353905250982 688.9675338926255
213.02919439008704 1063.3454357419405 721.3479821060682
1933.073461425501 1133.427739621356 1052.673701842831
1840.5352783534922 845.4823634180741 1408.298084135667
1787.1331749890094 1849.2648630612073 421.8981549497075
714.430062673408 119.51560073743761 812.7437351679947
306.08367168203966 1241.8692955544884 1236.8092160190245
875.3838966793421 1646.798900719943 437.33635244021116
1089.4644026680191 1905.0837671437164 1463.1283996485588
602.7190108573717 1991.6201326283824 374.9130589060903
227.78416101234876 934.5603996708776 1152.2374282487467
1624.537959366971 780.3529555646231 628.02089786946
1160.3293843088013 213.35975717163925 689.6701172416042
771.6561786770025 1061.1709175669655 1055.5851920003274
1381.5643249321106 401.312320301179 1131.8545899266428
50.66495882170674 38.792206953935924 30.536872815214277
1400.220322620078 1168.0007252165574 98.49272748594518
1290.5286079145021 404.6918934989847 1326.2610999666697
1730.8413513770613 793.5190086597279 279.7587274690551
1611.42527998746 1346.8258395242551 57.22481971515364
981.9121524065073 509.2883624670765 780.1627032557027
1316.786537095848 616.4219119149811 119.72421397399819
1750.7756344901725 1829.464776537531 1180.3889001997659
360.82274820218885 770.7629484244974 717.8650713142162
1520.7624319335546 968.1237428495584 962.8661464513361
1906.0303423811567 933.475228021148 750.0413054382892
1006.2433203152319 1667.9037272756634 1127.4839447678905
1646.85952522205 1163.644185156265 793.1702125722047
1600.9965088149465 1695.819184315498 84.85136176473912
1902.7098068131759 134.44691078635884 347.3372379004764
368.44585377577863 368.89267535961 873.8101106912021
335.53678969756805 1717.856415123838 232.64965891362556
1249.6656976335687 207.08482872651192 964.3014095056272
440.0829084529829 15.67568401818109 192.99206801970982
203.64638287294912 792.1827999750324 986.4816204709385
8.12414932221861 629.3346886829336 1185.7086899059632
179.859790304153 1083.9713116966802 1468.8966673616392
574.9682309461473 1184.4937593501259 520.9457221514361
371.15821243747484 375.1984583005197 36.54468989942039
1172.4512671786301 1638.8454742353374 836.8901024366307
267.50416099409847 1188.660890332129 804.4622150586762
804.8809369038039 102.86501887356292 905.9724250355941
3.7927561520041397 1580.9805492903383 2.486401656563275
127.93530474738213 326.6878021089479 654.0047737676836
1598.7076298781085 870.9158852763 970.8449819725581
1239.1593519599417 1896.525417464718 1025.9259232255877
764.3667573494322 1297.4745094075226 1046.7629880125583
972.7113195198223 1464.8350410743983 548.6188420196837
1484.9045109635738 1169.656206164748 1399.4144650835626
1765.06306569797 199.17237888904228 581.8939209434358
1773.1383651406422 706.4543920018475 1335.39038713496
140.26647853961904 1712.594238342249 10.41353686808849
1629.4806016962955 1060.3043839937402 1318.1634555377063
1080.4831669449516 1266.6471584751296 506.3368905401898
1423.2921322721934 884.6922980003189 1072.5318020081597
579.8665927406698 864.345828017234 1396.2458665121417
1779.3411586918842 137.2283463380395 949.1504512975048
1177.047354661397 1688.9680864437473 28.178674910282307
839.6474720632779 897.3342367812105 807.9976888895866
422.8184218209363 721.9756220629649 912.9124307512839
1419.9618966759126 1525.5403802568346 409.59302184313003
1388.222890979495 208.77096777186034 576.0894526493054
491.5205086524774 1129.6884616682883 1211.363009644235
791.2490589499315 840.2897936826623 1046.3865870931918
876.812401515998 1570.6129513552435 1139.2574499360328
1718.3318003470895 1302.7813177126332 376.96265005388784
1561.113755893278 1732.9448906527 692.0819423355318
777.3096409938252 1719.2251900950553 1211.2407203935682
1242.9087256155472 1280.418169361437 1363.1345337573377
615.88517253958 399.9210006015872 135.80764883870327
1532.4456525526634 846.0387864205836 822.4457970406779
844.4308061891588 1208.684765034075 960.5762063038992
407.7300009561131 1863.230427263557 976.8759689337318
967.0340795028723 1222.1989985918103 1145.0128399423356
1525.4774954260986 1008.9583691404093 1473.4655537283697
1677.1028378791411 977.4118651496315 713.4091947454796
574.1293696247222 100.7520961697761 1080.6659784926715
634.7831466950187 1029.121691094541 925.4907383264822
1882.597387851494 1582.4593487172385 1195.5785832346094
1698.1018545540226 305.64255034146794 844.5735132846121
1832.7431250645823 722.7079417855808 822.7983006398658
1433.13930933209 1249.9876746037717 1435.1303032854455
781.8847767946937 1561.2140179972355 1042.696224254738
1586.3543788236507 1815.5227647017252 1353.9476055777498
1677.953534404565 780.5739160131775 323.23987645403537
1903.512569559442 972.1536583530252 970.374012646858
627.5031045852828 607.0800309403115 243.53467638966802
771.2243125410276 1823.4054716189926 892.5301686002143
882.1467490173725 1076.6309632161592 325.3005916074998
63.69518955909048 1075.9546936850118 155.66942272153693
1913.5589794870561 158.59512464938308 1413.574385192972
1421.4083485416377 1967.2908431062592 1468.8601268633804
1260.3292656846336 739.9022449767829 1477.1146798961174
277.1344273200811 739.3660488477327 219.2636049802109
71.07710777577014 251.07034423275886 183.25246574639303
825.272129345761 1975.4478791826195 35.732450709938576
211.9052912675925 1881.7593246360107 1004.5736205844512
625.5877033885429 1934.348282710705 989.6268066538726
900.0088783511837 1673.6839847874824 1439.608903259268
1312.9088742653623 162.75872438569561 1390.2778661245886
1170.9148037407165 286.2179167548491 604.5224138074398
1532.3739037851637 1338.4970304886235 826.6134694826725
312.19810850502586 1746.3902874314308 86.52923308910887
725.2988291784825 1202.994926895927 1354.2810849856803
192.5630489345631 1264.0478438027553 1283.9516465603654
1729.0645370909149 704.7969370455746 26.5582593055797
40.78073798136317 717.1961269652212 420.0045811213242
1964.7868692137192 144.53573499021923 1176.054754305753
1722.4194334048898 1509.886995712454 1084.6997634690417
492.9925416674537 612.4220816979498 383.4995608217573
1639.718806822028 1872.5672178261027 803.6551936577197
922.0664672855057 177.91867976385123 1497.3455907481182
132.74310985583827 776.0589007034401 4.620101672242916
749.597413661879 605.6151865316846 560.4147844636356
1734.6556505799772 242.51664969690202 502.3830708833553
1187.5970494642334 432.3936532659525 979.7708197261367
158.4921822114318 1574.2950457143488 1342.0928318153592
1514.2461884954969 1696.9872785168852 1093.5497872727765
1185.9033749876778 1895.0970636359427 27.889158590690798
1921.1827597443043 1234.5349631461634 787.4188291167898
1699.0329412805856 1837.8282306758372 243.0043947842046
1130.9515821307825 386.92318234964216 677.6267431366414
353.5623586540315 913.5932138684473 771.5538731994134
910.7062001413985 1960.5772370303735 1369.5859442101198
1627.2800523536216 160.8422561820595 1222.9065787304064
175.47641631490717 1544.1365144886247 1186.6778672761877
1199.9995319176649 1173.9503952132068 893.5121392346233
234.25808139126804 1628.9536012055473 636.9772063805563
981.3254130107155 1065.9063939422201 1192.002964719554
744.3992407608837 1742.9963963745204 882.6847041935079
638.1431296238702 1939.1295653955278 591.4698180624644
1187.5677980067933 941.5514228672614 1254.0268874868457
717.3489298787292 678.4713227997723 241.99578105378228
112.66369052379987 1055.7085079067137 989.6805684701619
1099.1907717993333 979.4589618551346 702.487276901514
656.0334066407485 1512.480620789182 608.5133644757994
1973.193070920126 828.5377810917654 39.489412416134016
931.37203416039 1771.9576025207514 341.9153962665308
734.0566961139579 790.6372126512504 1267.874294365026
931.9754354980631 538.6697255935904 1090.4362970421387
875.2553940779964 693.3366353281798 1311.3748849872334
540.427521246581 364.11737175422763 220.16229215280435
1464.5260512970367 1860.4175106091175 741.3681377062376
580.8856472504053 1114.5378227855783 537.1027462571066
368.4704873624163 1135.2192123869202 738.529172167733
990.4518870703616 1911.847954158424 453.9965527570913
1764.8782641902337 1510.947181187375 990.9919086933257
1997.2878114408652 915.0935619035383 1059.7592420439098
1377.3351904291194 570.9324886719725 1188.927139231781
374.75457071862684 1345.5515185731656 437.863106384442
1310.667665619328 389.6836426719181 626.1512468619537
1541.3277600075853 1970.8836470056413 954.2978459990569
1596.44918231774 1002.2068379810086 1001.8846952770981
871.7370274946263 155.6938793753495 485.2336825267576
1658.5213989742122 965.1112367508083 1230.5823740560763
491.63701749791676 1172.2105802296198 921.7403523771538
1012.4120195165156 1602.0260960392031 220.9594917499257
1825.9662125443178 1114.4385309122906 1479.498179227407
929.4631817426904 556.0013740260173 1322.2164465833287
112.00485198643273 588.2970095346271 503.90305174010706
1310.2901894433533 348.4890016909723 44.515835274224145
1702.4260762528918 718.1353226200704 481.7671950895383
1080.786524122188 1013.5701339854288 1398.9793068310237
1766.425186792963 1256.435424265259 496.8141756039569
886.2342881899823 868.0478828038766 457.9080456986435
947.8991730641852 203.6184221675956 395.6887171590212
488.37806601186463 1907.127175212273 627.4768275007865
1875.509552349129 479.54769024405874 1224.0209348106164
666.0670857155297 1259.4175643436881 656.0724222279521
17.449073484653297 1984.5853310766788 428.47101239035396
507.6037209745186 1921.923752093522 1356.1653298306483
135.04296941752526 1426.6293930237075 178.28121987227706
1539.775299009432 109.94865099714634 474.1553310249174
967.6506343752555 1118.9868457826758 894.5071455623652
1496.519301533414 1730.0109210858423 30.320997415593574
1509.489120189166 1406.9270859837648 1101.85876003581
624.000823101519 1994.697403564903 150.83024191618182
1874.2894865490296 1289.164501443042 1289.3388001749988
381.5408480480662 1897.732567536147 1014.6638391502491
1666.5347957070633 929.3979474346717 800.4691742609247
253.2477344326074 1465.4523178889237 608.5647845764584
1370.4866540528728 1745.8507250501766 409.87919582818023
291.62797258468777 317.259401265054 808.0732842699817
1143.2157937601744 73.22752034258228 1157.2805046386497
544.3076947068837 1393.185355406715 788.9626509158192
589.2324626155794 1156.240776828966 301.7822494409686
1594.9947522265643 1903.4326748223327 275.6506183052636
34.1167726261904 858.9559596448142 97.22387297112556
1493.7064767122479 114.33765804186491 1454.0450046674619
1712.6422780274538 1341.531493332065 771.00171066716
27.27995686102247 1653.740560675186 684.1698890801143
1116.0781854409706 1849.3527669403936 183.54516550888533
240.8826528796697 1644.0931297350776 413.9524412107634
1019.5586637211056 1533.0144683333665 586.4811083325967
1423.0990135891266 448.1021732174908 377.0162655927445
83.1896779774326 796.9773717440576 376.4269622435035
1648.2608303885124 91.64773675389037 276.0923483746719
1133.6832219903263 115.76142046369209 1186.2876387190202
1745.4890471397193 1233.9469269077952 1066.8751913557303
1563.7882430995787 1420.8647497973038 641.8041012517992
1100.6408084575162 1369.0110023721343 900.8749069915336
870.4325696936113 803.929782669317 1104.834716439132
496.8931421360883 924.8430516682222 1343.3182660135487
897.9012356543088 635.4444079810444 672.9774809368779
1719.9034216669577 1211.1557920399514 1021.3877195067009
1593.7174651005246 1064.8033953700715 1281.8229118590257
1730.682704543731 1398.4884348779533 16.22214362983082
1669.8016942807146 1496.4432031110148 1001.1803488879832
1434.6312638422705 1981.233266393838 526.140575340589
404.5712244569599 408.5158860787532 989.0249551426723
1666.3987294320782 1810.4350330927703 1193.7272482436908
1304.6903398202082 249.78169354341918 568.8077617446152
950.933185052451 554.2993672230872 1316.0040947987798
1653.5134278882308 588.7605125915846 1303.1803230722082
1694.343852342738 1916.5675535153496 32.18754963167497
1998.4061913451455 1490.831789378134 772.0377601128649
