300
1025.6890159219781 937.2112480162456 279.5342219900989
1449.2637421806633 794.1129562801557 1326.4709857429202
642.4702372505859 753.7590561950931 1447.950752879563
967.2695836806653 1169.6263726731154 467.0979059040812
1033.818707945159 851.5937619776101 226.98727302958395
640.7692401002054 983.4459765898292 318.2586770853385
971.9270587561218 1265.5585869679007 115.99421485121586
646.1310918779266 1166.5721836900461 273.9740281804523
1212.999045122886 613.3007013551196 793.6581787718629
1389.5936610052204 720.2279606985277 1252.3601027586014
792.7433001464786 978.9519971865999 435.20923605249084
492.62689382949156 1345.3769876979907 417.9255914579577
968.3655146325027 481.263477371701 386.92829065464014
1284.1003646731551 1092.1146025548726 1000.2884410310786
816.4848449824663 1005.6667793462497 931.5041395004326
1161.7891372485892 685.121957750605 570.7904919157057
811.8387093213115 1356.110119596175 37.056647289404665
1358.7417529485215 1061.9813284063412 827.8697743889146
863.7690145984402 1549.1100200718672 201.44898127999446
975.7104717795421 1286.5837405367154 535.035004573992
899.3574004797689 723.946037632151 1057.892094133472
579.204640017681 1110.2227855991416 453.3183188121919
759.7650709069699 824.3143731968803 288.586907584
1089.0446662719423 1072.1692415987216 1333.2694872948443
948.181034078393 701.698751442107 1078.7095074969168
623.6923612842854 1418.8696651150447 330.79475356219587
1416.625708743653 576.9312796787724 395.80852074209645
683.363601596466 1082.091260405544 642.7131054537599
637.5685049655033 763.5270009155449 985.6028570653272
1017.3346415438083 918.6020945820447 576.0974613852909
1066.0151300530697 1135.1397274991034 579.6180071472614
1042.9459125984972 1024.4560810167347 1202.6284114275297
981.0628247516825 1401.4683713717714 1014.293989486917
589.1295622834871 986.7170650771599 1268.3876530151006
1043.592538674279 1055.572068604501 80.09029254381345
1094.0704024159968 1048.68881358071 616.4263505882948
992.9570808573051 1192.6426558180374 397.3160072008835
1006.4937701435567 1150.8904026937753 33.31178474339463
650.7939100550618 975.6840952978495 416.1159531420082
621.1917921640156 1244.5538550434724 1394.2850586155716
1155.5069048376754 939.3893133721322 1339.0156030705737
1230.1850978669138 1303.3660693083912 927.729185523848
886.5209362347276 957.5277315149464 394.91141327622023
1697.9893025730971 926.0927202587509 833.4708134637932
1248.9912754065729 916.3656963922095 406.8555680495884
818.6503577837485 1276.130005932167 544.3109097674414
1116.755335581272 836.9594335284676 1414.1976317534165
587.4717113410968 923.587963324297 434.0872777131726
808.638290622013 397.9942329902634 1045.4317119683074
1094.2675910639214 727.1042355037584 597.7385574648071
1020.975822603525 1120.6533620372359 1283.9540805488803
987.4986238531944 1107.3586851958325 733.8972783017442
1228.6267844112754 996.4926249997158 92.9136199815665
759.7621118251863 844.0687287011783 1083.4645483043246
1015.3491111446573 1232.754259058586 604.6316787827059
1314.521824568538 697.9388029239124 1493.423489862882
687.4345023255537 853.8769411104715 1334.4347932657672
625.8640169601401 1238.2378876205419 914.580236662861
612.2257252923785 801.3593744383811 932.9786856179303
686.9686653225804 490.47241734142943 765.6662194967731
833.2162552133921 1075.323402612447 872.1211380924015
810.8238712725439 759.1117457520897 898.655323379922
1120.7765996385149 1285.1574907355048 313.0552142205285
697.7168548347416 1432.0802847737418 1135.4697519257866
903.9049033084386 719.1821417425881 1138.3703904289061
1309.605915780344 951.6006415254817 776.8385012495224
1150.6307108174997 1060.464069136649 883.7353580667276
803.0411626509258 965.779549203828 1343.9965885301988
1174.5709913412559 1034.6694195162795 951.0895393768429
1306.0965896312737 954.5995049857843 204.29467541946283
666.8749662729349 1209.596197105144 972.2763308198985
1408.7904631752558 865.180116987438 274.92953814395014
1225.649039428914 884.8085792117143 907.9994362813726
1393.7705146013818 989.4192678782307 194.57064987447808
681.8642419954358 993.3837889573886 924.0609518600023
893.6343148985511 1592.3789658301725 1445.3101300622493
1183.7407848881387 957.6018904049612 34.66111995330717
1004.864252800477 800.5734028324362 416.16214572581487
1196.5764945700455 834.0812561964134 1446.3693116467762
1059.7645209522282 1332.2872250006412 1495.5795883190883
1127.3562196679945 1100.1664751755657 450.0852463670637
1217.1531011070467 1058.9835242454856 450.11666454470986
943.2064261388293 1092.8432217611448 816.4931490833233
1060.6132442630337 949.7187413661575 909.5527819621177
792.0558801993761 707.2230342198789 932.320432558771
1010.6316232088002 1289.7531788790934 99.06917859548264
1522.3331686828576 1091.9406186096267 72.51232646994926
645.6408983011845 852.8252538062051 293.6511018117493
1132.6927232918047 695.402537704731 215.87788902602912
1016.7906011109453 1278.2808098118956 71.62509739151479
1151.633293716451 1137.7083107546391 1237.5246772941423
1056.2388311519871 748.2844463718181 430.5281392807962
766.3524994884895 991.3319332676331 658.5979700897195
761.1522745757132 643.4705403649198 877.3529088040312
1054.7487508051702 1109.9508993098475 837.078465411791
870.8656010540496 987.3634890043082 307.29456390394915
1299.8979863256823 1378.355837740962 761.7008989460063
530.5195570707442 1315.8246263443598 1495.0777592723696
1147.3535382528314 662.2612790337075 960.4162175261852
1385.5570229947507 1132.513385137891 506.5025584932839
388.4320061891053 1344.6402898296053 1438.6616569498206
889.1430219228096 644.6953346340342 630.9913651544302
1897.8019032381542 1680.6816092535737 611.1399789506215
1114.603062181306 1209.9302823248515 705.4782108872863
1115.0123577159625 1012.1585734934498 783.3069595305378
1006.104078788921 1167.9312880715418 1486.8104174815148
879.9337723290415 677.8776209914489 1469.4905447022793
954.791517078081 895.3095295811094 326.36203205703555
1124.7159926912964 801.999712626439 388.99871623414367
683.1893220682332 956.5621653876054 11.804316148294802
1127.900121274419 825.2274670895429 1283.6896804646963
839.911374195734 948.3161199619494 161.78989746372847
884.0195282774013 1144.5808341810398 872.956008787926
1075.6463721177925 798.8784906905126 953.2581461288246
945.6551706121138 992.5967735407297 421.3835081912899
1098.3785993154295 648.5520799667979 98.70413349126488
847.2208681188774 1086.4442324495471 1019.7070756088207
826.7443099862581 898.1859562485301 14.209847319097912
1028.7328710624133 964.91253368592 324.9024801912251
1002.0290975520396 1096.354204591499 151.93293757425928
1030.0498024612657 973.3077683068416 1487.7197741752018
813.8982781078621 861.1901615272338 886.9560906357193
1365.4617047049971 906.1679527691814 1112.153972416263
904.2958524085199 814.5522252927475 1355.9170533672511
1073.6553045014837 777.143307579154 1313.6412190457872
1114.626521827593 1419.2157192160337 370.44902941124246
1240.2483876654342 1141.1336874866658 531.26399921089
1025.4769774026108 1102.2147574855785 1041.3957707585726
617.8282350047555 814.6819059303582 841.051333514311
916.0607631615799 1038.2614803572972 1053.2189163341907
9.913589801897388 955.4160268537387 1167.4362056256996
1167.742313935881 970.206519396892 734.799527115976
502.62658243739884 902.6199438530926 1219.1888708327936
977.9396371605686 752.3626024808457 1443.9030562231683
905.6736411909204 1461.4625362995052 1239.6906089656425
945.4592981248833 930.034527522598 519.628756370822
1231.6353534861082 782.9949680374436 1052.7397571866206
1280.366180983458 598.5325441352813 219.4832494656852
612.4376773062713 1114.2150670213418 868.4216385352657
1083.3911265121858 1101.8600747505484 1298.894999531543
1240.6180570156391 1279.7822895717911 1080.4478416684615
894.4010176419763 1049.3677980787222 1274.739933502634
919.5953817476328 1132.8814916201054 232.85189304410014
1122.426090558692 898.6760251397736 26.949996640754982
581.3614574903759 954.3362438449046 66.21193316604051
891.853126445317 740.6442970182014 537.9328112310309
1013.5807688505371 1563.1199276525476 77.65831737041783
685.6335846574756 768.766922384729 426.0831132686914
991.3147911191161 1272.1787220453284 417.18250833965635
970.2820821510311 1380.380434611143 746.9881126494715
1154.3628749052623 627.5708358236076 931.6606500689494
765.5839717615444 1117.294625385666 531.85401121018
1221.8739314319205 1005.3576238566632 509.49232086611823
1125.188159328875 1324.0946790115663 469.2653524935454
1088.6245488846814 863.5962318555073 664.5886667494585
1324.700607780242 1041.6320373290873 29.107391981492704
962.701519032513 924.5527190120624 358.66992415402893
1113.783922013967 1012.4026611564155 1258.2502787044095
1338.1047339348968 1124.8830041248225 617.0897566313816
980.9869986474092 1077.051454021376 1299.614296705795
1012.7241152669585 1130.7586719410597 924.0767214602581
1264.6038470419385 845.4854609192048 360.5185307946247
544.4640378218937 715.3765633328676 580.4817096448626
562.9091961185304 1127.1864636357689 122.60492616478025
1296.5012564042627 676.1631639976565 785.3302762730617
773.1737094207241 1236.8343103704847 464.999932925221
1116.1704194267152 1202.613696952351 401.7813592440474
998.8320855419278 1340.9103088760485 1019.6033260863218
1312.4834040363407 717.0761412807404 1326.1876544554236
855.1625198875649 1031.563912078484 1456.3148640416446
1352.357118652715 1138.504131294007 1254.3312633956286
901.2605301389965 831.3879211029799 1240.9525220715077
1283.037498989327 1537.4910452068957 495.3149941183915
802.1166839124443 1287.4286104574949 73.71302002933821
983.9688999953546 886.2899746571946 808.7177981256111
779.8160736684379 1072.6984428878416 472.53399206624005
942.9324023709397 1007.9565717261079 1057.7021494886874
862.9237328903075 554.2220930436077 85.58703373978904
920.2840401118809 864.8043646493896 1469.8257343461148
891.8569901254375 862.6290202423672 5.159977033264318
1110.929821442046 1160.805729137099 525.7706689266467
951.3936776102757 1225.774524445164 528.2839023376998
1445.1638164393949 593.0300042058586 1441.5540797886238
1051.748153843961 1062.348616947867 537.256832474459
1628.6347152891374 529.2353577662684 1268.6942490103424
965.4082374458525 710.7867263543619 233.8139034843812
1329.3737138703148 942.212067487756 605.8187839370993
1086.8318525791922 866.1063943242389 1218.6708030523191
846.5734239563265 1008.5381205470786 648.095016116342
617.8185778216412 842.2832002961451 132.121624169663
942.0067765589295 1519.8771009676475 1377.1539736980646
1022.804823870293 818.3269837755904 442.5215373375731
1077.0955468155607 885.1824009084426 377.689822123671
813.2130761690769 1247.442117517654 1115.1950476276083
1060.8137557544446 1686.8289027924188 342.473022653994
770.4960705813137 825.4920309572597 1478.9760825424153
956.8751185234091 949.1905523011359 483.8059626321602
1106.0877750783402 730.9744808656894 745.6867597303797
1364.364912116981 1473.4569104869313 991.8835547494195
1067.301593328831 760.3338935019659 604.7846833081337
948.6074078453609 872.5616711077087 901.2789123654425
739.4439651297097 932.3068731199266 310.1713345258183
1007.2729688662907 1234.906448534838 416.54399070770995
850.8378677885958 996.0714008700551 1011.5698005478672
1119.2706813257048 588.1188969493933 802.2361525938858
957.3172594438518 762.4333362511022 1339.8835201351328
1145.709593221567 872.5176071149688 1075.930575200069
653.682454975421 836.1724645002951 858.2606495848869
1033.4729674286657 837.3764948802063 89.50027150719303
782.2286920470373 930.4529426522225 1445.110639818663
1048.0270923864775 902.8047504322851 1344.273629905474
1137.5262530062419 1215.5150140892865 1487.3009210361913
982.9033681441314 687.3967515748429 721.9484494761888
979.9841762328275 1049.7533803261597 29.135498507463996
955.2255236966929 933.2759077894071 956.2097185987349
708.3418008770143 814.8986525870329 1186.7295251470177
1666.6510531035492 978.9114711419597 1007.420693100802
770.2110678648748 1296.0900305026573 1328.9726370490903
619.5414493478045 908.8801788545904 1306.2211925969145
774.5927123141439 1048.1383152518472 846.973507986292
1118.4444560777144 1257.3552156259564 1172.5133757710682
1099.1620332841032 1118.4234806427055 146.2575505604261
734.3622044945267 1241.4760572727246 290.76072691056095
1188.7245034512566 1119.7471110030929 44.36309449576697
1033.95081923852 941.6019153995184 1131.1646935781482
950.11350151667 957.2511480561161 1169.5168720538254
1230.2833007792597 546.3590194491135 294.85417470136645
856.5346628984823 1431.297782538871 515.2511438283829
949.3004106305664 719.0391304905938 778.8793659317753
364.231984337883 827.5556310117956 836.1449113668475
870.8913128604171 863.5483494530993 1173.4701526713884
1186.9091280228595 1456.369917157657 417.2377068098317
841.7850885516951 1080.624373879366 1227.096358082016
1127.6214770182182 755.6009716237119 888.6680451156457
1461.8625489646063 1041.322178271721 781.7498264892915
935.4812315852555 1030.647407794554 582.8442408556408
1169.8163831742406 826.4941787713342 58.171964406361795
796.6893766031802 1140.840881659242 723.2443934831813
1243.661404456286 864.4924694110043 902.1079973379035
1318.7512447082463 1179.6321021933047 810.7059491144386
359.1036094097807 1202.3255941850412 50.35760647798659
1183.9633238070862 1404.6883171199618 938.1194406122643
930.4439439101851 844.1470040645944 625.6825213391649
1192.0514397486875 571.2070314663865 1090.3912845637726
1068.8875371121044 870.488845760514 1379.848703597752
1232.8264781788425 839.2601423909496 1228.1229309936443
1137.0336243158567 791.373733977183 92.03322985335932
1331.4203457147466 1082.9926534904084 30.465255855522344
1347.3926433526722 807.9504597907612 174.4063581571279
1103.683782667295 1010.6615012850986 1067.981606703005
1487.16216912832 853.8967663004972 248.2323402784935
1109.8191591571263 831.2999422944341 103.79192878491995
1508.7546784408116 1378.8639886836254 799.520677444785
1040.7945130229245 724.7529754021703 589.4474721336046
1244.8564088975872 1162.8128643378932 1472.2902460241062
1320.7804905978956 940.9634792713806 571.6314308336729
867.0348484263565 1264.5847060066183 880.6640985124266
1103.0587772433707 618.8081235443059 293.5543665599336
1374.485580626967 942.317713069577 1398.5860538009433
1073.7394154824096 405.2956581560061 606.0939812392609
1140.0794035611696 1078.1562388210134 1146.0201568962957
481.00934311051867 1010.1843330720636 1190.7713244687122
1223.6565791846738 1370.5682857038353 1315.6914269773138
1185.7586452186817 1317.1246241040055 487.6704985605211
1587.5215914014962 951.8319560141734 1463.6394856149082
1157.585641949039 982.7072179538941 339.7362065348203
1134.0241921889142 1032.7771773475677 941.3912540194046
984.5307606069714 1057.2150135025565 675.5776870827676
1125.2648133960308 919.7812277912034 1457.891264770543
1603.1888731220438 1070.2173335967864 657.395670203092
706.4151631483294 1133.2683296600067 187.21407350831294
934.9038465215439 987.696458257584 1122.7209477092124
1340.291956045925 987.3492875051745 402.8921238598778
1037.9789804309228 1120.2804306120745 98.50784875480106
1041.5581211375243 1058.1045927697546 201.69703901003672
997.0310124263343 1191.6720664024765 638.7604856286796
351.6991292111484 729.1841275655927 747.5983412271938
849.7228004789868 613.7905845358925 664.0795437064917
1255.3595126683376 801.8094432047951 903.6790863533192
667.1564455310546 1479.8406884211863 1134.4453134568896
1088.7880769234334 981.4786615174182 852.5042760072462
1122.532580002853 936.5895029805712 445.68965728137067
1095.0151609938328 993.9854408835773 236.50276182420976
1219.2083946618488 1131.1246993382279 1485.1733524921399
1439.9983929540563 841.8505822162165 95.0311028640921
798.3737429820601 837.976533752341 486.2623799403761
1120.7295842376645 863.9798563849488 229.83226299366416
965.116273033799 974.9190915153861 564.4780012122503
1312.3830973620531 1273.5899849321854 760.1191436131639
1001.3300602425858 668.7487796460505 433.76625724072
1100.2623140837957 986.4989341887498 65.97774936719414
1210.872332879484 1283.5857025773475 629.245770636972
1328.3035509222734 917.8299182981034 813.6528833933013
371.0813715710018 976.1111381016672 619.5705240894304
1131.9264144435074 846.0219962492006 647.083078732039
809.5763832002035 1220.4850690872681 1335.7775221851766
748.9189772551282 986.1048637085843 803.8018261974165
1159.9295721362732 1013.0580965739642 313.18875441991617
1036.6729404557818 1160.169633691554 642.2228646641951
1060.0540150696731 1305.0363813679453 212.89702339131733
