300
1014.7594444534467 839.3141790057205 976.2855726600983
775.0795506542346 768.6110565023714 845.8075429954271
945.9928380288709 545.1424129549786 788.6434098446504
897.0416011217487 875.6657037889953 605.3115425994937
982.0778913166101 949.7694411185795 1242.4829357910335
856.5443340919618 816.7626376096694 146.43744020914667
1513.6702297858178 646.0532080601172 173.83955231901732
1280.4454652928807 1301.1957594342643 1105.1350744016547
1077.5262661230443 1175.093599346415 839.7248612767754
949.5979094418595 1133.2081844212494 1159.169238345637
1170.8879747072544 642.58029002685 1469.0601227105517
880.634925028197 951.7348864551169 390.41713369655054
1188.5364756767788 1205.421232638786 1190.7382669757837
1322.3112605233744 1507.3779180405086 325.29904198576406
1048.1142886744587 771.7551574871031 105.54470274858451
1071.5618167065181 1311.599141363134 1085.9162184812637
999.726017426627 754.315039616519 767.4577463738493
850.9933359926872 861.7832362067757 610.190440559157
809.1315810190857 1344.1292790877278 1428.9374666031204
1491.1066812690456 1114.975945485558 801.9077323988787
1285.6641543622388 919.586105770788 1383.2999773930878
724.6467372969305 1273.673427338736 1163.7749719062729
948.8862219200182 1069.6292463358952 783.4586854468876
1030.5450852530519 600.0587271140027 889.725533676769
1069.5004935925733 1325.7523328317984 567.3687052964387
988.7468053742413 1330.405857119935 371.51995831748155
1124.2140411544378 964.6497813782241 1488.870527460674
1275.142118757842 863.6484395943701 909.4752563782789
1267.2541139963175 574.2168539362665 782.1306080088178
695.540080387492 1358.7234543570526 749.0997393217071
817.8876170328306 1297.2191366815046 80.74301176203646
1573.4238718205795 1240.5133702966532 683.631681269391
527.7203175080717 1304.2281525471938 1364.6304222139788
1062.1750792389048 1326.3458445812498 1016.377581968265
741.2104486146538 620.8009693878143 512.9263468369372
984.7168425115683 842.1411308862469 964.1751751572108
1307.757461525353 1199.7951890050217 481.53912267374704
1206.032684408616 962.1071771649275 110.36011682410862
1056.0994771214878 958.4799034210679 523.2974381349393
1453.9067872025428 1168.4226791012716 1282.1582595843454
1171.7714317882376 1164.787392770835 1430.7142108723485
1510.7267677679683 1149.982538101723 739.7626806835339
1084.661819027925 670.1510198730562 969.0254068079497
1380.8005266946243 861.2644349063175 444.34573095258776
886.6671188469153 765.4011661882164 230.50316867877913
1305.9851254998039 1004.4069159343686 586.3554420639354
939.9678272391527 541.3628821229064 377.1329056081554
1077.6189233617145 1041.4626302656716 1495.4384113879496
852.0690378724404 626.2634725631615 1424.8379836817583
747.8040616202871 858.404071239636 769.4285625081194
499.77208643145144 1205.0668902610382 992.9036953171166
1217.4324630928136 1044.7711036554822 1152.1385045723448
901.5245907614617 1420.128356583713 232.77516474753813
562.0714272317487 1089.4057471627316 316.2890216302592
689.5233192820651 738.3944518838482 1230.2977050082577
1229.9852029739063 703.521197128123 832.2049126231996
876.9597067088542 861.7002869824507 306.4601448983566
454.9514189163316 852.8583684161068 699.513879555959
1099.4796837681681 883.2967813977269 424.10892867535097
765.3966277695017 642.5910825702276 1446.2153034162423
1087.952475636628 647.7600069626525 1076.6129564405828
923.4239785871754 1011.7633647052157 1293.4994852141613
971.8565615053056 1468.3330664406462 995.5806457352543
626.7479481943362 958.0949382060769 917.2397104252473
849.9731691377386 883.9310590194509 499.15942686248695
980.5583941074501 968.7113797809891 1226.0673134049591
1187.1400546957625 928.2272263967128 1264.5136256241713
754.7129651356659 838.1125882202848 1259.7068898658724
1177.920474919781 544.8976616403822 911.7276572695556
936.9820174150831 1226.5723535234254 713.1869127204615
951.6423929427192 1039.536681995306 531.8680260352716
1002.9666057088775 1198.4941434627349 484.45232110289214
1379.9498080253734 1171.5224526386828 1286.2540202308992
1094.5819221638294 1132.1609185743039 122.15457975656719
651.7419248647905 1103.5451850964491 650.0598871005827
1239.5902231253142 1165.466817441919 45.33253288883138
1023.3997181586395 666.4863091713752 333.9463809174975
837.442920788958 1315.7726941382416 77.93574605649589
844.7500450415686 850.9263623172837 758.3046493028321
1020.5417713613946 1116.6158450938726 900.6289592996482
1261.7535157569419 695.7821345838789 403.7643006375133
1442.6725474575358 669.7143247041233 120.08673498603383
880.0793818289512 1088.5710516502982 100.24756341918633
730.6760992862 1192.8200389088663 20.99884791163681
931.1078153157564 876.761787203734 609.1357445437254
951.5627404667624 514.4319757000029 1333.5525936937001
1373.0522794271162 676.7795126538574 69.37141799725494
908.0287412263702 1035.5082874096174 1413.6308125518103
1013.0073003867731 990.2639491460254 1494.664696753675
760.6018981190311 886.9139751730846 1354.9020135870348
1231.1317393870356 1027.8337703273023 977.5868625598795
1081.2387284032839 1059.5950466271297 1080.9462179026996
840.9268822488693 1263.1764757469202 1110.3698101213536
868.3294945513804 1037.6439753038567 1070.8743889524965
901.6298487247489 781.0136056444771 1349.5302599548459
897.7978469001903 1104.8488713549314 14.747143812120001
1367.011701300825 1135.8620701579296 394.7942926505904
1035.0970132934078 684.7906324783721 595.6198760009506
1190.1437440551983 865.6644145155972 819.1698990467589
845.5369498707248 611.683105349995 1319.598266622748
828.9571630587747 951.2499672466387 253.38825095373036
813.3864429482688 1186.0605640584474 1158.1136611503875
632.3713898298039 1288.9611287003113 598.6741246445185
1237.2675951883075 1207.8734714316886 1101.9343132559081
839.8156875491072 1074.950291023335 842.6407885266467
1363.4759042063292 1311.058794382218 1391.2011146712252
789.2741691738452 514.2888526991308 1294.6436232778713
970.6531697900848 718.8232433974683 274.82104247190813
1029.0340563657483 1309.042698408855 967.4983240168083
1187.9143148201235 809.0172565227232 810.7406546036447
742.1507416524519 817.7123660606348 206.96260486336442
1262.7221254192025 950.6390166260018 412.87953545931526
1286.1156811319845 743.7325600000797 369.99134996010355
1561.3847015541082 984.6051301697909 1307.1151595187612
754.5993913068344 1030.445754254804 1190.5127983498057
751.3747309576722 1269.569229969161 91.74842971832004
991.3945531015289 883.7655769013129 3.9277596430734585
1221.3957801789334 855.1392173133729 310.5008702134088
1243.3679588363316 1559.6203701760542 540.1480934243885
1357.054812190615 901.4647969925055 929.4219034893404
1061.8610885748253 553.6692313243941 1070.280382148993
996.6666447338367 1224.1631610789068 965.2235877911626
1054.2709207387086 665.9313166675246 1357.8514192738157
1128.1853524649007 1139.7399682388218 1344.4437164425533
1073.4131143075092 1327.6040252151479 1033.2447067431249
880.6756912529676 701.2064775771119 119.03538249055018
509.29870545350326 602.0683316462346 880.2737917468291
1157.668022228108 924.9457138664238 1387.2797469814018
1060.1228437204884 1195.1803454115095 1313.5066727011808
1433.5964229103101 952.8781758028379 1247.5307358272153
1254.9171632002574 950.5839306570547 217.9379913570849
1118.5545161325422 1290.1775199805445 484.41840457868653
1217.6003385164283 1201.7175751062064 71.93166036219367
925.4277595032155 1481.3131894354988 452.5743687538378
630.2701344676161 900.6820440997194 1182.766275807766
493.1982340554718 1012.5563729116719 137.25072330435395
1150.8946002780606 710.7920193872819 911.8575095149014
1060.6266085210746 643.7287401533783 1097.234144893557
1353.8937975360268 806.1967386563591 1140.6809496761832
1150.4245444007138 1041.573459302354 62.75077415138558
1374.9364646944089 1234.5493685045606 985.2253129139318
1307.119978130618 548.1196951624679 470.4534181769491
1073.965056981179 827.0682554185044 824.3274279041649
1347.5160669138174 1447.120624054168 481.6501303299639
742.139197696669 1246.7964717124757 738.830065185039
889.1824203288356 1025.156692655874 935.1830174289026
1193.7422831219658 680.8332327980136 1492.0119571487242
971.046416054126 1243.595935578337 1082.3970032171612
873.4777087566658 1071.3478373808002 901.4815116366369
919.7929818729303 981.1479784134128 1121.757227623693
1079.049726879013 1002.1842084528886 1308.9949978375887
874.6552508319239 1356.0191301588716 59.5459902516251
258.2403352640981 1180.678180158471 839.1250518258195
1142.5279319001606 1125.3415289709233 1306.142848739047
1050.2433659229216 1328.990333992831 17.260201261198205
1099.1594845605055 1141.2759159456941 248.10398787000355
878.0694406104641 788.7655881998946 1184.5894995361507
1086.4212705667808 974.5234103172886 806.6599847140919
644.1535043122767 861.6697495330309 1053.1899200676742
1568.1140839429145 911.5899495474953 310.6138689502404
1429.5273261629732 1519.4480843890055 1149.6216866262755
891.2932865322811 1079.5155531960686 1231.4862885497505
1486.0579612854654 861.8445231775487 775.174525540141
1526.640876873163 1449.4013983520767 464.55061098750423
1105.5377652927855 882.0996230690464 1477.4212775309263
1166.798942491601 1025.0973916989878 120.63175558834344
665.3793928124979 1040.663819379181 36.40132240771532
645.7067754544064 943.240360425895 953.2046585284426
1185.8347082593539 694.0427944843461 483.67906106274376
777.6006524187753 1208.0405261294184 1112.102413325219
1322.0468508809909 395.3212223077552 345.74717303898893
594.2069887302487 1346.8817055577122 759.850775792948
1382.7988705310977 1173.7697545411015 758.9354077205057
1042.4131819013312 745.0874480981959 604.0770439557062
1119.6770802773574 1078.928866355519 462.0445802186773
812.1163008415226 974.4644793012922 931.3218857856764
902.9938897887462 1425.440365435039 1491.3804901346416
1279.3955922084888 670.3273849196888 899.6230662520466
1257.0977826930425 1330.986257579324 24.492487231193905
726.2004858750084 933.2061371402111 602.4676950688075
1150.1472155683211 1037.6769338876213 92.35109916475054
623.9151343014183 1260.3038638914088 424.89358443945355
442.01797041678503 1053.666730925652 231.86286165233145
797.3353105502757 682.1517920573997 131.52217695999857
979.3492036908146 1001.8210104755353 578.4923561241899
1022.9655184841762 835.5259343550961 603.8189137771128
619.6579121058812 965.9691842803492 559.8424730748719
773.8651840130553 763.9247150304155 952.6158386557603
1212.288280724684 1300.4232088050649 103.56695133077615
770.0677163449951 901.6558897682613 635.7890001165516
1052.9447694996084 699.2859561366906 251.84756195476953
928.4381331578326 1323.6198005066929 1160.6346358059102
1370.6970736234898 1201.1138917167661 572.8441318873074
1217.4780047273825 1096.5942162787148 405.18335361068887
979.4536946037628 955.0697464847591 1316.2394031240437
699.153101372362 1131.8618255557835 310.22683667895654
1066.3576279480874 1246.7427376817968 1277.2445983429059
1141.0512005799005 875.395080908391 508.9079449028019
1085.1819442985006 1390.1079732795208 233.9897857774293
944.5221863218111 485.46513680464454 975.0426019455647
1313.2409426061752 1416.2993267844902 539.7512164394191
1089.7911215178917 1243.7814647029159 514.9748191129406
891.6170179762598 792.5356992940337 549.5790890369985
1056.41207547589 841.4847682094344 1365.729328730764
1013.0770520290127 1045.950182390132 966.0935817147257
647.0574327753307 866.8092416436366 388.84401632865524
611.7459311114385 799.3979409971315 1081.4169915097677
699.2948675283596 921.2257639696053 500.4055834372677
1323.216920686562 756.9927891388385 281.8861976851885
538.9059112555894 404.5479064661358 1175.7303284869802
703.7389692203701 811.8168748125433 1349.926567834468
650.4266630094289 970.8135984184896 398.23508245193347
1066.1406280742567 1087.1387073817968 700.6637866866306
1544.017825783831 859.7028594640082 627.756493683003
1607.226912695527 1006.5508001667142 836.2788854308828
1084.1453114982949 1153.1704149646064 807.3490048931294
1084.6316357715261 970.3302466799666 271.9016591633291
582.9801386621521 1021.482779574854 1299.261889086409
941.269831871714 681.8389107494706 797.1012069828506
786.937641977097 1394.7319553890984 197.1551748641826
1038.3787069935677 1028.703867557414 466.0176793139188
916.2244575189139 991.3444428120353 653.8732868426463
1183.9012419234339 845.0714970858207 1065.0601783075326
817.3743210087247 731.040575728167 651.0952657314775
1077.8398859547583 1031.6779079958355 909.9671593129888
1045.7089805411713 739.7776202963803 393.4976228010371
1067.498872199121 864.7706139388458 686.9344895818103
1293.0569960031203 838.2046344800613 812.824431226912
1101.480284548877 951.5552391760731 1298.4807268092572
430.8355919009888 923.6309396799063 1282.5953337610506
1092.8236942967867 742.1780750889483 271.38956456231875
791.7565954769088 481.2769645007222 897.493721892116
660.5792596334031 838.6150668635587 281.9910391900029
975.0476113582185 1222.8394648555218 750.0380922986104
829.4931897851143 987.6625238197823 1300.4596563636042
959.513093201706 370.52123246360884 1301.2377657453633
1029.7598304048606 1439.2061993412017 477.1806100791163
863.0602474400869 896.4870493662577 420.34133079019864
1021.23198649355 888.9508841229401 446.73892519375636
343.1260082522591 1204.2559097041585 891.8540750408212
954.909830500885 1029.2338597449157 298.38962075116956
1282.7346396626083 992.993782690348 1128.8074392255967
1343.661536839666 917.6195562661779 711.8750097892978
874.4753295877689 1099.7331748059196 1306.1006072147354
629.5344042487667 488.5520896027603 98.32206647156266
624.0814312679688 822.8334120024651 613.392475069709
762.5568496475789 953.4092458782717 305.62107314479664
991.6945681940485 1210.2028580294254 873.8596931759213
794.4835029758462 1254.4749078686393 309.9080892776189
1222.2225061301483 1201.105962647138 1390.5265456217755
432.2318563282024 1014.9280526581648 1113.180054360418
862.243486770969 975.3164863917618 1496.0440570292583
1023.2585970244937 1004.4476635010774 1104.869014861491
1158.0000106572306 938.9163007528368 496.79581503957
1101.9243788601045 667.2118407599769 825.4784651263552
982.7264079183861 1060.4221078710684 161.4893283088989
1044.2943321701025 714.6369261419969 757.0031044415288
1194.1914340905148 1173.0581495232716 687.8593958986008
978.0005655627002 1074.1116488848868 1295.6139722102141
919.1718550549241 1448.5539360048933 93.28747432885493
731.7734810945876 1512.7330777417483 138.12306092909142
1058.8918317708901 1413.4261261939992 940.1330030310129
1288.5200803434223 1532.852402961687 1221.4260822602578
770.4232266450155 1014.7252264486775 48.93284883447413
1009.5987118458859 1081.6701956740185 889.4081733388317
938.7630976163699 1001.8538330027341 1142.270127077303
775.5909512119168 981.4005258401096 17.13005407445356
792.055106674896 664.7289141857601 34.077517435115276
660.0873797471054 1006.4694811087694 1041.7297896239181
962.1346077791446 782.810943703324 358.1656431864427
1181.6852926070771 799.6345631379706 509.0854666345939
1314.9993166401289 809.95237879039 7.298382595931352
987.7715126932645 591.8729898016572 723.6775898102019
942.7736096623173 837.726027026625 251.04672085604963
1043.9027881734692 735.7387811214146 272.52897453120113
1236.1146401799592 763.208845373172 1083.8497911591692
711.469664759755 1226.7049441406264 507.2258745294115
1315.710607007161 1090.3010355130054 489.76435576726647
1047.3037306390202 845.3833790105483 88.00858125442652
957.9772006058422 1337.8690418230676 1176.3364778207438
1372.6886090375397 1114.3702262317145 1394.4177596943284
1034.1950652159699 752.0137059521811 1157.1121788896623
1151.2555420110366 1613.181278899296 419.8717757336337
726.2542394110587 1100.160362484678 1180.0084172623626
873.7350225514141 811.3058951755304 1172.3838611990732
754.5423809227278 876.959302648222 860.4104901841067
872.8695607938147 633.2025009705594 759.8513169071639
1194.0410218963934 881.4943959994241 474.52367466315775
557.8849722441169 1581.8701707791706 837.3413423779236
920.2690888446409 1039.3834845862616 1469.3650335630668
1081.0153002269963 890.5633407018491 431.19963679935273
1184.4415652819616 926.5978749667058 434.5191262558004
760.2553523980018 1333.6349074128907 485.7849516284947
865.4917994021922 1284.5948493998653 633.9680383071263
934.0606725057347 659.1947614414349 27.386064884216854
1270.4218025837206 828.4759738694711 431.2093890694011
1344.2388647017901 692.768435718307 530.0276861156473
1126.1495764352921 1434.5768401125372 1347.7771607775899
960.7168423376708 850.987103395246 1242.8980270746526
941.5300803697659 1110.7630963287738 1015.7244119522082
