300
1241.099916955649 622.3452542188732 558.6026730994026
1036.7910397416174 755.2786074376629 967.0433674346351
1436.5126911505615 1064.123200542224 1050.2034197468436
1444.0901212990805 1162.87222467337 979.7729193791736
947.6902043856136 867.5403897296902 1360.6543529950914
1139.9064911731487 890.4166354374706 331.14995942948457
689.5675377831678 1059.5117129429295 385.03626705017723
1054.6882808082455 994.9425648268052 1111.4934142270101
852.6113458378077 466.84684412431614 734.1473318835808
745.8261790372829 1043.0340849558902 1279.2473674330377
1024.280782992861 617.6560715987262 74.58882772022046
777.7327268505662 982.0877941892882 1154.5353836351464
550.4291556209731 975.6083676389127 355.4987258799387
1212.6890136209834 1260.7837511028397 253.79669695925045
765.5974709156094 830.4768207530658 57.24327222628739
1077.058658487292 1253.5401112609727 1059.9143669743037
1375.460839200142 1219.043778083553 179.80849381101822
946.7526602198084 722.7975961935131 170.003605982743
945.0449944541207 810.8462282271203 860.6445970491368
972.4046415125717 1049.8116654313594 256.84401901760515
978.8985919965894 729.6226532404557 546.1795052665743
798.3360237567781 1076.6691967342633 1055.2692580590467
705.9773609352982 920.9473302413031 824.5923770290304
957.7471348575074 1009.8175785680221 1152.1361485151867
1672.5759206988678 1002.601813690518 1314.893573299461
806.8752828222789 789.825421522984 630.8484624930003
597.0410307758556 985.4879969073061 572.5473131578108
1136.7698245950162 371.9568303359987 1446.696945929218
1031.4510761333222 1091.0088770931552 445.79789715037424
1343.819154251166 1494.8926009432134 1188.5037134838683
831.5416363408048 996.2362383090142 4.010224831542342
964.1711382689549 799.4990992772623 924.8672983733453
870.381300121446 1498.1549886010744 985.2036102215797
1164.864170163231 1056.0030371330201 248.91380144597397
1248.3767692057309 1167.345570427051 1229.3293429768164
742.398397564145 1153.6328622088117 791.4112484694963
1309.604873433209 1241.4458445279786 565.5836072507584
866.5278008799844 1346.0003391041246 213.08710741832226
1023.4061435232026 940.200378489276 744.5963852501608
1077.6216051930517 1402.9487459777324 318.2271005691672
1139.334857590491 628.0208035909525 1030.3745047531531
1097.0740744372144 594.0938949024417 477.76339596809214
858.686491025774 899.0094954330028 858.5379381368234
1013.8517561443044 1335.530988870201 945.1352007248968
795.7084298375721 737.4463765657315 1234.0621599291844
677.960084287917 1241.4563261504352 1342.6544333183585
332.8627523062838 794.9869588277222 337.99198537686107
1319.0588750819622 1041.9077954836735 1234.6119392626329
728.824519583945 892.461979954489 1171.516009818286
981.3684149817894 1041.2051975000586 1128.1332820445632
785.4073143484927 856.258195775383 199.97514101294993
1135.53889241681 996.891553520978 389.9526222201332
748.0192209185678 1069.45240381652 201.07051835942985
875.1203176463846 708.0131768131222 1337.467182180859
962.4972884078841 1451.4453863257636 928.5124607273533
600.1402416067249 600.7316479112791 1419.7412102538876
915.7082148192659 1016.7235805490112 1026.2398586213515
727.6160703987453 673.550609078045 328.37765893283273
1543.9104121548303 1052.3676791741373 921.4155788213201
1243.1597374084802 610.7114780624624 30.749558054562698
947.6779688673961 884.6426898501908 135.258454795239
1284.876623713368 1159.6541050957458 998.4680246249143
1026.3654379232485 1022.3292733190931 1249.7769701844495
1348.7914175962635 1201.0359625038475 1098.6329786864094
1361.014877041262 1062.5943143014083 120.31493769696262
1342.5978310699256 1052.2774082785895 362.46966491793927
1041.021784247631 1099.6825341622525 44.70515582697626
616.3920109332648 1407.4116952905686 1407.8526439105808
1664.7017720895979 1240.2106789200795 534.8471292582419
1011.9168447869273 1093.4663633791831 984.9165808995301
861.5784937849946 709.7017031109533 1196.684876856072
1012.4686415820801 1015.7869704403464 227.49457686164953
1113.8756346692758 1401.207563231817 266.3352041783774
671.2726473055491 1280.9068297854267 893.5437409790268
600.1788663652613 1147.0111506149192 888.6449887903898
1087.443522671052 968.2694493094601 88.13848291351128
1102.9272054461499 686.0340461151116 181.74311547269522
1142.8593314503428 1026.402338251542 395.5132190443267
678.5094773407543 874.0694484560581 5.984042663123135
889.2525254841786 805.057181769589 1368.9215741060411
1227.3450959465754 891.7500931480635 747.2262873118957
845.7494565221654 1097.6627994143023 151.13307433044693
910.5623490980769 1072.4243608591873 74.78639363089651
946.5087715016259 399.74316101271756 1236.0553034021648
1166.9353823879617 760.8502666718833 1167.5527630296397
1041.2212917830407 586.773009510865 885.0444629904202
1395.2477100715118 977.22761477127 1106.0911826820832
1327.148507072608 898.7330531587605 594.3051860975099
853.387657140339 1419.7575275420506 1101.8235267718924
1038.0945104619664 1285.357225243531 521.3109170742357
678.6478218979826 816.9669004232471 135.66843495741747
1247.4940243255264 1246.165886048906 1412.430839057704
1837.254725889999 1263.2386047847199 1126.247905045008
1370.6055330682382 1338.9777755831274 1232.8539357509314
889.9571983216846 920.779265446195 595.526242019081
822.8587273528743 1167.3527787491828 607.3121216831947
789.477775261087 1373.463138882557 138.80066143131492
1257.6576485552039 1356.251252913474 455.9692397639824
1244.6278575280503 1153.1713243481256 738.17995963078
1345.5943879949582 922.9710529742001 158.73018767936125
975.4875523047081 811.7581830153576 729.4823978748353
1250.2977960732387 633.4560671762283 638.2285153435328
954.2793223354889 1097.8661870608928 1036.2034711434276
1058.365023216335 854.9121889843552 7.2210957868610866
1012.5822275775532 678.4578306067665 3.4283486496042292
1145.8530823943167 1075.076416473109 1456.5546225920457
955.0512550667756 1007.6461867935524 30.59689191005055
823.2814303427765 1297.099069954386 92.70722766402673
1568.769640215919 1154.0663784047483 785.2587909871312
899.2521498534636 1018.6296714359363 1050.471917311121
1073.4301340418383 1104.4079789626494 691.5178589637712
1021.7797177256144 1261.0393838901412 167.76735124521812
1341.3572087841462 1472.5151295826263 1233.279659929266
970.4781325574387 689.5990837141931 1388.4628762304624
390.11977114488343 755.5407336189912 1482.6901636728344
1387.6513228281765 1008.948529608687 706.3744684855058
894.8901366434633 1214.5886606540034 836.4760136365735
1176.7027013931354 1019.1471260488406 926.6550095853326
775.004346230387 943.5530219739203 843.7023538392564
707.796677891303 1143.4239272379639 89.47600867294415
1009.7477295191054 1039.1369529321632 1154.3464402823922
898.4642881389135 1156.2434030542256 1172.639987759215
1031.4655678600725 1045.0385233646477 580.0014620064396
877.3577762963831 1266.2251425918555 1428.4437493051782
1135.2471555007996 985.1947033172405 1453.1435841623331
663.3025542335799 853.915839691417 458.90967025597826
1237.0550591839547 1099.4002620155666 122.6665117635286
950.2348476560751 1096.065669629104 1466.551706932379
767.4546080655746 992.7596220242192 345.5848837983683
1248.4253796461285 1119.0411027474024 351.68808218581256
697.7196429218882 1133.9911183601653 1419.563287844034
882.1703925423124 919.7752828528771 728.8002743353378
1583.0423709571814 1153.424965349438 238.30808483916755
1072.562126493795 1193.231320504835 912.4518801929021
1072.3702358360943 496.68768409470243 795.8763432132914
787.3468648126801 1194.9857676977294 1157.7490181753371
1018.3207262871978 1212.2297234123678 576.1602041516556
947.1495306549203 769.437236041469 361.88984771096614
1160.35331535515 1189.9724024889551 1333.5774813331343
901.8851252736122 907.2499517509664 1053.7543838289616
1121.431640069469 738.199876759648 235.68520100077293
1043.817660885134 699.77770284475 956.6456872795285
1265.7742575456762 985.6141936549966 1130.2146643902008
498.28047272578925 1188.1461656492686 1427.640238473079
1098.6883060743678 1269.0498630023899 192.4657819830482
1217.0498226631796 1293.4027953026236 837.3663122320094
664.791166561627 931.5219533112079 196.05930736537613
648.0901384273866 804.4909789453382 1258.7107079894083
1071.4221037561178 376.98935660438224 677.955496082571
1160.116706820785 718.750451734928 364.2942381796455
880.1802681857674 1439.4646929147152 1431.424222282792
1042.7360011696937 980.7214096481613 1433.836335412726
894.0396925249954 1092.9366720538144 1437.5666724699624
865.7520842437159 518.255083862543 1138.4311521225716
847.2604616987412 559.0656717723989 1067.5915156691287
1160.4946751826328 1063.9085610008058 127.75901130682782
811.5117226585982 795.7292473118534 982.5551826052845
1657.7183557100238 1122.6113774885873 672.7886841492893
865.1205944697124 1207.0863282579544 539.7645675802227
908.0501411885043 1013.2397907574662 436.98055742487463
1083.3077253144615 1123.7103108152228 255.14244361931455
1348.0469193156846 1221.1667359430708 998.9390804498586
1108.2498508679666 972.373941335954 1392.2521230237662
1274.5086264567472 1247.1714957777442 339.5825981798842
667.7848549998689 1362.1444008921644 971.0502857532798
988.2665912243096 1355.4401084827166 921.7221115588853
1255.7011201266864 1176.1524497493824 848.31634598759
909.3055543405229 1199.7775920626486 879.1251242213677
461.0006317893311 1452.10046202992 1267.0446817284112
1067.8541218998375 943.1948338193409 644.1832251897494
1141.5662107919616 1027.7248367978398 828.6809648005996
572.0741047865646 901.5414131817992 413.9816979622965
655.7335023588746 1078.0013892829402 895.2470044096567
1231.902722205413 987.6743493102465 986.6502494383789
855.2671834140301 1124.9758086623822 1411.747375020033
613.768310653903 1080.3472116364178 587.6504791686018
841.6728501988204 1059.6609955285487 33.160426588201005
825.077525639117 860.8070431548797 94.77243358922716
1297.0970884623596 735.0544834270524 585.7180983478628
696.8800549196152 965.5484572556666 1414.1863683747388
1523.4882539929167 1393.6912791407012 493.4338299081148
1156.655844074257 1092.7153560970546 730.6184655139779
1066.5266412535598 1228.3166964460363 601.1276810351769
875.4063391727481 1219.2659040972405 958.5709428065212
700.2996720352064 1447.4238839355492 1419.5913593904393
785.6030261973605 977.813561411519 388.24640758839433
744.8635409326725 899.0200935893299 386.8580950841287
1023.2883325991813 733.6208146146373 21.46458395383538
1233.1644680678853 910.011614765803 1322.0633687698698
1130.2328396887733 1143.9315277716958 242.50689041248137
775.3915085708902 683.2732581885358 1157.154843566876
586.1750322721557 1447.307362225453 561.1979717848357
609.7949134789466 693.5756189433234 182.226427995193
940.1475056015986 1020.5385015660665 1154.292414521248
987.2113192767115 792.9693287561591 631.3343215057704
898.2326240502999 782.097439711875 597.2744023249495
786.0889332926362 956.8575273364448 580.7300153821918
725.4860475502353 656.741830787578 4.749332498468428
1146.379565522147 1079.702357614818 877.5483150089061
1055.8377058976723 749.9943603401821 1074.6308422406062
759.1895446167862 1226.4445841472605 364.0510511442975
1063.5290335672114 1083.4324390168579 1375.8260907011138
1476.399323426677 1509.05928056019 242.9028231077285
580.0598571297317 984.708293637463 650.854247207844
858.5200910714339 1253.2323160029014 213.31237838679655
472.44267074413824 1274.7450049242793 490.37348116120353
957.5991528901877 711.4211746653946 373.5007368410427
1372.458511297216 1155.580082442462 591.3281129479865
1242.5453038271469 1172.1170558576864 1166.1194330015003
1066.0912734473854 790.8409489397847 1240.2780413652292
651.8839662386628 855.4361692487323 36.94117867851665
1287.3865157737166 618.8864817688582 224.28423170228524
964.0266765543229 1252.5180399980034 245.7094616359415
1179.4206142538192 1027.2776595904795 19.16538418303454
1010.0489435067813 734.6782401920254 491.4953021830855
788.3155719811305 786.3908295770573 1121.8416422812625
1004.2594771781888 928.8795394184427 462.60471478366435
1234.5812250713088 1210.3576016616225 1331.078910305546
1205.1166806144101 1215.8220701700695 1050.971292786883
1098.6188278150346 1287.619653757982 1198.8927554312781
696.106646916725 732.4338682173814 946.5073364685144
1011.4184088294605 541.1822285634914 690.7452098329713
1178.8182396705263 622.4677035775345 147.17898126143015
965.6420153529893 1117.8970498964784 419.95083038022926
681.5601863104085 563.4172443019137 309.5121264585004
975.3276778039811 1273.8951841864118 587.856301846646
937.5151369516444 613.6068022289119 934.5263284918608
837.2234326253285 1267.1648415018403 1425.0308202083982
857.1361851582183 814.1780587958542 899.9547420504771
1098.620226915461 1109.7048104498313 1495.0507878754465
1091.6654636401095 1016.1131244526474 963.3271736749191
798.5802994733604 1210.707428328957 1097.2194490848951
1100.946830088787 969.5477232867181 665.6917377689975
429.7439998173048 1076.5070686404233 781.5047216118886
685.4194256280575 987.4232504637081 25.59207127121166
1157.624246705073 1541.0990600073476 488.0532881862928
983.9613829955357 1009.3721394621367 354.24396228358427
998.4137566084145 999.0489202531494 1355.4679202097007
937.0517521095845 651.8646444041709 979.5785448293702
1345.984072758428 617.3160644615634 533.5208368056026
1193.0965639985063 1474.4089295551485 281.853396661446
859.4685562027656 845.5603400564332 480.729472174796
1339.5908042282308 924.3781280833455 1077.1679573106144
895.9497853441303 1129.6238130762802 1169.5701639686058
797.5205764430906 1342.3382154825813 112.46313263302099
1134.6161971502436 850.5730871984543 621.0063740632526
1288.9194463810902 853.3103076229925 463.75252493765265
1127.097205070672 795.0004763661702 1187.9420726262308
1109.6694883281264 959.747435705523 1097.1381406132798
905.1731612445903 614.1172425831221 1013.7321741358796
1145.8018443308267 553.0454792311004 421.57419854639573
1342.631194587826 1360.5592751421611 687.7147600302393
1113.6439640809012 697.6250113469187 14.905680510193587
1171.7507883097712 814.5916626984655 706.2192187776199
1183.7961009692633 1309.343629814355 511.7530825332756
1231.4149080932793 1125.3121223473395 1479.6213594863043
1054.1238250872534 1133.9716219673119 43.31545831395395
1472.5008287092191 1206.6233410854404 677.5193136336867
627.3080615172705 1310.597923663291 446.48610187647927
1022.1579840314525 648.2069537905684 778.0052594103778
821.7512732731087 1157.9483079279794 308.46983405680095
565.1567412938895 1213.4351822370077 1346.0161147100314
1025.763388819202 1007.078943476308 560.7242416918494
1344.4428797445614 919.7905198055726 1037.7736988110053
1187.2874652544124 1117.3140189243359 258.7081497565051
1772.6473947337172 637.2353475521713 1001.6132889703762
1027.3627598815551 981.3082209747229 232.71703696016382
958.0506032678793 910.7459302861736 160.11486472420873
829.967181058788 1545.1734137089536 757.8019281154998
680.4458184056856 744.1534982865725 1158.945871058653
999.7742357554447 1345.8282019618289 720.5296082446648
1131.425424170558 1109.0516644224185 757.3837269503008
1140.248906024893 1131.037846681783 628.9918394280438
842.8845838658885 1128.4875002422623 1161.34170058326
1225.3419083757967 1116.5904683085753 744.902456136859
651.9889906055082 762.12467467759 541.5022026463101
701.3653211663585 1046.3381391471046 357.6589584416416
1209.2965616153278 1207.343705632268 899.3554384671943
844.2438697333316 922.0634607465183 1174.3032013558422
1540.8959082817532 1156.8620014960457 991.089698576073
971.4094949308666 1245.7613068445307 536.8755734518543
1250.0925794801092 908.840722274763 1364.6248628780584
1346.2217561082155 1553.5607036921933 773.4471358700619
662.8309755997739 1033.7879345013982 1066.5370703838862
554.6181262963302 1161.0291787388787 662.9051997323159
855.7739615700439 1267.979709670812 81.93437390931125
1318.0952806395007 560.8347818340866 65.93361146850768
762.5895192834776 876.2473954676101 1309.4181344244366
1027.3525525871235 966.6833051370398 1413.6500651070255
726.8677151004277 1136.0178422258361 1247.6018603192579
723.2903982841594 818.3316823717141 1307.154674231677
1204.7971673854945 696.2065789845701 286.53251891092947
988.0506935887349 1181.4216654319616 344.33470202985654
940.3202140571276 927.939576816116 148.65289777914742
1034.4308587217502 1008.3956171582141 803.4854982737066
1093.8999556430065 939.9560165076127 174.8433783887664
1323.476053603119 1255.1500418208548 742.2109714279374
858.9012643643904 1099.5750723411995 718.5688335531605
898.6838754768053 778.9886031264255 745.5056343792725
780.778007520666 975.1067895207632 1089.2045483981092
