150
327.62578641470543 188.63675904539923 657.0731300151191
146.7511836896971 112.8180674947064 220.13723914668287
15.228303775670671 52.21136725462122 1319.5239791398953
440.2880708796387 11.681245828466961 638.8588499658588
24.287275724065594 186.16509802817302 783.7913053030913
4.416591450316358 59.425468844634686 251.62304960513916
173.2467077887373 90.40214896776489 1347.2638298592317
327.8386721545906 156.50841580340818 1025.8852035601685
17.925092796232445 26.132169715168303 1087.722530499503
359.253837248336 131.27191145145989 165.1411978926185
906.1651056685721 226.0827759677883 1489.146050105505
555.7849716673882 102.65956269281062 252.4991367442378
498.5963848423803 42.59313924858942 1075.565056334662
41.18260604555397 127.13517260021672 949.6068097895476
85.12283425187037 56.98280564292626 151.34306756006737
90.25362375621748 263.0583812096129 1089.876209695392
292.1926842073084 1061.5002612582084 1268.1143512415324
105.65373195605822 215.79488301678666 439.8600363528996
5.122306829426805 566.4254402219932 234.2947327765053
91.56601361000712 266.4195210525539 1489.6306416528155
330.37740742335245 113.91184893228845 1167.880060637509
687.9170846895335 750.6576820340722 1477.2127954141326
87.08327749581022 671.9105182975436 971.7219874031438
274.8303799210285 20.292589075819002 298.77889205620573
201.98051507863224 3.7290551408061687 1180.567361937954
240.32657186570714 219.49644588821934 1193.955987268395
75.39915759393833 420.3656197663989 1158.5557071491696
220.83300566738475 258.84665272462985 541.027728165041
562.6082456982169 521.5864681288732 204.77657260402393
156.40068544852952 46.14135170062553 110.4660076742841
57.229659841315396 258.84366739770934 180.22549370018004
102.89540271724633 77.42774212594973 552.3475996007987
127.19883932562703 57.21998859618217 589.0851445858474
262.1364526150551 328.2354606470851 367.3443521830627
128.58014508498908 347.56087348867766 1446.601401628713
139.85506441777858 307.1135854911415 242.9722406538325
639.5382446805437 75.1450166711223 1020.3300019706576
59.80787739935711 56.25309057085015 602.9203351211123
396.35607801708846 166.0840053752747 253.99674735008142
105.3527850176987 366.40630849018385 356.6054976546084
352.7115275284039 341.43027270338484 1307.6906224185068
58.156028402399215 36.818476315273905 392.16669108962554
27.473198673882898 432.4906363446543 669.0941404298492
155.02103422763008 16.02077872247968 243.69219202871312
40.28002495653847 305.32031181516123 930.7296694357752
168.79904535648933 68.66824103940925 1459.8283785586991
84.20291129211137 18.877549605220395 593.7616362969832
271.37171936883203 71.00127638362342 1313.8331101510475
374.8460789663053 145.4519873763431 826.3398936473042
194.24712601771986 124.30432626092869 834.2878820529837
250.51418690400533 297.1718500202995 1159.8212424779188
283.880060326137 203.5828771140722 951.9833313606899
31.432918267949855 318.49054676412453 1120.2384641246135
1.693196159721188 441.49113371393855 832.2780466965253
60.13069273089374 69.19328735547617 819.5775014632143
330.90342253557435 31.120179180641173 285.89504617756575
53.196983517510574 29.667143143601493 816.6924662461607
88.02936419465959 803.3314486348394 506.03225805625425
251.83097042098558 511.68026125643087 1323.8357624596651
196.3136140047888 302.51515220131 852.1492634057798
82.83300992710898 31.25410174252699 1023.9254034217975
706.7939823694354 111.82642601170352 44.79670826453219
34.730266857766665 32.92202729521926 162.759107754891
167.16949388798156 23.674194233709226 1413.944696370388
34.463019016017135 462.61392798426425 552.6862167609488
263.5034456472583 183.310503390234 323.20816010463074
231.78150410568836 149.61086713753585 28.423226485740916
65.1634470395645 366.2722154745173 1075.7737815641729
681.3589888377568 74.56518177281683 1040.4456662131645
176.45530710707408 204.8312891716893 534.1519892376216
31.44604248388272 351.62638840447096 976.5774167996699
107.46065731997957 58.067221070500985 328.2834762419102
195.65087985542186 104.75249562083712 677.7276239316953
110.65216013033555 279.627247996784 1357.9811549528265
414.9512694831284 19.05370214530873 650.2772441665304
550.6227697450471 653.8146837670527 515.2172541220525
517.5736656532441 105.27961955271164 1286.2349761418025
187.97631442051076 95.10133768454943 411.08673092425636
118.04017251101536 151.24946655196513 302.4349324573211
48.743351445769214 29.496233978461216 1338.1258116448148
41.6747805111362 301.458648953102 883.9823139027725
17.345655728214524 87.5020649108918 1154.0946321544973
17.914847639668615 109.95636498859776 453.15289618780014
22.39873701189993 131.33578443566154 464.1441056746695
373.4170650938108 444.3187587732121 979.5454480858931
148.1902799974159 301.01941269198227 388.561201393228
113.46632745260494 67.14740231681547 768.2629077729189
43.696431507345515 138.5826605599055 1318.8152775103047
50.387920291961095 104.2352185975167 685.5534136073925
214.13903007892836 31.432403920168916 42.34930147569427
54.89997170858163 179.05761595212914 1320.6475098114267
456.8625670470927 409.35294485216735 9.241769097066587
280.9570957802777 26.10465256539244 1147.193045399091
206.8636403495411 126.52674001771398 715.6897040034528
725.0175459252104 9.509960077037992 1265.8803217647562
58.978265177955116 755.3894616924674 256.66282871294
268.0431553581161 36.87794514682503 784.9593068564868
82.29426484029429 563.403568013229 94.1196462575003
207.95316553709466 180.5130177807199 336.0578816000199
48.761132283044965 48.15858775431163 1374.6521310943178
582.3724477924321 30.523514829693493 249.23882202690055
119.62364559861093 333.9353208147026 130.00010284805307
289.606003020004 30.332852295224637 1167.7299701292093
46.31228442185805 75.97334416786296 1084.522985317907
654.508743565998 605.8728655094375 867.8747408421582
336.50680203848026 176.85985385031998 420.56809653931936
142.9627372402345 193.1189687944882 203.67277073965755
149.92661260953355 263.3932321732856 439.9446015268598
418.9559256322973 43.92078620003603 890.4923635550433
5.226062872794857 42.60521110480296 200.19012335554348
943.9925063773767 40.50119363370553 69.34437027529377
682.855192749049 320.7844305031629 435.14652016163876
137.9989563230524 162.81767642381357 212.0284980634965
0.0711448391330226 40.233907471350136 1032.1341344956297
136.96815968472978 284.7044045448797 485.9349987196162
187.2893502226044 56.37290056253265 528.9040564780177
192.4265858573779 211.99926598416818 572.3335663716394
162.47012956797093 199.37109111294663 216.49179321534444
671.5117536921864 246.7991060586923 1053.2895086677543
1112.1672392365872 162.42294062814557 331.8261544297389
149.02365342313473 87.37072634859014 984.4123294865581
41.10646420239475 15.494065912667972 487.225606322753
722.8642043872029 579.3984718193036 319.7530705910157
39.90304070627117 198.1308369091994 1495.0321056156938
249.36476897949694 421.090682516864 1057.7977812868353
31.777342329318365 604.4437107275922 697.8941714258449
395.88635148139895 41.53597446902072 712.806934978363
114.45289929934039 106.49091746183473 1131.8440818086087
2.534620173645612 188.84500287787708 885.1462349709509
79.05805516438811 86.32767948118222 838.337372796826
515.8491980771851 15.385895476424608 2.448860339870129
288.0073130056102 36.347527718802404 1416.0176166683432
76.45935001595193 415.0835357236526 662.1456736843925
17.125578453400063 11.807622370474535 346.2369504705238
203.00092040155982 61.30668446381628 664.1023415746276
132.68088110740254 159.8455666715951 12.1682316450355
303.1167759820416 73.79942081723647 1050.1560036053752
117.04947208080102 134.75493558936594 300.94075760894486
15.995873780068878 76.33733097398867 1182.5579456321989
429.893699429042 604.8091684279092 525.1858108858503
32.418522536801454 117.33903761509963 1312.6849910235474
93.69966710666777 74.060959918065 818.5958199590727
101.96815896924156 215.95471508964957 1104.7343032758833
40.85530855743987 186.95433060486192 1145.3350642023609
14.489751802629543 84.49574169622697 323.3238979483436
93.67312772572916 3.116061630810478 653.808976870361
101.67912498150113 85.50307460480582 29.49954974546659
114.13790364237752 1.887989540604549 765.9723889800823
96.06584244474845 125.18318828376336 1032.6007471231048
238.23862654746614 3.003152645131976 510.41232373844866
