150
384.7001221599339 205.8773032076334 1132.616973003666
82.29458353807215 44.98196308249127 454.60601244561377
506.3974323234004 384.2550223530722 894.4899172955855
152.38539789422688 404.11194442013885 660.0354809197132
22.116941432007366 46.94219284047458 125.18722039594671
450.3598474617244 22.560748816412033 705.7731713180951
80.42803859385963 14.064671085852309 351.2133568317734
431.1168171067482 242.828827423646 1071.686847970915
20.00664745301361 137.6409257909737 453.7224227466241
50.889567888591834 427.81719843049444 78.06929931789136
32.46548387789737 143.72144360932134 581.674398614108
97.37512065282064 67.97597826882591 1046.1807694875793
150.52573843902368 59.877999287254646 883.5937828257585
12.321584813184614 996.3452196840077 224.35393706846136
776.549479260688 6.650711606483341 947.2282605085484
145.75403582936266 244.0206242654146 1373.6908200958787
22.385865766875764 85.50174194739756 1297.124324692379
30.87109553641906 632.1686658251748 554.8120560914514
47.34459853434246 362.49494113726723 1421.7646362739877
71.25664699887632 1.2360802779513949 469.7405313628972
52.99859554928751 447.48134250679243 624.3678133750647
54.39049264475606 114.66467655719622 1020.4922373870241
45.60454362045107 83.20645321324358 468.87040505429405
143.46676763695473 242.4249051066004 478.6817671804949
91.295422248769 210.90726983279734 693.6144542975361
80.04003208302359 68.82393831316537 755.3556555516101
255.54012652310072 439.9747468514641 1065.838288347794
214.3106014650732 144.25892394637827 133.6774732222206
105.88350321240732 153.75114293285847 573.8546812383998
175.20263102391033 15.231228402163097 1043.9184409245138
437.81529969814244 53.94028516096198 333.7920757651278
25.17783695853368 365.52585808143317 71.12833691529575
721.4638059431402 99.56797619509022 1097.506663614954
7.738849532676703 19.908422950875767 80.03547600072658
19.889337530636737 59.09073172317596 809.9438595803506
736.367540214261 46.07629954279805 981.6983916908631
20.40323982649261 43.5327907316062 1405.637907980988
70.99411923233131 155.84398541692454 250.927214928441
97.89976466273735 436.3733338601116 357.1108505301184
756.4409640754029 467.412379330813 1258.7175798571598
127.4632986077798 525.929239366337 742.9224413390826
79.90698956203319 106.9481995379673 1112.5128085990834
105.3261990329266 233.04548969043935 992.4695210845864
45.28871842540174 106.89484034794552 752.2279680051121
3.10066738860678 57.0256439071669 151.7625313412105
296.4125375539854 265.16283741961604 826.6932644760183
309.4006243047228 604.2619109853117 894.3726068710496
56.20347489260369 256.48098934677165 767.4366588195796
206.85412773705002 205.34306164382858 294.19860190721437
78.56335982004703 523.79669791225 541.3535371542108
254.81830311857698 333.3140951518955 78.3917634392679
107.4168929812481 122.83595288606088 1287.3609478355188
234.40586657319375 100.94828349026199 211.08554056058642
151.64619135609857 57.27840559564466 309.6933176042593
140.55402721944412 38.98035001497418 502.3078107323757
109.58797796984447 1096.964730122024 419.04315389041943
32.434374453723976 128.92935756157635 612.0816764672974
26.555010968173733 215.18067424733167 581.4348272980652
202.47409463964127 77.99680040785647 1073.3739812097488
65.10524742334295 71.69343050683493 1363.1443817362906
315.7994282945291 448.7567303357671 1103.2168863976447
21.05390923500031 458.32952441261307 393.14739372828205
95.31813984942373 52.41441439310187 729.8523550933837
480.0546121963347 2.4267407810060075 1214.1737884402253
199.71203655218216 375.3898523735246 1394.9993175684424
476.35854546750915 218.59881956793566 807.3495323551102
119.73689098552967 95.95906522698552 215.28181688094017
374.5021925024283 1000.4509127375264 1362.356128515444
118.86621743279866 187.43878444367894 361.3550127893766
771.3500616670979 41.32642504720262 580.204235846417
181.98114104753884 256.40757656414337 475.86776156058784
206.09778616194245 38.850880296751235 385.3403423565792
85.04791356424629 113.17959093695747 168.90521674586302
8.219081627479035 32.94276587522174 1345.4333671910742
6.577934087608965 2.488471922853241 1375.130245685202
21.905536592011025 160.967370214271 1217.2877358769435
373.26581936718674 159.14892941838642 512.3360647422893
56.67208500999602 495.5453642025513 311.69657890369126
148.1156449110421 297.37871432246186 548.1677675052986
4.591168705801293 3.358280605070936 495.03390702813414
24.452869093699363 530.3538029654974 795.1474274438789
151.42579270942636 133.860279801549 613.775830283149
144.68577881251107 288.766676167485 1167.8591443912035
258.7067386268411 128.272491054696 134.29996905116587
180.31554424441444 112.5354947912226 151.63575634973904
556.2359281863988 459.219196926155 437.7819132546282
221.629015425888 125.0755836581261 968.3787661364772
41.6544523079208 112.5705808786527 824.6327784568292
974.4572920154702 229.50339152051248 342.3199203223148
93.85377426344725 261.01128540847037 1070.9149635272197
16.294911124462466 122.16157445515043 651.1411389789648
186.83628498966416 176.17132150201644 178.14010195905118
287.398863965154 356.9184949186758 178.77259801244261
118.46500717530868 1529.8182802765548 54.66901525499024
41.53861267388202 257.3113545358075 1147.7201978524752
20.1167179968425 44.989692453690324 1144.5373312882407
9.921259352670342 81.43594446769949 356.41169065159386
141.89076002916346 14.022869076018852 1331.1059514349142
158.9571272358449 391.0979792653533 501.88430053789034
68.35028226299565 85.2823228816761 36.538213417883824
103.29794890056097 47.85933664835914 71.04990952794749
27.898110244544277 338.0166022651097 1411.8250655888025
22.617322141270847 177.6163813753845 1469.663481394238
44.63320389828684 18.337450386529277 1106.6310946872022
13.069041723525448 74.45009192026104 23.11446525583244
231.99772239146057 191.74092159309296 1189.5860389251184
26.541443297028827 200.1626042917656 380.5621309102314
98.1175063340707 159.34157341390224 1366.0400670165616
153.1839762841868 213.3471865761945 1161.9707733082284
412.4024179538146 19.713894009824156 1183.3744452200976
185.37879685924713 56.132230360385634 311.80069482461363
598.3929642328332 216.6641948337036 743.1566330890831
536.5418296130741 302.34233669501623 517.6230730664593
440.68086872945855 93.96415961268453 1354.5218252345878
28.130125712147425 341.3846827057503 8.614550112098884
44.27025930421971 77.58663372116327 1131.397924600431
70.96662397150308 10.021359596603538 128.37888731073215
194.33271526286887 192.9526702897694 572.999306395118
383.4393004921609 265.5735361794485 938.2424982966952
171.78576559800803 46.414178403236285 192.27025775659536
42.938356294869365 91.068820843699 731.1121507267527
669.6635645746886 32.846123057944546 60.251335678245034
86.28077417155683 236.92241210929552 921.8348953760371
512.6524787141782 205.45797695950165 715.126330268331
91.6930923078427 342.2539430281285 443.22642821296205
488.79019129598856 51.99879935409808 433.605504188092
669.8014717023964 327.1346771179901 451.4724219816311
592.6097459247633 11.842796009731298 1363.8077458991165
96.37086323849834 6.802954849314142 244.44852615646766
70.29447765526139 27.825178298674885 1432.3156800504837
92.22529740318267 50.01589766618855 462.99063910287117
319.5687516534999 653.5894890449159 296.16431890658146
32.166956225773205 51.26423162801482 208.55910890583397
540.2993042117849 860.1074907466465 295.73888495667336
369.33756992984394 1.1454393986571805 320.0981215815183
197.46677344465712 524.2583482596243 1016.4364025714975
74.12614513985861 15.852622927391579 892.9738029717021
189.38146143844975 79.68124072359501 124.66361168717583
90.37554042595214 207.26457915607477 597.8479991496433
344.71749279891634 59.63942384250617 525.2803763289038
255.57248794134745 335.54589397054497 66.84538003971846
37.706400461079475 290.18196649156624 1259.495882418363
222.84952261873542 222.23766655650041 227.1556673866824
7.636723997876108 221.39429842553895 287.3161835233889
533.6325126845753 465.04121587853007 624.1439363879073
452.8331815729145 247.0189005824548 820.4379899555958
7.8455525538717525 8.3436180939731 65.83803338461014
48.534723567062684 35.23521264464611 917.2263249219175
608.5093161474546 69.81256222605037 376.19344256813855
28.331928602269514 312.8515415565001 626.5280716168761
