150
269.98955215079883 167.52418933559176 1283.0587824284203
137.03949256386196 1145.7574025303395 291.66226516443544
78.80927898015801 234.11243596903267 1362.8249907645818
320.16319057681534 1148.7404515038368 553.036711751443
459.4145746913128 271.9915220662972 1332.3367020275514
19.199902854610432 145.22255995710978 255.1733518323287
152.33243021165123 116.94142236733734 296.8439696692612
124.15935126027149 10.020762304494031 515.9295294496732
465.60545524692526 163.2926130491525 100.83306540380855
152.9523353643487 208.20279195869898 1306.1818061093677
191.55611928162224 196.0383055078345 256.71245163798204
65.83671596790754 225.99877510452836 1386.3152537888425
216.7868571463959 112.22877330654579 324.89161293017855
20.5313805094304 164.07753077527843 1037.9391634252454
42.07267359833807 118.89314987351966 1177.299335100171
102.56125712591728 94.0088803066294 1178.755976660493
159.5195986975662 46.85008925954053 1323.770303548156
493.00610290151485 52.553704483623676 550.4003401261451
708.2666935363577 39.52391822309313 80.99353245713931
86.89892892364448 109.8238370117899 665.3348609805324
402.4633055924455 136.5062923186236 1397.4197114452775
399.34761679668765 252.25614200568577 1238.6808719268931
192.20647406236392 368.1639154203252 1097.2163260560194
338.8670323283322 48.47042877820305 217.0092785446457
134.30920362604468 54.239142560533004 678.7573846931921
84.49446220941543 85.32989176403744 1242.9177423980045
155.8183817487175 338.93033242389043 1296.6518614058564
277.46739961896805 598.420875067468 1491.8417114942238
272.0477555352227 254.7519124475504 132.61278162794093
140.3943696235018 38.08625197767227 1496.044750130986
299.93741945742187 292.7285421073443 15.661099761614283
348.3469737602863 545.502224131007 862.3277262638607
78.91368395050259 26.29810934638871 436.0894172659212
81.41815969718633 102.47858846108386 873.4114791623665
465.98990202125003 427.209821668299 1076.64982832489
183.94655086082875 83.29070324496357 257.320526576078
516.8087855124861 443.01311729464254 596.8253543518654
189.89378539683247 229.13377826202287 1000.2270045829313
102.48278174371389 473.40088663967447 1366.4859449312094
408.6201587863103 137.21431335608577 821.5195024660326
130.58274614760498 400.95630574445886 347.01232646571606
64.33222010675273 43.83203047041725 1386.6200434529653
664.7087221081301 642.6899547394371 193.92765512225353
544.531917577989 26.679461162823365 435.8758606244678
194.74837610137524 178.0210203394656 553.7920079381222
12.295357109168677 492.7156652234544 605.0022784463396
371.7478040672397 247.49560236968796 1363.2293472857255
44.64604108605862 164.10848830412615 1134.4612769598543
76.99990687798916 201.39323143399767 1143.4330549084762
351.10733477363584 571.667457673141 320.9530956906851
141.72225154659986 353.09666104072625 1351.0734818738765
4.962884646722513 5.06392089384443 1259.0485279499917
70.98755718429692 67.53837070315465 1493.8137271234395
278.6876857510227 82.07771928711225 1292.6101842563723
61.98043295797212 116.31656599715163 1464.838192685232
9.083983954225328 14.90830954263721 1312.430729274534
100.95787816505808 5.206338302518596 1179.576089735647
16.074290822553902 231.12984541527064 897.9050922286251
6.214144606472865 652.1008738224407 177.65170472228075
197.65248601289073 532.1341234483896 815.9489159651183
102.61514246531718 5.018615864290166 833.2252576818275
33.30036611448542 164.6516998382719 845.6805177199093
376.82763808109195 65.61946246754076 397.3406402960728
141.91952987483592 453.0895845449037 394.523773704121
6.033234521638478 278.57145444188353 84.12560304521033
21.752187661288424 232.0646496946344 139.25088132555203
9.640731703174737 433.5591947112819 301.4673027252029
44.28106713643152 100.59163766690695 971.6601178297207
5.914592627437485 211.25749316139098 509.78548461883327
74.75636022342208 202.84491170989685 78.56816317740744
183.61243347572406 56.16078442133947 1405.344954920054
403.0172587565362 49.72442938703172 820.6438326939699
86.98811917114664 392.4751989349609 1272.6447721190918
54.3320595752884 75.48441065433337 483.94465828002564
95.01573824533867 267.53013272630926 1012.0930922907986
41.52971259654996 329.6543199267705 1157.9928712008173
19.568658442495835 466.36939543949165 473.468553745422
61.14964847455441 39.9054893790563 438.3398216390371
185.70220584841758 313.0754355100192 1414.9179096721055
123.52944920154154 422.3510539615396 1276.5958148525388
371.4786624777526 921.445549254038 1384.0903302256402
248.33122436018093 187.0095330803967 1130.4023464246468
230.15678041558593 526.8811540381988 813.7617966349441
96.00291364108381 136.69077911146758 674.9779078297357
182.49866095145325 188.52417500321044 250.5202401795341
420.11029447465063 475.02003162475586 507.2397881210996
28.222378626459292 291.7414863681337 1168.8140571529116
239.502688615784 539.3956431660616 146.9438195139192
268.48456631564875 10.704647127773168 719.095157032523
297.77161767858405 2.667957319640664 47.67925151452235
391.5982577073459 511.7018594506924 224.92981151114554
168.33044326910493 251.55262345620181 1279.880278755358
69.84173843575913 71.7514480161614 566.8378781963319
269.07426671100114 308.14908650694235 738.6090337994419
154.86911288506903 116.06018181608397 1427.3534868349957
24.65885396301684 204.47469924561452 1261.5269352132302
177.91430526859048 459.2692585698458 319.0323280517336
571.7674819924479 76.26558013163935 688.7905306267749
79.0694795383823 48.03176887271478 176.5170468952508
410.9831143376727 79.3765141391646 531.5266235220191
128.86549605919743 3.608560985384752 361.3590552749649
38.785892649149254 88.47831212323419 3.943262961111138
78.66773199617568 336.1008491887841 1496.0704710974007
7.2322696434840825 29.271834281639496 1066.7940601668913
260.9041813780363 472.58513763006357 721.1515829723371
199.10952113324302 93.13366376539017 1084.2755985308302
192.34897142785354 222.73505451128096 1061.1379739016938
47.446603657300265 163.68832699885638 1004.3879078173385
204.03354211864956 93.45638028860174 1163.9146155170088
2.529723588345603 216.24561449145827 1236.5776167750273
77.90093885130608 2.291374086205623 1183.4573366639609
44.2021099669636 548.3291045027466 1258.5797698320496
8.506710230619472 596.102365678784 905.8046827983254
62.66220425984681 169.461275903381 1135.7487512764083
80.44764923542334 1156.032780380495 459.32769610083994
332.1478258731999 24.083392516812697 409.9659118281642
88.17970107012208 62.89602859385498 547.193290594006
648.4965891595824 192.16323821250617 1077.8496473146104
308.88594218888306 44.66017954783017 990.3070899436643
117.62406475600886 353.9002478176031 1486.1857135157743
78.3413079832902 162.59502944002892 278.5993605221834
297.38654369260644 9.049105182187581 1036.429950931643
135.75364205803876 257.49573501042505 1324.008627374466
245.95130215027731 393.42987372318106 719.973215125382
665.5255785921674 67.3490938408237 587.4445968932425
66.72288045138025 9.260154930073963 74.19610678008553
57.23382362366066 174.38872785715532 783.6896299358287
17.218325560924583 691.6483503176491 1175.1823840174493
21.13012396425642 367.4065141488927 749.8701379907834
63.75289026983882 160.60531252722328 471.38982276387804
497.16815512419004 79.44219804677238 26.335180164928307
203.59846136073347 116.3288473665825 331.9524955813858
11.923408341027066 190.63230873278516 25.950292416641872
197.84240677282367 144.27671973287548 420.77919749526484
275.7751665992348 777.9426331005448 80.44571085383589
295.0569252477211 63.32390120451781 791.3961614700228
85.53532604646608 506.7859564613965 1036.4316760541928
0.8420240385338473 90.77042015074537 1087.5295324457525
327.49600638953825 117.15870114350491 874.5014693118414
49.63879573641794 74.98068349025691 1299.5023614230026
136.7857195754277 87.30910753223085 1059.9721451145967
49.5592087356788 6.9452442870426445 765.7716590248787
6.979667368157625 106.09928678260422 659.1259488831132
121.37114297973768 710.3181726256142 1246.7809506886758
325.1686353378867 537.2717190431556 899.5068572814139
10.8499424861702 276.41134781308955 1038.364810545657
607.501983154831 72.05111724035447 1243.51830475811
150.82532417419478 25.68192610412275 536.7561969865426
351.92412354312376 310.1826693824377 1079.9491176759534
61.0280088545766 369.59685342777277 1022.5988682473342
