150
7.114287863931924 35.51612433637863 442.40908933194453
146.98601606730128 161.83574285171096 694.2508158486532
10.645964712510134 242.51331179708555 1116.6069118278995
164.60523066544386 50.58719605182598 394.61328626798667
210.62773929847808 25.47611227877366 725.5821628024694
8.50099158005342 339.9681929410259 1459.2546613857073
414.3575064546204 404.35046651023106 387.9830226443233
72.668926007171 818.1029298571809 1084.554635607748
346.56306371429685 27.89286411570295 1363.3796154708352
302.5709298446015 42.08803305412166 988.3796975262939
151.7222699984078 202.49970795108356 847.5947396653753
174.57824351721624 6.613391132309773 53.24349634098346
27.183348171975595 124.43083087847451 440.8235220217213
100.3234417402807 423.1585671287899 1475.7462965429365
67.49895899311551 166.09354982181415 976.7500684582268
561.6256451322787 46.35920612794397 551.4439004463914
82.75778922475735 233.5647223566811 1282.710015072999
284.6996452498544 245.33862389393644 267.7033580386683
75.39753384000005 394.89382551893203 653.8463763098802
20.581154513781087 503.1096789698926 227.92740248898548
180.08988240138572 2.914270611620772 920.0229234059756
23.512642547569186 149.17649778256362 635.8952336172994
400.44673001653564 145.28315059774647 653.9277387536491
56.768181970043884 433.886305450224 421.3240209076592
176.37363017473692 404.81241626183026 722.5891353757017
254.80752040431406 848.9506929634738 1415.7244148047112
340.2869415712045 624.554070255747 1476.543909885248
50.17434367123812 148.37060120488678 826.3199254941612
246.92205471111737 36.32576952230144 114.71521282697783
36.080572857484135 164.51134599334353 955.787960681741
1.8915944196779118 50.67493784436795 1178.0271772326862
43.269292249890746 93.0807313109099 299.7105685069114
317.6411842794008 120.56779349192198 680.1193390459039
202.88417048381385 73.94125293439193 1325.4252252248748
42.41648024837239 11.785148135526171 67.95898368233804
85.67741114965072 325.6727027602485 587.8599860090885
3.6874449470932094 9.148712592082402 273.81026766288755
4.024358338700346 183.08208467163104 1362.5319583469504
57.00111762511315 161.07324178125458 1005.8154383509544
101.09457113284381 36.291241019757905 462.9615552582784
16.098807080064724 16.21979349088078 1349.8456055959186
88.94402641484352 481.6572739121289 1413.4319464769046
103.27958169549314 275.31492772981755 291.43603438729576
487.1829501246263 96.9271767879415 429.77732299368637
74.00276721007255 149.87806424298745 1405.6539276815677
367.6976982222475 552.8558438421886 957.7732181849151
209.4441261828545 182.91565316449936 650.8055427187729
122.23543900599294 56.93840834510403 1194.3647690878502
273.52481416801413 43.144216940217184 84.72400022123688
769.436621925946 46.858608068792265 60.05920304083462
93.45442659500584 304.62035739915325 186.9820208330255
2.5863126526994447 182.4282279319309 983.0500097429484
132.4225210832541 448.32622900120384 547.6254280703874
31.440115562296416 39.874053153109514 216.96838497396797
529.0055040310463 3.175755158378065 1289.0227175455864
578.562258338864 262.3439344172173 1030.621037119794
659.6167195771916 517.7389119787522 880.1474515253607
254.73556845684064 203.4641415887883 966.2276081044278
70.263147849778 74.86219000412856 1496.5845760831244
111.33374689132928 421.9712215631419 910.0808431494064
213.92960306093934 213.90035101877655 394.72801354251885
444.07560175625116 299.8390363490669 1471.8432419154947
11.707293472524977 15.744568640848177 1472.984602518237
620.8976762487362 326.652166645267 759.07628684124
584.6212603315295 58.81428156209655 70.73412366804627
15.381791322375749 241.805446065402 1081.655967684317
103.6465646144828 128.85704419595137 1268.3989453148859
100.27597557523131 291.2388214676707 903.2652179636848
412.1519436075066 495.7562633763672 1443.6401678037428
60.600274090262204 103.88231353489756 1229.248401572605
5.094934693458678 284.8114076850025 703.0064953975128
96.43394349126764 26.83688605609687 905.7152353703293
255.35098111605694 194.32332814333088 328.5600958456196
209.41172477738584 53.18241112908852 1090.6490952064908
724.0307460967425 50.73019351726516 102.82810509649326
15.27121434552422 402.9404113551128 1273.7649098553763
324.20137726363413 70.28226669332656 793.6215067446306
166.31524334181245 411.30011699130796 486.767408229824
75.99852712583383 34.24259665128562 1378.413136010906
73.30825363793895 38.56007275418333 1143.2462421942791
80.93294017622952 166.25660217004943 1127.3467218675771
383.8387500354928 123.09265935961736 370.2228599792031
102.41348241690484 242.60870266550344 788.6731521960834
12.563070776634655 412.3098172563843 1214.5636492813405
77.890198233453 600.4135644473137 69.79684436792432
20.571168694878022 167.42628836173336 955.6529532242247
102.3989472549012 1683.870805431951 220.0213396328317
142.19848349501098 264.1446967051379 1053.146630202005
135.39838206314306 311.3910370932051 630.0896493687075
483.0498833484169 15.091040502173133 149.27485931154848
555.9078441770639 216.3943152200285 315.3102933890802
139.39049598720334 292.8405375942805 595.4274076577127
45.66482166031986 154.51932250378 326.52024691981205
121.88763820410489 227.41897976052127 1149.189364080446
81.65384943239256 12.160225065248422 428.4543109361548
176.0403462960858 128.80944180252845 973.9829479040251
22.31919975758364 110.91415685519867 976.8213772309224
131.79268084834598 775.9706064566958 1113.948456524668
334.55578606084345 31.316756219203967 1063.6645978826223
230.74204960113212 560.2548662100735 307.06733397491695
495.9388956965458 191.29400405442735 539.1647910258923
67.4617038075055 1.3681988726515963 181.61690574420354
199.19707161722113 8.916848878845412 220.6680040009706
218.49427581189636 133.68440584580264 470.09656641877416
311.7065918250654 150.18882361900825 1386.6850425934263
62.28435209749746 183.69520438492867 585.7029319053737
189.0680729604696 23.587599482504746 1120.5359402425916
518.7674491078704 70.55535182432429 880.6335911029473
39.68885488937329 49.69116669654114 637.8260261412998
137.5024374947893 105.09048559754643 1374.3266369992411
135.43682011220614 68.9790346469839 802.979229870967
656.2003599049501 267.947294441464 114.53771090185161
206.1029536980321 169.18253774701824 90.57076224287997
149.10039743099588 90.28433160534811 579.0628349748065
141.3634042851704 22.095102474254173 1059.3616870889832
88.35261124594157 116.92339828466636 1460.1625165074283
18.92371540603248 464.0503827228056 1324.2584418405922
161.70423107335995 61.56597272853111 316.7449091332543
277.19475153090485 229.86096912991067 953.980344135869
2.4674823429855115 239.3811717771843 1149.634966097482
177.03843622059054 98.13461186058655 181.95897091631426
167.50572375668156 218.34585220156467 780.6283083858204
48.328163856849606 222.43314493073086 565.7188630746919
75.86761453123897 134.59427906410318 1302.1430516949008
49.79196113393367 60.341826722172264 1050.5748944529068
58.459667765135805 202.03234620513862 127.82560959701294
0.2203305860213855 174.4502140745348 96.7865840423302
166.89826924850027 87.08663955039502 1047.771490661068
137.9535121411783 162.47131762340103 264.3379395255079
108.80148050801435 5.062189695726043 1342.561321105398
75.72531092803764 117.78634082883744 257.95993094723895
318.672343007257 337.3155880466658 826.0982373427295
33.46130190731482 264.72441645134535 18.582378949625777
446.2451613068713 33.65524751813964 167.3787154996863
321.4481927956788 250.65572226508132 90.94418944814697
17.806804471842245 171.89188501370504 1268.2154770284442
48.706683527754734 86.62856308396519 1424.0552186436917
249.1527661674894 93.05450303554329 1267.7497175919175
403.27719014337396 69.3395754084442 875.8081428982385
922.938210349017 512.5421153365811 505.2837690287003
223.81111280352798 124.12376904067588 633.1720051369593
346.4821400372769 253.9190358240712 1394.8083552613493
277.84254915116435 41.15318167888711 1146.6335560691887
90.88230310426356 134.33141946566275 262.4678786295777
304.0690868791011 244.636998095577 844.868496943259
172.9000646813065 130.22467865565926 1038.353374658891
63.48262839355686 346.0302662282173 1200.2073497906697
184.50447628838992 279.16257004669455 754.9294308915685
77.44015985423542 251.7510118439399 249.7569315852476
102.02518445788466 18.63266861113859 1025.4162349612652
