150
189.4746839358103 126.71573931937274 84.07521224097736
0.3963013432292173 68.38641661372662 82.95144725694581
306.16247194881527 249.1435668654373 522.9659672726405
104.37839985462969 441.04581224829803 1059.5130648584156
238.5907856013527 198.2558546320586 1257.8455862464837
127.67342834990161 131.36292604294334 1423.7616092515032
241.20760597331477 158.88187634156262 711.403968591612
234.15219577270955 101.5273119564507 950.0000489784995
206.56885936245328 161.6489618515757 914.5067259536529
373.55364872537365 418.5163091522317 1395.5801826570616
29.646042523102235 46.10223792330051 203.0110896898532
140.00925901993799 346.52910170713244 129.5624434233078
261.7720878597334 140.3849188376717 1159.4774457785863
17.930501399729398 431.24982632667087 245.00205750874605
136.53142659700407 716.9213213561806 815.6460503070965
39.63345989859211 153.0213765033537 516.368716294979
169.39225785204215 116.49313580130129 95.73287076000636
92.58199833827513 2.308879690077128 707.8747706384518
33.18115781989569 150.2593815760561 594.4834398282171
109.57001447008281 135.86884573782993 998.5227830678051
125.64168243513392 741.9063131140772 678.1434392255055
43.81397622744856 146.393273484022 1187.8115881324093
823.7832762390882 114.50605077897484 834.4451080570615
260.74743429220126 134.2490301027983 1138.520186949216
171.12235462545894 28.944242272767944 455.53455217530285
175.1467354010882 7.6238434923858245 1394.0841948307293
13.596689288639983 24.665807821298863 1293.8447199862956
121.92647948206923 157.66380359964566 1028.7229523518065
5.128846012883603 550.535246790045 229.47020035295108
5.21828615168858 1023.7436946278933 398.4220081017183
252.19429147641597 347.80214147073104 891.7514165668642
56.52955244727531 56.281947413397596 63.396444680434094
174.12449016568874 41.924725425628466 200.31379721049785
54.58504705649653 8.245817642733083 790.8864074578904
46.35125793764928 1042.1288296835191 1071.3157671764836
155.6110801851411 20.062963201308808 955.2435775103105
173.41019728617385 22.290586158712436 1024.619307526415
63.91838537804935 994.3135413591597 254.8808779225306
252.71953804804986 186.2853932133916 1233.501590799353
212.823776433186 9.595713834343462 483.06467246521623
95.27079210298433 313.5659615534853 1191.0245730007198
521.5305316360548 46.20640387823872 212.90198526274108
86.46171714606241 548.980956308819 540.7423965588347
118.11021800352393 157.8912501346881 1469.9225883668855
6.508428325495802 2.476666966393614 78.96095165677191
192.1857843534577 26.15427189202392 197.939690418309
177.18411856318554 87.4231345324951 765.101742923578
746.9387951427856 148.63195550751783 19.92031569703062
28.624087785296286 216.1820218367381 306.92335504631455
16.959570745887692 604.5704867858402 1005.7558201485846
181.83044947404434 122.63239401407525 768.3930267095539
9.874623307484304 24.02053401282652 641.2640791981374
527.5958895907412 215.44832570951402 1064.8989472308776
615.6038299159787 20.195334206263958 1443.5557967147204
316.2857996622489 53.01640978912945 11.38035396621545
41.715872593159176 16.74294375856577 553.6873021518367
305.1177365759069 136.9924493456768 409.70568910165264
531.0364010911308 31.118074668619705 952.0570661739953
197.91429984348673 208.9134990694891 25.391194768133563
20.730653509024698 138.6529685478567 982.666076469939
7.895790486515951 74.95753455140596 444.57393046920805
134.8950658458494 59.729785750214404 1143.7872935413152
268.8405083599578 198.60919309470842 1499.697628512744
527.9841968927705 94.40333661812434 1061.354702536335
448.63709736836233 504.2476923076296 925.9843861726536
301.75125619171337 14.611091843760551 440.6636511989758
142.17493780644702 18.28792648075552 686.6140797712519
536.9066483675139 644.4648602448136 419.4385823594641
153.86023474399946 219.32555021706085 1223.9367250103928
75.10774384560153 180.958559823094 1287.4312611238608
218.82617161262496 16.298458893392233 683.9739475345486
185.1916293317313 203.42101096792962 656.9660635312666
207.56615714294634 7.081850248273434 612.2517962082926
662.1225008709022 143.69228242950498 1041.8112338763892
96.12739157848463 12.584840329800832 1169.7036554380948
429.5513795921779 512.9105588646506 1171.763918445051
22.614598081284562 11.447868480494437 1307.6139194062766
17.100807414805054 451.598707000793 882.9197084809341
319.0825740933205 122.95346670713406 378.80717761306215
742.4528352402459 284.6220251236132 49.5167804022536
358.6024391596258 176.19218451411075 715.2085091187671
102.40490349459861 54.37275461656063 595.5069258196205
55.99930521603298 200.4173068677306 1322.0983167087063
210.16051972785738 246.66785190190788 1336.3937952652068
85.20790799469182 136.61498723222076 1211.483517366819
8.729168133002592 111.77555223004956 540.8781320539438
312.59756595011396 120.7427375194656 745.2582148157245
514.6565287717775 105.95563500131522 622.1051475753336
321.6894430693956 33.33321834252253 1476.8143328655092
871.2290835738615 148.01037045071416 1188.1072948803053
192.1733952049583 314.4171540856189 1308.5623984695405
260.89200913374987 26.641498475432336 184.02155036778916
69.93088544770897 388.09869659786494 801.0129847421418
77.78314216927407 541.155370563786 775.6105639433448
23.533531646235815 17.41341867849893 1244.2414342584732
473.39885552524964 547.4909016801217 11.009905418332021
292.59473421166524 316.6690889220855 128.0194687443594
61.715414102581875 162.33783112870663 625.3351482815962
191.0651770532401 13.737212689157827 1104.9743094824548
10.489251071984663 181.66915304506753 1450.9125016000585
122.64080470762468 4.288739074171743 1024.7293687285487
164.38640728107933 338.1151533632895 518.6784049919188
190.21879889718855 3.623624863525548 1254.4391448331428
143.1135311246814 11.123122788231298 1020.6887746307156
67.67614305949543 107.28630492736148 803.1838178539242
16.105790278284356 269.765346025498 1016.0767509051316
156.53351639461428 13.989380625709103 594.096519100031
54.28143993477256 111.62997731307824 571.4603272181032
12.378855799853733 40.690090796262766 890.5861770781394
85.50333980177133 193.742868367337 55.32979154156076
312.6530065763593 21.91204278981457 1190.427848750389
118.43757861491821 85.3699172680278 182.3044843342032
135.43230053910858 169.79281327932074 1464.2493684215433
104.50482365803093 170.5944353136453 354.4493394413936
81.59438483397832 23.156021832779064 21.73188908225726
10.080828910430185 530.4027771469363 222.03620034992022
212.67028161432054 164.34820506576943 9.622300534024186
102.34323678939352 25.115013619864467 592.7732131905519
503.13276335043156 199.90425257422083 1483.9845097372472
39.91949577723351 116.57188250793229 225.87082579904705
577.9011109526698 315.8561760459544 858.1794278171614
23.137631725137016 63.47354341694535 417.84055736713196
62.668928278215 91.53332760587651 1152.7772980751606
9.226041891056317 159.16568296423762 1359.5780368712287
244.77469766710195 301.8714660486062 187.3370554765549
201.251355034339 77.35452889411512 210.13826432784043
12.715892419729252 33.24440816379323 1143.940587520031
252.6456376392782 207.4377336856061 1456.7773335541042
10.235547384658435 147.65358764779938 30.585378867014292
34.46707784501201 48.15848865130082 549.2654594740094
137.63392639039054 22.787080712292955 140.08155785415676
30.917747921430315 429.07850332172825 1390.195604850057
87.3480889668881 239.91297365906613 1094.6390932154627
219.31087985205377 12.774873951339922 1384.5981236271398
25.52414252437493 97.63994082886326 1424.8033842434875
48.679233389228386 265.53509702439777 165.60444014692504
64.9758387970554 242.09968865303395 1087.2143754212543
595.1155197709849 475.8204007281215 574.9747689020049
39.105756601207986 123.1056200402487 1123.5178258443686
152.10072486156457 50.61525634165034 795.2685215441552
17.25786808976049 63.20600675828636 725.5777819562287
387.71128343671 725.6691741916171 753.4589307869751
87.10201387251779 51.68146279861956 1103.5465248849243
370.5030008861749 529.7621969392751 393.32371734125024
109.08188043175491 179.07493255826557 174.44416216383829
224.4797120969929 13.699738345738893 595.7764984733241
354.194961469348 77.56191640591959 840.7614275599235
459.523421493529 33.576647963666574 1342.3313252216233
842.7443859788477 253.49327296110778 1342.199904948152
64.8212277290096 292.0238221104978 1461.0396833201614
