150
80.78576694768304 393.76645554226144 1049.0798206151653
257.65641367285076 80.06679510213878 896.6128330175202
139.38974508540568 132.989850349719 38.808325774437606
36.781936550391485 16.825541115646804 650.1222660124372
197.2193436562186 560.297796195814 400.8837989570215
110.65429840972814 311.59940992076224 363.5397696053304
637.9597010604396 69.13434664604159 798.0476971078231
198.0362321239716 184.3707300008864 1340.6595692918572
511.9096879060139 155.8370725581823 964.9860184371992
185.09162278415616 65.72436543998148 862.2883692167662
22.440652382604988 176.883798188654 795.0688183502353
504.78305983202836 24.011985856490707 277.74531144719623
18.20495109171637 44.99512247714372 82.72755294877359
53.70491833969866 33.50626047419673 90.63898393135555
169.42626383145483 33.37495170844033 21.305596076650723
173.01684056755983 27.63789498636618 60.54880117563505
87.82437521578763 61.55388340953504 384.45453546576675
56.9810504730102 100.04060076497214 121.88347984382236
292.31506813872187 29.895818244880857 579.1737583003835
318.9023138298204 79.31688144369487 1329.8206654847631
13.613834227182602 971.2980162013688 1309.0346982381147
43.16732893815477 16.280000731856273 902.2168794673235
346.5112763431653 1.5277218582640895 1220.8486055926448
145.16116949565503 150.86946872480522 844.089766563573
160.24081206037445 149.7833586728039 1421.946279208308
135.2256259376505 11.931685441305557 23.508331854437458
48.2229223151535 31.032606536084927 542.7745938848263
151.53167569801008 236.8893158405016 314.30400247498415
219.2447448022651 68.35829103534664 894.9161402731305
69.24860268834959 112.08566834951444 1212.8752794811953
36.79401371388726 4.801144497519817 117.71714019063617
121.51084912640111 402.09872061833033 791.4435942503071
42.59857642586482 365.4897085053903 1159.588207443396
65.56214395291487 38.53719496500375 1180.0947328951809
14.052771198040844 78.44896090763862 963.1609207197214
105.83503781343688 138.95108418784562 958.0828746719814
288.42165619057124 102.07138011408436 818.2507439875216
161.05132297045927 29.530095106105748 258.91592153035157
373.4695294149693 119.94824502067823 1007.0321677782078
230.53372161444418 215.33384383205356 1046.3599631053298
30.21766927473786 91.41623302145987 515.2083334800337
178.61552309831055 72.11855211318422 261.6341415442091
392.5075116839627 24.572100669634896 1066.4914391079938
499.9439356734164 96.79089014630227 877.5919487341407
414.4838579791358 16.868421161079034 737.0710912458158
55.01920723658048 335.20874660753697 897.0290081254458
165.48210089708084 120.61907473813507 84.97249379822385
161.17538099522886 256.6070080482037 981.4278282648381
296.6984529821725 489.1341227975109 849.0595738744313
538.7801002495115 381.4767074234475 469.1216620762058
287.0592910587223 33.05112997966668 1462.280853111324
126.23032498700569 381.7194327189188 214.06137455988323
128.79443352908524 1262.1464614517317 345.7425951715803
377.8260319283441 563.0266579436529 1044.798006809179
235.8012389427967 68.50046667695132 1093.4160280604374
140.69556390132772 165.30853459577435 334.03065081680666
82.95722105072852 1172.0415543404424 1039.4452771560548
376.4380355576178 31.497522945990898 353.77585958522815
2.9689876451147312 31.77194408569503 587.0480732471647
101.50797278195027 174.4557260114373 904.6858831283889
22.585317424149025 552.211157674527 472.82079895058973
71.5254609253641 164.707300199419 1187.758877592097
266.684295324231 186.00845907604284 1268.1574524038565
43.060130922688444 367.5401354235696 23.643227896073594
1124.6042730376505 24.46439836842165 1242.5804270206831
57.521415465165006 69.83930571595833 558.834597453068
100.17112350671783 5.749592202043948 459.4158350149363
73.97736702565558 177.13078353596202 964.4857807853108
0.5324938482851119 362.16926601373376 1120.5609671211903
0.33472956506819085 390.64816237992204 19.040598410288656
501.9167743902707 179.54698421100414 164.50493646377396
122.14625398468677 352.2090873847187 1366.9934903073824
685.8708042539857 2.212648898440013 737.7624306062982
35.028262741795764 509.10975343430846 221.62185775449993
31.87909555900707 580.5863897856611 1478.6421282378922
109.40676796511302 46.057838963367765 808.9807340565436
485.57867369836805 179.97304084169988 722.6118286518765
291.7270162161826 336.3368907009425 1024.1455074607738
228.43147387763923 6.4257254120685445 15.891376413271875
178.25169720036013 269.41765318883444 101.52858776624973
82.55350604491538 855.4973553498261 465.49147422578073
140.84675167384543 73.00742076430275 1107.9279189945864
140.2240558463674 294.81734110306314 1102.95527802568
17.87565374910832 159.96955559903031 927.2897485914999
112.94341531451393 285.5807901203897 780.6707399382551
112.00573414479373 184.09221190249764 1496.455727459515
540.445760277879 221.0795095663907 656.7598478796341
84.1555767156741 475.48128056335986 482.46997043291435
46.21834508832633 135.46250600546034 333.37538834182993
113.86993918683712 164.09808267979955 949.4717980977085
372.1131943729804 325.6099317765327 662.6520159819936
336.669997622434 51.68696192284664 1446.1682877819683
633.8066556692124 568.4802236440411 1269.9609987149381
531.6886990319238 130.72699553314433 1388.2990279121705
181.96616654396976 48.32219394997022 432.6857369424621
13.67997007558549 44.65579080630725 587.7383072443049
273.1208112092264 149.29561696174926 1171.7859073432069
207.58912421037707 304.1592896093416 119.95901106767748
226.78695450898888 368.48771225567083 148.71948778896748
85.94101452951341 212.2931511239879 711.4926350357907
335.66605454030156 69.86573605441987 1358.0635389217875
626.8217871896784 94.88514176500304 122.02773165056347
102.04432853970116 660.2131553387395 773.2596667742823
21.461047288035637 229.596083462785 726.1966974535568
193.42896023442503 45.12599329164493 422.12434014125597
183.7176701435497 327.8663820097323 673.9398436256547
304.77427972995497 10.972859885401599 474.549273530893
266.47344140199317 85.103912317207 1051.3160060735472
83.81392408390796 663.9076718055405 151.2053494555029
21.039776093826617 159.77380259554985 1446.8109697385232
56.6524520235579 263.42613000243205 126.4601879146658
414.61417212027857 102.05000413820852 638.4023033251574
499.5364249487559 33.974833472133554 911.6878749379845
91.9925667123086 75.47122135260446 1237.8878494819853
255.07446789006258 433.87062475595775 1075.7337534405176
118.07892898190113 234.31304697805504 519.7292562542017
8.125307908223697 319.20770459605734 637.2792134117079
194.8356150975259 1213.9480370195336 174.32193088982078
388.8185739669584 246.705510597906 331.4437244814895
101.79629089280536 515.2673551441824 47.76632796054886
525.822414264241 58.169784252787515 1231.6982197373763
121.94907564026724 192.05918873181972 635.132481973195
176.72884629843168 52.54019060917433 855.3749341191713
37.43217802111785 386.6796680360924 314.68069245912324
170.6614094045297 144.89019141106812 276.9695241778504
49.69218853249247 314.45767931864737 479.56752319992626
50.675922019817946 228.29566792936257 1007.7288988563067
269.1764793932877 994.5438253039716 303.15848103250903
168.41579655758014 605.674024235851 1154.1867748792
465.7112195884194 202.63953112376655 900.0312790608747
71.11831493295448 300.751958332361 61.16096622482847
94.8957185003807 136.44197145637452 1342.908186732027
1.2266648281554877 528.6141233310863 1238.5728736409408
332.36325705733105 167.75946528189164 13.555434347879036
326.99355184690245 98.87747619202828 791.2549505053217
59.57127761749634 380.2867712198375 290.0826872912864
609.2007166004831 40.9920488470893 478.8874333010932
252.3430670194831 83.23673531841756 186.34535207289443
715.5900487782739 95.40433693023786 795.5329452803966
67.43642682775499 107.86881580553744 1171.4447311455467
472.95578530922427 172.60902717730107 566.9375869235365
490.12195662856357 404.2809862286166 1063.9991437367337
135.96060676622028 147.6574409727809 1323.2776823203992
632.4063404423086 21.18960628595464 978.5543358323437
210.34897884551845 178.79663612775548 621.9460272886364
94.4452905702654 12.79967563858242 1238.5463475644542
84.08428288815027 69.427732092321 1243.9966221245145
212.47024336685237 402.7769226271957 58.54125351331796
250.2921453704705 91.95529545162532 761.2081992106362
426.1239018543912 150.0867790059534 546.9835801598267
