1000
292.0167181147679 502.2229036791746 131.13879791683547
396.46536956984613 274.401132373473 14.344835659274525
49.83334572573654 479.2102257117322 592.0179502546218
220.99251964441544 129.9270261924318 1282.397885969469
49.133113831586364 66.19320176892506 720.0126370310122
187.64342848184336 196.6370167587603 36.2019853431016
42.74174111922468 90.93163296023657 362.830352488808
203.03776330443068 355.28588500401446 611.3093461828869
239.81806321696985 36.4276557709751 355.98316056550345
63.88883316166509 68.17499396097378 614.0047891139524
70.61824230715759 164.32104804985005 41.622483958542404
128.97434182131664 24.506476095975923 569.8145149707095
127.01375513737008 269.12018848724654 184.38894069521388
627.6252054956971 242.64528545134198 729.2570475989749
101.58379586562899 308.4771279295926 337.5608968389939
88.31198468840651 105.27428836484265 877.3290462816258
28.551193187243555 170.39631398933696 715.4753253328516
177.32739886218894 8.799891299860633 138.3486103972229
159.19033744397854 270.43933674720375 649.9851364645663
198.50623651401295 258.30691472481584 1447.0808903350978
89.84376655031001 30.369923222103374 1172.0179701089144
177.2370585773444 67.5454505121169 616.2345692312828
149.5954779043702 184.44478215767379 988.857324824211
335.50305022810676 280.4642813298838 925.5510103339396
209.35461663657185 60.06428151676935 434.1580022905119
88.65997474998215 33.74607045266614 1104.98197674984
116.39713076287694 300.9604539157524 825.7293972216944
33.02492373692847 27.07362461250145 1111.2889422694666
424.97899985183426 17.946882684935506 74.38539476426782
48.79660583283425 396.52620677491046 736.932312756083
34.512033349068204 19.501944563879015 936.0454791988884
43.05911289143214 479.92716886943805 55.11258654095824
71.61685634775523 56.27975003152642 1094.9094549164893
103.9433614451299 420.1499145279563 1045.6178205658919
164.28616744773066 51.0583643633934 1386.7087280779242
805.4626974553414 54.676000650015446 617.377456795387
103.43757794165937 302.8948793207366 68.68999719423874
87.98143068052116 86.38311739645356 751.0276287145105
62.38100225343231 26.826289197354196 1012.734452143571
433.97241283453593 98.48961448791549 1243.0679285698834
418.61315285661027 228.4711102280661 599.5930091602023
501.85590145866917 486.480728855808 490.6341981301971
122.81032471734792 307.29432409682704 32.01668627418302
228.15284016041971 82.45824179222417 89.00049758448847
407.24949735457983 33.32354763284738 210.6867954930799
243.09089026017384 26.238491118166596 28.171199874152066
304.9143631243044 229.73219053107653 516.0139425873172
233.12530530619853 79.775308021942 843.5111823475216
216.3574426913887 117.23951322546765 1017.5700098623661
315.8209435693804 2.382843252163914 102.57247422388544
23.69436769191664 333.55881339982625 197.45330020909773
91.68842140897819 307.1674529866754 683.1651903932634
111.9787404355745 463.0279958001774 1378.5177268806585
157.26732702092522 20.416759052056104 379.8154269977079
3.4821602614654688 129.1922705582173 109.25271322689245
448.6721868856801 243.68447486212239 200.54473900002756
347.56973213714355 378.06083032297386 849.9091634621202
356.8204810806233 10.695024926677917 847.068812895898
300.0183761286491 468.1582654547052 1344.307386704351
676.1566503000004 49.92251207351781 1426.918087588083
355.7428846566785 14.605671585777444 464.1157686019327
153.95766435898224 42.98075952264509 1499.126302818031
353.88252421244835 35.62435892783222 52.27927320609671
332.93560245525316 141.41225828219987 200.31196427849883
30.950096666168225 352.32411337323344 352.764090616148
183.3782025934961 299.0159923028201 906.1916040436678
459.3517521156362 1.994130205272749 1296.8161259995907
364.33389201006645 42.39512416894449 1444.6755069289304
182.40362065857138 16.83698379439696 1407.081468864663
162.07708009385155 456.90809125855185 807.7955251126677
416.66157357826535 27.166071717606055 1139.258809706701
129.05749958190432 123.82739304559121 1314.7187636220679
142.1699986384955 51.9141019203439 1047.6085809704327
30.20627870477374 74.09783152505072 497.6235791612067
29.77032728758414 140.25907416746318 1078.0415817850435
52.92464375613282 746.8548740037252 279.88033796083835
153.1104131665347 328.8818551981293 562.6707478729753
27.97382820416739 271.09674683162604 313.0787319279602
231.27429425574576 240.32628899083983 1437.054447131085
214.16519656241547 142.13882356323933 999.3414065176172
289.3161445062661 48.36107766781854 895.8665484137435
141.8015887565536 25.317349791175044 986.6336995501651
3.59077673467768 664.443000204003 1445.2117490562093
92.37119430525654 91.64156456353612 1118.3847888995997
293.07793547406783 53.29664475118842 1166.553430029196
226.4795790642734 18.979628150111807 986.1043748791917
413.69399522765667 128.10392314137042 190.31717504194967
640.6772644381139 355.53772717707875 620.6854947575434
209.98494787410667 223.77779829501287 524.7234456725687
43.04665569638216 27.348888025611767 1085.3959289920729
117.27745492120663 533.2604942755677 530.850625011726
351.5966011883692 341.23577753755814 373.47298511792997
722.5358686601462 5.488071925157233 934.2166033950434
574.1370456344545 254.70313364005298 1019.1464554048674
748.2086906175166 327.4744344699518 835.1678709400232
154.23674752123256 46.88725306900647 598.2249345370965
205.98152637952302 0.263694612018578 681.5190015909828
259.0208495273485 242.02491009205525 385.2082050944721
149.55367010340737 242.56918452036948 1103.6852962628811
93.65651606013746 206.75224682204586 1076.9549226440265
68.24330540458301 275.7951907320472 448.03322842814515
119.5848128923402 312.67950424602856 859.6340165669361
0.685645657694055 125.81703051571121 114.17502538859748
215.99255412603117 64.17604736693444 1014.4765379405894
151.31110420967323 47.666600595862995 831.29699946768
38.12395180153935 64.49131981688053 1287.0665417486737
477.6686921097059 12.61311281084202 480.98457338387965
196.44161360696847 164.95395118016881 891.5867845621076
514.7551584535759 182.08269239528724 266.6900222362311
456.66171315043937 247.26667296482395 298.0280026558451
231.64631375771157 196.20242991636928 466.72918895771375
275.5935409174832 9.093037411174116 1018.9185470849444
49.578663483696175 90.06479923176343 277.76839164857796
191.4970705892317 95.40760145929482 1496.2301883565376
186.68074104263414 74.22883553982098 733.5791058074363
23.632206083224858 171.6723559046676 1182.6990525429685
94.98961030709957 58.19529048858417 599.060962583749
17.83910970576553 665.3855354554538 1321.2361812845222
180.86315700053717 114.83314682889065 382.79453204703674
209.95697960627632 127.8642701162769 614.2394004281629
133.065014934748 89.85433073693841 154.68646337616875
45.51847422496447 232.4942960503161 1166.5161627636462
191.74063494867195 130.5016144006919 393.74655649539847
457.3921608874647 49.014541637846634 399.63090979161734
95.13236235100239 165.35262655576574 381.34781396724264
59.316618852679284 12.143929817026027 852.2401442245591
278.8820842057641 70.23809136398303 1023.2758205507515
37.47520940406029 197.86780458473046 413.7004111095803
86.0198194580844 33.10722909128355 388.8216612400526
53.397978000746015 45.019038125152186 1315.2411982426663
13.308799335650562 91.98151714588238 83.82016266244857
493.45417039166944 140.06304231026272 289.20383105976737
219.85322307416862 17.626784770878267 865.9808905350845
84.21527675103877 61.39819306897125 375.0932388039728
116.61153003248523 356.35470958174807 989.1743460358266
15.975472524211161 243.7924075647161 1355.8843268817322
78.7849629551592 117.50320017910234 243.4445186296339
136.35122727306006 128.02514186090013 441.7756959960739
526.6637881927517 8.700049535472095 937.5901746274623
69.37515646870592 517.7357820641051 1376.0603512051152
101.8858260141422 9.518684867654464 1084.1977692683101
287.6764019393527 160.9800108234983 937.7041044858149
113.82149255067198 57.756488122827186 386.2882495798024
76.53133808450994 96.99242621986713 673.7060526143966
151.01440518209077 317.28618863231424 114.17938610409834
397.08990834580703 378.0381585282038 594.0604090675644
333.6760702536721 281.07632043829545 704.7666449363988
1.512889401127973 116.27720841861829 1372.4517698324066
238.46098041461795 68.8096624818886 1150.5151358563667
111.88996552098997 246.01958867893507 461.76449091609015
36.59350695733105 17.539560555935076 628.8012757244214
285.49492616898016 157.57437572966086 120.58605504698939
54.93113207691959 152.46147886345204 518.2262326251323
321.7719682714941 210.79506996375247 1029.829522846316
23.540339463846756 22.66351776861211 1128.8827224440683
546.8695677187163 83.33960280872533 928.561807471514
206.8751141592232 74.01223841310396 337.4741810281518
17.613173494871955 149.4487708516271 965.3691147745548
99.14442002696094 54.472845262638195 966.982667447733
64.97820349306731 153.80995637538447 489.6252287297933
158.8534166598019 165.19003373029543 293.45312929971567
111.31082466352629 148.2505621961611 96.45962227545712
201.13450197884598 295.2569340092744 761.3451243551632
289.2145663957396 32.571910507982864 1290.4998263199045
83.75026883926063 492.2401469613891 1251.3265667406627
316.2016705977555 265.7109962341357 895.3611877373334
3.160702231060237 12.654313537877835 92.51789700808216
267.36717596933744 29.539417818471396 636.8954255676631
488.1542073116763 191.34559193233187 1377.6695467123654
18.317960251495247 179.3948202163494 684.0449517841404
19.998931768836552 459.5334801809126 251.22620557677854
44.10196817978573 525.3974760572569 1038.7469356491627
418.23504066279844 12.795311609120253 436.2528650845362
22.556129043590122 335.1567578101349 793.8875524936624
58.615347440808065 212.30788211786358 354.8428864419183
173.80826948823957 11.80351392753783 403.9798916044623
184.6604015199332 413.9329943612353 518.7199419037069
4.734462784235576 61.04538500775223 9.2820142097505
662.0997883528473 136.37639160931934 1389.4393131851793
8.871597920571999 156.78701437882737 599.0126726198197
371.2735561895271 282.36754291886854 1317.981301152555
82.69538731482639 126.85416813088008 1491.9367097933493
34.37761937741119 196.3470156392846 457.0590048917304
93.57079307949321 38.58535727362861 852.5619783924218
170.71382038487445 134.2934995342513 641.0143282708295
15.605108133637756 36.58376318152844 160.17942500599597
17.21620908558106 269.3182298212547 1080.9601981975397
1.9361225073796884 236.20567789951883 1182.2847839069052
162.55659405506248 30.656419073913092 658.9234390719664
107.16140295290464 85.36654615089722 1174.3046946071038
7.795297056334441 170.8602519063118 1209.170992516891
285.1332682910549 208.8958857894209 947.9506033850696
195.0929272142038 151.69688123078274 18.05865559125558
88.57589169093409 38.19880454111777 352.48063862693186
203.55696383532808 588.3735920480657 131.92069034302102
118.41701526824389 86.52636460319974 453.91338576517694
167.26222172896087 66.4098020741018 915.966658396407
271.9954590564757 199.5594853890399 29.443284920505132
123.40095007272444 668.5162741145465 718.8561369283974
108.39068310292363 223.45018220235585 307.4975173521123
88.39334983255922 355.50339129876875 576.3141828649648
25.60807717967653 18.471145952227435 1076.8543571044227
54.37920271472487 176.31809801481023 1007.3737773526387
330.8352671956125 1.296984395690204 1343.7902285009275
149.69165899432036 63.430377495911806 227.62340325721973
258.4558702737038 181.3267858918567 814.9839858737213
56.251367110755545 5.328475344071343 1221.5767755034867
175.2326030853953 96.46164885604324 1348.4335938208503
362.35798019430877 21.95544792755844 1070.567481664576
129.69737876752424 19.071602858074403 618.7053815581819
229.3390910252549 84.43179977678517 193.05163855574946
651.2773171148855 121.86373262015265 633.3109265813682
160.92671972252577 23.711735578474208 486.23161038467987
287.6883731347053 143.895227376639 649.0239928579177
251.22705595496146 117.83209784820339 264.0519042059763
429.62074378196303 208.78094945497506 964.9986659516384
39.47042228115115 405.0140054898124 686.0104054842476
341.4167799573556 125.32364438987157 1040.2414295446827
450.6055551406997 215.74836007729687 150.34314297122214
288.1482560898914 249.58325626321317 324.9731690725312
0.9504052394599323 66.59276524103281 1331.290501930886
121.90231755264087 540.9497030483035 345.91151408929403
100.31421065593726 179.9810566005808 275.2081445047306
26.033084635893882 393.7218624711575 838.6861478954381
67.9853226562258 281.74795229884523 141.92593770173895
95.14920564105537 137.73251616785166 348.9527741720476
292.4324732635241 458.3382745527953 1046.9483664476438
30.938354099634047 102.9547039424917 323.8824053589901
69.42223830936533 186.15912998343381 1161.3908939249525
169.48494929606653 19.095283375635734 484.03587858268264
73.96736904319891 88.93067303357168 966.0306909278663
149.21107290719763 42.18220658077435 784.1893243734016
253.18352922080288 26.939330875744055 862.4960176329463
160.60602006501307 177.45302816090975 1283.2859165217671
503.91555539109146 350.667228386426 927.3640125164052
194.9811424262633 346.23422032737284 1413.6581736013009
45.61207305661224 547.3072712037978 1071.559005751517
51.371189218789425 708.522936213407 249.4701106936657
243.23523082003337 475.3607212020591 439.877087093128
29.638669630383262 137.2503788891515 1375.7886366244784
34.28027769028365 61.85185544925963 977.5381505097797
545.5598773619804 321.62476988465005 482.0388910463016
61.72628717364829 144.41313753270202 1306.3909577493691
207.4010448987309 312.861121154694 495.65427177100577
96.19590759195418 184.2216572305446 1428.2290239713632
62.08416271776341 212.08616572060407 967.8824738218632
232.34001801896574 831.5829109338262 1221.3995771157242
69.1052882952648 273.62154721553395 220.53018765717553
125.20225918847228 9.228482018660769 1425.516886809704
362.6996726436985 22.637234217919012 1089.9050415670479
640.8671013191874 146.3734204811208 963.6335025247073
3.940200225656902 93.72845557050867 68.82844091898448
29.645849743037857 57.34722578060145 1050.502458320064
90.64480981796684 187.11537507693714 62.91603729780848
67.35317696526756 9.807243124857415 861.1351501336493
86.1580420765629 207.59931243089537 499.73179439245223
462.63387671875813 369.7315121961275 877.1782621696262
87.97317213271842 223.0833130767476 587.9017181041903
120.85511883982211 54.562288665048406 1404.1458872772891
91.52312285805033 73.29000659317558 84.19459453635436
220.5510692528848 41.80717994545915 1070.6248876116867
234.1934837624423 15.006299319638808 754.1911202580905
24.764969904978386 125.09473192041582 840.7942334763362
116.24177543524554 240.99295652183076 670.5586710247334
708.8134382357828 63.74794015503038 126.24088435798586
2.8596726385598688 135.55777779760987 1367.020089069234
543.9691775719264 182.38265697771587 423.97359187726386
476.0198860866735 151.8288610669274 873.3204697295586
22.89391514103495 225.386503328406 994.9959224283385
612.2941001043023 10.810727397321429 1404.160242782621
237.51755542619807 166.03659196185347 390.6238180334108
106.08196239333955 77.50590012755677 1247.3577063260104
176.45211185344388 401.78889514555027 154.70990485995
605.2723806317075 49.73250040153145 471.2624393556038
33.516315565468524 340.98697695643534 6.770178818007288
145.90809787226397 46.18136247861449 862.8497474127059
135.92903582038974 2.7666355086170324 382.29614565876017
88.14032174117298 339.7872843135157 344.3017447501712
49.73521282241444 80.64365932100011 1248.1426592162165
7.468588432394835 27.952841234529007 984.8733269201701
277.07057996922236 252.70230602632927 1247.7175372847155
88.23679060502238 200.21921813195917 333.1676969769801
154.3276639705644 7.4415993057853385 54.41421246515693
136.23560441941297 0.44028293688083037 633.3945520774122
117.36228900656296 214.1195566936863 554.8323415788159
65.46422856529563 72.43671594255608 551.9238539812505
13.03922384661654 169.26161009153597 757.2339729694512
11.729897222028312 11.996545205675565 1368.9775809658536
177.02067829780626 229.8801383357656 943.5662140585048
693.5562400981385 9.703270872751311 133.73195211288646
269.8844402709719 22.990925054554676 914.2267914923224
51.544122600562105 299.2204805992335 1260.7430029308225
140.93407956702717 342.05726862064887 1025.2852638026427
124.40168976840913 36.20242722029908 629.3210844075603
259.0765673441414 399.09530742370225 1227.4893874085562
540.5335264389364 238.0515189681148 194.9216634820569
195.29069735310395 106.91724978167905 556.4620792997698
405.224724852322 4.592208339730613 442.1840149772551
466.8728559415327 87.80399644701545 765.7194802403449
2.870486324938503 268.80449396788464 524.9350726775751
48.56099097432593 426.4405310254959 266.2056922255526
22.14102621507577 203.39370065299155 1218.021987975401
24.063833694299134 229.38622105468758 1143.1444214997418
158.6312680896559 6.486400726011937 15.778679551732234
321.6365968107424 240.04769793448793 24.62107046385015
87.91180721487714 134.84499269510465 428.6976399191012
109.3755448169089 313.85939763579944 981.1457519830697
55.111552198161384 176.20344107125422 838.6737608082558
114.04046179059021 24.852788118999133 802.8738803519221
73.5571193416593 48.8357440455686 1414.1089572787964
472.3346858554379 24.18671341341075 1209.037634837888
424.0654664288938 539.752990564696 904.6826474896013
268.015469893055 70.96664153302348 1485.6811400918618
69.60940799309961 583.1742465755478 380.0315029807725
524.0914771808508 117.05295507207647 990.4795440335724
196.96843326465688 210.9533339586776 664.6812748180988
826.1957627147957 177.3813991497707 1399.3583559261085
4.397431709959032 55.50649652626743 1235.6945818380884
144.48408522323317 35.35356622145317 369.1038075763925
71.00767862650157 298.3703470603531 557.9604596631644
47.78950343840129 571.9954596430649 738.3436044841765
86.92879930765308 256.50738329140347 678.7007995553552
29.326978509653117 20.726479807901672 54.9549450877369
33.77914890027788 220.99317294653255 985.0887947203918
7.383157110460736 407.63275136870726 883.5112177987662
279.37194039577577 43.399325464259675 103.64214092137603
541.7458817881796 165.90627330199902 1247.5944058885927
286.89146348364574 228.36676933121382 1382.3133774645194
20.625732056792486 181.55853732804422 1222.0400978574282
24.90318472681832 116.32426018273303 1378.1308686190757
75.8114082564734 130.60019923955286 1114.9423748888844
144.6366558601921 602.1927190688558 644.5624055696222
1.4590470887742035 19.546319965618913 837.5760493256199
117.36535389841076 6.677466288942768 911.3433682012882
312.604392823342 90.6828174618206 716.050920173193
62.85673372021932 106.02979269436364 96.34459165436753
34.337391257667704 59.97749317845926 849.9678861820794
1.0374188156744921 92.11791876565658 1372.5427114696156
385.4634102801938 552.8691487467498 588.9492477661773
373.6857160568071 136.67246832360775 11.45826857180282
24.38816578999284 280.0860435195408 1166.0870205252486
118.37672935763408 8.889718272126684 912.552280915994
132.9313788694449 40.48685368845442 871.5187401708274
596.0906404172712 651.0099636060929 662.8564897014413
48.91669699979496 1.3677276821183744 2.1205453614219216
319.81844696525997 421.43181058866566 466.0658955347619
189.89855979153145 72.01668657151762 148.9781012614827
134.51719708269403 18.057960960427973 391.63675561742315
6.653273602390724 395.7253500045322 1047.9958614365992
125.05276827676435 130.80369583505217 1110.303997297972
90.48037401550755 31.594419986255083 587.8704643114909
496.98560541594486 27.017372559043284 1268.5625706037124
75.12280944400081 264.53476192127425 1021.6328875548835
5.261278621500403 27.079635986391803 1240.1508222724394
43.92993275771091 284.7396491672293 604.2213056235072
73.97564373007586 691.6657775551819 965.0937437139602
414.07609608820326 515.0979993250692 260.08707642290284
76.35612905202277 208.33752497025432 1443.7945539110071
133.95160690996178 175.7252453672236 1443.076090168591
645.9928905696539 81.30982697110205 450.65987551879886
211.085753637302 18.222681869760958 1376.9535976534337
182.73497944123565 381.59884432331563 684.4360201579508
433.87562362873257 214.7178881905723 1447.1668017074749
275.0648886813182 434.5505732526331 1204.6892208161635
42.4605047012392 168.6980859824836 491.9168488009402
359.19701058835574 16.401335029693502 435.11765164614246
42.27395948180881 93.1522532179867 920.9632427711375
254.5980819430576 216.10725083754926 314.62899779878467
123.33876881948737 81.41463442612702 1023.158733952302
139.72763497152195 7.61357061261677 1336.7986888629423
73.90285061085721 19.013283795130082 1400.7786596859269
33.855349159164774 311.9970420952419 895.014036350849
266.86057961895006 60.56599205035589 783.9600717313668
679.6773669619399 37.67654687621088 306.8045163564032
107.23215137500182 17.786546538912575 642.6482207593216
142.89181617835405 49.206325907690065 1448.418352515615
199.16508292385737 178.12304845362826 1012.6466344127111
113.32088544303582 88.72911285399792 1376.5689349103966
4.6009913149908375 447.2988544738671 459.9110518449332
5.371228668084436 76.11990767962185 1117.1069883570049
100.67757596111595 250.8750924296404 924.3286353129115
360.8599073399064 289.9873419881216 1112.517948874839
339.8224765491483 448.3098922266425 193.22044238392667
2.7926491504921627 270.4153268030255 135.2833271266956
110.17002923899643 330.8031614160215 333.46103053209066
680.9112803175105 568.8733553892752 835.4850018073163
0.5007339391936773 242.74287338595778 1391.408893957822
640.9901276847278 66.85579390370097 884.8731245785865
106.72178110278338 126.00967178835 944.9963723489498
83.18880512031002 148.2669336937619 1364.8472003128647
94.30073225732639 707.1251727547308 1463.2134115558918
22.815823139703802 263.03570099830483 1359.3977877426
104.31030637317981 113.02315810540603 646.0072371036445
197.77867019201588 262.53181708221234 198.88066133375386
35.63421188618282 421.10426713225525 87.43709446864662
30.167157519221366 230.12872159324252 1391.425016304995
502.2609811700635 184.94389920133352 406.9281800914643
83.78853644717691 113.74223214245853 986.9890608117288
90.39104115333208 22.54580421862379 838.3762430270313
60.63270695599754 660.6233420686385 486.015076134384
190.27335459590807 453.79293257778636 1481.645107831349
184.60511928723824 405.9784385235574 1086.9558708505328
115.02366936874364 75.67559976748764 1196.1569134983638
889.8314603873679 372.09172513190947 1070.3207599228635
275.6646594798565 73.48378763531896 1223.725305054452
14.862176801163004 468.4155496214335 595.4257175683014
194.8537870272542 272.83477291839705 1329.2584619770298
117.50650771748438 158.24578863561493 1203.5499045880176
91.89307633436007 16.969187690988043 436.3835879669583
39.86250262065852 18.660286832143417 662.0531470779034
158.3045071281165 1.861158774051306 883.3552992064856
141.6376001979867 150.73277547325824 1125.6917904269858
452.59923962906265 310.32496086184887 22.938543255458576
242.05225575534595 197.521744481374 1366.2420623568942
99.93140775138055 151.40215022569396 1377.5694788487951
26.50488034950762 68.4646724047725 253.45946834579647
293.1689064957744 269.407026997039 675.6227082265742
262.99892426988464 327.2880440333181 107.1251466620995
717.2052625378398 582.0079031385735 430.6880940775916
543.8114065009946 271.15695588585095 1304.907835158086
490.09061592563665 131.41588279563706 1049.3542199848614
37.889094072115995 8.460182844388727 74.88608715954386
708.6781653133709 255.74886912794454 260.0996510612076
172.64767315443734 284.8394850549564 814.2338715542903
38.03882153363143 245.96234138659554 1441.5304401569529
75.80421402953141 0.6575974685710864 1236.4035910781115
146.52648235728861 186.82485173183176 1188.8717281943698
78.73875673195958 524.9662529719654 811.4360922916366
313.6041274172438 105.80490217565959 523.0210114809823
1.9186271417350045 460.30965923008733 126.93912778055044
52.65700784917941 266.1816553456351 1300.140857170392
90.5941262634228 217.64101990479898 1414.312993997174
452.5074528113726 245.74537877300472 116.79920667246829
393.22733538484056 202.99419546894515 315.87564530298937
295.57230199479955 285.575956768139 122.35836592915594
285.89695071108497 162.37201516335313 1160.4027550555904
268.73830244949573 390.3812646150278 1285.0815617874819
111.84191923516322 79.44263126352492 1328.864517331371
94.10986970170565 195.1130476448472 654.219208322465
32.972377064547715 254.24031109810278 1294.0427014137797
53.360111548734636 155.36432833626313 284.9747073272349
176.59027892739266 789.3649897376766 339.45879335124954
289.06173269262615 210.08250581955656 1453.8109016704077
22.495387074460943 99.46255831356706 423.8043124586371
143.05956583571168 13.510101108107053 180.08507003352003
69.14852763756626 189.7593275529354 640.329563353747
110.22365694143271 408.75448914116276 1115.2063026402243
247.48531694001534 29.238254724030167 846.6664130344489
849.7112619171098 136.7075932559178 258.47968209011214
64.60262242612231 251.2349161635376 1086.7380364053736
615.1913832913143 99.82523198131258 216.3144990370165
255.501402523476 13.41091953985692 537.7626327421103
159.95010848335346 45.48923604969225 1062.3171969151404
5.92672034266295 7.54182902414906 1351.3193200555215
40.69788424654292 245.54872779226352 1102.8316272223158
58.687398370964175 364.12250222345995 239.10479638706568
38.6961385156673 8.231749856816583 1068.4660964655884
97.14208314414444 238.62607012239755 462.64800957164454
25.65133912046265 733.6213716449881 959.5303125836446
101.63745491179317 200.27829639355872 615.950998466924
426.57807511685985 22.28167281961488 9.946560309654517
840.5058900284985 141.6465600274679 232.4508809913336
70.79146840594977 251.06603822482305 1399.6613861244148
13.205697612186034 320.0118448978275 397.54400137339474
214.86984894758035 197.2386808033993 1342.5245826353416
83.44103143978914 8.463992684016333 1279.9920928275653
678.3338380629611 348.1597088971635 1398.7759756445023
7.80203330221465 4.543069145801793 178.38685647002077
117.88684231902342 293.2510842918189 171.63468687763145
478.46120016958184 59.62235260498813 237.4125999208953
44.852786056881385 122.44733997826984 575.8245606929718
164.26985906634135 228.0022767558406 832.1904726759778
13.752106160429742 356.65757462937546 1386.6407846988855
231.6792037380536 351.01419245317066 1393.1323502861453
138.7551248331145 127.05200608278804 780.9960831476727
48.61124624794012 14.6771374234834 473.5188548333889
282.2827279523253 33.72274496129579 252.34277704918506
44.808847659978554 205.04947486753414 1409.6898962997166
117.88355356588036 443.4567321661477 281.4325511502572
32.23985582606485 190.6791114047785 440.9012922821858
393.43680086645236 138.104808237264 426.6963636475207
19.44411979267753 460.8276238108483 545.9628650466112
6.149340838531132 285.9161559599598 191.072514855004
66.65237750184382 20.45173491993603 822.289433557724
152.23437421368624 35.79302733326937 1420.7477738373996
342.9396005333565 211.41440271286163 425.5900272663823
219.34289919542925 97.50212155900023 17.046168704536235
31.991487331029116 93.48356474377862 880.725930268493
11.84764045206521 110.23861809781619 484.9573169025549
462.96973797243874 87.82469477465153 562.6359173994786
729.2763077225056 216.6342937267587 427.63668038817934
245.66881787512798 126.99514279254758 731.8575353377158
271.7447639076827 171.930011800348 475.0276681595325
10.154906885167058 676.5013994004792 759.3062689516031
382.55548920917784 697.7052336428079 362.1996580996875
23.408116782628817 12.419582113840603 1209.4211479605672
15.58036534602458 630.360084943751 1078.6211433870906
1.4958637570526048 79.1844854750921 1301.7925341264545
40.070973619763414 20.921552911874986 1497.9707944847298
664.9618715025016 76.70400130104744 663.0305174927707
365.33097373006996 29.02871465495703 923.193589307706
227.02824383347883 285.9580458484777 243.69402948270442
19.437647322357968 63.824620024659936 69.69335952202715
232.12461835075172 249.43677146402518 755.6150078241951
30.54446847350049 181.23827100895403 991.7469386278915
41.83072330678597 131.6705194465492 1378.7873082831684
322.62341562365407 62.352701472368025 104.72934947277157
62.819756619067356 43.14956437054965 424.69169651019376
3.166145742423122 311.7110283341925 1018.4052145061135
186.2218496529684 82.18065485375897 1117.7805160462408
559.3258560945286 183.93101886715826 87.22392875222523
122.3995715114083 63.81265700225253 915.9673075561963
31.581418878829844 694.7854174037731 524.0039861110185
165.6927152985968 518.7700952267413 1417.3287580752399
51.07564251108846 37.224841848578826 1236.698387063527
377.9693239424094 44.486503636990406 1079.8279246737827
110.85799671989092 178.77803647102326 526.295997098591
525.1177261741981 133.40614511931452 1476.7265275333211
0.47312948987542197 209.16065570613344 788.455230526772
162.9680928872193 112.80857089221969 1104.6482042088844
9.622866912687217 384.29507478038295 1041.5663250972798
83.79805102449048 45.36199055267447 319.20921411581446
95.72541549751871 4.097589393904712 126.71948088140623
111.20836012135713 181.74456530931963 1241.9194741320734
12.432091001413372 4.023828208248247 1328.7889877619075
532.2592539980618 130.36249171085336 122.38877109622737
67.75547894480334 49.245074661417945 1062.009593330498
768.1656014707299 720.5962920270982 1156.1778483518758
339.1573234457685 77.75523057036735 120.55105695714336
372.0980789001174 131.76089904449643 1076.244318376395
244.5917245831073 3.4593591970706132 995.0960058268703
76.48508347873076 210.58788284029188 157.81225961987687
324.43273485221323 113.55859266283544 1403.5651645041373
125.81968256980703 52.64326853195406 454.98957869208556
192.1762379357413 70.38769413220967 291.1724991943973
7.052459321108734 321.26856822565827 1022.8596413894246
116.83159173954267 25.092675086562448 603.4578003527204
18.89432130529767 94.40387016166059 440.407779198526
114.05673220193304 69.43714465231702 711.9437875730317
163.84801124226775 276.808482364714 701.8516156583773
10.498419766483066 374.5256078482046 309.8627137739578
127.59168204946863 336.56768173569304 966.0957799635275
94.1182389249589 251.8530337684592 1149.6560050814294
25.90510113670511 75.71719368179795 674.3467811181498
496.29167876244253 165.5090673128313 963.3197971907074
254.91027576484706 20.49920187924742 70.09891886963221
99.10481698684902 152.42550474452187 464.37148448322347
123.62185281063871 595.8863075438439 1172.2811520079936
381.66907867830275 82.10660513381018 326.4235597759558
517.5533174450541 154.96145599291123 1391.4784079463475
560.7095579439193 403.5274940472623 1403.0872606095268
172.7138317374146 285.6587187156875 1156.6370456307188
51.26989947633061 158.4411727637918 1300.622881300486
358.87480137319864 71.8809446951075 388.2642882368216
139.00150251096065 368.177952113598 69.57532095174484
118.97597302545546 115.2907026721568 682.7350498806235
131.54884187659033 159.24037468325093 699.8195152738191
48.01707983341966 131.67502976622615 471.82227421132524
90.56889258781214 382.5730112774667 1068.6220809869599
323.62895128193964 246.3261124811123 782.9398006707769
359.4615599979561 282.1032718614791 730.9539626165323
30.605385344391077 391.6533650553821 222.10671862883447
109.20264257656538 1.7170851630004733 973.3087841697542
8.31272431850774 57.14845498083096 1484.2898131971929
113.58182494311812 223.2900899945696 1154.1452165140397
113.87436916846359 147.7567733518998 1362.4763899861453
411.7741135361006 50.75490848001725 1322.5615072908654
308.29538142762715 53.83845216080088 494.03935763171006
100.74295822821048 82.19923442506135 308.1575685006664
153.3727582710487 825.3935258690992 532.0304216516251
71.40289479296338 280.61533766693134 33.309003475931135
7.845051415732382 103.75836149324338 238.08120591161318
360.94702619817105 169.68412025842713 1178.2246368079454
52.32550125940818 17.531038765161654 635.2499075969478
126.51036628620002 164.97190073190964 652.1572123142162
331.35203407905493 209.21785419625616 1199.8288319558756
213.98413406798304 569.3957143655961 1143.592492417457
105.58258718176295 531.5107547129461 1304.5454845808263
162.03841571330446 26.685778787787722 462.60174983176734
18.570655647121296 241.47206833645106 907.0220244839983
176.79908285548848 132.56608739470596 1430.018439887803
37.38302003118913 375.7321490259649 1042.2115402054117
271.65586025060935 687.2282441145161 432.74807096600574
134.20021437056445 139.99645819068863 989.8477178051794
76.32095353506207 830.4698134348365 734.8975853799254
84.1151392724306 209.6669511547756 632.6903582951504
13.728492597194583 1.270122677631034 507.7454171780546
115.15626663839392 58.64730350495344 118.34363373193291
174.90164235934472 69.40140767229519 1293.0319959662993
19.768266930649986 35.06553886967058 381.0274890330708
82.8362975777888 76.96399504099543 1401.812663611968
159.89898499161896 159.22711750410963 1423.2461758553422
203.94056153160406 622.2928694471004 564.5465493073324
302.8682021225047 60.489758466851775 563.8191972362326
49.233424377321576 150.94256871703163 1013.6175649110762
23.712368900694162 563.6280606567443 681.3527142090496
55.71239626115809 371.52406290291043 510.5320603819435
122.31205518241445 158.7390929286717 814.4200420638867
137.22481309964917 22.766234644219466 539.6216817821361
34.79624347379057 218.41301359653835 1324.2813354078435
257.47215676662387 295.04311178038586 445.4757154241663
53.70672982567183 47.37877025966096 1428.687424047137
59.376110792523164 859.6346096238325 122.67779773279392
341.378932745888 156.50175554622717 550.8103090068729
132.85979535574947 459.9462015584843 356.9687330045336
182.06009216580662 68.84002783193867 1399.41644939988
270.54666985676886 78.73587461171284 92.5433817714899
50.151589022034294 122.99202808833442 1471.3410858545371
540.7192223164949 261.0251573120555 691.5308188217704
342.7766235218495 22.173915880173915 110.52260760908943
77.56953682223575 69.79178523381559 962.1558874600664
41.32006470412335 141.57613203796734 1369.773985875798
19.003864087826706 41.064190764753 1117.1992015099806
448.13283080155753 127.19945811013179 925.9899549241467
93.10731808529438 78.40929726484077 1265.0590581983463
489.55385711306167 36.03356554912338 1022.3648206557476
0.8485706646335155 37.788153091083934 364.14005323630835
26.319701439101667 397.5401308885584 294.94884019884955
418.1436667508069 149.17915425872147 620.1153288296083
35.584107190796324 84.27398345565904 303.10382907697624
63.2071951013787 99.75879991586466 1094.7645243232623
92.77481010664653 144.93237774278063 1022.0493416495649
349.66983437260524 71.10509511164884 132.8098014627994
21.32065456212909 77.735526806816 604.9118591816708
104.71753228653758 544.6114471765086 1164.8465944786374
87.73483610476518 520.9847979783154 174.7999733415586
373.97745019284224 57.40495155283434 406.20577381459435
406.9835107551234 252.34156459175705 1270.4287919529738
34.37995074978497 221.5256558080879 308.43496884845905
90.3195480523158 75.96987896871357 1320.1770298732306
8.83220839846154 49.538078208899904 566.9147633561449
103.47653901170786 91.04652752495707 674.846882215562
225.83614547353017 98.40242926363904 1192.0210657427729
169.45993254100972 585.4825971497818 1353.568260467649
107.22376133114125 492.8221070052168 516.8139210979904
8.11218063723023 492.0346394967352 761.4830585740966
278.8274963917894 42.2996920858843 593.8322332440974
26.023849968460368 137.43212676130392 1425.0308853293816
133.0382048187469 38.57107938997889 597.5765451193356
70.39359335225807 85.89650480125964 10.592721519342152
160.24472306783517 293.06002244318137 476.0567988563866
17.887964099939563 326.51752714975237 696.5718322169103
827.8894843016054 7.102006495037888 1458.1694959524802
95.05261783791948 868.1179324977217 462.28951956468313
61.368893011748625 254.19618952295946 224.54925005609044
11.225107451522208 203.72338403148086 752.0350725167806
218.18106807906275 116.21840448071916 410.1223074586051
218.38859804244458 369.8430425768193 107.41832504160197
166.25268883861332 293.37945336738454 1041.3106933835777
397.0425454644929 281.2917735824724 334.20483358220065
99.09448366941038 57.47158236242586 243.5195206529434
112.44774972652492 133.6230856151885 866.3793064610118
151.42021125633266 0.3939526866004904 286.13083765844976
19.83226788474857 108.73879272745643 1291.0578706313393
63.34994939333257 211.4557960728389 983.0399004504658
38.0412680738788 119.94679111236297 415.61796858303404
109.24040170889873 217.71149587218238 1223.5460823919352
137.94768686871117 57.94802737760173 1131.7159072980016
24.30797152924496 165.95233428060573 1210.6762909363956
789.491731904393 386.51105028590115 22.476386442916496
296.86679653077255 767.6971213984349 909.5785562044844
204.44711699618063 591.8241887191424 218.4132553950387
155.6898522441686 60.281241211429716 196.41474723894854
50.05857649281479 122.34540411589947 472.5748755055876
84.2696664676284 100.09975782043819 1224.2830873782816
160.69739372745255 12.352954819445403 85.83383976703107
128.53771072197173 163.12499864057287 731.6882599104326
41.39987389919575 1213.6556386019258 374.34136691052663
359.5408850425266 203.2384815304917 1158.731823204164
663.7207782176442 87.95342155507264 443.25138952884015
162.76513547604696 80.97175345547491 1222.0195238428398
34.13299354781691 28.892509275977346 521.762021088773
463.54497193081176 85.91609142898918 1373.4979187832662
109.24155696317584 781.245730511987 635.3511218480478
214.5601712323127 151.5896993773763 909.1012905001236
23.462614053431487 35.57827088042538 1389.7703193325424
107.91248154827117 44.637769614674006 580.9389299473086
169.3243345944337 313.4225449019765 148.17758275826958
100.42201817690959 62.76166112356232 350.7145579465203
78.3590182142532 2.1251860531305424 669.4184827723993
128.41275984349778 45.423827192299576 589.404243235905
400.2060960331941 70.31604534089136 474.80515569208245
593.8482028541144 4.840354747240705 662.3979839510407
259.43722962126986 30.01699698153142 846.7976080775819
156.7065191299183 109.98256359388353 313.86109900130657
204.28514467680955 220.1327827707503 507.3231031388844
51.74390493172556 62.69680547954274 572.7905872099661
8.611789068082368 281.12055494745806 901.2100358959688
410.12276996065424 189.86181398493022 1225.3451012668093
93.7262183656293 306.77552871527575 482.3007327944007
119.17450332185734 162.08556070943877 1480.9137690571758
30.1215430664207 339.03516863563823 614.573304348316
206.86018722315845 78.24975179170974 103.61729405640968
40.77923423907106 169.78949938321722 227.82162243565418
265.054574927621 7.647701560357728 1410.3135319139067
470.9650133289243 275.01772814863705 1378.7089667227856
446.7756491219962 29.89619381299783 662.3246437678562
12.635866549183767 29.335871842926615 1088.0443838558244
43.804707665269135 800.7850140454681 717.7727598155791
22.26945264328273 105.67936111545619 63.7367955848302
413.1901224763227 55.032495142764745 1297.2408442870135
111.32910611876939 515.6746577004812 1313.7410170168173
964.098121964403 437.51067740259913 1140.1732111620574
323.1550057175886 347.42475269803174 998.3551650038196
42.782421637913906 85.91098915498456 968.1178250600876
329.96053982932045 3.1876525863451355 85.42128776801844
298.597593352719 121.20381676091041 558.2023974256684
179.45415563546055 269.26852174871976 919.731275564872
118.24087667883394 57.97532271443207 627.9621234525325
104.15886382776314 398.7343928283814 330.988108722905
25.694005870048777 337.63078459178246 616.6043911871604
209.95012181568148 169.10420224302695 561.4565600631022
152.09633506952176 139.80833612638065 306.6115784986682
262.6436166169537 189.64191481354845 961.0200348144995
28.22874024855084 161.38182456886773 368.8603035654915
551.0237173765995 149.88948637117488 1352.0638889671666
245.08261506250903 262.1168533797293 564.0056287597911
89.93131687272412 23.729526010398992 797.5309496928668
90.78435979296697 89.01567751885159 411.0114491955823
143.54286930035687 276.9756000477478 660.5270205412431
183.71587500756291 217.10418286462038 1055.4610884731144
109.3393409626547 395.67873167374955 908.6239131091544
275.5310126240358 221.51075769620826 811.4330206221952
397.8712348179127 258.6213211043082 572.6543975128088
24.387595099586242 679.8544330007746 1157.8333757161804
103.03498166506846 194.58390187004025 730.839972532597
80.66534614695739 142.14964150079993 506.20711560697504
529.0755925299176 134.68732490631484 454.7392664720821
77.85807271094755 497.24896443125584 313.2896519918496
713.7477132350289 81.65814948791838 877.9671468817505
290.9406033310135 306.56952803667843 1039.724912402012
528.7271270523005 30.537929265068293 1396.5621647034593
0.5450194617339235 61.6613673466032 609.739233055019
167.51468580112507 97.15797024765486 691.3832589714958
420.7641185735416 55.752427242796834 659.5206012491022
704.6248223636384 240.85351158540914 252.24859811254973
125.65594160394002 25.792401106413287 1212.7131510577244
183.72722427817544 142.3598286094277 9.432767205887927
724.8701142981399 81.27556606933206 987.6558963202089
479.2083007828108 172.25391292549196 258.83080516047664
158.20435694295395 193.2861680823093 941.8079198084423
40.2454678118539 652.8814280636763 427.055373941597
8.50764570119826 204.56227239565757 171.26333156685973
1.9163428426249673 42.00978156858346 1466.878061924309
186.5553655653512 245.50714717677948 1147.4437979008892
29.473914761131255 1.8434212442221165 110.72479070648228
171.83441747893227 145.30440882917398 807.3486379315507
249.4350474844364 358.71356734189936 454.07588703313655
98.40643654439337 105.67904283820071 690.4100205969806
289.09421231862797 161.75188186554757 956.7534920319132
76.0886490553473 229.97598479518723 750.805897473979
248.3465692549906 408.8509442100014 468.4350185180367
343.10878334560266 43.20760866686432 1050.5925741695055
139.8318003294885 38.800062116760195 878.7879527755981
217.59831639036412 103.46180674702845 1313.430191760099
257.15658537511734 59.19501172836017 1198.516159590568
854.9542951181838 36.250835720273486 877.0488500387141
74.52284777104799 153.10464424754397 697.3897501827533
45.96439992317743 150.04425071476993 1225.3135667674046
190.2399800509364 204.199765984291 601.5668768170972
307.31090388233446 984.1025484933855 1191.0439717705467
351.3173836952185 805.0791618178749 976.4068426182151
52.84943305061849 34.85748314575277 1125.8955071640955
361.127211818687 147.4445181828646 888.1352596684633
174.17009812809357 23.094020805966046 1094.6438748864819
185.19071316518668 185.08276529324266 538.318840904478
50.91662057717805 11.059985642382845 1420.2420432126346
48.20888230664879 384.32193535453024 652.1320257249109
69.74363711077562 27.923671635075305 571.8178205770425
131.21632784338527 74.53312861825337 518.7286592051508
17.26957532545597 178.99921271583588 861.9272903904423
226.07846413654778 83.51006977937641 857.2679617624381
240.8724902643375 250.68512582143384 458.8780101993001
220.1223635203084 289.27108016205096 62.99558189142973
3.523727501660179 1036.178289264842 475.50730145027234
577.0595886700922 90.80739232751671 1493.4431818546996
6.2577768195131505 24.00345784801045 235.38251723091747
53.93609718115056 578.6333870444447 606.219566485632
66.14275609349998 571.8090594063493 448.70235499488433
784.1943359389825 335.8873707137534 307.75260569749634
206.28587874225337 4.336796904656776 496.34839135864786
295.76649181150356 229.64696012390044 444.37353665751334
31.328415683815624 202.09058254370996 772.8598132560054
62.036819121866785 55.04058688068645 711.9531303827815
186.0672847668493 113.5236252820999 64.65027778448228
276.6826248349334 402.11953678550066 548.3291818312039
100.86416372454788 220.6926134281898 749.9578243081869
34.63090383753247 11.930210868048887 470.4035921252666
40.82555327241269 345.723664832361 1472.7632032872418
229.4318044378822 76.19817283467545 1000.3922222832068
177.80387821565859 698.4139699287507 702.8374771448523
53.37218850572778 130.03049485180014 1249.4366524957857
163.1484735874241 433.7501497771697 775.6811766527658
31.595427281577198 603.3329242810054 893.0369503925946
29.41896827286866 42.66125659085934 551.9055437917654
148.58588812673594 29.957633844275694 108.62028093568105
35.97624794358312 434.9330681801403 1082.7540570300011
453.466394532271 496.2246340332339 657.1197960712132
33.936010468343575 290.42181693388073 547.8086290884569
464.5856969803889 488.0301202201946 156.43049980138073
91.47020436035929 177.5343873291303 2.661487263326434
152.58035681844945 58.8112396329936 1437.825820214336
84.71828553793084 553.6321726494829 1353.1405451536746
290.5817260853715 326.1364008858251 497.0971292332499
71.54700212749036 467.8380311840131 1266.1504033018696
68.51547819152522 483.311384331197 1305.107138957878
224.52698835345865 164.7095890770201 259.19295004895065
258.05438688922294 162.98047852127527 1290.2460980910491
83.94641874899136 344.70582333266975 527.2920772734003
50.05291639748245 57.383660913856986 1131.6146887538018
231.58480099399122 81.46612065002851 94.8068131489857
138.1392686805486 11.663119840464645 434.5966013449302
37.41804777828848 228.99397395677457 110.68098116295455
129.14057114751057 86.60896834664614 423.89327535781234
453.2116557947379 245.8532192718968 1051.345580827663
103.10724795618738 20.17627484164461 1204.0494097953451
25.708939283390166 327.07875045358355 1219.4461640790728
25.2673053943992 505.4007212184902 484.50670608386383
693.5780485176562 14.89463082149705 291.8483227981911
136.86823341923187 116.91512908210424 302.9673930361931
235.22268692511855 1.796964195435063 845.2903286280116
6.25343325715779 178.29182538732277 106.74407892845666
483.1736482742011 288.4649347349113 1304.4166820122796
307.1739693686848 489.85972693676007 720.2791807838802
26.180488771621985 107.38828912610361 888.059265134583
98.60956707142206 219.46950121177701 856.8043292344621
1046.500951688491 35.260821792643775 963.0689717312215
191.26349447395225 260.41629810103564 1347.3197557714916
25.009877166783863 181.4717181248583 936.7660537964438
234.69493036639926 218.95625193729984 284.0453251016731
496.52366008924236 191.6855904613441 570.6097031708765
195.14276948820878 143.84629558095153 1459.3179819467346
181.67588687472153 269.9213198161621 1098.8344208840153
152.93061542358723 654.0722143093141 1241.1989422386328
31.4544374578543 366.24015116162957 1212.116623624752
445.290546971032 297.85179548693804 661.636268513449
219.0311226505124 130.93487253362582 1473.5654437250928
16.028630103830405 77.79062735327312 811.2014699176187
236.2919421689015 167.55266253257807 574.8456854093605
57.9674223405985 30.463575861346754 924.8245633069386
198.26797460300313 172.00933892132372 1080.1383554291901
352.2022461255616 252.2874604352327 26.457310641751054
269.51887342774006 335.86719246968687 480.26311592600734
185.6643716441238 466.2508440906625 983.0888683825751
159.79475549461065 267.27504209679273 480.3112590941639
5.684023523883408 110.42710813203773 491.13933801077155
114.77980741150463 1.9092211062597149 687.2429584209091
54.28633575012712 258.17028929528357 20.89902981737263
758.1979500195922 119.17217299684589 431.37097258250213
46.708226273035265 53.66434624316065 461.37926972876204
1.7250899148463703 67.05570341563197 851.3241217432524
258.61131119111536 331.37301022811374 313.1026439451185
55.601073274936 163.9877578218417 1374.8120818554135
2.4809660784402037 1093.0691838985804 415.91856439801967
493.0273067236534 1.7792351586120094 244.38884468752465
99.87236643206788 341.7860127391731 62.37892957299979
205.93454251855988 242.62788865796762 293.96691788116874
97.7743880247253 239.88899387443888 735.2738143478774
68.96302784186126 17.535582857006958 227.4691879011732
222.68802490963958 67.1588112367947 1236.0356073852247
85.36031926730946 217.28571051442196 1231.375090391403
251.50451151102283 215.76765762281244 384.7006703935649
123.9090261324187 154.3358217586528 1069.1227249123442
240.8270225614644 116.52449540599588 1124.6343078888688
333.4663972381381 70.25565889408102 613.2828844873278
122.83921144249919 27.424025378946958 1057.7054231258974
90.21847115206056 272.38849415532354 553.2242271914337
165.7474360464452 182.65552783299134 504.59870572278413
679.1153523698351 220.46206566739062 491.2867509275717
155.0131015033848 114.70402686888757 591.1516329683699
10.176193540373182 192.65234933838923 1424.1434104401399
51.225899554427926 186.6957260506658 1116.5081463203471
44.376984991256464 218.28274104227106 23.806567489513263
145.4155066682391 41.40630020538719 1344.3379544053735
469.1178681524254 36.717318277329106 1219.295967115018
699.6362533608401 3.6992175073427855 1289.05742141246
550.35960071132 304.1608510488589 1264.601673012082
86.2004629451226 5.651076385234983 1177.8567763446697
512.8891585923144 98.60917239058728 1005.5142436456953
453.6215645127819 34.470017919568456 664.1937546367785
76.77051666608337 49.927673284817516 71.03783070629827
585.7034569105482 217.884342725553 452.6899945637599
240.59516485979623 186.9201569559915 112.52182595494997
25.925545731770356 58.17205729699335 483.83899745634466
9.392410656184177 87.90358856159516 1305.9249411293129
391.2944790660357 56.99230981686166 344.3015698982516
152.73937993421413 1.4611639332347974 1488.470416167488
299.01440279901675 579.9565973616717 1208.2997914628013
96.11414637746024 86.94008593724043 1359.53608289874
182.4571378156121 318.73039916929804 1204.5772154866277
122.08587732932128 198.98989003839483 93.82770860141099
312.39136723368784 168.09756654207376 1273.7412322858488
300.3947068144339 204.16281483742912 1369.4615306558844
368.1789495859593 22.409293101667657 972.0748432125647
174.19114540834542 99.3368461293809 1490.1701985039635
73.30764635692957 231.19485582171527 1486.50206519674
17.574322167611154 35.667483085942 940.0621933301339
149.67481648318574 101.56445301703165 159.52327125351113
440.5575743426368 127.09550394974151 87.13900507270544
8.305715571516432 20.609361669520098 351.46874440345164
124.70007487386852 817.7267225936096 1087.7875536170197
106.30246030811333 35.78202164491896 1265.1237586622424
408.50790568102616 33.88735365149033 673.037496796617
245.03471619670907 729.1215961132307 814.6932965689857
435.63641511231464 274.3260526383079 868.3458923032682
11.356066117937116 83.40341258981559 742.890611831382
21.753509532644255 44.49509022824089 1100.9971281395128
43.68638407804076 54.21372140918789 1418.6744553834285
112.01461113812168 145.16986348675417 588.781074683071
13.177284767917241 57.4037131708518 1330.4522366868418
51.587008511906774 415.99994148874106 597.437588569014
71.12345819932703 92.61998145409882 479.46244591887
58.486804503306765 189.3591190332329 1255.9146538595107
97.59708346684569 69.0141538734295 356.69985146526983
66.41420903517236 195.73995076414303 706.0400265280177
337.40106241215733 147.41838303096011 1128.570287154904
42.87954648049318 281.83642639725235 1046.9984931470137
99.64999240572425 642.5020411561468 469.05260732745904
202.0966785481682 478.6772475435759 106.0147078198535
90.61862139920648 289.09903942094775 1075.508214163065
293.5836716388657 29.308797198252652 737.1424866964899
9.894640914703213 116.50545396441878 1046.8003114737012
138.34796108524148 4.332674261147891 228.19156082126435
46.44680004871931 24.15108285989259 243.27447839058752
50.265421434938894 483.5651628885014 192.5011346019029
122.15126733733098 154.21889879437205 1218.2928539446639
2.258003899588882 44.228241391876665 895.5097056798558
208.26216211477808 222.92504642161921 971.8508365648592
163.6162397219166 150.91371812388044 306.65255313845967
18.2649718202015 68.97629035635697 75.53880304276694
19.682944877262575 52.38227211297585 823.072459529255
147.35197143272512 292.400954588664 600.2868218862756
803.0539724401219 129.98975445115983 450.21751866065404
319.32925545162465 90.1557148142089 1118.7623581818993
327.1759195028596 22.657052318055737 744.0461263527327
59.56071028284911 52.287358163091035 260.0228616432765
19.81821282003655 196.831788039801 524.2287933694557
113.46219206030771 3.577953061954446 954.2163624053893
388.43456512380095 68.90502593932709 275.87314565482984
16.68440550676959 177.89748577915975 1385.858204401588
482.52246108237085 26.578230021702804 868.3036105905167
379.87891265512104 826.8869756024342 233.40890672670878
63.216771917462786 479.63940927461664 317.4600702721237
379.3264956571667 34.65274969208886 1429.6595320078475
119.16819335330669 16.538740261157418 1278.5067213751656
296.1025243693552 236.4475740200687 838.0489769379695
814.7429250894655 38.1100327413009 1343.7597158666035
151.37893206132418 132.82339482854542 975.5465327924203
81.55449357780003 360.4530006652094 1119.2549396686313
233.7732745279154 687.3990100902769 443.1647007595893
138.14871065860902 153.66213752596357 1296.5414910308316
266.8691100065154 440.516941641126 1130.1016712308874
29.650311057190688 303.31674483577893 341.08951379050586
39.337348252280904 162.9967401218077 210.8153463044873
277.0762737133955 60.98829449022899 89.69958497234387
80.66184433986982 206.75931517645537 1330.3352293834434
16.93913134209414 109.26554061104379 580.863537432794
0.3527659949182378 364.7579828199126 756.4436416320488
266.6792145840979 330.7719017682209 903.8413932848784
0.7738667893369132 535.7156699626698 387.72205862421634
317.1323767228087 102.96195314766618 183.71106356911326
120.09391656266892 39.37780564251856 74.26011683058292
364.62904879464634 366.993101559186 951.0447344372335
103.1838119052187 44.573302461704806 1022.5637840859022
122.93733495092363 39.0243788060737 844.0735140662349
433.0938245814249 154.77197109693185 681.5158698860995
368.7600110797818 216.9589440319822 7.232372754023498
4.834432106640862 996.1923964813698 1106.202650487373
67.56576650703443 146.61027133715316 94.56711293903558
46.52925522008523 178.69590783357174 1177.4421970050762
459.8152810349215 14.411438250384903 616.0855852799643
298.5942601198481 138.2085703242808 727.9666776407698
333.0732197677363 67.97551675350176 2.433499569897468
26.528875253443374 73.34713338862822 523.465231530457
402.4057282787931 123.7147638226426 81.86354281929981
182.95516280536387 777.515496463141 700.3437922909891
335.2652395210925 48.54772598987383 401.48315224101066
79.60355100005492 29.42883107227144 1202.0988948329739
151.33414497083336 130.85486180931406 945.9473762464913
74.78020334460005 5.509431468830715 491.98144478205995
105.85125546604314 727.3807622020468 58.98817571652265
459.54110618257494 335.7009273901643 785.7832674867393
265.7323857848227 296.03032184477746 735.3498370603721
278.34547242986906 177.5391384636285 316.33809348417583
56.25488090122809 32.716742459944314 1369.528912534231
268.22961344447117 86.28474853104242 754.5455782987642
237.5663780233844 907.0137765504157 1128.5158428885268
585.9947150488902 275.567622625054 344.476781023549
447.02593197103766 134.96682177053617 1226.482749813901
41.05358205032073 69.79530297104994 1075.9096862405208
266.97629672900825 107.35402347854863 1354.7738778703406
127.46822202202308 71.81920392421884 578.1318173388988
183.22849708901526 127.45321546525025 754.4480669558586
22.841045582404977 113.63781069884962 43.09425852756943
10.321785385547958 8.361920047499428 975.2119793090959
132.41204732291484 58.24585276035747 993.3715213957299
50.941670521388595 63.91847227436516 662.5123311009306
120.04779403465766 236.36919251467475 88.33066018239822
50.32107489523312 5.545106044739347 669.2925757447715
220.3423765735172 3.8032242520731576 1347.4428688143353
