1000
66.48195021927467 41.50658946532013 822.5226397774426
85.99052270547155 105.36216046200333 1425.559896128197
398.4712231956894 457.7790107812897 74.68229215410099
247.2240954264843 95.37804403277319 217.03136267720402
546.4083059373097 12.420840153898535 1379.2257356791836
241.40420669297126 9.247573903569895 821.4106217035152
35.01925663279722 100.82963519884328 1043.3413213529534
46.18548774408656 10.807227941841752 294.94888230134
45.164246196337245 323.16556625185854 549.3562954763572
3.100266026761046 352.9661404171503 1321.8747145950028
263.0007882902278 46.74654217718482 1075.9310908455586
71.52734979572641 455.71293947040584 321.19522367698215
92.54370432179769 51.76413942745043 574.0623695750033
63.06982411209782 166.91890503581197 503.6178304878089
376.4202142104199 77.6973645112823 1183.824635503266
49.45258253061927 342.6503980034006 583.0680658078719
16.899300516464677 252.28031466429996 400.82801658761383
173.33273917124262 77.97456923537084 717.9037302791926
45.7954648133861 96.7152267304434 1245.473372388233
196.75746730505918 58.63864659390602 904.523176285004
72.44134560655013 653.2840138432625 75.69766878971834
82.15424578909253 266.9008668198344 539.5127956146863
186.26063270387652 18.73973377844247 1388.3526171898006
165.13309201816114 187.09086922109753 418.01572252962313
414.55375703668255 36.428292577154494 1156.698532837936
69.01039410510374 122.35401502653542 94.24242136958854
32.840967990886845 67.64005534046777 681.4456533095405
159.01191402570007 53.159844906292165 1289.4299423502857
143.3186318522024 234.46426411997186 1133.1305736055012
206.7752803373664 55.9937417497675 852.1780740977539
163.51642187021255 17.040497579079243 233.4551897154708
215.85441082417992 86.19026509939104 591.1190250258842
49.16285560008563 633.7778100645626 471.4612186385543
111.81634041591006 86.29329532700571 182.12339787478825
227.90123941596133 216.82715004864184 85.06432104378048
177.48603677605794 348.3820273698426 811.6675973825071
831.1047183209778 439.3302761311879 149.75798151595848
16.348971942809023 129.18879661476103 410.0362465971815
4.209101150100769 1310.5727345647733 1070.737146488822
118.24612699042262 524.6273740240264 1228.1027479995678
792.9030931871206 497.3431364709304 726.3932477246753
140.84354127237864 43.11993234469521 381.7419337692326
181.81874104910108 44.62459381725856 623.9102936516782
272.2417080428659 183.10623718377957 661.0753962459298
142.23206968795142 88.26209050733662 53.94285994460596
3.9105248870139886 245.59007795956612 1353.6823969217853
530.9812223214143 41.49519174302589 840.4181734824691
200.15661285439913 38.57680068919166 965.9801970534681
334.3985812862467 46.57837214191929 984.9019955953232
121.81522084598515 597.8588999915335 413.41894778718586
253.45038278407318 319.06799080828205 16.518613081932752
227.22217643768582 442.61734365187004 519.2252130887531
61.43546439335219 38.41113966637823 1234.9599303410496
27.66414745234217 25.88173195908205 11.612165712408196
269.25431130148456 79.79566351827549 85.27718780231008
185.3447230541311 206.35008219836007 112.93013811070846
64.13889856189637 409.6701978779518 165.8922501938649
125.00697260573968 418.56543601907026 156.7684381233848
138.29905898760114 314.2650643858751 1431.7503569015103
39.26469369693315 160.31587675112112 1473.3863726646514
203.0978619992573 460.28777546183886 1156.7058485909488
29.90974801985395 206.0085450599032 846.3658470736073
194.8256055612564 67.87867918534876 923.658962439226
114.26724605425709 288.8105789362329 1439.796766730736
345.8072789880479 153.62969246715696 506.754242272446
469.3571825765171 83.56496951942455 713.6682539119046
57.73286730099984 506.62705808448345 1227.3051127423437
207.7292678771479 0.048901261934509554 862.4617827464388
139.7412566958809 60.04875813467226 883.1112436783029
328.17584651695313 57.75426954423969 562.9718648978912
0.27280184734766383 44.81979346168597 988.9215108461995
3.787245773240306 139.981018861291 864.9013997047075
23.926413637930953 338.89526401145173 1104.8149699616945
119.10112052373336 60.37735826562373 896.776888709628
343.5270971167345 104.83841701296876 1049.7689574958106
598.4069203864849 182.91335350574676 445.91265128996884
39.9446553871716 222.18760390690804 564.2673727358604
8.494819467167876 96.94116244048134 1205.3427442281863
242.6910506511735 300.03926197617733 990.637905518282
199.01141493412018 533.1897544472433 1040.687515871095
104.04136211880459 102.28408574884757 895.2981990578176
78.36934705966331 277.8510205750033 593.1781623779387
60.02069930883569 105.12191768847427 568.4221827611335
66.32479674687102 66.58081302913062 204.9093100191492
47.255045157093896 507.7995708295865 175.26073380793565
23.351863672176286 106.42944448142502 497.0395485334918
52.26464154546579 380.8030736167426 764.3806123250122
70.48037244849202 101.79107143730575 1107.4164523455374
144.09371400947003 55.41957959203512 1035.3130955860026
281.64784962892287 62.753573401890364 260.40295095738776
95.15533415684271 17.035176343150425 899.7884364839448
212.21746678121121 73.15546486955618 193.7987229308001
391.7815651225094 111.94642903845913 781.5803849178303
548.6673399811532 256.0128198868291 67.67425101098856
102.01553835025648 316.99162978877 970.5915348664702
276.54260708807413 238.3984589618922 547.4000670348175
97.99129855300362 695.3152411867968 745.9516296534268
72.49202387790969 166.24015621823693 297.8247601093583
168.18054867005526 292.0302406462626 838.8524221487177
86.8236181414542 242.17623007781356 918.0297062494849
36.26231867804774 48.170068220372094 1441.5599181842185
288.55047560889875 3.824485186047688 538.1044608013511
438.5805180117048 436.64600284777134 1317.1687128166054
173.74757801035648 125.89000038519637 775.7919318308885
61.895696297991876 2.275117721853487 842.6526608600567
783.6100576940661 300.95788296633054 354.8553894545805
74.68724384391625 23.242663654311393 959.1194111454843
47.533288389945646 281.3980492230673 983.4363830984635
304.74895239866373 119.17022918847042 373.82031263539835
95.6677169660641 572.7961848626212 565.4994870089662
40.27423109147919 216.78296637399546 1252.2440621905128
259.6499803847492 115.99823976667693 1321.3810174660646
99.99820206843212 343.7443468957005 1126.0599110109742
15.987806149295828 366.67718446943627 1106.2169862637081
103.79992377746616 10.509496876158293 1063.2418120268621
302.667239572238 316.0774324089909 54.623833702233114
179.18499605863272 38.5348338480966 1368.8106595519346
374.220096794346 81.91286130124678 536.2856410593912
20.427031115857673 599.3431895877898 1067.0596147567755
182.09370328482152 183.57935066663683 669.0309962071308
96.52452172497681 64.1181484251133 1052.6867053766864
12.117320765872535 666.9110336350633 492.6067761148363
112.38765230966604 391.9521850104618 1259.813748810984
365.70014217666443 191.815199535729 454.4768332444262
13.208192760737859 257.9961268177214 1056.556799489962
52.99630608621179 526.1605477113233 1426.0833254637832
1.0045411346194768 47.64550594540308 149.13817463035005
329.64131907911025 118.54680703865795 933.4974656171257
537.2017614266765 85.12291787959467 1349.1261423729459
151.87042556158227 219.8345968500246 877.2221180236959
505.7576455704385 719.302760168282 1386.0470305522322
57.19188373742286 15.931298171434713 408.7922339677896
236.71416336568632 40.62544949939546 768.8566796142741
3.893576082124292 48.91465743360522 1378.9251441137137
419.0401674255671 316.8247278229914 131.96354536129422
90.83528365039506 995.5407947142126 1215.3205491663962
146.9147716578758 363.1009234484415 1308.5260941369686
57.530474911966756 42.71850590745417 685.5789527620278
265.28571634135693 112.90514232743078 1147.5470369712486
319.5659476135322 542.9996280473628 967.6879757920894
61.134316128091506 23.701421136070262 1328.3198625365292
30.56277060633833 28.077233562493596 298.4008515553137
153.47767688077096 16.600409390981188 530.1601725222323
41.492202817045 4.813762650545165 1416.4118440647394
549.911253419498 27.6656686423443 1067.4294349210559
351.5253763820184 37.973711185297766 32.913092527105334
337.08137085386807 678.7025529848548 743.921116351447
42.961946852573426 21.80964151535145 663.1035476949683
353.1442334787468 60.973336720329804 1018.1356647714425
55.64024726773691 209.95783408442296 967.6359624575094
530.7755971385121 16.87978518638579 679.4435352781691
703.9121902770413 292.73597156714766 1063.9829674620346
200.63179523084784 177.1643015533535 13.114779093615802
110.46292870567105 199.70225159655726 1041.2398953121422
692.7354958271357 229.7628614274879 627.2550458966406
104.88951151687091 8.485000122214512 949.6276909137918
76.47958241564388 148.23045600329064 137.24683717122215
45.494246973458004 57.0908593420391 943.1789952287133
351.25236424235896 63.024417689395804 1227.1159932350902
889.9984838017679 112.93485092138984 1277.1268750923482
15.04505614930137 240.87666721281303 1327.3510679295744
318.5909434454559 278.3653387061671 3.8559084068227056
137.39536212948312 156.90065298749929 1174.4158098485295
212.7687333732896 130.34806380242924 549.755577913557
449.49039017978515 46.77395389028784 523.7522092863445
230.7336096748599 76.33938679531316 26.885143397827214
269.75824555890154 314.61967054951293 328.23457386496796
214.18883257390883 53.21415650554422 1164.775858043226
217.0768508364609 93.44504789994592 1413.0264800360992
90.77797435605022 70.08271389956906 804.9303309191195
24.66106137191805 469.44099513832055 101.552259763039
351.9778587039956 101.01671441504263 572.944934192516
51.52762233813053 602.7486605515609 885.683129499768
13.727635967318747 276.1639480860245 522.9246186268338
81.4702967757853 286.62901901385965 1027.895692077956
28.38232524137963 201.10243533177444 496.48855835792034
859.9384612747085 309.96925056991716 1258.8991587025434
200.30214187377578 284.4327240970026 424.1046141106988
77.04326788240733 507.00296713126625 1373.2016507691194
578.9146280674231 94.89053293937918 124.80192644793375
31.661172478764048 1231.77972833625 1272.8093541844082
939.9507830257171 104.524975328324 688.0469853593577
172.8266606304367 31.03063382302849 1317.1263427580207
217.4175816669033 346.81732917372574 623.4183134927514
59.70692260835775 227.39305059682184 697.0147367086431
738.4497986672518 146.99729384555943 1260.1268735777066
154.62069667300932 231.1901666956695 635.4718300237134
619.2089118816001 42.64848534093597 1117.5036682243324
64.81207949512832 87.62712956161212 1445.1534439010045
285.46772194801827 76.2151679608239 374.8507525483342
806.9037901080485 382.31792764939894 66.2840931674129
367.13990614247734 12.166965394286528 785.4820738320229
373.37868096359637 259.75224460890763 1361.8090315079235
200.17984259201796 256.1018092583579 1299.1503962307697
45.99716092865316 55.810378481105026 1420.6737350744215
5.216563851623702 12.346861341861725 1178.3993858315096
224.65910237656072 754.4957293641187 144.19976314268618
10.4280742023082 192.56472868606724 1044.1763900528056
67.56603440971197 182.00677644286202 379.94996396031655
136.809986035347 433.87125370655014 511.43744258328036
223.34266384675624 17.128138425686572 269.57272235134826
30.69852337314074 525.9582835860064 535.7966739394625
73.50716638084303 396.93403352903425 250.99546760977253
230.15506023894363 79.4060509359397 117.05874186830201
89.2740400810806 183.43894393437816 96.7546253268517
249.67540365228817 61.486845225247066 624.481854995405
199.25017433438427 121.25849138094773 716.0775386281143
40.221664914793124 45.923493675799016 1077.25898517853
216.3310492765516 109.15591741592432 432.00328467978255
488.594671332817 193.87228580943056 1373.9298794836989
36.095780799629715 476.0656170347507 226.1412462961826
14.110225176793135 205.07465398132553 506.159611931434
47.7023247714443 666.3379807383068 1362.3992264446172
339.43684099110993 111.21407151515135 154.35523386782413
55.03408089128585 76.55385410343624 1072.1715838903283
49.62514897297217 42.594561934030715 283.2538651784579
234.65525091231535 45.01510149435853 465.8181481276706
23.034978329302913 72.01990217308403 794.0881545122779
173.98355010758542 2.0555290295642363 810.7406164433861
293.19929991489835 23.36210312686396 563.8986089056999
1153.8698715673338 85.0126753360089 874.4669333241875
153.24972546475465 784.2957405789429 75.37514065101935
38.74416702104433 56.979353742670305 1121.8788821953876
446.64156865421444 210.64336730669365 1054.6801197020302
101.89738247965137 221.11999443725824 652.7132048814256
416.8623162474967 23.31421604760282 88.88687921082872
125.22713404729085 46.72805178322446 1457.2826870179044
15.787209667258539 235.34625297078273 904.6578302681893
3.816389145588202 119.06563208652041 54.34263608449247
107.28266586013207 424.4322504013703 777.0736104109742
35.442820127232686 236.48067717627694 789.0348083352528
12.997794678102487 6.385682280151894 1428.7579351860402
167.13455648288132 354.1858854460422 778.2308511659579
108.11552860936071 332.9443233724246 384.3982239982806
39.888364499835355 177.6855276451349 924.3590346121289
166.13289796133094 61.91414430618707 1038.9168175014263
97.8003898919355 168.982812454718 398.08240404916904
24.02780183181475 14.166486448092867 1154.4792821633312
301.5259925207667 488.06542833182573 1192.7433612523423
73.20299570297387 251.94957812650833 172.62424163506796
236.92880212121676 5.100958174952134 607.0814814285811
14.3272665950505 457.3819658406879 659.2231495542947
90.5913942346498 290.0502097366706 555.5335150988082
141.35712014798943 750.0022360294176 456.7976846620831
59.38334579886929 81.60348429724795 1337.1647389087998
127.89028392221536 145.63278850210258 1460.8688239293174
112.67113098403756 610.3436489880082 571.4652083092315
178.4400185373752 451.0154595082664 375.9181047027672
27.559958572669345 53.947572038565596 885.3730421258211
184.44573498373822 109.90136788388031 934.4683588130666
305.49337580541606 455.0016967764881 126.76579878995214
768.7350032657871 248.64393026942432 781.9931202074843
249.45100505312752 165.16038612192165 1120.9584614481028
111.31835032312094 401.2588028001458 889.5229795453375
29.616668286446014 33.19891336261166 1025.1177457624997
351.7272326058739 500.4322901049384 1268.10686910023
301.61906742848385 11.460457863982176 412.66668740261775
47.197115471478426 332.03103446752306 1031.4477513601332
300.9689878584071 95.95920283112417 323.179732746974
128.9775605302469 348.80718680307 1237.623464611361
350.07573705785325 101.96892879480069 1471.4520089985208
345.83581835117366 37.20100814993833 1256.072097584529
1051.3848264453602 399.99943459739666 789.883694770549
69.95469332078325 72.92858956406938 402.08189513325124
219.8632879924744 15.959830834369749 202.4323931142428
32.14130064860019 85.557059300918 491.3966414662647
113.93321888275887 261.0834042976534 1048.5581768237587
93.04598676619604 128.81171546274447 279.6787155369581
21.518133577149097 33.13428423364625 599.5192568617742
102.74233577870473 163.24841735933182 619.6656528430135
58.06095222521647 98.52305523807601 763.3415040498521
26.5600991774442 1.941441809741556 1474.167105809966
241.65177119329985 59.03310068093683 1206.9119171276302
33.36439228536012 791.357963989177 978.2278434412942
408.4829043229099 271.65126895693345 1353.1746617265778
6.1697730585192065 40.07004150654568 58.429102030765954
337.4493575143456 117.65782437105318 446.61861017575103
24.304043152299727 310.8203186246644 675.5465633648535
535.7901423418855 570.1470568931828 1328.5845404417291
91.19214841918223 158.75539732607544 1373.5437775655137
61.7841133881746 26.071778411245898 302.18580380961
392.7388038091058 146.4526957728 565.1573929431215
187.31139501778176 11.887142275805486 1103.5077462558927
21.596449941688476 52.8314971656653 362.90979923038446
27.068843694417062 26.89318061411971 457.17227006189955
649.607931309093 146.8362607519756 224.21980765974052
337.44040081670306 8.952728037876911 94.77654234476095
212.31094644133557 407.84345002724905 459.15273735944453
118.61133925852198 130.85132253903998 940.8448411946622
213.12021000973735 386.2520746418981 1258.4356704452723
209.25171014928122 93.6492798946382 883.2422473553411
80.63292334643502 204.53843752824494 206.4090967814865
230.72607639823426 3.5923910708287154 410.2061124803292
138.3994401532044 127.60693294743648 347.72242326048905
19.82303711396513 154.45743672975323 1485.2993039907988
500.17995269354765 419.0963917490369 715.4395271100441
11.833475843818759 118.82060976345166 508.9519572567161
195.65511025913673 204.92026750867973 543.6462553595082
217.53737821461846 186.7411882158338 1188.928079694285
311.0034504888786 86.11550124729847 760.8019333308604
132.01962226210495 539.6076128006123 1364.8292119453279
179.05167758805916 53.55771264737304 1327.5305363590014
256.180325776566 524.7968740613187 24.844943740101154
76.85257718139877 636.1608033603163 741.9310001205188
200.5041104240978 291.53037480614864 424.15315138010845
163.11779795537194 283.63095944284066 958.2547847163748
511.0058650255446 263.64193630711907 994.1501253656689
337.1402471372901 157.68847476394478 1259.4219259406261
142.54898145041713 24.155459328613148 1067.7203726421053
228.64397979604254 366.89307431779196 126.3035327245105
172.9121209932218 281.3373827018138 438.2873547610168
245.49574357207686 52.58875393914404 722.7055351033147
34.98758583502416 148.95958430267888 991.9849447342334
132.62680230056523 55.628825482369294 1043.3477965862078
110.38956518508873 55.17128506193202 1087.7884188359762
152.60897627600437 1.1390373368788695 135.96860022124923
179.21872703853575 133.019122942519 392.0493305763646
159.61298539145193 36.23759643549141 82.12855534487862
144.58947386184366 1064.9247521111577 379.6344139902172
55.864587761966725 291.7415700427854 824.9228329607514
33.447267170302155 66.02602127391557 777.1257658083198
146.42550426171113 142.1068122001307 1323.7373751459634
625.3715972572184 181.71449519609922 580.0598594374883
141.58902371034668 168.9473991339935 482.56811642584563
28.988122632012868 1.4922302147665258 1125.8475276094518
147.63181667367763 233.29732980654984 1205.8725903694776
343.2688004218567 174.68697890333962 331.9322362864515
115.26930564592428 801.9574731330152 1017.8180143135133
268.52911767356653 122.55365448607446 1228.2484000078316
256.3223886412514 7.860224220967823 348.5022899074459
119.31120367007537 969.7241728423695 108.63354231005268
63.983221783180134 742.7673166145348 1189.5124410810722
41.15318077249669 458.1896677115882 1337.5575225897837
67.88833317465284 146.14975025926148 829.806472011855
185.13000702856252 359.22436324993856 954.9117074747655
106.7299299536639 90.60782530904359 996.9459863537257
77.88527267851421 44.68245275534832 880.025204162032
408.98902534260947 415.1971421720482 431.9690548585987
104.47681003208315 0.2739339689695283 1161.8211633368549
120.37854241891088 193.93644563177904 1332.268993374619
130.63640119092645 211.98493402468915 348.2894150746131
70.91603904029581 21.376015997429956 649.3334937002898
85.22779530300615 444.1934160058229 137.1794804088015
49.17000694458583 180.02025160469407 737.377319663131
383.16803641480897 358.9194444457347 1341.4241389604947
81.38181145752311 152.1075263358761 966.0319482536231
53.989455404747986 25.12227150162773 366.59430524332606
163.5454406298538 59.0707037753992 1334.10265421931
131.62958524663006 313.79114117802675 1240.0412118546565
160.29262715427865 315.3885400783051 507.44067762569705
167.71620170121918 941.1338311888604 618.3749178901148
72.25145611265627 582.7847135974746 1446.4363308226214
154.434345468928 249.83226045654789 934.8709627446692
99.87791511607675 310.5544487254286 194.52516490577392
189.68663855567024 78.9689204202527 838.0583571885393
601.6082002907385 116.52117371727935 1380.3523349341892
447.00884707789055 462.5783502395863 378.3471964750609
422.149644193569 403.41507217742895 1001.0762309020906
42.57270025345804 5.812907647698589 1056.6988948940373
16.02632224241879 67.50075651890096 662.7210294661887
173.47430534058842 506.28643296452094 173.80847226992947
117.80124317613982 39.404930903082445 359.13225840736806
127.98326894203569 354.82415651060427 1407.095877261707
1087.4263859198124 205.64550842040353 412.692997812377
155.9745011660665 344.1779836788524 558.3273647258256
248.33697036567833 31.64464212735564 835.9728197922425
81.9167012828116 31.216633350149408 330.9809645939744
4.511726046527227 31.73682126184108 787.4394145797554
7.667545260556666 9.715778703660476 439.36057047676616
880.9847244476553 6.927537610673233 131.86568951683637
30.207223593827703 373.6614715452426 640.6120235706466
20.46338458780206 127.17541838619377 931.6526849675724
184.87837330246094 846.7457172192496 990.7056893454314
104.6115940033804 278.2933118939369 659.1196897175807
193.45205714984925 214.32775531752176 1051.1058966864587
489.0393745508695 109.42543603877692 1480.973217799269
106.26118313148953 350.7076586787941 829.4679426266082
150.8280792226333 114.43983008101102 447.0344502584092
236.4316284018455 319.3002169450329 1002.384365866825
231.61919418482236 176.7801844957105 942.5573274878207
100.15353715942206 76.35797821487394 442.5477237108054
72.28510517103393 335.57235804976597 316.65423216785774
156.49800003183103 3.9484765690496957 695.4963532591343
119.1742638289684 96.66855462458453 1451.017572680932
157.64612516770725 345.22063721829426 900.7358179624567
150.02533542038552 109.87182870461803 495.88665732708165
254.20021213271312 106.5396282984765 299.80879352201134
133.46958261578817 222.73239289429125 1451.5010739611778
55.81550141948634 158.11073894977702 418.66400086721893
233.0717438350734 98.00264132832417 1345.7885129153724
104.4829542501112 543.2544548184063 154.43464428321303
184.897928109443 88.74412659780069 978.7271536500177
182.36567489301902 195.21480452670266 985.1816263763715
603.4935775802596 217.04508576826407 932.8787859037627
339.74780239361223 30.83872919366874 687.9869902791181
21.374459657715636 57.68219000630657 251.70650110838773
7.798734246003751 132.51144657243992 879.9387623705015
260.5592097579356 296.4273213164732 344.3202365371419
209.57367273908116 278.3327999414905 602.1492561148041
38.85366855039158 107.98250880682207 1338.1818359720398
271.9715358309054 105.30277946053236 151.0912341348153
342.02969168949824 144.94313396449198 203.07383178622408
18.52108010861543 491.6541962692247 142.7813516268574
351.76401538379696 148.23426389266524 678.9603260613808
44.52129519230979 221.14952399728608 1090.0410646709804
293.58910650835355 257.216986339746 1420.1676396272069
322.0448592628842 20.220939907203505 731.3725253973594
225.23801610015127 191.35591853613337 411.462816125681
315.06702994767653 417.2510585023252 1028.7088469836856
102.13965995385377 694.7509030930603 698.7222477160301
43.86244846522969 79.41322312226599 1205.8178835335896
916.7847657916417 130.8528634238501 450.4671170543315
325.1346422853078 89.86090388962633 203.8207203621571
174.41614404530722 460.24262861648657 1208.867584775214
32.1458677977529 3.6429097327110123 40.163248680800514
56.696150176303284 164.3820575976364 727.6644600553639
88.61975286073317 201.57478997379044 1193.8423105688132
408.65260974001717 140.16164285573421 1222.9236067630798
192.5184066342667 95.84212889702029 955.4186423854452
476.71635987674097 172.40084567053336 904.5266241874607
259.89015194760754 187.81343539605376 218.66755966460093
4.596382988853307 42.556194470382465 1018.8891370763134
201.5240643932094 30.726910028241676 96.63712979078598
62.04595787933318 253.76603767366498 1078.4210921948304
29.530718516412087 277.3698974795426 1306.9757252407894
244.60293384758901 265.5019419460788 544.5068118390797
77.5928720394309 270.9031322434907 1183.5815538330476
7.997370926052085 21.408220869873823 542.0476432376746
174.35368444995777 65.75691793424056 995.0570521785781
36.81039034165941 30.380606931629185 741.973031676358
23.878360295119673 243.36437819587928 180.14937329832625
308.1964433139637 534.07449016401 1454.4696974687508
270.781696112821 215.55389233187842 137.91090149865892
47.0146422105664 160.00836179707392 1340.3581285939856
10.60153388566639 280.54928539561564 13.883421249746675
10.360809389855746 100.27434515800292 1271.7620593556328
160.481112335807 306.7805946508126 445.10721199371835
4.25936624585231 200.27023759999682 302.6823255668854
525.0503771932026 76.70668330707942 413.00251276604854
114.25318128506674 452.28982262342805 735.6518175891259
113.91129267031039 209.26955085604476 657.5771948661039
370.98721663974334 310.41734471019623 734.6273518235457
200.0890400771383 316.7740989411918 518.8358121458706
15.584372747197941 116.45852083959282 38.96832126676292
22.208551074864364 169.1833840496109 1370.7320373358434
186.96955285280984 101.66846364396427 493.6927470789783
256.19849938602 94.06140070743557 1473.8150467196238
721.1226725897648 320.4023528588241 201.44297986283556
102.90025706207821 63.837194979338044 858.8658049017812
96.85838068629002 34.08406815880602 575.2210464073265
100.84528180777251 52.757027259175814 205.65348391739207
448.3536525663736 9.94601218029687 112.79250421040754
145.48047587141946 240.88908194536378 60.52231869960695
127.47626498584195 72.23809490437067 835.7385574136359
263.2415482733087 119.8080589320625 19.811955654080727
238.35311951499537 97.45591101568239 158.61811568496447
89.93265680613143 50.527090907912054 1381.6030182450352
94.10697109464341 157.66711922307005 870.918934935573
234.37412212424397 257.3628334518197 582.0894833673491
163.2708911263917 41.51836308594221 1332.9249150997948
224.76773126132179 393.09085557901574 1341.3779916521726
43.37601753125619 146.8483776262878 803.1362363296064
86.10201794402789 49.65250272164079 628.4413809009046
417.3518311633578 89.42910534216081 282.1511014445656
53.4637164923189 136.31774160625264 101.61491986172189
172.02884921708957 453.15363905224865 1025.5837010888563
9.8142387447604 187.29264480911485 1161.840368188216
16.27475775548108 321.4881044779423 866.2928332970516
25.146434011618485 116.37776389069252 1174.8793501438352
154.38664286865426 454.0013859247529 457.94076757345124
98.10293709745372 85.28119772273834 147.0827808766198
195.79054831737054 130.7170930550724 1254.0928927625434
19.429542721406648 427.73335937051644 352.24937007421363
364.2267943812429 267.87792121861867 859.2339466650867
105.99858407639853 11.585650145417816 820.8519406921523
594.8217888714026 74.51585031055752 983.5781639426656
16.504683433116032 51.10223437742325 962.7607450814753
243.15991751879963 272.7237687123177 365.3595878865937
427.65509065346816 78.96063058566985 1386.4581918731794
136.2154862040121 9.504686756281025 996.0225342968805
37.0279642177801 212.04689845365823 17.55119509663805
146.81622030598868 16.0116945967521 380.44423331721845
349.76084874674285 90.94517274431931 1268.9623979996857
125.8133421164237 162.03273068372758 1249.184930485462
42.66017056540383 50.87598175495642 155.16338821680924
4.893105389613303 80.33251026693861 1026.2989954483476
47.37086794850472 6.713057228255065 498.66007749809404
89.84582397968126 132.63776231263705 13.358161792041912
132.50159682305446 11.487394043884859 647.0577507689765
2.424172607634967 188.3452216009555 36.72288995398071
56.38113772702996 223.41997085729096 1304.1501003129154
17.507832814582052 424.2896151084393 1437.2648608930606
258.3107514029663 229.70846533861234 686.8086870566678
218.5353997105445 346.280202458017 969.0794090147498
256.8647205240731 43.35370954187371 752.2065805752851
93.84296591522225 11.639176838107916 128.64726750044153
328.99747660921 219.61886685160755 35.41858182952118
40.83696331178736 208.51115271417967 1481.879272368566
11.768143117823287 343.09642908191006 939.9513724726276
621.3395135897408 241.69118393147247 43.87994902120934
1.1909351082878983 81.7098523426661 1192.6881286433156
9.78175484286799 207.76888024067287 780.6995699593152
215.05530791297457 217.3803057548276 843.8477019616269
1.6660923552487414 107.88450073076343 1135.7819411952564
192.52254434417577 109.19288219113683 32.20628943937726
215.2388195031013 193.11035858388595 1412.3193395275582
141.4459353378732 154.4020274890705 730.3931658902426
220.2282229949597 72.903845377161 1178.8739900680366
6.113836571203592 16.988539434761794 646.6936019602306
183.09583121108116 620.1949697866293 842.3457431169468
233.78270967514564 251.95669567516202 1133.4547270879814
1.9954398236106126 330.64272033102975 505.30557752756476
25.273874795015562 349.47813566482284 993.1425621551292
41.336045761980856 306.79915779465983 1161.4295461663073
179.3894728929302 330.5141853291789 1077.8433468933997
272.419088535734 85.65530468945153 1074.3485971326795
26.88023744055957 142.8473350641035 899.1049083089637
245.18645838969647 125.70345938144123 57.93422080643301
269.9000039846243 500.69908423866246 483.7238805719852
51.34443681010576 240.5305435696008 1299.9247039544919
317.2735589109026 6.9966773490821295 1015.9021586369446
223.58221990740566 57.029101158888274 998.1584686761157
557.5563089615301 20.5039991310086 294.8200170778
282.7863664427669 190.23433414765 1220.6419026184533
24.373330377014536 195.23489160376838 549.1378499721349
98.73242218061681 283.7018583202718 308.6313152169963
34.25174412236851 141.54993093485052 1360.2307580783772
257.99393569902685 447.73355425070787 549.4457837031913
115.58479139041134 29.778150942546333 1269.306233654503
377.5678609871484 49.96925608821851 445.37033855796386
30.40260045646373 228.32316684290714 1440.0989680088107
16.140104292968903 239.0803740158209 1142.3348511562608
144.54460300239055 218.8686893689065 1038.4872408930714
45.49083200806934 733.1803302199809 770.9021980757624
12.637736093746502 249.92736875711023 1369.833481469623
439.60425285241126 518.3943939991605 602.1074532723906
129.79324638464607 117.17485201938729 13.05023492018853
51.87143571954831 131.427121720711 53.33061359191144
72.19113829011363 165.92765273986814 763.7896454031918
118.6628903920764 537.3893599960559 1290.9827059770955
133.36016224489921 2.4808962622009356 624.7505543693652
20.233300281108775 136.69412355186216 1118.4620775359308
369.13477879009815 87.84924062418278 1154.2672495763318
243.00770168402087 637.27481904462 74.59609303443088
39.053854859610915 480.25147541183725 819.3058227312025
5.8816843391268865 122.0866716001411 79.6936703777294
0.6245266578796992 498.5443958747073 585.7123904946778
425.04878191035544 135.40354717301793 610.091326202806
240.055260002918 357.115829581079 1429.589922366026
169.7748187188806 91.57174494541478 1443.1980933173888
47.51965418701556 246.3155071824189 1498.0948408200288
442.58530665947296 25.652275167948634 264.0933906566369
32.29017938929716 77.07616449517079 1119.9369508729678
1.0619124281636054 18.181387135802588 417.7276545655385
15.852666996945642 28.233918249020668 152.1959422706665
65.0925462216962 95.37710563955389 1400.2480886400085
48.602156265954086 222.3911188030123 310.7789586438008
296.32801852683355 200.76234719693704 1289.1236103533063
675.8612999235918 658.102544687298 751.5727824767343
233.38736119672086 152.50478897240225 504.2188187105598
218.8557560777263 85.66711645894888 1075.150402415027
612.2156611026832 385.2697678397016 1043.6659247377195
248.69746239722065 166.59469610496413 245.81859375867282
436.25521916755076 81.26476354428199 423.8243716596374
408.89516847737116 312.21840292948514 950.0477594682081
47.322576771245686 42.69598199332197 1312.7790750547306
203.64469733404013 44.770736711192086 539.3531752233723
227.75896917058498 37.388005796861194 1130.5120077023573
379.0442672240671 173.25225449814167 1094.9034601492594
246.44304667484894 4.805767688564292 857.8291137042806
66.52494453069392 32.01166810166877 652.8928831525427
441.28384662351544 544.2378344768289 1463.374923377166
64.73288678048861 15.137866664018388 1448.1619778368806
355.2283783020947 68.9683519291007 1231.9104600022586
128.32672537829862 95.8513782994909 605.1197860736302
948.025668993413 229.04610485081884 651.7396594224541
457.39646978073534 15.101007962609431 13.856486089801889
371.6646978806156 95.87335109893165 867.9753163374156
106.4830468029022 274.61738242630116 931.9880943399277
32.44525945943949 128.77260035687357 157.98131201054784
209.2611060570149 95.61818332556167 1399.1473232988205
19.109348117219348 75.76848190752266 440.1422770790456
86.50766051589744 277.70806540390794 1329.6402056333538
344.68737223894584 410.5158920133331 1403.8755900666113
346.373630116848 10.204673635664346 858.081140589458
299.6460104566251 283.97359343811075 897.6698400701092
613.4019142630533 87.80117024493794 1061.8738847501556
125.46119850533887 22.4952659029997 71.76454357243244
49.44834651917773 360.9499141667624 1281.9641689084815
131.93676759884195 88.10198022357451 1372.699183110545
4.3579920567387465 418.2665785445225 924.0639422504319
99.89361903211984 62.43755102788846 456.49938649241597
74.34453278514609 198.0509320678034 1316.021008586774
86.71737311879704 111.6882113912589 882.968984982452
92.87979818067284 220.31388938806327 1044.1288636863649
294.38885014895465 85.7489671592711 48.51854390740162
18.99570243447523 90.96574284363244 496.90320412974523
46.549832014427615 232.93233390310206 33.98692274234999
469.85204232496505 124.41011612439907 215.89445202033286
62.979931913621 955.5414866091667 1122.5360546102233
72.84579158889828 493.53524283409433 846.1466106718486
74.85235612472029 418.4482437341531 1186.005724920203
247.5890506631314 54.66682363805838 615.4824579648537
130.08974653563436 29.08376934894748 846.3880261607679
117.3194757597619 58.70719883772322 279.8839372103676
161.94172781343897 643.7206077865281 1024.4946889251744
149.6310205779091 289.1396415917026 1283.755878107641
311.88085484933816 190.43840665559736 1099.1396390327955
435.0568064512398 143.47878441625832 529.6064255217769
184.18553675472137 118.78748939839798 335.45752861198486
16.786863373114873 193.70278255852688 80.784304727824
57.11508134734727 53.79636605577475 1212.4432323295932
79.63699403676233 402.07497120436517 758.4184709696019
91.46290603426958 333.3678148163975 659.285404002474
134.96071923144478 211.60681770366335 153.85753704845888
163.94346784524464 40.19896313160848 134.21960961136642
58.43409911176581 149.81625757159162 893.2350035858653
48.90359759405392 39.23872088513243 828.8617257233133
51.18189095659943 61.151261311366866 1068.3895411734984
6.245773010506301 151.43168542378564 1431.8591115564568
810.2923680541654 19.462487429197274 487.24995865244307
173.61984436837102 284.14342902695813 113.90644386373671
524.9370165360585 164.27108218898815 994.1416405876456
169.1005186779779 8.730684062387551 286.00210971140257
314.8400845229232 13.796569985274054 1182.9925244466485
467.83024357783694 794.8522775696298 75.38681562134636
217.1245675323445 254.68323935310414 525.1008566845319
138.8312921436216 53.60862540032145 734.8415573129963
240.91354442030152 71.52999982969604 1300.1480954778624
409.54537230175373 231.22726893813086 216.45803973313053
904.6656660155463 238.3528440930334 1041.492780765932
281.33746508387793 485.6281980564281 1228.5682307060542
286.32560843221944 536.1578751537432 231.60034005040265
180.21104574154452 501.72967047143925 432.05054715186503
90.234187804993 8.029645742521174 118.71878623260595
0.724759312489772 205.61465608334797 2.6770045326479086
46.81322175169578 30.33079693382028 1449.8804390155237
127.6974503139349 439.2433233228309 265.10934749137857
204.25299700052113 142.65323160019568 1456.2984331820144
12.264567531278198 27.375596353635135 985.8805183261502
6.6059508571439896 52.343316214265414 1111.8138596663175
265.62266749085165 111.98713172465438 1211.4143792212237
59.70969323522469 272.03255235248014 935.484120565565
708.081510132776 40.3497996161219 860.5353299642728
33.033051517172986 253.96861167160972 1301.0789184960681
195.83512670630404 342.53148971913 686.8556468019876
16.00962220164886 205.12553979246923 1432.0330370322527
296.5430654139355 472.2753227196672 739.3738540827806
205.19689391880024 129.11045585678062 431.15232814879255
320.4435870126758 48.54854006451693 1213.0597748173454
393.09660246132546 206.68721485382088 486.8861356383178
153.33236078543234 144.46918500316465 1450.8118017078027
263.68510689401023 60.454429295414634 328.79842501711397
123.9480678301736 621.1968145258573 882.869919043957
571.6061328029335 67.26171358975087 173.27130214967346
110.34009641345246 46.72749919978604 379.6763263726335
65.29465860022398 422.0528000453028 290.8622679306293
36.25565078941684 229.32104634514153 478.5535673795835
86.23108475498248 40.8217580144775 169.6083098101308
59.852931538053824 85.57027087907065 531.1431981636462
1.5668033777324655 296.75758536964696 1216.1453112739978
341.59889375514416 27.279190410541887 1315.7343316091365
481.15311168757336 214.80014918601987 106.75059980236718
183.11501245284853 287.8701161202725 643.7371183338364
191.371441220886 123.41594148297337 583.9253187077746
20.080455060493428 385.7861267184297 1372.0047253980485
135.35287898359684 185.79193523224927 940.778394300556
613.1777204090355 101.05395435409594 1079.0736643149532
161.7100828490706 35.20012413784619 829.8777939890887
29.620707953339252 243.40023924090644 663.007242165703
11.122609463074298 243.01419297212087 838.8159135754363
106.78368803539261 6.826021373674014 240.69615871006283
154.8095417758164 110.06583085932019 170.57597955460446
167.1771665807825 317.43266315796615 86.6581307486275
23.10092968357335 374.67468517721557 84.86250246626426
272.4803137911849 118.81913835893498 1487.0725468930375
208.58302873786516 182.52167457190936 1143.8110026809622
218.01770236461658 473.41934763503684 145.95646810813017
698.2619250492176 180.50410934744573 792.2420623086889
447.72152834458217 87.58009626675859 762.1587254456009
196.8044544064913 55.590985900748734 39.133919601593014
39.5367856435297 214.04582430249536 1073.735508758767
107.60321471922536 19.775477982437305 1312.7915953505326
7.008584015050251 15.398787074802206 1003.8676599007018
249.36473007302018 311.181399443606 797.0263701348995
1116.1374761345066 249.34217106682718 295.376594579934
96.98097885529981 13.272206480417106 1074.3399117104982
55.8815049381392 273.6630611646532 1036.414293752217
197.91359313838305 76.27264106978603 1220.26186814202
88.51794566518828 28.317913926370547 633.1610963598059
4.648128543594048 244.3864024067993 309.6782387756572
329.4573080189579 44.00618284590666 391.231854191816
67.07345195076194 119.47978536652721 688.753141834629
180.87789018394685 241.10211079330367 911.6195777430404
75.78449370732469 44.52970616899975 191.7682458047373
127.85032320829256 79.47852258761587 823.6688646624199
223.50656702115504 258.0030235173878 208.7995177285502
48.16140963087384 221.769234990294 933.1285415627575
73.20561353556792 225.41724472811796 1366.7665455376887
395.5991804926837 146.30281789781466 820.4389617682536
49.84844773155868 479.4787635402533 1149.1771245105847
34.40832972373825 39.6439986720858 121.94107362695833
23.43291250941176 220.14915244289503 519.7810440561183
502.24753960412414 82.57019932103572 1300.1310827993839
227.40349460623813 389.1210849212629 74.02663577290647
48.25771728943496 2.765311182182583 132.06471366652463
734.5898065041059 233.39380403388836 443.9628483172647
220.79211181044388 14.384509249188564 515.5694481963126
53.528886095307314 86.77721735969926 1008.776883678749
299.30584817644717 483.77807763932464 578.4231846891115
173.4803334352954 373.0606085910186 1379.587835015692
150.21456330068804 482.1089067666045 229.31482230942007
38.58565332730115 103.03368080780149 818.7608919982434
35.92239906338389 37.49490732915155 611.9741945429594
339.16413947498194 49.1261557388039 1226.5911324029473
325.2756633562587 19.314913447325353 548.557845983173
190.24708153893584 1148.8794934240477 975.5286049727591
197.07424669975043 208.09053211860683 623.1609734711734
171.01496420673 6.764003185011215 908.1895425731161
80.78731362734398 14.880271521175253 957.8940031737509
385.35680725818025 702.4250766120463 1003.0449429082569
34.95671699176406 109.83337094985876 533.5613297560761
620.0384000675092 71.34561520610238 465.8713758000069
240.50027641947466 65.2407999408555 282.7449916805267
27.44534339371132 184.73051133008772 1429.9813887847995
53.31694779913798 25.304055698701568 253.35971860517387
47.09402601022785 22.556098526832287 1421.346579640769
120.69179965647614 189.02608091164743 210.57677153240323
24.03731197787606 282.7199443148471 1236.7971295054285
106.28520780697146 39.65126231739976 757.217684217999
63.499154361872186 134.45653840277382 695.7077775227228
425.2392593038945 150.97485076740384 1317.9309014860264
162.70852335192706 120.20524721054105 179.54111530781125
121.36316836217655 164.27919969120623 30.7959972557707
155.17030561687585 217.13734497135647 65.76006137998492
232.0747851288843 58.52113004466425 910.9790841011313
335.9618841680376 26.905763018595653 1316.7884605408533
19.64904254952544 406.4211472746894 1088.147666250518
78.28641045780184 104.90285651858923 781.3194688263167
317.39721041316767 92.88938253705855 353.9761613035753
599.857519266189 694.0970840977006 777.4983232182583
55.69437261378781 22.88120193814431 1093.5650548703024
31.26973389471454 483.2074934174402 417.0352972833402
326.6611755331065 54.55597480479268 883.1640059847638
262.6779396218846 89.87013417972214 1387.8365898120226
10.816892538908759 438.473981336924 562.2086460426325
165.56308338045054 21.678165143701076 613.4865772200593
658.2913083369539 30.782894271573063 450.73046450841707
23.164187676476136 58.800466355445494 891.8666593426719
58.60930878976024 151.9069934246675 221.18772825479044
45.4730543866527 15.126207152767398 1215.9668037135114
78.48976097997843 489.9554380373393 881.5316242254501
50.87873686639659 58.6529384465709 317.6950919261788
53.99294325623746 58.43890829127623 117.51939627678858
149.5624463236465 488.36031185649296 421.1637371608484
209.42128256864905 97.6348805012232 197.01370689935567
227.32517092618912 41.97117668384638 181.8461581732757
273.26593835928907 109.30456955750437 81.73950781845157
377.2099902005029 110.96984891956431 593.1527274446637
88.51243355692952 272.65678985257426 334.04661730469047
24.692965944857377 64.71341633686455 1264.536727552026
82.51352381439104 173.38575553579813 716.4472976503916
42.23543736092547 213.9884559664012 1244.7546081624687
218.30605176462382 444.171243785019 619.4469126550066
40.837388332444064 162.05376857771972 105.91915434763865
57.03039634071278 440.73805309357823 261.56142028645615
36.74640050277974 141.94059470875155 508.923270720905
52.22173283965799 273.7556672466638 1086.2277249573342
191.73572240960047 477.84931437119235 517.9570523879956
251.1344984424364 58.81467451755598 847.6293972173208
249.89627171578852 22.473237447121328 462.6774157636233
499.44345113030647 208.64115768561254 855.2026464679034
379.07663413674004 302.86145391366733 459.43508737472723
76.4109915212848 71.67827641951585 387.23806325943315
309.3738193860795 12.844993803054974 223.32338964884778
59.27976834597555 292.6325690829838 1275.0158037682313
11.119304498440368 92.9813074361207 342.24064773343326
281.53811483914694 625.9228709576581 413.7644555370443
620.4293233761126 398.1881429767207 1435.425476141948
7.4203499484786235 219.85548731321435 196.07906119164653
36.71723578367999 69.00885048667017 82.47576006685503
27.832553371880913 227.31301248920352 25.327926329359208
27.803354439648153 203.3738746941637 61.86709314900457
79.03167605287501 163.9646743236949 1212.4109355647151
53.02637803098087 340.3770524720379 732.2445637387651
30.8358375650205 112.38900136106965 1006.1228416776444
183.09583360570014 359.2319677815253 653.2313658259731
299.610980198034 135.13522538094642 899.1232163915876
111.04933734090619 189.51931953239367 710.2334120844653
375.72355445325 41.2549771816953 355.8397883570106
114.32109517148609 8.363627347096239 693.269460603207
208.10907595269902 418.93138953617506 114.32511263266242
221.16657351184165 231.70649758743548 938.2914089049714
41.154170157804074 332.720240728783 96.5078475070284
0.0743636103787106 13.722315017010999 253.9401342390478
187.58328587049144 184.12364796917606 485.37176813762994
635.1524016902449 338.4134394071687 1139.8009974491106
135.36488369830997 21.70057113738391 130.81550485544463
349.6557317100833 22.3443334735524 1436.52954257604
126.368334632795 495.40921924989937 761.3541589006019
239.5579541999036 124.78899425367207 138.2428690363963
4.766553026526684 211.05777722561317 678.1755921351087
21.370806207044318 181.27947520405857 1301.0400172384734
85.7704528476798 109.13072996182542 397.00592942342166
33.3550959453598 40.81093842043775 256.2442787241981
148.04478898247706 126.05733012037732 1306.920678724497
487.3520302825213 49.2570137905221 242.79062747263353
183.8503395899294 112.73298481223419 494.2034052004703
101.9295115944346 276.87864642374166 1436.7126187820918
2.110315693957856 746.2416015111004 1336.8388543404792
50.827361145957575 363.1981209240169 267.76462372187245
122.00637322195634 248.2761405459089 922.3736193740377
181.19068586014214 202.61229837032926 1341.6085930806141
138.08047516624222 165.97203029590668 400.1740178493299
237.17046989572944 143.48250176265785 359.1338566273358
37.81315344450248 198.6226472205416 1107.9068720984421
182.11098779017712 278.31286251772053 381.95463595265534
91.33646143774516 174.28570944888503 1101.3671583506668
111.68876047894254 82.31972098953707 872.48011226686
258.98187687839476 267.0070628445454 258.15207580486424
68.71458477341264 147.71792378448933 102.1199300050079
23.37128281978307 126.96449712190943 1289.8549550387113
835.686091542551 207.1844014242917 719.502249623318
355.97494056789566 264.82784021647905 1290.943274515598
106.62485046862602 39.968944344355364 881.5943182251553
160.30806226619794 202.19698136425524 1186.4655272634152
143.64763846394402 252.68008336308213 1008.1198155788453
180.45125268982898 353.56107042430966 647.847541858013
176.07623083271238 393.80585518874767 709.6584287407902
77.01070726778406 180.29159738000925 1127.8183436903576
124.55251341010592 47.84213802636543 1379.63996892735
766.6982369033136 158.2969085321231 1466.7237824212405
180.11277313922966 228.72694715825727 1475.9097636552112
18.0224637333603 146.07090293241686 469.0483503138651
1.8147735722476497 372.6767885324864 1497.2324598260418
254.7030234750852 343.50163469304596 204.72738690762299
242.9258619952468 125.90559887000204 972.2823101532163
10.336967655510138 126.64015843738153 653.8802553278463
209.10592641451785 181.57353754524357 14.567636737774448
8.369914666860815 67.24468749544269 1191.065579804112
540.8945992672151 417.03805432806075 1052.3197240109628
358.5713110126846 193.58086631621657 1432.658199226519
451.52027530376176 311.339013424179 514.1624459391697
523.1282172028185 52.02435411511661 745.9157569182621
6.617293882562702 153.5811323692812 277.37356457637316
91.16833032900065 207.10285629159563 318.0699884867534
355.1642176153516 340.4226764382273 989.7112800126231
338.28516567162177 233.00535567099655 1446.3685186768312
20.09190187535038 107.00952106252788 848.6908520788248
306.42857881758994 232.88845675009915 1308.7737346590618
83.55673500331297 115.18595480175667 737.6885033131479
60.74812753139916 440.24399598033847 1491.385653144005
26.85645059276855 1.463265375128597 232.02092735919933
591.0926336783425 217.85350445372922 672.0656879646104
47.18767217073316 218.7207632344225 67.802548251923
217.3194086220592 63.25065414753449 594.8677304058237
106.78083555458622 87.67231453358777 883.5368263237283
103.8574290808733 225.68619159687816 1465.8645091750275
191.35672340485607 88.62497689051392 425.6467833343474
170.8693839610929 209.15991250927476 1460.477536741335
124.82813970280155 237.60550753665947 452.4930909053687
84.6837660381902 330.6384608167145 1207.5812254140108
393.6090872757693 266.91044331732456 1146.0201283763658
275.32975994851313 216.58512987150243 1129.5059011898347
411.1863517960033 1.2619164469663486 509.0677588391701
40.36315709451714 249.93512479404458 765.6730122749126
203.26475818671247 78.92954161242342 731.7577507719304
117.64025091996632 98.48618343346983 1264.660829722959
77.6409006485071 175.6823205035689 724.0758432824183
234.69195277013642 110.42214782436734 166.78906842726877
25.697331154039375 12.030903604971039 797.8829543123513
299.44680012478716 131.27392801698073 813.5304664579513
237.12115804080742 89.2712100275314 1164.9231587301267
132.22308683202243 184.71515805995628 926.6761022405294
310.77628294598054 488.65325325384595 180.39942448808117
43.30756793830087 143.38847744075582 292.2070323693485
109.39710458424285 27.336203735338422 768.862767963211
496.77617871456175 123.06998012023378 687.9139812295799
161.89956268172557 123.5079608543151 456.9929331773071
10.152094997181228 127.64600488519255 407.95651091291666
71.49753623607926 9.259007559622946 1129.0211212697104
128.59136257452494 107.61042690363463 410.49405076075203
246.64470762246623 132.67677479725378 57.8387036218797
214.12877219198617 222.82267839872932 1454.485947792831
219.4326272546084 182.3751508145332 258.80151097936425
12.300771097381373 185.43418584420024 247.15502623441776
532.685707067636 48.39578335448913 659.6621277534954
291.0099867593078 438.64461985611706 1252.6409833784676
77.89356420430528 9.637339709753194 1227.0029144950495
529.2842009909705 133.84754092722378 218.62916862482822
245.39930999479878 87.83758612351286 1451.7928088647056
28.275013426415825 33.954383580755284 414.67941957989234
362.44798851183026 434.8846138799499 442.6086784285157
586.2669577284815 723.5122615123304 689.2391369898654
118.98095209961843 319.3400071314864 1174.8017049384446
0.6289980426778359 113.96615363173825 848.1617847079913
157.20470897335065 68.32429679667618 1146.447983363556
33.77633503800531 100.04307667574915 1026.5558799836351
613.1529614608329 64.71560889475431 353.1636270912628
41.66701248259714 54.80088267832404 927.9842457613969
3.2452095879109293 420.993782569637 1025.6592854661465
0.3075505266150591 15.254786423537443 789.7272910712705
223.5392709887053 244.91785545579486 1279.536073035872
196.20683092064627 275.16042673222853 878.9499463024752
134.50082092057818 72.3137266065133 991.5089784646348
97.6206157006984 10.062932963652207 1142.6124606186822
245.55414831668818 284.3766066660003 72.91046015930003
237.18321804481178 464.66004951822697 981.7121969057638
32.07752238995064 214.5023177020267 1217.4666046533857
710.2923552188926 112.984885983144 1156.6256925586779
41.69958244103251 256.1962581655567 569.0395942752709
46.1893792082915 45.12565354133779 359.0026195141217
166.8311371029787 62.33630377570284 1180.3981924173127
709.1001438725009 31.460592065069825 797.2156091637262
936.8803386744462 52.93082278364862 13.162318720928212
301.4043760794882 3.839015024575381 974.112424789872
112.41307064092429 240.3987346275326 1186.261494357031
280.97941829850515 788.6727994341062 1277.5227053397202
33.17104718781197 376.3430414586778 64.5628515669197
287.7495077309502 72.068221869057 351.8106493716689
116.04098838679771 74.76674103945265 1184.649678451971
43.02044352941785 5.107702486256174 370.5333306935565
344.44370366324085 92.1365898657878 1489.8881357435919
23.469854230590208 17.732089303694874 822.3733883774663
108.49371339714804 98.00755174179957 162.29082546617164
708.8524252547272 207.01343565060378 1256.4440652012825
203.1990881720496 68.1451963655068 362.9463744565274
286.87318269126655 62.83891559866848 447.91374361192146
49.85226799933098 49.30380186262805 162.90388958147545
276.2745665955409 210.9065795100023 964.3212840548297
372.33597807744434 205.52208611933708 485.19821871574544
7.145090092570941 162.06179412270055 902.75317718866
50.36979381535881 95.23792510879477 1164.1347133909921
462.0444524690023 4.081779329333397 336.10094206328716
391.91107506024616 136.0669240117857 708.43730126998
405.69404188041347 684.8660213724731 832.7672161368799
14.044835581549227 12.763652809890896 1213.89333241283
151.95850575480782 19.054682070499247 357.83682469790756
75.49020507132134 254.66760298115258 1343.6220383998539
50.193486668539954 300.2073257613868 1166.927608814546
20.51842618554421 9.969186481424561 1012.6072684901402
40.05147142526512 165.3971913711846 881.0700611671027
82.97483768966329 38.1135282320545 1198.8109788547067
99.24654679706141 386.28295919305714 991.9066924624664
34.931075829738525 344.8441899450408 741.3282514522854
69.45829124946876 661.0090157406069 81.8957256071906
247.4959707706247 242.07582181375352 382.16000887762857
112.13545958044064 265.5620824907541 296.5301116232535
78.41770116869152 53.57583278914749 722.3554673600106
13.882357105712076 379.9666710764296 259.09684713383996
359.20729012455286 337.22488165299916 841.0582336061765
119.97165918076489 185.52934651749035 639.5571027782712
529.856132648651 44.828809911440246 582.9671414738025
686.9826593857082 232.00491918713593 45.05391947331344
241.7868932262086 263.843673142929 776.5839802371592
486.0325150109173 64.26053815467122 138.05066726524734
351.3118719018683 102.34160125370573 1117.7555816260542
191.5684271201205 36.66512770866557 42.25213661124061
218.805440211098 18.72650937112456 1409.1902036650758
97.13933483091832 26.723510188899972 778.8387656617475
20.24358428023046 79.71232657227574 620.0308848185273
12.928570706650214 222.63538702382027 570.2073258380511
60.4081469474301 440.74108501859774 614.7731152720738
837.010580575963 173.0462140770387 541.8142672161356
239.71559246356983 343.45467054011215 1402.7889918116123
662.0230314882114 88.49991024541944 224.60849456306104
61.59048419256062 40.13224597733907 1290.2741594310644
643.9392916513242 190.56686904275938 364.7595659594817
461.7900098926656 22.12089032356244 220.96568657317223
77.03517836090865 130.42186483676073 934.8491324851545
271.7656871573133 157.2212277691171 1186.8713679587258
166.19948161441755 255.5834820815506 689.008811711261
146.27098611694623 414.94927140870203 390.02377928969935
14.356264948170436 85.58997839480183 1291.6529368341046
141.2091058521423 17.85520598379719 182.59267446350546
86.67251899987848 370.1310771184914 642.6636372059928
244.135738447465 148.38576809490016 1106.8257499331985
9.779683060924862 653.7215971584172 1105.674156018825
24.00375736602873 360.5581709638763 598.8335686995059
100.31156450906089 17.89381708173687 36.76142731831589
171.6839623843682 499.8762169140865 400.6271694789282
212.690403291111 67.52731975968616 388.3997072916025
198.216738422422 465.1875701517633 1296.2914013180373
118.6139031638006 188.6702424110548 252.4638913083498
276.589718772902 21.265828426355085 1123.05258859806
112.90509880049406 184.43207393961382 605.3536736178988
152.19804357766856 134.34267198294165 825.1684126035677
250.34166547729484 101.5138637827894 586.0249754603683
70.23812820160879 71.35481604828713 84.50187434851541
10.121257832742119 141.9768110233959 884.0783635266278
261.8512537177933 25.628011715004806 711.1499623304678
37.28431575270504 49.52802302669066 165.65684588653906
164.35184047938102 473.80336886625986 68.24569095389671
559.6119811087549 763.0155652911693 180.25482033643115
92.94315844222689 152.28169594335577 938.4262780253821
70.36984130025512 256.6256671969826 957.3406591324464
87.9649460151199 287.0509655333025 713.9723472714875
105.06804857881234 175.6287199376439 742.2072442641376
307.2333311969278 474.23066263713434 382.7068472089893
2.9813536287236797 16.097472697965944 54.70457947730317
