1000
27.990036599937852 9.930358453603224 646.586404061121
50.20124917545593 154.05502571058173 108.22769316454728
81.43805522609445 290.65998203701633 644.6186754217351
30.29297445937033 866.1610452393821 32.51343323536315
146.86697104479686 56.4039286437151 1295.7007617086042
67.16920311391715 197.6190889539324 1338.5391185759868
113.17337716760447 24.065678285985157 892.7626699599914
656.7340139219918 126.7703320614765 407.37906071391586
185.74477087295725 105.68681496965317 768.4827373572937
121.67802960184406 651.9228525869697 1121.1171715839234
104.15112745896751 94.01877095009019 777.0387573388228
457.10213295074266 606.1441266404377 706.6453783776723
59.51284100816814 188.33427563437263 1407.2570416237422
243.9409248940094 230.04452861154127 1375.4260960718186
190.05755830463212 9.880956035561727 1248.3844278120725
1070.9472880683632 410.06526983962533 1073.7297627785238
145.20635620171208 429.93404258429126 1246.53078826982
344.52415918770316 131.54988733193818 1078.683615660959
52.22979324588688 396.87609230421253 816.9668919280465
237.2091831103889 42.89451465167459 351.2178287938567
308.6268928405047 52.054061148549415 38.91876270021538
110.3558459491991 736.3542086478293 375.42805830416023
253.0835433147371 65.73594463790556 1284.3694846368255
143.9227660718979 360.353047134114 32.61596373494635
35.54492765760596 37.134097959265446 586.6084079596657
151.3992480998385 614.8294411850147 841.5522796862191
95.34115395054404 155.35873504323513 58.24703177290797
53.67226864479988 142.74337521774984 1336.6994748448922
63.15891319991825 294.49004839917814 1378.7815042198683
74.19555499346208 330.8476045916412 83.67793899069542
51.135709051577734 102.9690200214267 867.6526373785836
304.03994119442336 294.24953038706644 673.2846166708621
6.474333828999852 226.70928812942702 267.794966158509
57.9838419301871 180.96132134005194 178.5452144616529
180.98909095447345 148.66913164112287 541.0506734845492
188.83808926673728 224.72368793616883 1448.0261004983718
471.6467459577019 79.25662442238054 942.4258706135325
32.94207893659604 84.4416483412877 406.2287550369203
110.88465497619842 222.55671445710698 1241.2730946530853
368.33676937201074 276.28822849895215 1341.9720593880115
50.55573231135557 166.9832232094934 794.2063161278787
205.4738845272095 247.6047820924999 85.05261297869454
131.16573751588248 93.00350104176516 141.9123967945759
737.7604214426296 51.867566565340006 615.0798194286782
104.73295213304795 89.3512041082558 1468.5376043223896
85.62424200788608 234.73313834757624 921.2325426354712
257.9489664324559 51.50043926866273 303.1621355630717
165.81743006532125 21.967254842850174 499.4401728181447
328.6048971102959 105.16765433067418 1452.8049615595726
231.7323958036982 116.44390084323449 1433.3428643665754
208.61075012593497 104.19998828765773 6.611731393591169
525.5163556464746 231.13533327762957 134.52433948313615
62.251262491934654 177.12643499769663 1385.5306020149503
92.05461448592781 158.17627279619896 317.87516874792095
254.24363857614873 21.28410230582423 565.456064496285
495.21990810305266 404.65829617152485 385.9922847375465
173.35138588996847 27.797068083256647 224.31472298135952
145.43380157352206 6.863643958092404 963.5718135581859
225.87704013828457 140.1283790874721 125.81767761776841
140.3113064622627 33.788929241987304 220.46538441057368
277.67327585704504 290.8712485663156 1016.0939547095161
126.36082269357189 151.34726702551464 530.4265647361166
163.47431001649068 173.57673354385713 86.52743544804103
710.934553775628 104.66578798342887 1038.2746435067063
240.59733974236374 453.36744911340486 950.7543271073122
103.89314934002563 161.47842022281242 1475.6986634316174
135.40487080702533 155.61690145271828 1080.8421104361275
178.57826396103246 207.9946207800162 27.736529631018357
46.55617782266751 361.1118485062097 647.8029468016609
187.2770947034784 47.67392908681296 1472.1168496258415
58.98155855096964 79.95467501130057 357.0799562860915
6.017336117920358 212.0795075541956 750.3979897389215
41.41070766509595 88.34241632732741 42.95339690664057
496.78142413108867 397.5991164785984 843.1793169269774
8.748736402048628 698.5663076806039 990.6426837451535
50.001103839052384 94.52753519149239 1395.5435766924018
44.511653866462076 175.64850162015358 822.3316602622657
324.23996129075255 29.870089451021652 709.4108408004806
531.0321213850248 72.74625993129341 1198.7920415910419
80.26211371497416 57.75464217309717 1304.8067630185071
219.37043382459507 264.06819619672416 95.76969183166756
1071.4880341581306 220.68811427803215 433.5636879802621
124.19853683039102 218.7824469531507 623.2618618154338
6.562621801007319 6.997885973014145 71.06538117923228
490.16180798400694 96.3816460656345 1224.2901541533806
968.2445477678667 6.513277491745511 1031.9293591869305
173.8306478529709 28.68553536275103 758.5324912462378
35.64162839440897 123.39854544653855 309.25632944186606
257.13516553359625 245.19755812711873 993.7554284333128
909.4590334092437 73.03001941679948 1156.4797882580874
175.95668050128904 196.4250890060297 1270.3393957802793
52.63236604411501 301.28667678638686 60.87732920701955
303.2204988638265 179.3787358467699 568.3490515526025
58.75147415874077 180.00534714817664 811.3191031800131
217.76254809326468 445.7828498718757 320.1664911605347
549.0880353023662 183.13627809150552 1115.2266493973484
7.609168626123617 50.6688144145929 1316.6161585477046
201.03449690152374 160.80417489349892 786.1645181752017
45.396855720859655 101.20631242897358 1180.434145841842
558.9134070537007 14.549426523751047 853.2376528679156
122.42396127850171 66.82244285881754 1166.205611769227
32.835270519776664 1151.3924717181799 998.6278417037074
50.70885465458418 129.54528306037008 1287.5873860433712
42.16613052123424 269.5684718740488 1410.6015029197854
576.2337451832052 46.315646733829574 783.4469026936787
178.8100835840273 14.160205678509557 1489.1130902993616
431.09639575962717 62.41820870076915 1221.4212936243036
77.61862347368795 136.03040858560348 585.2659890687527
19.710533289413473 537.1656928480577 955.3499228588196
219.91869025838352 623.5464964209202 559.6968576163297
89.34478656824989 191.0592363530237 745.9539931623021
134.49707162633294 317.3821183212859 1334.3214777470077
505.12073139920517 467.2743098433914 1239.9283468331175
107.62318651673239 328.21056237617705 1046.8372036819871
38.665962873635614 96.19215185568838 791.7073164845749
578.7113110310343 127.05963252369811 361.9284476243891
31.416012162210443 127.22905180659478 537.3298602338252
347.2065386857877 13.332783600275128 1190.7667869040583
258.4810816216947 98.61687002404233 1235.3725998435743
124.92093975425914 217.4658944598499 1049.5919827559924
352.03581459536565 425.3102964453564 562.0286885094878
310.68914341948397 136.07029174209015 1074.1495762352702
32.30564455176901 155.3570361479651 597.8401170368559
27.0103150143068 682.3662750126356 217.23789388075716
158.33537304138824 57.91211259022325 716.0801742948515
200.79673130184443 103.66628120816337 1385.0285478934895
161.725045696719 108.0283416119347 132.14922063188322
26.22000055459907 578.0961640655369 389.0611908898141
80.81245029939967 112.4505862502213 1165.3750151843226
35.987179673329365 197.06510886982127 234.05713059367756
426.04101015740133 69.07799544820904 141.58659764866715
225.61946076421884 13.775408107562079 1031.997975112825
2.3470248684943678 88.90789473405314 393.45491972213745
255.18353671873393 181.68627293309513 728.6873393138857
56.20987445478149 273.9663275183589 132.65157385111132
253.1504026098285 93.78252611988954 1043.075181113274
498.312469068762 202.25999881530666 1250.7460329773344
109.93892653156922 0.12483225218469296 600.4295943727103
80.96375056126813 499.98610649972824 332.4900292715523
46.874946086200474 121.82426950905648 1173.6914534496366
19.477630386814845 14.065687455305751 419.45935968163036
100.84011818587047 194.33598734733712 115.04073790099739
270.1069637418589 407.89865008046536 625.9382089325804
49.395640878016664 102.26364656337216 180.47309974008684
9.391125175623435 64.55418550215765 1218.9974331407818
196.30579336427735 3.762121903660952 1374.7968509196312
35.02907816243427 196.07174526523008 227.2613522773879
118.99173305958848 33.67760777763015 1283.3150638799789
67.94987800102913 91.43888469628233 477.76355992003334
411.7987531266537 61.11999147754996 1126.7545514530868
142.5906827458148 199.31719068824393 1351.2300738792317
131.0225286268177 35.941711972002444 1312.6797297400758
90.32055816867145 172.99594900350118 1339.477014632246
340.6271201363013 281.63099699642424 1171.492936504386
123.9611114857627 9.165141964361641 942.2534518857987
38.025906459025 90.44378015794874 222.27131341306693
60.1791300057307 338.5848000828005 158.85880686263
465.843507251185 156.798472079835 569.9087476704445
32.750163396437664 62.05257576967716 927.4112644581186
97.42620763658638 48.825414158748785 1415.26625261374
174.61122503665138 2.622020736705051 98.9598882284921
87.41501572554246 322.24439091757887 816.1955446563012
230.56345590528906 64.04544031059189 1497.559945752244
370.6625648504439 221.31001005501432 69.0274206521133
208.28634491816817 88.55152839677059 1148.3922841092372
41.944031448273876 84.67450595363833 1133.769304114002
528.1934928208069 124.42039877496345 1475.2188567580904
180.2394723063643 365.3770408216347 765.5355162771208
120.91699374899012 155.68445338795254 861.3258248654702
3.4990605808974853 279.09242529873956 110.43402871779423
264.90403398481544 308.65062227424494 51.543731450580275
1359.6577646358264 71.19973440614316 580.3374829289583
209.84575368250646 25.674910974828315 647.4149120822457
134.1825780046437 209.35070732924902 1449.880892511705
309.9369792920416 203.89049353227483 1442.5484499852842
735.536344512114 721.4391694896922 104.1112502340792
38.746725924811244 255.29669489364673 685.7569033695822
45.096935527794344 205.53448369946813 830.1283475554907
82.050269370838 76.45220551850933 22.704669574548863
6.127491718625884 239.23275318705257 983.5185363783615
207.12780399240387 74.9422512489804 175.5270388436304
38.437473787737005 383.2795952928139 1434.4568543202745
119.06952231312562 285.1411172814155 292.27904713500675
471.8550257164218 908.6701210531538 1450.5090247033538
164.52883596960635 125.9514132496768 1499.079419433583
48.6901079462321 51.90392589492747 1117.939401386
47.037517791797924 127.99363901647271 306.7940164713148
20.435267701738262 27.873255577855783 541.9555840583087
11.95940903028894 203.63463773687812 1146.440812513566
129.28767842951473 56.51774745898946 1334.0970079454428
10.436736079473508 227.781830078891 1360.4940923884542
77.43804119334136 47.23829786831814 89.13406927828387
108.08575333713983 92.14062339569709 0.18884252978673688
13.121479026862945 43.94387859197932 1256.4324171853955
40.828552456187964 133.1007095312117 755.4618101898712
156.02390117577923 81.65151730876042 428.5354572056733
549.7236496415179 420.54863416928174 645.92056004555
358.10464621684025 195.21046273384226 242.0220692095643
333.45466846616836 261.45125350383915 1209.050353979823
524.0764818133946 54.00437365592751 383.91268669288195
222.23798008420948 78.21115487687284 1471.661980070145
376.1919764386432 20.456390242530215 462.5066074849026
83.8240735938971 185.03707123623906 1134.4895184580723
17.289995040585065 41.28032999662287 1168.5096795781437
100.04310166899857 179.29064116392246 380.56999294952413
455.65526402944636 46.67406752502837 162.03980617702456
62.57580812208793 310.82943052406887 867.785903610133
248.21684404325404 0.5359634167213018 616.3649989061133
76.39945351125418 215.67505144803408 1454.2979440587117
2.3212259067169665 232.57010156987494 1090.4259983538132
84.4910265233596 50.28524945348201 1363.8048157303608
278.336716062983 13.66804584304529 1427.9856603159685
1.828172042533639 35.97766650009696 652.0773541427905
135.60398528622392 267.1776329398548 189.20133820328218
221.97113932510337 390.2391465821305 260.4602125905037
167.75689316247352 155.80550575638043 243.69176242239527
486.7717006129686 50.527920318458456 1018.2056086476549
40.004787934206206 28.362537565317435 1297.8433792915826
47.499218843952924 135.47399982126777 1470.3386525892474
160.00548265558328 40.75235199704285 741.1982011295602
249.17063168323511 197.71793120184827 284.40857944476045
104.33932444423182 17.3334298187632 1313.1477744866468
157.0146798405602 21.065964029458502 1395.609983954875
365.40795531311767 471.3854083439875 971.3073182900754
0.49895773627806905 27.880306676059174 426.8733031771287
441.307049372696 38.69349252312564 974.7664590131711
173.11003509628108 115.51491761614932 1422.6525667627884
176.09734122497366 1116.9439924183857 918.6381870087231
83.64837236778311 22.217926231755765 1483.9127692633012
168.378523407966 28.634026899458952 677.2615101453421
42.18780036778896 535.0721974971475 176.31428445951798
399.47114331547266 309.7914337815844 513.3871182394602
98.72715240592642 120.63301952204064 629.3959007039862
19.14371886381315 502.3173336895158 881.5951782193263
535.0869276213542 84.06449537037209 1151.4987552845298
205.36360058132064 168.2440430255288 1320.9439131638615
200.81676465999334 1.366159922896899 346.5814261948794
320.28584398518143 219.4702489799625 417.81316438832255
548.8992040825289 310.69958196165715 1339.8269222278673
19.177000624769253 329.6099896510255 836.2720340789094
260.78322956878657 321.09659728160653 577.3457230129391
77.15008748684222 130.41099184768413 995.9965273422399
11.290146583901798 215.63735281948104 284.8245429575917
187.60954409801244 782.4787619658886 1297.295266630437
251.3632163844958 370.81871316953425 1188.655949018202
611.48510364066 263.1055703566992 65.07570308167871
27.16896979680729 190.8717967645674 107.81549689036207
94.83289005517904 219.72322334455953 1494.0455563654023
38.40429764082322 34.19844460201284 1305.3306287643056
8.657989953558014 82.88939331725513 278.96175733650347
245.2138540938091 265.90447063578654 1277.8116281869534
23.164347852544438 275.400196754723 512.5677750707761
115.01861843170147 20.485895688016782 130.69250928436233
182.68355325635264 3.4215838373276664 677.3055891266332
346.7718987641777 141.63691762527299 921.6711784994704
14.954131804248458 588.2517198830803 1337.8637537799502
145.32414715569968 303.85877411956767 265.7520823955009
241.5537217246937 119.64526674670255 407.27146623074503
18.225583384027292 83.86361271955876 450.5851999121039
326.12558733870276 22.043465577811254 83.50664117361283
241.1022128658709 1249.6026282476191 700.6794520058168
245.46750616607812 0.9112914217331363 1487.023228190692
45.378947452712474 529.1645807837626 280.02893907935385
795.1681562995001 60.04421706813983 1330.2404194759663
20.12658352167543 29.144685451653977 581.1880306443248
41.641996844124456 163.1973563414717 868.995660046342
247.06524860761357 0.3208145129453238 1079.5304707380433
35.47763560737754 422.104934955624 642.5171119615762
98.05307304503039 560.1407147997081 900.3954551412809
33.12172283577357 186.99552918333146 869.0348333628692
287.9539565468887 333.62982965235034 1407.7297089336537
21.00666513229571 60.827031864789895 11.512258591277803
410.38162421180726 10.865498119798431 113.48651339034926
37.249008780883386 58.50560051903276 363.8582725497853
57.14542433818332 294.2457832978635 1219.5910218549018
376.3980643159813 73.75051734721293 1392.5552733582524
411.55537533331244 66.5262120799607 1452.7055935606504
99.43974305240218 538.9512568877881 637.1583700046332
516.6228491371692 65.54869931387579 1444.335362514951
198.4478992547441 341.7362926467823 896.6783891029836
0.5375900908122512 59.06156776560375 461.60971268015044
55.315393801781795 78.92958229592527 834.0821633834258
162.79048685962212 94.2237662557582 1063.5920115712752
60.23021939992738 20.35733328809614 55.74069469945342
46.09827244009798 143.8446185336044 666.2388260438402
15.940972543357265 121.96023755668594 1454.2185728757331
55.12636770845282 202.40729772800813 565.1528973410626
18.4384048047042 36.932674084407665 735.3128163185281
296.9854590102538 85.4562389174979 605.3207698360926
55.346778453739965 389.954981255209 1222.9432699119375
446.97373990902724 303.8285028124055 957.1028928639765
243.1971268962801 2.570478395401482 1480.7718238700181
383.3934408341573 413.16100175164036 329.5480087220122
17.516448915230715 14.239062667646243 600.2774817548681
609.846022837059 62.330241577936526 1082.8789593877189
384.462823623335 147.2023102776679 215.39012366224264
72.22430376030128 151.23475420471894 37.51367394908406
69.40535681969718 30.841261284219467 987.9135854423397
146.76400324628565 346.328674052831 337.08484638667704
153.3302316514721 134.12288653695518 557.3556049705992
48.42404543552201 237.86138988203373 1241.8506341817633
10.640157764676896 11.28200386555002 1379.4562434108475
1.40555326798672 235.0120454233533 1395.675840740518
225.6851241287221 102.82139695055572 11.225175184723158
161.50846447592542 378.063934422882 450.8992186761074
464.59776933642826 31.190205330726823 263.67547416892654
122.63555708189126 170.11904809420125 607.9635334200319
355.7825735400857 306.29351363501473 1134.1128053777736
241.13826004196795 80.37019795114277 1089.5614611836386
25.7544182074455 266.52093262874416 1334.3199442022699
37.43434435629149 82.33188771171798 0.7844754924943853
72.34760989935496 269.1389241833923 748.3827501867178
184.92706956638955 325.3380215857472 50.148800540288754
255.23406388044853 65.34165157955971 26.415106059423433
193.2886287103558 18.117104085548142 197.20279595850832
77.61326250393866 201.35284674248646 1249.473869782602
68.83506105819644 39.54854355351701 558.3377172402976
329.965810120365 83.3981419362871 339.96539810834594
22.653993709494443 141.59640369588098 1283.1892237664
39.152000440374614 503.1735263238438 1354.897615509433
144.97271452051288 287.32072992712034 1413.1971288090974
854.2623448914447 471.22379827905985 1499.5775329430492
406.38529243487324 321.6112780162911 991.9413847344815
7.8646625100609695 19.70349214535511 1360.8629395053372
49.33047126648189 93.06630617400255 1375.133385761731
51.17488931565725 258.48423280184664 830.6418732474284
209.1091595497179 11.418464407995604 1025.7008830268865
470.46521548020934 79.74405823112804 102.02858654763163
705.5556961858074 52.728436217885196 692.8003545837242
161.34578702210888 639.8109447022061 301.69626208114346
66.27524767071415 80.32214536474407 531.7202674436236
1020.9458013551837 44.11488817726432 1045.8835747296312
42.23117685589607 125.70850240909981 470.4893457720201
475.6193353936218 530.1355097295339 647.2520960068821
93.72124757734484 113.56328889516791 1285.0933222593626
46.48075022437851 303.06844849677657 517.1744415297802
146.64891229967174 501.77801538978616 935.9603929588402
16.22492292876931 207.5455351284606 186.46569442730004
65.56422496766203 5.60650976108541 1083.349704569024
54.00667726917771 927.8933081669754 579.963231057798
308.51144364788695 674.1165362567098 809.1684905307353
26.501019213274468 268.4952238749919 389.98269357763064
30.985057866365523 6.813751332437845 901.2439185636631
34.102153001688194 202.2744210818519 450.37563348762086
284.1226335359363 207.63178410219095 368.1611363601966
353.0309294273042 491.93981470499375 523.0377114650634
45.495041130145765 378.51361420083214 1340.5968845076943
390.3744739474816 224.76313657873948 525.8445561805913
76.05728528483696 40.585777401555944 527.9852157934995
67.38416248367454 243.98718142809003 1160.7929116999587
29.154706593425107 369.9362923326361 448.8215180776729
104.29257634981593 76.05468976021243 1418.491529643766
280.2095536950699 64.8667647376562 412.9865389456578
387.3418279370073 277.96032759766086 754.538118139913
670.856118085006 75.82094734059352 200.7673821075099
173.9495255211227 306.82873826469785 17.734012009761656
240.2122770902597 238.90527097745942 506.1990828239163
28.79063361195095 745.601247058309 38.85374940487546
53.06160752452085 12.197617590894335 956.0805944084196
136.7994267777095 56.095652176565046 1459.1947816992492
533.6451116290237 35.83680774337131 1251.6334954977474
21.32841692109492 187.5124278705621 1330.2815830534257
56.147123449257755 55.92464071987852 137.47445746712472
134.96380606051264 235.05372629713852 1051.0264206023598
44.05505226240996 719.8008626064329 1054.990400803783
182.98270859079037 58.24151021445856 1156.718268668084
245.11105630224836 58.91676031780989 838.3219212199124
196.6765520988941 109.47278118743054 1413.0617497982557
245.79293149457789 159.52154473517624 555.3560368715505
38.00830242957575 9.814167616994618 328.6934221711237
128.07565082336333 252.6897960787871 976.0834436193636
48.52635166600297 156.58099868375638 1313.1842253938946
90.80166356798422 278.18888234491493 674.5417102927798
8.120909577135677 301.91961800911946 881.8920127580393
34.667763429085134 548.2744578894349 1019.9218191736766
182.54059505975243 311.5773107779902 1056.5624175383589
338.2383861990539 69.51763458641344 159.09096999102357
219.35155579825638 108.11420729027681 286.86931295493883
507.4347056180329 44.34250338142681 1372.4953757643589
298.2948701486193 392.4030199064606 264.4576916615778
358.59748646618385 1034.3344585796742 627.31773339326
25.209295272182963 7.751575536334833 1301.0098539031287
82.16780521842873 148.1694578581891 1045.8437852867335
1022.1188154014909 132.4156247324403 278.85981558685677
156.7259615597834 260.9410301199967 133.63305866262064
193.69628668181593 112.73474483761865 911.6971224870274
262.81388756775686 71.81772810466575 76.14655532164788
261.2053579193177 325.22710404025037 946.283754943455
181.68892538834834 201.17227856081604 955.3713987032414
113.56642686316786 39.020646550449776 642.4436392409117
202.27707189538899 54.36252049205164 1389.3424952480516
89.19643972152545 89.30769189926879 791.4437878399589
447.5001258535299 53.87271729369905 1372.6672210722184
12.001150908232926 71.66964278556605 1119.6692310309345
150.8600815489676 389.8395947715671 858.0446181770329
156.41083352715307 372.65411628823404 306.6364487671612
8.321900553535153 212.5200569645406 1395.6747735259275
168.98408009804996 245.9252655362625 1042.4147164500505
352.02426247640363 252.34991130280537 1019.1674227956315
156.15599443746868 518.9505969334523 527.7170221823026
21.88262675852094 166.9774212392645 422.21485001513554
10.84750842189405 62.392191675317555 621.2797468243807
34.96194451359689 170.76221507635515 1464.6371984368238
850.0891601812542 9.586929550680836 446.79406378545633
31.292185549665945 178.585848535837 815.0128543432982
52.73000611893629 101.02257373495056 1330.8299249564948
219.14857465069244 68.36901624669743 244.81244818341992
174.87633294428537 25.51504879281337 163.8801562194425
98.03149025174959 147.38725114235135 1076.2943524477846
72.43921623634832 14.208989265695394 941.0755247317771
20.26245549489201 45.056853425104435 574.8108853648861
147.68002070447542 36.09520257115995 491.28773305883783
80.63878892951347 194.28858800672256 1202.43674361397
174.66262735648007 2.691129241650833 1492.6469288487817
77.62943953508567 21.466220255071917 703.2054665963566
337.87765515700244 442.1216123823813 167.3177040500362
27.53957597907893 150.81002042435716 782.7457022199924
114.19365927608207 144.50559372780526 999.2850400679969
545.802518303816 256.7914833139352 1296.723254953487
31.72524802704112 75.05349250374698 307.750650520313
169.94150987401127 188.61706679780016 98.55261582273306
310.373802911408 125.99722761122038 473.39054513047387
37.85437687934579 62.0050686702917 633.1472419009431
122.26032101166741 390.98699636243146 596.4016528488021
48.53599596896916 155.42174974772584 1354.7486962217959
69.65714259124717 30.595533765042966 634.9671405065598
116.66537160751409 45.84379581556951 692.6150976007305
204.26934983304696 148.28120176890565 144.395664625301
254.51696566424795 139.61812242676038 541.4581432459685
61.8295619422656 229.53934931767645 16.310504055058296
340.8738097439666 342.1062691923813 1400.6267195852672
531.7015365835792 727.612612981356 1240.4066290459662
53.24139888263012 331.1271903612464 438.58128762841227
11.255414234867702 144.69568782955585 1189.7684533845838
120.00347754105252 1.9326890527833467 828.1493819899882
25.858968466047035 256.95962720692495 1242.3806307735024
428.11455259462764 101.81802863934128 176.08644056864986
2.9960362711204622 2.2473589322949907 282.87999558319643
14.453207207908322 486.7543613384528 1095.824674980541
18.05187959845057 632.3931195970438 899.2204596930317
668.912763526087 711.0201732700981 1342.6202590664193
65.60261137066347 98.1198464459336 217.81090547235348
277.97823473491104 240.08567873742055 533.6299980660277
75.46570131792126 73.99705984631197 52.49270901282821
12.561488969060827 186.65281941121015 1103.2794178753427
23.34497817201425 149.12042144677483 895.1688914867178
34.96773736624989 14.527825498403747 794.6999110067293
496.0363980469088 361.9762471422511 1031.3105048566756
23.689884353740887 74.90103035311229 1060.97562171406
109.09685105339508 22.537430555945456 1052.0749694570907
105.1431035468647 24.053867304258446 835.5014423072525
116.62748880260034 321.43732673999995 235.5794866975144
110.83528759335634 134.1935110107181 1251.2705447288035
1005.214993662777 47.97074313348755 46.43024976025589
1284.6219551677937 24.47075434712843 1082.7817384248287
1079.2480404869889 34.73691160616906 1441.257782029614
225.42566942837547 235.0707512337554 1253.926981123761
177.81015755295735 1.4987452964794301 312.99717552771625
94.23043058581251 413.85531778616433 529.9828150843047
168.66975132426097 165.35064041143013 690.5013101692641
123.17911002013867 561.0661818003834 797.2404103619548
61.969467833604156 93.29593640696869 163.21639320388604
807.3207059962874 175.0097469491998 993.5230003708355
51.877026399842606 164.80154602028304 480.8765432609828
3.999856930675836 40.97104876786995 804.7206762497061
294.4560975667565 250.49533470044506 498.31295103803393
191.0714875883765 7.730048876178448 607.4777434062682
42.3004750483847 120.69924342919296 700.6075644743659
71.71892412684025 15.778997535960714 967.0530197821279
75.94107407925178 180.23139130583206 447.1836292625832
600.4481471777035 0.3299377101258554 1339.9508167419967
7.379499499991593 632.319957426462 1350.9720454639244
245.18523260938926 33.50399651627422 576.2381677219277
235.27985432341114 766.1389814885335 1322.184938180834
405.9455771181418 2.2122756071113234 440.3886009339855
555.2340576803797 198.73504649567857 531.6260524591453
122.81573073044447 5.29790768402025 1228.4691037352948
465.84539999558183 59.06632490213861 266.87413790085685
187.27737084232066 201.04276891481194 1440.8711576972157
532.1441949253144 433.8511422054178 1378.4474784110735
7.44543417829045 142.03472552134045 345.9962664539402
24.914601852584582 506.38714537309653 481.2233049098344
104.57785786205986 63.44452072335906 603.4697621457643
31.437249373106624 138.77031162556838 86.58273909564696
24.648945926346908 231.8956443832933 118.6770048469642
44.53535110820689 117.71563873301687 1231.5231115928584
161.78034055397148 185.40918301457023 283.86702998580944
171.37764810336438 77.15818128339633 1204.999439940332
158.28316683779292 113.27137894104571 1353.0040044172388
17.899170196775056 163.0372001350712 731.8241101074786
128.27624365820685 94.95776784822031 1468.7946710614074
198.38009293939245 443.1565206143846 271.0918745844202
10.674038808655045 25.24274686472304 755.471889772149
160.6836015826853 509.6176633652741 791.7559715718658
492.37793692633215 87.64739090928421 1068.2173052744579
397.1955777125831 2.7078974807868974 593.4433443923123
517.7748206821703 19.06487314307266 1244.6476321197092
39.23834433455162 425.5803787272896 295.35376657983767
68.84370089085155 341.84503190725917 1280.6647790221373
119.97314117843413 152.39164525947245 456.09098444295296
51.517210898642674 232.73079858663584 1320.4390307132528
69.37565152177353 164.49858448998475 970.3223724617336
182.4403927798083 70.13805984632957 940.5275375885135
405.1232239311934 12.045562627629721 460.9985443888486
30.58360731771374 489.9312622751978 967.1963315336978
17.687340351394866 17.918302862716786 238.72894279015705
62.09362181132426 167.8065107165291 841.2974800297852
226.34984074917162 237.8838858169285 911.9408061800423
63.844335127037375 66.81379991967229 69.80340576047244
282.2062229060455 64.88058149803652 1415.80910902929
193.7451649963081 124.28096537822493 970.8132111419872
128.89634871735524 213.0240000380505 585.9598867877834
7.838930425855957 50.6506540503905 940.8465378602413
149.3000189311826 8.60828622870712 212.6955760971187
56.01201470320179 34.421288295764626 1048.5651197180564
101.22222678009263 15.896667930476017 902.3347129333936
203.20403721677707 19.568196284582232 1180.0695024396432
78.3766561963577 408.4460075384033 1446.0799464380614
245.59498188417933 263.6241141084942 37.04526660137852
1037.497165007981 655.2172486808183 97.45876683648486
19.525872237656124 5.141241247802656 315.3360072286245
52.50935036531041 261.99201192306407 854.3412422371706
148.23576602379705 368.55911746008525 1048.906216632843
105.3963248437423 31.712566435172352 261.9661417290512
117.99719301076634 333.3389810345396 1250.7166148267384
368.72903474502345 911.1028131251494 967.3915979475178
448.63442751854797 49.94781195417475 152.27124363519283
334.54368848835765 295.222196071433 1121.3402866209601
157.3406517567887 148.42300688868738 454.10258219526656
23.272138428404922 52.270838766058795 570.7607069857618
92.27625790791876 210.5549073474323 1006.3456745336491
10.410522776828607 297.0143805564695 242.52784852111924
197.64329387890385 275.04294688756903 1346.7053305124207
234.80901761665 61.92489537458875 455.15471978369186
237.97582898746535 127.68397064166857 717.7593389990471
584.9986436954736 104.65953473415061 390.69257716836074
647.6354617780063 311.1924825314445 108.84406292147052
76.99278360440445 15.800729380825441 1338.3180083395314
223.1062558434903 170.04685768629727 110.32913211987943
18.689152074869813 131.27890073793512 33.052164740572984
53.623331065456966 275.93213291636414 1310.5408681858842
81.62139565916927 151.96854555642815 1005.0725420592499
170.4375001907779 39.333032789656244 234.52970321246764
285.1242401474868 23.509125103890995 1280.3618153360487
114.78961040237236 1.4924875767722718 1456.5709616914
106.19422935118632 118.09807903044695 732.3570426641288
129.76751002804167 1.655972467550109 1085.42158032836
193.62986932659578 334.7298864976956 1446.4151162488245
177.6103357283005 221.44509359916552 75.92505847556502
18.060113907119582 79.8726036710638 27.579369508001548
170.03795356806495 18.037045171619773 1462.9275147224566
298.02251026571685 210.87570445246996 218.1080884101401
127.55271545913153 113.4065373844308 1196.1672031067878
253.02250262189935 56.10931277078958 987.2477350884732
68.15198370566938 175.33839628218533 1134.8854902440523
226.42257696952993 82.40796268003146 1070.9151550161116
143.08455132853865 167.98059836415882 690.7504310188626
37.71473361125808 52.47148694984879 617.4899055012667
65.49586945801185 164.52851336690665 255.55967815112933
388.4996154163002 2.359685412584942 196.28166596464948
355.3350669590855 182.95298814619045 1454.8017789951887
39.84938422388233 217.57189366933156 895.8276246885496
182.9886727010056 32.53710953290454 645.4053103460727
182.87743374486433 371.1915083175999 1323.4142597477244
316.58143367236437 619.0183124658288 1182.3327515340336
680.7103816600535 128.17743162668546 153.2750100538615
167.2361495152887 76.67563447419559 91.69267039583512
6.548494003961812 63.51864976247935 551.3746069751742
40.11537291510305 100.05009883149538 1393.6904938344621
142.40702962944349 63.47093452263917 414.7108637549699
265.5198062853532 50.072691277799784 717.269297445128
153.55584596235133 70.36481346324231 877.5565575614293
346.9392206345344 232.15899844559823 1244.6506259891294
54.805773098644885 91.48735531228346 903.0139245951787
50.447687168210344 11.415215772294534 371.7475809287652
23.451862144093415 136.31137913044375 1497.6894813268657
4.671128529968491 103.05057861633567 837.66714430501
192.36427733926052 138.0186352922189 1391.2857089046076
311.3617940369931 294.2699712043375 963.5105211324354
178.51506360378346 18.725477125137115 903.6045283212172
116.77316077470807 28.988401205874165 1375.3667681560603
181.43406627864388 8.35194387718816 974.3470396689471
17.312058636266944 421.30397870776795 1169.2992827207684
50.92200439867718 155.43028451681928 1335.6937212643677
272.44162093228977 108.42192820718228 1022.251842800899
710.6581172648234 95.08728537151534 1288.5996993120332
40.54914249478172 60.90445089933052 935.1004632373249
545.1217697929518 42.35660934042897 1274.8250237258596
174.75762127328017 864.9055233433277 10.301603716427522
74.66473633502694 37.942027351727106 666.1605210913309
98.4990535968513 63.75404480924266 1234.1097514206044
104.08484628136434 241.78557805953454 481.0817352193567
95.93239945492427 371.43492335472763 1008.0733380003657
134.757769528934 183.97414223859096 1066.964129586301
40.28180410063029 18.135533317050886 1061.7565118610974
43.79066971450697 329.31461728689595 513.4455903833336
131.81514434504908 62.87695830099228 1257.988867639525
79.31586329973989 52.93334940063789 975.2723025690942
11.956268813640923 322.89245574172145 983.1043403650943
12.042734756816383 494.0916019951433 1054.9759477556145
126.64157911768126 226.72064266197475 1086.4544144803285
169.55325963173274 246.34879456371377 712.2736521492902
230.00214830446487 439.1670107475892 894.1087544797504
118.55393512051992 22.80165906265922 1448.5633511487001
0.923696531590892 465.4328787139076 671.1288542034464
277.42165683038735 358.50138012481807 546.2448951308709
220.28633198582952 442.5934583063704 692.9075876868358
10.115887650812372 373.34297175823343 161.9479456332388
150.2516175206283 158.39202598611357 548.932778381578
128.84023159364642 198.04955197748245 1423.4507682952824
473.5072952256612 83.15752977489957 460.9363539422176
348.1975329058596 70.70341812653102 1218.6585810397662
103.18480407996657 194.4446201021317 387.17506657815915
147.01340829214777 176.74560995476273 715.1461472183707
504.9655540151976 307.3975508793994 1057.2611192018849
109.01717763550958 32.18417766808445 1324.8001095096715
133.42101975824653 12.687467560800616 14.123773018906716
71.0368544715101 161.48605520500385 502.32358921569573
354.2190043481881 21.074946233883125 68.15766822410934
98.3321039336643 177.1837015094609 1456.2919158099828
103.48053951705249 124.86491113194478 530.1224048197457
143.03820198503692 227.51452270938958 25.03246393106512
159.01036011287457 83.63468687624015 105.45611730851229
153.94684255156562 60.26032048337719 56.74978116593871
30.38257307196826 185.01561615980617 498.84578448675336
186.23508563697746 358.81984721980007 940.5360227098228
35.43764393592487 54.0557585458843 1048.7006365936634
529.1394917689414 166.28717031162205 81.07848935877333
113.08424580646022 468.146600319452 691.4936285793824
146.0738864285071 367.77874413906744 358.0378495147383
560.4764678942846 26.790500240346837 1436.2549192251067
89.21722866988443 30.607629208856206 559.3885387728695
512.7646628186891 87.43581419187278 648.1192550016327
0.052970230424466816 30.19992917202185 1434.1700591309464
150.49950525496976 492.1550011360714 1130.3675271412094
131.1394804298634 432.6463680574393 390.32070626027223
268.05860480249464 69.61292553456207 71.02829219751561
157.89370550073824 87.28412739610985 978.1318075337549
157.14634199745007 30.566648987171853 1062.787202465922
307.99007835756186 26.06001116139825 1158.0033506926063
625.2280667418479 311.38068159631666 245.51886328761802
312.63744057868365 54.369522798017925 1075.7517937533637
296.64590816840223 240.85331859463665 1389.0460738304107
193.36958183073594 194.49481707889092 148.3703062866525
339.88319144339226 127.18715750534342 1133.8693050092088
206.5049071600638 153.0011928688591 1284.940832883263
47.092518181065934 136.10589817735524 834.8016318737641
387.2868675715879 186.95907124681267 1253.42352264651
3.4678004324686165 64.66062796865138 868.9738102507358
37.84172314243265 192.41540469552498 291.77494978191334
543.9954081564969 112.14207381561671 310.7391039437225
299.8355747241806 124.746732551214 1228.3553550432619
141.69128241089496 44.01873855854909 353.80603153944276
20.409576928777444 12.558515643008006 893.423466127246
130.4610297934992 20.456236447576114 880.9573124942536
322.56745080777495 333.82059808482506 337.0834021266854
101.5138463714924 219.17986413118413 166.8291925191503
11.637117838662919 34.36294647414566 1355.0886634387118
103.35881117469275 17.164859399903328 1306.399771291175
90.417374189541 21.155058806803336 1461.339513392685
16.320872078815245 74.1778878068355 420.65411108406016
296.58790114067546 105.80860922297211 920.7286879821039
117.09765715349134 283.49452005580116 292.70948492848953
305.55052490727803 81.40269829198493 742.8339972940338
38.78597415632509 454.66353729555624 1419.8269045880963
305.2927943821752 276.34061170073045 566.0806646582228
288.0995400951669 215.91271761639396 324.8998343264883
112.69874478981299 135.87648010918798 384.223533727586
35.57277349413253 220.24608855478377 1059.9253886036902
466.39232351969656 2.243965124635354 845.2021331472529
227.21532633393676 6.9262769561678486 427.70773953707476
93.5965729928411 6.621565956251864 242.41241234508104
770.3051408963432 236.6966262887455 910.97032751235
95.1182104569736 226.90920356014303 284.36617344686874
324.81972759554145 17.639352963606008 311.05018452391135
118.35063946438468 496.9228398387072 864.5114465824529
116.65958986378551 238.03683629148043 1447.9241591988507
24.33533256103769 129.49277941071188 331.4208155279003
222.5705007727855 31.747516038683436 375.6947951570751
568.4217638695942 464.53838974000996 787.7676218469574
162.02794941800235 93.40358028308508 414.3970999067703
179.94434526944573 541.3931131686562 114.73383287813493
179.37591436998903 311.0113193231748 293.32799285990023
154.66961284004688 281.13201672239126 125.2827779719154
54.31602615369534 119.80793934545137 77.81033929458658
16.932807326155977 56.768302313901664 1419.0923625063704
14.937198866872892 27.067151565241527 737.4646907739337
12.299932199008975 575.9008263007993 164.59774807455207
201.4295455613081 270.2126434267455 757.4329940275666
64.32828774198295 311.29985563814324 564.2949700435323
130.9374667978218 13.222772898321388 230.5387556478492
15.133122780557773 44.74779836037234 705.9169551627252
401.78203747397936 203.65287222044284 55.49658590253714
34.22967405865907 826.130402957436 966.7203033890969
201.8412781597092 3.6923337732220314 1314.7082240618063
211.73779901324633 20.269553915322376 247.383279817333
173.48335151431044 633.2743862084537 1458.8045029502036
238.9648255436446 299.09303523697156 669.5883406268636
116.02019543939616 5.983448117592703 644.4431176478321
94.95747866912684 23.333363732177407 351.662533529065
136.6383021317564 43.725865175863106 1344.7879667340428
182.5860055969895 17.469715490002017 33.44979291834033
269.65684485606 115.46830551088499 45.580892183357705
18.01130601842813 48.317073183931534 349.93900434260314
26.06606088422402 0.9997825298529429 500.7486781527728
72.4440539603394 7.398988243368803 1163.512125390393
23.097282031515846 213.6272707036178 329.39784641802413
80.82452908480099 182.02183934091804 1057.9626577823756
143.83967985648573 3.4215306687463363 641.8819613340441
46.8102734746594 59.22571202278748 1148.4656285067688
135.1844811842052 20.34552960990271 315.1871584632601
10.149714500290703 216.45376124806458 423.51293649513195
24.666535633374004 314.5557195523273 1357.5756776565186
359.6822391460272 187.5213842331793 1048.4168566307048
91.95665881781822 258.5320427821689 759.9656991010717
153.12004362730005 39.822598202730205 526.5181180581081
191.6570881288654 151.56432450919047 568.3123592403923
38.70577995001806 303.65084142730126 1488.9191957902747
45.56064697460071 98.72466647383618 526.2790723657954
469.944907588976 193.67241708317135 323.70145435436257
102.57516960005613 92.5132521707081 551.5432657587717
158.82806889213654 97.52628473167158 841.9947957224474
87.54767927952473 95.70892477472582 912.07643745081
193.77038850054726 13.47150333700653 520.3152836213736
274.16324752070193 10.793954451585853 298.52538352420214
341.0490887199577 510.41266697865854 14.701755074856326
86.966592559477 43.82758122490921 969.0008303552314
119.43261670034853 188.96645312667727 339.46230776751025
478.8754659899313 468.37026542759475 293.6389279485383
161.2108810501568 184.97920000406828 1352.5116588397382
222.08298737766387 5.454530888681159 425.5718865187178
120.57422938592781 38.78047991185918 565.2847497734311
63.98553927388255 220.98089264173356 442.8999702160642
103.12082524636818 13.94781375191033 400.75367993008217
20.78268444402006 126.81464133793314 974.281430909773
233.61879426167533 313.521508787447 414.77070686520545
124.94076270756211 3.8873084044579747 572.8753916942654
18.015219044375062 53.490536050065984 1171.8227947276525
219.03507205019173 216.08729645860737 51.149438340773735
9.508156680026463 32.64742072016823 106.94201925180691
185.3263879396534 101.36409943684875 344.27396506280263
36.15831015155161 255.56730434879978 1211.671373108585
75.41349094111804 115.50084516061425 1227.6531303835332
302.88002094956096 45.97054210290711 842.650896529222
308.22868689027496 234.20693688636538 978.6030664575287
342.08931531431136 487.2799634619898 518.247767712701
143.236364160793 2000 1343.081480229943
75.02029851657413 176.86678738239755 94.55754399169591
33.40812917869185 43.37689410839025 14.821919942393901
106.31213830551758 191.83289447316488 1312.941660819473
241.37478271389986 8.676300789509858 348.2631920919616
25.377063989765663 345.05041019452005 134.58600063687126
730.4716593962901 75.8409711786171 441.75041299416
128.11819141720423 187.4888912247509 1322.6296065215713
83.33387490785898 221.94479025597147 337.7580809557956
67.09913944858098 211.14734384658428 418.9060646090641
508.1955305415917 51.784333789846485 128.92706407530812
234.7661603130084 27.563106714093244 986.1384419490513
36.03323323737084 326.2997025345814 1092.472522237044
175.4437396773637 18.602332591234052 738.6476872589774
54.776104492145926 18.563231030995237 327.28383971464405
77.3886780759504 641.2268993097399 1339.2162596052005
3.959688911597381 734.5281878472535 384.0077344297687
173.65873475427057 359.58538104534114 869.3032110723262
45.45824547092936 268.24300185399613 987.460792845098
388.0790947528633 136.17152280544215 1382.4795013506211
65.40058446627077 332.6523075458384 184.48865803511939
584.3986204854777 263.77962056272463 726.6882817766907
4.476875574261611 25.386062057204136 491.06211408709135
49.28679138048198 88.80441246996317 970.5690922831711
39.40655092063874 371.4825948436432 656.9642975180877
496.69084660732904 58.023091224944245 82.91531583171225
133.75619204627048 771.5650353078305 1157.591808790133
22.938154166286786 232.769405630833 801.7061672208877
186.69795897322294 15.144785604719486 581.6957947994692
62.037762665199395 370.54422030054815 587.2940078346871
353.7306824796548 498.1872580957075 1188.2527637800704
220.39639232143992 3.440768221282311 64.1216041130065
89.54319449052153 301.1281559897189 486.4739577131725
80.79889622658101 219.01627990119584 883.289288355935
59.60977303206624 541.2249504030664 1039.623395412832
37.726153836761064 110.49443634566045 529.522192189312
516.3928315622786 75.21075451419951 1128.606413888211
107.28600511614759 123.02308551531358 1092.6919881343629
150.91802257781748 71.17066001090119 180.0244782552709
98.65079936179175 332.28776405031783 1216.8089560306253
234.3980935390193 8.018355512555605 107.62596031667981
17.61442962974715 438.65679488241585 178.79508059796473
533.5645278125211 129.9616381952888 536.1920078952659
18.707133353275037 331.3853856655748 618.0031859138965
271.5636370031986 655.2445795746178 979.0240983141068
156.53830531930484 50.027295068587186 277.4596997084267
82.51495763670718 60.17226706505894 1059.8663646338632
98.35414809732883 40.78837245724334 531.1907474190793
123.89078992636382 152.7408335387243 1308.6561820930363
113.9774219279396 121.94455508750013 158.39124331909449
313.3698460926597 79.06745395081663 978.2977775450732
16.267862015814014 52.963769255652224 218.52893152248248
50.75833155931881 367.40875724131445 1384.396914123039
15.491007414743438 177.73971498113715 1092.5737650526594
294.4655771857669 53.65209441205786 522.6560712005222
0.28126354260329983 15.944480149048621 527.8776401866893
66.83569262143216 15.706348035847547 994.3436608839032
280.9184441590392 215.3584945329123 1478.4256705892474
62.863953245499836 64.52060910862185 756.2486338254208
26.181016655759798 191.66958087695272 1423.077547831646
245.60393831171248 392.92321545005433 85.4817563438981
94.71199248853507 125.84980701295758 433.97820354697967
603.7965727125439 163.8177117719151 1482.945969837776
263.987436600207 302.4153767978939 451.90329753144806
246.0941215529929 20.527939085681282 75.4935071608775
73.46307480671062 256.1588960830987 1246.5982396995464
210.96147404911406 73.59298456991901 897.5949294108359
96.1152508053211 333.8908815617321 428.4859780088091
75.21799229241097 235.0203603763637 1089.313903274814
348.3031649122142 124.69416213774278 464.6415856761248
344.66573248638724 28.577735595386933 1038.4529209069237
12.774759640327336 188.46162886873032 1037.047725211996
46.178115937842826 64.1778308850325 1442.5295181917693
208.9440275961641 40.370716979328314 1059.4360426669998
107.21111568491597 173.15529752646896 1321.1597941986076
59.946103077319655 156.64856497594917 839.7037197653868
66.81679008802945 189.40468232058208 488.08706252536524
15.944954253390481 204.01784977225154 539.4229663960525
945.8545192976433 136.42336994607948 1183.8559647372265
62.38638376537574 24.60741992206915 976.4824296968862
423.9379228750651 65.71061715973526 626.6094745332699
796.941596482123 151.8619227292906 100.2908246589993
355.60751292311113 239.272414321024 278.69419433012945
229.2637790531392 401.0410862541372 1021.2035593649882
517.0266702126065 112.69417101685941 561.455791325371
51.70386996717071 214.14308626731335 256.5042743394035
11.904287339573807 63.4982047520361 390.22204227158045
188.8071299761612 113.49916400181357 104.63256930915693
527.7138016134178 56.90020148388799 283.08330704198323
207.01253023720696 158.30003315020738 242.68488135242274
427.5253169668261 152.06310363699552 733.6885117105136
312.5474605688028 329.6797088964689 1233.3167255306014
93.2691420180612 40.25575365276291 1304.4632934086599
50.480460616853904 183.33306314326953 1301.676668820644
530.2066948867412 398.6506938338599 1190.6073825097951
102.9622882704324 96.92439288639513 385.55459730030543
87.12941453611195 165.88555644311646 867.9913729169155
551.0885747331328 85.16166369429585 296.54078633369807
6.799754165214594 132.82170812397567 900.0391497958809
147.5948788707933 20.895174449552727 279.97011294749313
61.0050001998374 365.3683300389115 861.2551619087054
469.29354324860225 558.9724981298847 117.67892478204489
15.888311224556562 144.3063479947766 242.99907508987556
166.13594435232824 359.462295030741 576.5097627818893
253.85122162889252 198.70709285762345 493.16816474283587
267.88116697835665 75.04333820420615 258.01406856615296
106.72101462910359 73.28474360955451 1499.3569299826663
252.9572882879509 17.550804103865293 1011.3936095640119
111.09735999074866 719.123336257535 745.8722393115435
334.57772282553526 18.077124295343758 213.07902440015647
35.26679235003638 74.36779527789268 869.7112285545894
102.57554240166668 102.44327342787827 712.5285040557122
52.983958757405446 395.57708275519786 1198.3552356127284
258.4775780384294 109.2456390971786 1146.3976287119244
129.76715267880817 33.938148811277166 677.7303600176219
99.49908304223578 190.59984024208845 560.7409415185423
181.37948367115575 460.10041087790796 659.1077101526013
100.96477332295078 278.54283355316767 654.2902235201442
168.87206166464975 187.8461739880283 1061.0846282599405
86.01400796605799 16.330457041516 1390.8390894297738
652.8464912230535 39.405892537829395 1155.9817292541436
200.85120745006196 538.2862864646758 191.42254078936892
260.96562030939293 29.89320578440346 493.3365305049754
32.45247483912826 123.70401858783396 1223.4742053263637
377.45123672820233 103.08845850153772 943.5751247178164
345.2501065519526 308.91816097127975 746.4983648119397
184.735405424915 161.11122391214786 224.7772271968938
74.91709620595154 101.62551818083188 1430.2264851008385
17.33777134910283 190.23207649094553 897.7239916053962
842.9285569889098 142.17787548370424 220.9327920834408
98.37427093310474 449.5178328776572 1410.1231089679861
244.52637756309898 807.8960255557708 193.73521469865406
0.7494968047456934 632.2972555596733 632.4510129966438
19.214330858962853 313.26982487546724 667.0803610850766
89.04316587345545 713.6101694349011 646.6481411759995
552.1811351035915 364.55075258996857 735.1632028023866
89.33141618494498 121.5190254104953 1333.0366916565044
79.2143806256575 187.16113209794892 891.0682400238783
13.348059980671428 34.23037605857562 396.591786668335
297.8953640329295 111.15146149972261 668.22887298407
155.2005939181588 79.81422696753326 164.07461587715787
147.3059576966195 99.26900288089719 1478.9684072549262
300.4197328994855 34.168574257152976 709.679948227933
198.89473574976086 289.2361177026338 1476.8976074414745
221.4643476459972 110.02902441234656 843.6301682064047
263.9516767591569 6.3100415667112415 978.2268307383016
34.19569588191486 148.55981358019613 62.11110895095945
545.5259729634453 218.16225267234103 415.55918083378526
102.54347625067814 40.91071795261209 988.7950491829372
85.53079198330951 522.7082945486492 576.05770850516
827.8074558094535 154.99105001231686 722.1025820677297
544.0883988671712 1189.1094699807038 476.07327190408483
48.873457957186744 588.3238265660818 923.0381033937481
137.79240923330744 159.95679452878056 259.1022417831129
73.13546121182087 1065.2384313949224 391.98500893821785
1.4917234389158722 9.641485288410376 1338.80690721902
114.4559631605365 671.6030693056597 1381.68059993668
112.40458979486765 58.872936727466566 1053.0458391196346
160.61141115156846 114.55815452254161 1128.787053090042
470.1206996527595 231.59667251558935 1364.5322288493003
307.1667919273186 40.59645385681267 1267.131472663654
545.7413997538721 258.262178286168 1232.8916570639858
152.6846343542518 144.2361805484671 1368.9915869704032
59.663067463351574 157.09415149788967 612.4167590761089
279.36023367217945 82.29002738500164 684.4657792904944
524.5293033718556 88.09052779339012 911.0320099847496
49.57881571644119 270.71347660102873 1342.0117571050778
190.10547714007328 42.81713158214945 184.64659367005004
1.3897708541685727 73.17986963642595 1371.6941422502703
89.24471422832796 225.20385960628585 861.074497338142
115.2653459604208 167.2752582653474 1097.2710496035336
270.7706025914245 71.78418533532658 873.8327008048926
36.640968364962426 609.0109779525903 1294.9188629802334
121.09277876298256 128.4148522328087 1262.357768123995
52.00992082509634 203.20605077979775 804.2794042874651
491.22006245285235 240.69824393720558 103.32364928181565
49.901723844316834 427.63673810216795 74.33392478257178
733.1647966807978 134.0111023293311 1056.3770782366776
34.47021563983611 821.7974481229336 856.3714089388615
64.25268200960141 732.4688036667599 1293.402309684371
102.5038145592679 26.317862284138776 60.52860892292483
53.839387031924026 31.60832203600713 156.9562826227003
236.581876973686 281.58688155393247 543.7991744288646
212.3378259533187 425.63441728971065 494.61034840752853
131.99095384137186 91.98769223991306 343.18950234881254
55.594854987029905 33.96158213561283 621.7338138473717
343.36290440660196 33.14434516361637 1344.5698567501584
29.56074026066337 455.59749467448415 276.8095935913793
251.21842974123686 493.8751909004181 304.38962335962947
65.11732897893371 171.43696283025722 132.51841784956653
203.34666248460462 81.95354297719095 455.88252382211124
42.80569397341264 118.3170224031028 703.6330843632696
61.55095843342243 542.9571824540822 219.0730301601926
578.6771027064328 425.6037953169769 46.96337410915197
2.3803358046663186 346.9023504009488 867.747770787176
66.52085738994624 59.519026464477555 1450.0186595367961
25.363361684009096 369.35205899126225 1393.6474474566267
349.30766209624915 6.176642528121841 334.75680654143775
47.06626006447493 61.35770583403316 893.7878926215792
496.0188836306478 474.2898215101933 224.11550468603835
346.0452718223817 15.986760743716232 488.38453812037403
47.58902934225273 278.4336674537591 618.5394162949192
261.26041189108935 285.6974211139407 304.4869536887093
68.34009329826162 206.83533650843796 737.9728150707311
235.43108039516466 155.00494786171535 1135.4168221775276
76.04360393637101 1253.1134579798909 469.31588530277344
167.63581212949734 161.8375967260009 1392.5842474275448
133.11568964338386 98.7330593202181 434.3775413095809
550.4479784313281 427.1180817497136 202.52434026294318
301.55841350622296 577.4026165636535 12.433383826688683
75.3991444244329 439.2665322941129 97.45101886484758
245.9999106988684 58.05488253144415 620.4627005273368
400.9626547750379 449.73591209292607 133.83609019356524
215.49685920813064 321.594242680005 281.9720938058236
33.49156896831872 101.81403901699244 1094.3262378797976
102.70603011300268 233.84839928336137 891.633574321319
132.60274831597195 348.86222452759637 194.34234409366817
37.25898427666956 318.44936680780773 1435.576966731798
10.119954824049056 24.22542837192995 558.2716701939886
20.315767148082823 429.9895659092047 1164.7387998785796
226.760248884509 10.661501306868242 142.59860313479945
2.055286343156651 42.3015261839086 76.95583044320009
267.80048008714294 191.3286977536884 984.4632881455741
4.018346251704648 56.76909599144048 170.94803193576158
382.36669968942186 56.369156994874416 698.0086236901033
5.46825516727727 294.671856281806 691.5618280698159
237.19924662242545 69.23292960184443 694.7065336018956
6.239247128921638 79.28444654703594 817.3156459663253
563.8278671942688 388.22129833767923 1470.0957832862139
36.33463900686628 121.36100963290785 543.8195564210409
200.10300230849705 389.4416067095106 1057.2969132547594
21.222183266475795 146.0493296489195 551.3314395988865
112.82951885106863 94.37033890693571 58.80122160003465
3.0599711562937952 268.13701383163584 404.2894922319651
331.04589849558255 632.8610544276386 1068.5499218252762
545.5628389846954 118.8474304935567 217.4088211787665
296.3420120133732 3.3701388855331462 40.01692008227386
284.12574257386746 19.8033326596631 1469.5196384285118
98.99868775035392 58.53258412946807 421.58830548065396
189.2808804297624 238.86652333319014 815.0946772578444
207.84439806220152 257.5824893090789 1328.479116093897
41.09945200837767 420.9202021088354 271.6786983944063
182.65196259737053 144.6945008496637 209.00350008195906
132.5889794577453 22.543208183476583 318.54951674151266
24.99188279171374 610.6436943514343 637.6660503500827
3.720289445388928 174.28869323723407 659.2610060655256
160.55001401830594 356.0716206971343 644.4682605163796
127.40721600610208 19.60794061606588 1492.2550906278987
15.381622865979452 50.2263272174507 1017.1432161107524
230.76014090705698 204.29364314883833 424.95128121221484
131.8534632803446 597.5325292704869 152.70753739920562
55.04602706724864 431.29999468886774 814.2242238018279
85.53161994919617 564.8390858681481 81.71647838931972
86.45223318783376 223.83530694976176 788.7721098744117
