250
252.97447608489887 1801.9202155216901 686.2851769450864
51.31018693494194 684.2382701857763 475.42470850646964
375.19362744023385 139.18609085386004 1401.3935727735955
1646.1470897887662 503.5404774292351 1386.5967241365686
153.97660356383125 1535.5184007470402 406.18913747014994
653.1336562382237 1366.8140160568246 768.2626933713567
1479.0769606915092 590.1932266081158 1421.6440187307153
1126.9389893008477 1083.9006656238873 881.8707692855893
1454.4696771565248 471.18341311411285 386.62346374443445
719.9953082846685 1729.8600679559866 969.2082791033184
950.91226558737 1320.6005214114882 353.5682633808385
378.01100766965857 340.96622815944943 650.5030945692004
1400.0515351698734 290.2489077961383 1132.9883512141746
440.94506266389266 1076.97726871687 267.6892763740105
1238.9610958223539 1347.5678739751697 379.9612834221771
184.8344303960936 1606.6787123793347 617.1737416026103
1095.964321867317 1499.963742085298 195.3459762056063
523.1674070501027 257.9082372355055 171.7277834551914
1339.4636995501075 1250.9936368250128 1075.397242483182
875.3244491347963 1396.7975639392696 501.0607929240048
959.6303801683166 1234.5300560994124 773.15662037892
1153.753006414923 1255.3501406471316 1125.8548954815274
1121.1463207760712 1837.2693139613793 1009.7000447755978
1725.8487017140783 439.8247297483771 195.46328002516933
517.1782433280221 100.42517167024268 199.4926433586496
861.9837378753283 921.2988994352962 111.61962765924844
654.5778742609587 1031.2198602419726 418.4441486827728
82.41888383461804 1589.2491504626473 43.27803217894116
867.728314202768 629.0362115991288 236.95644455403064
662.711579217214 1505.269246249179 442.90591373195196
223.87965388573616 1124.1581771233084 916.6867434933131
1696.0576794766598 625.9761076425197 151.8248678575358
1674.475376430209 1593.0714770127727 851.2119386531695
1123.6553162836015 1790.112563927547 643.4621284821965
467.5952663770519 1756.3981383255134 1363.5215901109755
836.6649729165232 970.7219061660093 595.2118873405934
1968.8362445958564 918.2579878660541 744.8690644718597
1510.9840531289951 623.6739492509739 862.1052596058004
1880.45351178028 964.6850145720542 480.9353439917145
433.1609379407908 1727.161847265328 868.0151340513238
2.174327127050457 1457.8156793627784 70.06052545798114
1866.4530290288715 374.37803971349723 483.41279490542973
814.5627056970939 581.7469125769916 681.3453151506435
242.0114643380935 1938.2054471975925 1470.236434114243
1618.7189364915118 136.48226234288762 533.045446188948
1551.2012430973139 1819.9987996914347 441.7822120711126
184.0977430394768 303.59773146251337 221.4449868019847
117.91217207972716 1856.2894056748135 317.7943342667914
1665.2619420885865 1864.0080984576323 1410.0946713371159
1909.3796862335569 1928.259728623507 434.50161362381834
1782.3731495903517 1421.8699135787142 1332.968280401245
119.2708192642593 641.1627877269799 1436.8341120657765
1730.101567106856 275.70408324463693 969.0465193371714
1009.8431570007551 953.8321029038168 785.4340982978272
1263.1446863747785 1709.1346971082878 39.405965322485635
1974.96564644056 1914.3835677287973 1426.9782032298776
1920.1137560810994 1516.1068752820966 91.52244212424753
809.6167079820511 1355.3979645610036 396.07432710181484
1689.0881783116608 1511.078813246374 169.78886841129932
1668.9526851622225 491.5715872195525 1217.159135780796
1081.8193729206764 1197.6381408126058 1081.7510297699025
673.0670659710454 395.5929465483383 574.3856752279688
271.2630399935503 1101.9905418141793 536.8586005036642
1549.774849461103 892.3954354070494 1242.6636175267122
206.95940580380113 374.74092105453474 1268.67780567354
1425.1374626243162 115.08242984598826 233.43511625839474
1334.8404203121993 439.27530059972986 1325.564163961031
1419.8778441074817 792.8154138512866 1153.0134372475804
849.5457479134063 147.8791378610389 1222.9521663949695
874.767814624122 543.3656852160544 1298.6410550705527
1338.584460545489 1305.0970585082744 166.87412971281495
1594.0580548238088 1103.4449523317967 1233.5553124416065
357.79800670239956 1162.6916559127792 752.0268243580894
1791.4425499843198 983.465210656887 1073.8941961346356
1508.7197039337373 1779.5857577325812 554.9293898074112
531.1664840938901 291.3067318125624 988.4193560834805
1053.8533246958007 1167.4269949703128 1272.7764244958905
923.9428026878732 377.3928656868972 1467.6241473528612
24.888762612467197 1616.772710385919 304.09731557271516
1694.2265336800692 569.1651040552683 1411.7256434619592
545.3681799988979 1603.0210952244784 505.87767045797915
153.30521172430568 974.4258044935923 143.4745647951279
1950.9026811770489 1608.1567136474625 198.11834651812154
1602.9126006113045 1700.0988482503838 597.6320081917141
1766.7672252228358 213.6596494503573 533.6302222856583
1994.0486562236572 264.5404517529293 410.4547232647569
1990.7189274913292 262.8129528677938 967.2529168175582
190.76383564414857 882.239976355713 593.6362999447626
508.5316107613349 570.7386571203232 554.8852236206735
15.040333394384486 1129.2776760873157 705.4828554796272
1182.6936963859591 1978.874262662802 1474.5231013769094
990.1579743046912 193.03863744926363 594.9957771571287
1200.9799803920864 7.37307323363301 169.68434158705486
653.7097979584183 137.90907389731345 176.35207079570748
432.49947042540214 1262.2880098384126 873.7398363454067
421.8441342243111 30.705679482258887 564.2426051872804
1763.1694079024264 1242.9190507381818 308.57996010265344
231.37237541169807 1779.1503031825102 1123.9445390022931
1660.0868373255705 98.24885461901367 856.3113100346768
1083.7299053153397 1661.0581641027836 904.1102650594288
105.15738961284771 514.5805079316559 1295.8090030366513
525.2436335815793 548.49872826879 1397.6592423339375
742.9598008078326 1880.3681919463859 1293.0058679410672
1587.719660086788 707.3029026763979 1153.1626746755528
1597.2489018179335 1714.4593462464818 1269.2054841321412
1907.6399818954737 799.4992776458342 406.92815479359484
254.63616281133872 442.4810821107579 944.3512203086771
64.16833811349365 1858.6944925973455 1465.8379544405598
1103.0155797203965 774.3372937327724 834.3186138413344
1429.7529529419994 569.8805937677757 424.07000526518766
1015.5708903191512 348.63465688947247 1409.0515064545377
1611.1468865805855 1910.8934485511782 61.692782559519266
550.1055806643768 234.16999306503917 1260.4977461202102
1612.0881812817324 951.2474762029228 900.6599103199154
1094.511537196537 1243.213519757354 832.6591974882905
1475.2167214201088 1645.5018866416017 1414.677027183195
1112.4340533443942 1855.9565882946 294.90020724126447
436.80430966183036 65.86253966904421 795.8867986891185
375.95134159530016 676.2505235721745 235.03034303646652
150.31781098037865 788.1327408334846 58.71139665666358
186.70436527629298 863.1797877692779 917.1976829385982
1437.7100366423058 1374.5001011177378 899.7555380869139
1179.6281540243406 746.0251963167655 1118.2423361702117
1112.5874591400361 274.642215080285 516.759098514549
666.7679513860123 1077.4216036022142 737.9113761339036
341.1742373859068 1320.0865479237418 929.5217849849325
505.4305806283816 1046.0956120456553 555.8212670714678
318.6370241306515 706.9371724516416 1365.3368581200784
1980.6663628131441 320.7073242309959 211.14802278707052
93.50712282050222 684.6694951292073 389.40725745379734
1354.1125376183238 1916.455656379822 1042.6617068200874
427.94486215613927 1477.3798914029064 48.212596646750036
1223.6704327086695 171.45513603050478 1066.0745118364064
1483.7881987570954 1849.226015207826 1350.149113538656
150.60468638686487 1563.5456737544039 715.7175376862999
548.2615578272905 1860.4682801332065 818.8228727984575
346.00685547896416 1549.686137593155 83.26549323690757
845.3300735852855 717.2103524582891 1297.6850139607993
194.41062263338281 572.5250981668897 623.7473130723063
557.8871445346905 1698.3254075675313 730.5107558050561
1447.5680112948107 1189.0475434867164 1235.3241461112254
74.22191100569276 652.5348389567494 716.2267317434025
875.5591802778729 461.7048000096406 773.3911145487966
1488.6919009195776 1492.6635355285687 922.5563038417945
1136.9307785621427 211.5699053770963 171.34640553530954
1132.2453322136976 1440.8818016534506 520.7713969869039
368.95432083320645 1554.9851591939948 122.64403523685257
1525.5348710702303 1401.6320852659298 46.3727009187212
881.8168256159464 1443.3047372978888 395.382264115974
1095.3983678818736 1493.0426512848198 448.5845971287709
1770.4179069982652 502.08219812889166 427.78428784210075
376.55465216818305 1223.1784994362488 430.0917110049191
1822.6363937807682 17.637388407363286 1355.218867383932
1785.8600480097189 1259.8374080246072 80.91264823742367
776.6301704400971 1060.134212340301 669.7651951404174
1698.6460558817673 1602.4278419006494 1257.7556228857052
669.1277951233785 1785.3149789458032 805.8930833776392
467.509773133441 651.3416736304678 1025.1883219921096
168.90218196952623 1483.3886744601616 870.6266965116804
993.0503013206213 1922.7863229071518 921.3838132941755
219.62252668049166 1006.859946036801 355.48801782576334
1121.489568635986 1072.5963410599816 354.15737663367355
1900.417689459629 1643.5827726399152 1423.250566285752
120.36482868153998 1214.1524642268416 71.40506856244173
175.3330311167538 13.430082705599311 1161.1137786148317
284.6998872693387 731.1007496003658 1394.510307830908
369.50048979900106 167.69580027438624 659.7157571833764
929.681834782079 1425.14979871791 1413.74696386904
490.72523562489437 1824.3839765128348 209.46044206189157
1721.4409352256223 1872.0297345555662 1448.5357527949932
547.8766331736624 1927.5466992525733 1383.1867781152923
957.3380358365322 972.0303159171069 1328.569465360596
1334.7623166632075 1023.0323051098134 432.14618904367205
621.5920719435572 1748.8995629333456 1043.6412776210216
1380.756053376992 91.72930814531188 1396.273796239098
189.72296753175465 660.003195435134 64.75604698510418
1063.9238645583982 1013.8044393156787 1132.09270561393
877.7914019933593 512.860762182088 1218.0147859237568
1040.4178816610267 372.2758140336673 574.8530044583883
335.71374087285653 602.6395333384833 849.9025840848
158.00259413185591 235.03672887194105 91.23736025178819
1298.2544595444215 718.7771233245115 315.0375582382634
979.1962800845865 1391.55628011528 315.90024896014467
307.09439957874764 448.0525993293103 1412.8378217295779
1871.3662274151527 1886.1956919054799 1157.3690662381682
1545.0791972107418 500.53172968492277 1407.4166909380228
1855.8883204403535 389.68786361337584 190.4315752070472
662.0584930959161 84.63816339851337 975.1250908523507
1290.4204997519184 1227.5061150930574 1047.621507466751
1736.7410467520087 1507.2564881749724 465.60185157733565
1252.1136129380318 911.9271209110735 928.6360313150283
781.9059107090429 505.45459406791514 349.2116273467919
128.05825215114263 885.3136490941554 1056.839522599062
24.188332953567702 1329.1034328054393 642.2835864433632
954.1047072337485 1558.1455199114848 1.8750100747846332
56.21935690941893 1080.4647614766175 648.3835630334628
739.9389124423448 1238.8171880887332 664.2328236743002
1582.9148725917976 1761.6638754413655 1350.3801650728187
1064.0934712765077 1789.1011189408869 1400.3502308437558
909.7260153618491 740.7621440339747 37.42261432067745
1459.1551587672548 1624.9362971237324 995.0993675264488
1564.1473347077679 1602.7383501605439 284.7859925434158
1040.6534353677912 796.0152515204351 840.9965713614708
1164.5624250259873 788.9229788549081 989.3062831407085
381.281476277308 1757.7371986971245 38.98458198706767
1115.6321087311733 1771.0960278817906 1005.5007729872251
391.54151373550894 305.3056477966767 1057.6916434157856
863.4509543856401 1922.8954433392016 1497.7271916774544
1712.5352906105272 1543.9616115088254 544.9425485472764
262.94100345944884 686.8409762780772 382.74965082591666
787.8669929281939 1360.9671739382402 101.2523269454893
1934.1820295994148 608.4598198711684 984.678190511672
215.17381434554994 220.5844903383305 115.9457475200995
93.73877313187262 906.3479966668953 160.77055689589713
1956.2825016092734 1167.951214177012 967.5303233464808
1766.562855012769 307.1502451422072 921.1117567470272
1396.082028819676 1072.5563647106885 1126.391510695541
551.0259188627659 1792.8117019887795 975.0812114126912
385.51061600310965 556.7237775668885 1026.4896017248884
1801.168467372034 602.7686927998179 153.08489196912228
1647.023410180495 1473.5201625048385 1064.8215577534586
283.8180362703886 1962.6945458701966 684.8773739243956
1006.6385476232098 1514.0581629861476 1485.300988508338
923.0096946407372 1183.1237552084938 666.4632636476732
1945.5449461782748 1932.9170758223818 632.6685336094323
52.459216608403025 1136.6099810984804 794.692587313423
1649.2376615675546 592.5759516584354 401.56192038611175
1880.7150114239987 1820.3652794176708 1401.729543029669
1127.192782915 710.6146912092994 1336.3392673928997
1224.8926705835872 1044.9143676893993 291.7197620638039
718.6477764438366 1786.872967663573 828.519566227167
985.6945426684636 200.45944248184222 769.3049485971073
1820.832032556333 73.90684910437572 285.34873280792294
105.42121617833944 1604.4101809504828 909.2768795872776
1706.733347802883 981.7117751460522 505.65620811566396
915.92539208957 1871.8456237006737 385.21252673951307
1458.6753715035302 1991.0754679456297 518.5924257581871
745.2478767112232 609.059654180129 1294.8693422159718
888.0254218858561 1520.5815014276102 1376.464746919526
774.1481541726018 853.7367895000434 1051.0236221319042
103.96202813967625 1841.5324206266266 107.425312470046
443.56170782491654 693.5936084346381 35.494782433856955
1390.9533389674257 883.0924793273589 1177.6085234204456
766.2149905008962 588.2399268730392 479.72392628910393
1382.9039581631976 471.36210577324823 771.2826658059641
867.0564732569048 1914.9818416466098 886.1177841290151
1786.1629486990205 461.6758132123475 760.5311183103175
1619.4268192862921 514.2262086462355 1470.4170043712625
1944.895459815344 1163.003300844127 137.4522284451929
827.4606647632011 798.4765852918299 40.359333609124306
