250
1441.240825292794 89.75253925556403 636.0535560608394
433.6265039812814 1591.9113744416545 1464.1421264268338
577.2474326698023 1749.8273714716433 1458.419306693586
1968.496046363157 1334.9025687603457 1234.2248384544964
1108.047748860843 1503.7522784761343 441.803597748217
221.70864730715235 1961.6751138819898 1250.1186510280647
75.51917118833829 942.4288606269806 82.79102164423152
1580.1420977402133 1360.403825197485 835.1251936830045
862.2251114503634 585.5625974801062 546.716976817518
1440.1225946587458 1108.1473771049 463.0831455071511
1503.4272036063455 1405.8049703714935 1100.8910011979035
209.32451826309074 386.9085859078756 516.2396040735559
626.0315394818215 1206.848341849325 823.1323397575353
1896.2649233849706 667.1345775304403 62.50916804973949
1289.7947488655177 467.536603753377 1332.756442321144
614.8394444498757 280.97708388298014 959.2463428468135
365.4948970704508 1136.8756818733702 344.709454954933
686.3957029322521 1719.4202057941015 427.8032415767207
1967.3013939210643 1210.9320296559463 1230.6361614146613
220.6357058270634 1724.20086107649 1130.381394069608
134.3692361053126 1468.0893546230884 1219.9669473433994
1562.1549457269007 508.3367270139865 683.1494784169511
1173.4726573926635 1823.0637064609245 1284.76675940601
1663.6940219621142 384.0162187605796 408.55101545900004
346.79777864482685 1996.2728432117094 889.6615266328563
1534.2633451254865 460.307573804575 1256.0961140926795
866.5614311012168 779.8930372712321 693.3215413898471
946.8585384980317 1672.3444601630922 96.67291651018617
338.1111978440772 935.4146580628279 1371.481125524105
1687.0715152700718 1836.1497569912203 370.17077121754
828.8580459827317 905.128787419065 300.3145699663778
694.9845556300362 295.9572961587327 401.3936631982894
89.748239982272 456.4004525443415 436.89902850700247
51.08107907467829 659.6304177627233 897.5823200737043
685.7508138291523 751.7132038191703 573.1072564766972
1443.4491152789826 1384.6463310357399 1398.6995576163984
517.0939422222847 1457.6081777132308 425.8039161234646
1851.752995216812 1858.9832110995358 962.7587541302444
1087.021482918802 1586.5731253923898 177.70980137419235
323.00583438592525 1152.3200417062392 667.5929180305545
970.475823941261 1391.7965342956397 1263.2471272777782
451.51457861703204 1253.7325018025995 333.89332131908174
478.0876326696613 594.1716803040129 1123.674489103346
131.78503670349696 1038.4871382772158 1183.161491761686
1049.0381132390148 41.4012239827497 544.8577003737582
388.389021945361 496.4942176635874 222.54715541848813
984.0852828019695 1130.036950174272 946.6517079114257
1541.1513979122403 1812.011544166007 1450.6910207058293
655.5722363542989 685.4578084537275 440.3338143271248
1427.1181969419983 1357.3100836568105 188.10735625417192
1792.7874056468543 942.4283075743476 593.3392340213594
1655.5357712048503 609.3724378940631 918.7965242522312
892.0585808432339 1967.7685549555856 1251.9958396523411
266.49493283965 725.8951120536084 867.6045259093295
1224.6194840138685 943.2937437788411 1072.2606585971882
468.4716076583537 1810.8795160718814 1306.4261655706969
732.1730617201383 595.7006567174017 1129.7959730602909
1991.5676094522705 1059.6199455746666 1380.0796540946922
1968.0573234845244 1781.2056832466635 1250.233085556751
1549.0889338947939 694.13651222312 908.1794429571366
1490.0474787003334 370.01483840213353 800.7625748428022
1194.6883480205715 709.6762479664993 637.8155522790098
1228.5233322274719 1929.3994101159296 1196.844975337976
455.0567220153705 15.264993185976072 143.22967439209629
1703.521811315078 1451.5453746110134 1338.303589016544
614.8207424382199 211.73460555343283 1011.535813277179
288.17410556264923 1851.8161818092922 1438.2246125024367
1326.2268086309703 1550.9393656077837 1170.0064995940188
788.4795580750441 555.5487373452386 452.93416530337
633.8810972450533 439.8053391654906 1317.1805529822136
275.5100975153266 816.7676506039552 198.99539380022364
846.4584347841418 866.631969336634 777.3897824917628
767.8875620419734 1740.8005880073185 1090.3793288265892
920.4593265074681 98.91628637304639 966.6639381710604
829.6191494300502 300.0751940782389 60.08680188507309
1760.3525717393495 1061.1008216353048 399.08003071621397
1317.065782640447 1109.4974283969136 577.2889803165527
99.88403439311288 338.04561420284875 76.75305687933204
755.3170989048173 1126.7877656198593 1186.1502368259908
769.0248461953031 1379.9222054416505 1316.2434959729396
294.01697092552047 567.1024779533651 136.29131522052674
945.680872700964 1527.0699517634932 312.2086323271865
62.72335608831359 1277.1129017156568 680.9707129159045
1468.6267109121775 795.2233328294724 389.8463884719213
679.3890085245163 83.01869049766353 953.6098639699676
716.7301718796219 200.592773650369 1426.458015197228
864.3526703765514 23.201471269053364 553.0507164154266
1968.2378384836318 1295.2649366388862 1013.9236315937393
1877.0230464327908 1147.7664574359599 252.33561280724552
675.7275446533844 640.6865526279621 1116.9359079803198
1841.1263613797476 1145.372355856273 1373.7208588974522
397.18935915040345 164.83017990588223 564.3909260723556
1806.3251207068588 718.581842688403 955.6990887471748
1667.9423610333731 1488.5033824918312 612.5104824187224
214.2419745716795 1011.0557554953092 267.35277658583664
372.25510928896944 417.3123222308084 540.088852956152
1521.274159406411 756.7857396282725 1255.8650219174979
1491.6620748213884 1604.298770179256 1486.0441623067368
621.5891253558634 187.09409759330418 503.6119086460959
439.748241228243 873.8807333727052 911.2588941506034
1650.9469489853975 140.46656472466833 236.72618683992258
554.873411485777 303.57754254910674 1140.5155794384114
1115.5436641252059 934.5895185451029 574.0032340727452
277.63876916735006 1257.0155057075935 1416.9984626877306
403.77307671106234 647.1029715598127 473.1914522628098
1778.7892334092537 804.4931023075528 954.578701603535
79.83188915503447 259.1240440417182 282.66183868475787
1886.810472747041 1374.3126101416603 514.2582627750861
1273.21277913061 213.46873328482084 735.758503066668
1743.3032394582128 474.61871942271915 490.9368279240606
783.9995163943661 925.0577020457282 333.0779975051289
775.5400001005635 1155.3967924709686 232.3164055365463
1186.7453654564408 656.9462378429718 415.01487073502494
821.5275951204233 800.6287115990702 274.4082202405457
1258.627346278275 1463.1854503188504 97.25677714904357
1040.5538750942712 1221.3649681184495 530.4282989385575
1056.2295260806645 988.3273777529942 711.8929955105588
1229.3242122804227 1320.867841211888 173.87371165579668
1844.5342664644465 954.4154132932343 1065.5266925847764
956.2349101228589 704.9383237527835 752.3969570667306
736.4043715178985 657.928182451281 191.09170583481028
1953.8717452504277 1625.8631818227962 137.59809183128314
1653.4654328933668 913.7454153391053 285.1350466200968
1122.5480358124132 946.605890387486 698.5161217592093
40.11939786931684 1144.0761626817962 979.2857222118248
1217.2793529448795 1038.2459153264792 764.2170469281548
296.79420009324156 741.4791242030061 401.0105012244773
989.8638401473645 1766.0739072467932 771.0747135218473
838.2400125422218 190.7422032363657 869.1194068003834
939.2986022244194 220.59562345307592 855.2491769499067
1662.5082791091359 1738.7624114434616 1385.719914612614
965.878029118902 719.6647590058257 649.1768581882179
1765.3862136130394 1103.9699157762393 1450.4443384498459
1965.4228968733873 911.0242389518486 439.00386869939126
108.33007607308875 1230.4517689950865 899.0857093804564
1497.5273864207609 1457.05638874084 994.3341423003527
701.371821266546 1044.1827452887028 1312.3017346192019
1661.3883447819887 360.30035793162216 1372.7345943815485
483.2754882346952 1231.68223920717 1395.8617601183682
109.41884536287772 264.12422237560105 368.3113669952823
1364.2125223287644 473.06662101285 1472.231294002598
1474.565047916364 499.5262723432392 1297.0841041485933
1108.9577669061002 121.61823948587802 332.9431351246966
114.21822796643943 595.3179480405266 849.284472953286
1778.7610673675708 187.1714456737168 250.5959199618397
887.2524722440359 1978.2727482597272 1124.3416879218084
1682.7126909283925 1730.679980615247 956.3086269997532
625.1295919646919 302.501090347894 184.09249253227705
1730.2666353549316 1666.5297311532026 444.9011590825511
345.3688227024756 1271.2623104701809 949.152360833226
1419.4475866735968 882.5465514774726 1201.5878913995823
1505.192696766408 988.3844460467703 556.0134046470699
931.4340083290659 1827.605899489732 44.12994252406782
953.7669236319762 794.8717004403816 1315.9354921244278
41.24458005670162 1897.8063867618487 1115.3764281166234
544.6093085314037 169.05945760027907 29.020722863207226
377.0010462673694 813.9710282529145 1037.7812537695388
1306.530289786137 1219.157809549823 1150.7676453230579
109.06787465947376 1313.3259891548294 127.79432490038667
1035.9933202358636 1937.997971566645 1469.4503532316014
1875.984862798146 1558.7967068089733 1039.91964085053
1394.9922612064786 1999.6080078464017 1083.0725218428884
1195.7984323864248 1471.1222157618743 438.6192310435716
804.3129294708386 488.1336462474599 1250.5855986293873
1342.5180424554474 906.6037594700193 892.9316288634196
1212.3682537361265 1490.9031765636787 1266.7157239524518
752.4932533154418 340.7927175909822 776.2023023828436
153.43405971764557 1601.769033360887 1447.8719694862057
881.3107978486568 1701.5514701822178 949.073556558419
1121.5718819178444 1114.2782838639625 746.8204322445212
1961.6823488182229 564.8934819875274 966.8577298649707
826.9956050460927 443.64589712410464 435.7056243408647
1011.9127205911795 1082.1012815746137 555.7908078672942
1669.8506309451554 282.2980325071567 1052.421414865023
448.9555071562328 235.19607059731263 962.873559223881
1892.1179524062645 325.8950185299898 106.84439396131762
499.11194198140385 454.95814116031363 329.09848532665796
227.22391318470315 294.09476373395836 1277.652105272691
1841.695390624669 783.1024228152976 151.41858758840027
861.8763728609457 1325.3174690453843 1088.3677135931778
586.9756813755827 663.8788032298655 81.19819774301207
1130.4507045403554 736.0440778657369 523.5904429316912
1330.1027818758214 1296.2371638579664 701.7805051199302
1168.1235609704806 1180.2899657256792 992.2730423314312
564.239708951523 260.6028115226748 813.6107783550215
55.69508525957922 1096.3792399990896 814.2371595806015
598.1479560811023 694.8820518376638 778.3026797292365
72.37607504138599 939.5287317574152 166.3220660689424
1483.3481515979831 1220.6243936508656 871.7456618111216
823.8748941844029 1170.5509037519726 1431.5014445459105
98.1557588520039 697.8520945784323 631.7655921265224
690.0545814671871 390.608244299437 1073.2567249477415
462.85539631243313 1277.5083294550066 1292.002373451752
1876.471048469907 1017.6869850466668 837.3805636717761
1537.168767813152 504.9460183853207 107.9165086812941
1838.205427550958 1641.1239928467865 251.08149462821737
1408.3833765074196 1847.2314654346767 178.23272164033165
366.9343498015594 610.3540148538995 1158.1683402440076
1752.8863147432737 40.58868286826489 1343.6605815863468
1681.1282028664202 788.0113335617195 673.3564133735317
1079.6549404512102 473.6256413537203 449.7675380708239
1316.1587559430175 1217.184796274826 1189.536885927379
795.2469516267766 1429.692894330095 591.6359304570673
1724.0704534008134 614.9066868326081 254.59241441260855
1893.2845075748098 1687.8807469538058 1040.3871487351892
194.49084514961967 1833.2557573141094 663.1766202913243
573.9546686402049 927.7478661901164 1298.642664177084
1281.7842675088837 1473.0946108355959 1417.259788079497
954.1101952957289 361.48023228595514 1234.0950396878522
1805.3259171702514 575.7527743334394 396.9749837273715
869.9954011178824 1975.988025639138 373.447011999474
778.7371509675795 1842.2862222798403 1337.1007328242229
1670.1029643927031 1795.1566081211934 1068.7838089585296
982.7514088886849 382.51225582853476 1066.4440869131845
1311.719280007204 327.7136366731177 1434.0364543296653
451.6111231116424 1543.4103621660852 141.45415013118995
1016.4176416613935 76.20685789018312 84.56662094156358
248.88806114814432 1019.0021687644839 41.07705342946977
60.316154908030214 1231.537794577683 995.1160041674909
1879.6925263219402 416.62008609509104 617.0748224110934
581.1613493610139 198.46898149764635 884.9308761791037
1253.301127095122 123.06229873890761 878.6207986070161
883.0657194410611 529.7662678844049 1164.757826804703
159.3959403769867 786.4408033639207 1016.7627010583475
751.7068571272969 463.50527380403815 307.6896689907002
642.3023183544219 395.4233748659588 504.9690894924746
860.669112630616 1333.6786842479657 1129.5962219381888
1614.6360776286228 918.7487821138008 1276.6120621663251
1177.2429112225868 1000.0367301021362 326.9053137611872
914.8670141239752 948.7729766428765 383.2419955235939
666.975222021573 738.0265037507277 173.08510074818662
1236.4519322863414 1537.8079360587355 907.6728522222081
158.89023455300543 790.5599961444436 541.5154632979727
458.5991146604809 483.9281762089804 634.4942794854445
1235.370820718478 889.4894080851888 1104.2246113030976
1882.1904051676336 491.41056770321967 348.1780503276989
431.2402239656499 1308.9892770572094 862.1334063385427
408.8665430386933 1065.5575751986817 1455.2115038211866
3.9090489889477276 663.9323873989698 382.8608940674341
1901.000316090181 536.1359042042933 1019.459325032876
1748.4874917745442 1058.53471236646 49.90767604720286
1089.7086048398332 368.3307352022187 1365.2514920881983
509.6833552046154 249.01505961406744 898.3023794959628
674.2238344210197 1285.2150352403103 459.01196791823503
542.464831845445 603.0245831839112 1161.0708515868757
1083.5013473447505 1705.1710440765373 1410.1546521392256
486.33154723745275 631.9967155717203 766.6134668459157
84.37077240465297 1249.2000271025006 1067.636386836952
401.5108285146534 1974.5710809656564 1396.5671602006807
970.1095171697787 538.354738939645 55.85695581675293
