250
354.3665695910936 1255.022027205834 1416.2665548641112
724.5488893451502 1630.8193092307104 1339.6217886453064
204.51964323105454 548.5319842069609 1400.3434712559558
707.6665679801963 227.93017273250337 672.480883783596
1706.6713785306906 1830.9560615608066 988.9941686704616
1144.5974024833004 1694.7077968347633 793.3326293399608
1220.2848388117548 534.179445302897 38.26958892973175
1222.971517334814 55.966695269193956 851.1725739994758
1026.0322661581997 534.1649015859311 1053.9385228248666
591.1049374816259 638.7154663711024 1337.1272571898462
418.8412098313994 1198.0999638461062 766.9369029314751
85.08389439138698 761.4260930045971 1029.0804555425373
642.3849777465078 765.9653980035306 1273.9256129266375
434.2033441230131 1962.6645691728982 891.6193634628753
1241.9204201513262 233.1480900305243 850.441893435003
399.8260081064486 217.85185817108865 1146.278892184797
962.4540388447847 705.4132570411025 920.3843508873064
667.5891431156393 1156.2658180924109 184.4937679198807
975.758316350287 225.59874544035696 154.41411738714112
1025.7833170684362 241.94002128231818 808.4732404149682
566.461974892182 874.8327553149085 106.54303360530464
844.3218079307048 1852.12858808649 842.7547750204959
1941.5954912628115 713.8342631144583 458.9993451325826
1286.406134321983 655.2781356427395 33.19152519645624
404.1236251542473 759.4647870893909 794.5566586715446
35.783340929089306 179.22213346580838 382.106622447846
1475.8766463589936 1947.398627461542 227.93699064701133
251.27953156074656 185.7747697990071 1405.594957524535
1807.8600778961347 1274.1700420645773 1445.9784794503182
1907.1574603874474 1599.9052365094688 1390.2642755411982
1060.9117736392159 1438.6056856067642 1424.1220849101621
721.4713202523719 1322.9836263108577 1108.1160912906128
731.9489969544181 687.934679798829 1326.9913920046627
294.1858777176789 1880.5828318155295 869.137686018872
611.1511640638871 1449.0646409162746 373.0875322379316
1421.3147247423356 862.0682482183048 723.9342776246446
1449.224773132926 1468.0639404647945 1024.7994593109731
731.3943224008648 1826.2825092074395 1049.359906146327
136.9908766602017 189.36420181780633 484.72749516242556
967.6720996243224 434.82802375551 570.3297916894094
1887.9004577227126 1749.8070079666975 437.64870309457655
159.4915309324332 1617.678208583071 993.2269062093442
843.8626080427414 1492.5301679154343 18.37705532884626
1182.9794385687815 1930.7751794548974 966.9729301277931
1192.6521726751039 1139.9575035989742 531.2089414095489
534.7316206187247 963.4312880063783 282.00921799912794
1374.009392552853 1728.5828374644102 637.7117986508257
983.3590079692586 1217.0188057436164 1023.2764536814269
499.28125378969156 4.388711961215375 698.6888698941882
1026.5213834177314 1999.495582584929 1217.5796635851286
963.2184817105388 1951.4051138969126 1037.4822413929398
415.9989783861917 450.8522684064014 297.2494141098119
904.94318476284 1503.2497707435182 54.292314708156596
1022.1715001541128 1633.2523472758867 838.9721464826381
913.5190079436882 492.5721012641897 638.6753088942448
476.7219693152609 131.5467026132222 1086.7596974137173
1538.0131863811876 1842.3402998359795 937.5489994220757
1948.0174595581905 1572.8692455818345 219.9978647765527
1288.1819792438937 322.75263694665426 662.7308788588622
1441.6644339360657 1648.6159828747773 1465.4563435778628
857.2508643830405 1818.1691685057692 846.0368085375336
693.3359425065204 1136.0876155264991 928.0238871425327
904.13205253427 1633.9984276615621 958.3034758027212
751.6425127556319 412.85453266777836 767.9020335034771
1442.1187612147994 90.20510005476635 91.92844461672456
328.26389810183997 69.29717991581641 710.8320322566283
1984.3827315873775 127.35905157770455 382.5000385621936
1726.7044764263721 1004.9823001028249 708.9978501647637
1239.1466425990332 116.71825878987718 977.9783064735157
232.38327077789612 643.3268093860249 173.46572682112676
681.8862508236683 373.4181408741464 258.7800546643066
1311.4322277829315 1347.5052013511736 132.78746024313998
862.6568358610742 436.9749354850332 651.1083343997896
998.3312761347323 1545.3360524478385 485.5946350990378
665.9898466534919 1778.297618733555 382.4481997709602
1457.29614565575 1142.6642316723576 933.5977363225634
1866.3129454047591 1586.5274228120397 277.9120450107307
1928.1927477649074 1724.3491422595196 1080.553641938779
1698.0046140668749 924.5836740614398 1252.0482209909271
1780.1763718754387 1394.8138356941465 92.48509939022642
551.8849799801906 35.659974768785574 1445.3375850020036
920.8226294777257 685.2550902571013 160.43859110001307
744.2401703535222 652.6157390660359 546.4822646132094
243.60453529016013 418.1584566250256 27.272820109255246
1112.268628319968 765.2619269371581 687.6700417743768
1101.0985819557893 1377.2035575595862 655.9599282784296
1520.8644515189842 1498.2361517239133 517.4166711417257
871.8672096469304 878.579279603978 1046.0628653319739
1899.6021465093581 409.95355533807043 906.1840537474309
556.9366556915214 1750.109259008879 1417.1979611203071
956.2153001721367 559.3575347084275 1391.4075696284935
1811.8523438320856 346.6126386619441 172.5919227254829
1994.8881573929966 1782.7594642702982 416.5215984751701
1363.9805277244113 1293.30788039848 1470.7571619510134
842.2241239344283 1483.7243048706341 1036.3891781554016
12.281144285215762 1969.8438368367229 986.6209519413503
1.477261945126651 1589.6533127843327 897.8080385568244
77.94141600939386 1944.2082863589053 751.3058184790781
5.967950655168863 176.5006885648448 403.5818310932211
1261.5736553131617 1080.6467600957799 805.2825750603199
1007.5919403947164 426.52483284393486 1419.8548037327082
1046.8312725621963 1375.5320511279679 789.4534392641448
1368.6028333394825 745.2754866239097 875.9550566057784
1083.1810841879646 652.5921994756874 100.932863993005
1526.571597341771 284.58070569782024 621.9778088506874
370.43929217324023 606.1930841171223 1166.425398677151
1843.1605465815699 1696.921105666017 976.6543020881464
798.4692452952306 1978.0155943351904 53.01615094584838
1838.772854553722 1863.4979411775737 1339.1480969789275
1750.8088125619865 610.1770575030239 545.1391560612288
1258.964967292308 1457.683121681633 1111.5707226463346
1928.9782576790842 867.0901856466653 331.1290113264329
1728.371270838048 1401.3614217530549 271.1794605107329
823.1091453387247 1375.6755370112855 1021.0410340654345
484.63759742294667 1960.3918719838214 86.76696521162496
593.3631663519925 247.24382792537148 221.26730914109072
608.1976435177734 1182.4731454442988 309.02310468898713
464.10131586474466 911.63404797763 119.85121134703414
1591.6483088764533 1640.9133537733178 120.53189735695862
877.5764452404145 1289.8636696317533 199.83727323247962
721.6954745199923 1068.721917525561 104.60963869643896
178.80336215853922 1629.6426554420018 1306.4552400491148
1473.5258879716748 685.8992010788289 1433.5797358372051
1757.9801268942092 1389.9607851296817 420.511508776217
1741.9746030488068 1295.1040876936847 1034.7740834556769
1909.3993389377638 334.87708501732175 833.5076788712918
1150.4731372514339 1316.606754742126 1102.8700263575506
1584.9341991724968 1896.0929484883704 94.12197765183622
1297.0815447963796 1658.1450986195139 794.1051212246992
1847.8768366725978 597.8697934843922 690.9225364872485
1173.1347417336915 204.83924786031005 741.3490230774803
1415.7599535914637 1013.7061161665378 347.3688895076478
1051.7153011953487 1791.6682768842593 452.98798930355616
968.6811728802434 310.1565021962247 995.5139442878019
1610.901319181808 560.0492081791995 608.2036529273281
1805.962750665979 217.9512458141606 1279.2365362358828
1149.766419170493 821.3234818963892 276.2429639715162
1209.055760826474 721.4592319425251 742.4616896377524
35.08881818941978 577.2002432873762 315.67204419557
129.51364913190554 646.3582390985534 27.618330910468835
618.3125097995978 1448.648007576846 842.3393863988682
1899.7647091462072 127.61700646433115 178.56519880353522
1451.6873222713323 808.9572224177846 949.7316545867728
767.0543834105197 874.9276625808526 971.614644697817
815.7256577274771 895.1328452336707 1143.7748742958247
948.4240539025454 1290.175757417259 460.845031605142
16.68561061135709 1563.6512763231744 1222.5169752596792
328.49849670996736 1457.8794313709902 202.58876396099396
1216.289736190758 914.1636159112632 546.5400865974907
907.1350540813146 408.2052312421578 1043.9091890924296
187.8615450577934 698.8570189189389 902.362693006387
708.2835938474241 969.3667837159459 162.56488309179306
933.2083864577454 468.84846453408954 444.89931287899634
136.91698095487737 1467.3733181233358 686.1627688160798
1722.9021622478158 1122.5403142677212 1012.8395756982205
961.1830409989312 429.5896243611561 434.6548429656781
1271.553813257224 1234.1762503712014 227.74508814163568
906.683394260182 573.8892209254101 1048.3037784991523
1023.1169142387126 965.4484544892075 63.548467710352995
1556.1709816613436 788.9853706183383 1262.541633970476
225.27821890474263 19.500552123001835 252.96958335376706
711.1980595676324 302.99953139597125 887.5239953667659
1082.8092858340392 1477.2183694619878 1261.7213019992223
1214.2734435251125 646.4766292713837 468.0134595158561
1721.062659297723 582.0886414206315 113.81746390723163
1625.3119938153175 1768.687159243814 919.2044604253884
461.168648909607 675.578087495397 961.4289953306277
1658.3663389486246 1692.6449156528302 328.88031234390553
278.30194371528006 1339.1288429674537 1338.133922653972
1319.1971631696258 1163.5535381915204 679.9377633770484
531.8440465574677 907.3043640897922 1468.7240559628567
1016.5927247350619 242.3444324224129 1268.7805180552693
1512.3155737672005 429.77021411932935 1052.014932292252
1896.5791762478718 517.5388824802767 1274.2377419918841
197.51176335337516 1832.7717103452853 792.8191400137733
210.26947212911716 1327.676615345087 208.16136264054435
245.7410845454182 274.1405633063261 63.48558682862227
663.6976011444522 970.7752050811615 1146.771213626325
335.590529920784 1095.9727430490823 1420.8154256267017
206.93194810843684 1562.40053779894 791.1789855192126
382.22781076129706 595.1420500917594 661.2723654896834
1032.4639701654621 738.2296158798416 502.72117150295037
804.696604298611 1973.770449742369 1148.6674476244946
1710.3406913738677 1070.3778506457295 757.1144054670681
845.5304187189183 1705.4702622395491 1033.5016522914295
809.8515159782811 1460.4647267075225 863.0775213703521
1891.6131730468935 726.8416346069122 1368.003267136427
903.6026576577376 1052.5861980895813 1021.8389257439505
779.3186758110367 72.39896554219439 1499.6080512686544
666.3090465058809 1559.7846417716057 426.7940797487056
1740.786570554345 963.3453648065542 60.399757168407675
1546.4607833200928 786.2223889951141 413.61940686433263
332.38517081127503 385.7650191523443 1329.446401508552
1393.3189829489913 1763.7935255599339 50.161483814055664
777.7388825984324 1848.4582543624213 1249.7635327157795
1401.4036572534815 701.1084138672019 1371.3799042273122
1980.7792126839222 159.15657870512058 988.8574244023364
668.1950622945769 1583.0560907498857 308.8886650483154
1459.4224048699623 1941.7084416509697 987.9927442632184
630.6664294574244 25.80633731131976 864.5984931118954
1395.6351538759798 503.1777410671523 142.89721215166074
691.2699674100851 160.55127121768354 1460.452070580655
1494.3537498479777 697.4706703614972 1451.2090087057438
306.0177062764387 1253.220982827398 194.60977400893427
701.3635351396213 477.57245718406807 792.3347774898032
1937.7070845633295 199.04722739761448 133.37033363874173
118.29420022394798 747.6589873505666 584.2245664089595
666.6136431016652 633.5257628411313 544.0809020592951
639.1343116815304 480.9779141603785 981.4473380929469
1577.5118042944277 456.76935531532513 1342.721624399425
835.5324131158035 1310.1524638240287 1004.0863398189306
1109.4768561907558 1446.768060871105 1070.1278694585596
684.0168336978454 514.8879855935664 284.6420554753826
450.00633865565385 44.06568390579846 535.4078094884243
1909.1324430420966 1228.928325990702 528.9039251432913
426.3120598661902 433.5756786568137 269.1555210601684
1256.408189338026 1733.0266852260995 365.1760687114974
536.1274182104023 1163.5943793420668 1036.807078565125
730.1691495692138 1304.3145281922878 1469.172970527877
1595.9804925875014 1810.9341743317561 775.4325893456263
646.7648028920447 1961.4006835120008 1197.1586953103929
1062.2508505717376 865.4995150004871 1125.987126897646
1595.8195129825283 1317.3241666493432 1050.2933734997896
765.0302603761298 1015.3497021510537 924.1189019217127
969.5329332767988 1998.1252660841947 432.40117217928764
720.2417772763714 1837.643841746133 1476.3407241450702
191.96267787049348 1174.6537079952986 470.0632176801116
1628.135326958942 95.24507716921372 687.4508426115232
763.6815134831864 1610.7009499502858 179.77529798301978
1578.599329505425 1186.3231304166795 893.258575138363
1187.4474571375945 140.10413633793783 1035.8300888056508
1971.0990447175675 1273.3820989148348 145.81474688096597
1798.650511326604 33.149016383117846 958.8201426547994
988.1608550842145 1763.0951593878056 917.4686785658406
1867.2981819808792 930.2304525857825 1243.8510340894895
1548.5490190196138 517.7448297064789 1275.167398001199
836.6767168396942 543.2285515432674 402.3448385625179
1340.657231114647 398.63003018746923 668.2418116134147
776.2707284688933 1133.0134978901842 1362.3748999031716
899.5474846782656 1215.0766572130208 619.0007373030895
1298.4653674884134 1444.5167705908307 487.48319791523545
938.4950618415895 946.618974963662 120.64403431628101
576.1615761295577 432.9837826066547 403.99614280190855
1022.601186372919 52.089121208684915 1027.9902880701975
1572.8216403515296 1155.5990394268483 1083.6407817311037
517.3035527620941 1417.727023034887 1017.3788586389963
583.5051083873927 794.6450584181788 1167.5215446311731
1050.1437269712242 1020.8531710603768 1054.9028048121618
1190.1376074558727 296.94504888458573 318.75193669797767
1866.4722409771136 1007.551909989685 102.73212529008813
