250
1470.7028427246205 1862.9551380940661 40.846098075848545
277.5613906753371 1432.4014803567236 1298.921014609444
1717.4148639756938 1042.8914761253718 361.9849327393994
148.03092413565057 1282.400145225433 267.58478534658985
461.98666958565735 1407.9543999967213 92.72354300336727
1430.0957605528722 1241.629423622798 422.79383057237595
476.63753938014986 1853.0719138642564 1040.3984672171334
1676.4248183960772 1855.9267520951853 746.1258160036907
391.50706645510303 994.6248437327691 56.15672868087712
1816.4921974246968 201.7073716389013 652.6164675635368
1599.2867942784012 907.308203472597 1014.4575901104326
1838.5136270255837 1269.7080801618342 1189.4297024963578
1579.5207951829339 963.4951733299444 859.2071863216181
406.6274050024921 1144.1097823020839 631.9960215229838
1727.3337706620177 870.8930675853202 754.9932233860354
1422.4998405511822 1712.3557822402968 137.65581646096936
775.9948726434027 1828.9980595986644 493.6948939827747
1925.6158389384275 189.3851406158178 309.0682538614178
794.8131593223817 1227.9825397615264 1493.5595008340538
115.08996595206189 618.9924630733681 889.9726069102286
1740.3824477368412 597.3677752918844 313.7850514393874
101.92787623583821 1454.0220014522686 359.51125461741657
1671.5785728569801 1001.0143188088374 1418.180542175984
1635.6501502918943 142.52290051047 1359.9979376549525
613.1920078692709 1832.8666613028365 518.169614692103
1778.2865291804167 1531.6699938957947 1385.06225087873
1994.678563442208 537.8058030198052 1334.0259540376496
1743.7004199216717 243.97539055745733 736.8450635345042
165.62541843577216 1372.0650327605465 251.73192045757526
702.269049706202 275.67825134141646 456.21971563532173
1755.6566355533016 1410.9035585404467 155.24853419949724
378.4476449723875 194.72314040903504 272.51072856232116
611.5808643984204 1811.2879124234435 837.5833571144467
826.5300706057379 756.2473596131754 8.90256916778237
1493.365672194479 124.99382768003441 1241.9573642728708
1718.824493477479 892.9994925092419 822.6411899564408
774.3832773598556 703.7296432272356 582.8983172000032
432.1641057080785 976.1762810610304 238.1633808605147
921.1012849687559 1282.562474578054 1358.6983835241065
1925.768506541586 1351.6094177779842 233.9582076243807
1790.96728210743 999.0200545941377 1172.5950711223059
1856.6835946286826 501.9257855087495 68.32387656940875
1223.0531018898523 1088.6249439606988 42.67285993461173
419.15217328655194 750.9235585007523 1391.293303541007
1338.1303975873814 644.8633863296292 167.5577764122888
1609.0830877446374 257.78995564766706 295.91899353302057
1991.6326597626148 1557.4038576964074 1421.7845881958867
1422.6123198834732 890.9542770147355 1352.5347181763022
1159.3700099471407 897.990298455255 808.1069801913721
364.2215135042344 1932.6396640385854 1464.5263360972529
78.8633357304398 278.19610612441136 873.6215498039753
1004.3351773861978 377.76448690442453 847.2182810658626
699.0978357644084 206.18698719647875 862.9702370821551
1658.4160533370887 184.37391065968777 1430.6651459958507
622.3473954926975 717.6535329037894 59.15414845314265
1343.6041123380687 1127.7746905981487 503.6939724895459
222.41222605489887 292.84585445155466 999.5154939908998
1627.3020928400394 830.1940353888482 443.96975171933985
1446.4218573321239 1676.083169125262 1001.6161276644019
653.074329124803 799.6703630701431 649.1219645831379
715.6489881876928 501.9158354258919 1109.925673285574
1986.2452907773452 1668.1579194363076 245.132843243068
1635.2305632802304 1891.9729569914489 884.3672741135603
844.426312164166 258.43859454528405 330.84604595737574
1323.7453089750395 660.5005814062555 1399.5531228721463
924.5712974670175 683.8728617946033 1462.4751744117702
1337.9486982059582 300.18770578163065 51.03175363636186
108.24443857884458 778.0079247630598 459.76851044035135
899.1523591131838 1890.8120700488303 468.1102288199453
1057.8451280921074 1296.6202212081164 600.7892133550467
257.56245648828724 690.3415999351779 242.6416210600154
1117.0834908884106 745.4492424075514 461.9846591219752
1515.1470136480855 799.3844186186645 909.7765368470415
341.9652420367476 934.2170229242998 110.79036951765286
184.10901950790583 216.8300687951361 53.078363213868386
1543.7607092495084 936.3435541548564 823.5577179558134
362.62901344386853 832.8692067181797 271.2087793727499
743.1739797981825 445.7597672540543 1151.6615846209725
414.03065436219833 783.3248502257262 328.507997374157
511.78273845149903 190.73837640275838 76.4491513617947
573.815724723 782.845341612846 20.656126567101197
734.0090739732166 681.0174110463669 182.6557871012867
370.8745325444269 1954.4322921862083 29.74353720280265
1229.6986474661842 1320.2926977383527 283.6290493459178
1996.3004349255743 913.1111672716584 1217.0423883049039
788.9083879643568 344.97984025833193 908.3547602122708
1019.7332698344297 1433.3756099203688 343.777768232955
1096.6359414005715 627.2371623680979 1419.4079282701678
877.9812168905016 964.8811110023912 1148.2777740821336
455.2655016940257 954.4719270297186 1366.0434690852057
827.8054611010075 335.8271882919339 917.4112946238712
136.19363451190725 1963.9810588773028 113.90042665563743
920.3611667140972 224.21090650345056 1280.9004988242002
1317.3936782081782 1267.962499378689 271.0675208780905
1088.3631394152078 882.6572043447045 735.198342505719
1786.737946545631 384.75583714323625 46.24143986078144
416.0736645016725 686.4456022174301 252.9066802958666
1314.5097590411965 653.9371487186037 1091.2268032518518
872.3145718635191 980.4877931768283 639.98578942403
1788.17059674729 290.3394660535479 782.9805483796785
289.19070130847246 485.8402124413126 915.6613585499525
1397.7294978812301 1528.0419261108043 1436.7024590412523
747.3606592003395 1166.9561303806056 555.4558193427351
262.4359549170556 252.1169818128517 160.46320132263887
1386.066453714507 1364.3725988493022 958.5932439528218
1869.2176144466166 220.25455489250967 780.4089966559922
228.54248660353926 643.941322130791 1243.7785827035782
667.1239648769192 814.2910170975637 652.982900234186
639.692395129082 1209.8095657843933 956.3776767545819
1420.7774421168717 626.4056784942553 686.5399543853869
1933.5888299184742 114.70346588404135 533.8635052155987
1941.6396968323274 685.8398385799965 146.57212048934275
1415.0235787119293 617.6929393791819 813.2501089571199
1843.5143846359458 22.955806206185425 1084.7669516996384
1491.432381548436 756.639298638047 399.18581183188843
1600.8533841297804 1235.237505789715 944.4753963478729
503.5845664757299 1159.3440317298066 56.44679164973415
400.5827620081122 471.3913369317737 954.483449239299
1366.8740535817183 1587.0552564975785 286.92779417079294
1281.4549637614675 1893.5014744925472 524.7070980672631
325.3052075328553 447.8230802561569 191.60641159408138
736.9922023195174 291.04648399931233 1378.817450183968
772.8052940390289 1232.1719020897644 114.14335681442994
125.7378220230232 980.6790547009188 777.520061373497
1833.594685384496 212.3459219704269 175.69278050111242
1106.3419521701633 809.175075473984 807.3672966568756
931.3277984850439 436.64692454247114 885.6562567255745
1435.5266090540367 1576.683522041875 831.6343783101844
308.55688941265294 1399.0341578718733 207.84058210663093
1267.9949733780086 182.7636943647235 1220.6414803852933
632.8595779761847 554.0010085717772 110.76701691463869
878.9681629982189 345.25643033592934 966.6820435357556
383.30445007049786 1575.4709954817583 1039.0445306126212
706.5544436977185 1485.5156908834194 786.0014497711702
110.76609949848759 1593.1903285530893 296.42506567425005
1444.1789614353318 271.10381705096785 40.925771279982534
906.6828570671593 1119.5146131542865 508.7322604771366
192.45499208210614 1855.6554671222484 580.9548423238672
1894.794266794075 1884.16047668227 1263.7126375485136
572.5236643696072 304.96866240140474 1310.4079588480968
212.16144057915497 1642.500199763128 751.3672248028486
742.9903525160748 1812.1068703645506 330.39742548860266
1425.6816830184698 378.9918934835026 311.4367046508675
448.72600730665414 621.7796154558275 1019.7622790227272
954.9636530267411 863.3849562016597 117.33572331287722
1680.7902287741422 1284.1870706300258 1342.0710571863422
616.173392029524 1968.0736450878069 695.751442800349
358.85818152145157 269.2017898020194 1491.234134714889
1446.4276718490157 736.293088251379 1421.381323073752
1139.6496504202828 104.51736003829181 541.8844103408037
24.630867149494584 231.5221512113268 8.321009914359689
1647.3728682575675 410.95988425125074 708.5963031841933
372.9675428278607 300.4823523552511 692.2835722630451
1236.4520526078986 39.690807354324505 816.379201807445
1186.3792797638428 293.00572444424455 209.3289677542764
1795.5541158339609 283.8842927792009 1225.0853479041218
512.6755674764261 910.0097543691983 8.412704878580923
1911.9798906652038 343.55370518486563 542.5588932261667
1761.1379489391036 1768.1684470728817 1382.7489597213064
169.1241290647587 1108.0530470144286 1009.6474605405953
1378.4828922448266 1385.7349799297888 599.6397081146187
1238.6393072308838 1135.9633721775224 749.58597456521
1030.976325455311 1425.0675026024571 608.8926973635093
1880.5277732407942 1346.3771095194422 1305.8363336264338
1563.3090787172885 1014.3327593048497 109.27574641519993
1754.214755053986 104.01056042239398 964.2491208523043
1054.2186340566805 1446.1830159199844 1388.9020104127978
1535.1542165482442 400.0989131063433 1348.0863143621045
1519.419788145002 1790.685366522079 287.19043079927087
1550.6302102219383 1689.3572341603385 885.3442880818042
1794.9361630848612 1727.0145212017792 1464.825494519572
1820.2445180100071 898.9768282576857 254.41924993664665
801.9417901591113 167.46273543832447 1043.879181183803
669.569468839867 713.6245755283596 196.7981309643609
396.06566615894343 1399.7615386944547 289.44534469295144
932.0893786906197 1770.838512476079 355.13851710975655
454.0488234827733 186.63575269149902 1219.4404467620072
1649.5317189968594 1091.6580185326563 968.147269263933
707.5084096518851 1721.0099383492973 40.577814074202855
300.1399795716895 868.5337768132238 322.6797792519738
155.0277229186887 113.63878419908602 830.7508401963208
443.58879605951176 586.5916135839982 1050.6118490918323
509.313856252156 1590.0422633006913 1153.601273573614
297.44523115240963 205.63043884428578 1225.1644270867412
280.98525970437584 56.505431507091416 193.8906429761314
390.43879949401907 1031.4949724409655 972.3390625558283
1832.1807924163193 1689.5753681936217 1498.939812253376
1622.2726209078278 869.5153160488422 21.007090014835917
126.35437699118101 96.7645368317691 1022.3423102624349
1372.11288539293 1605.850839427738 111.25064440076132
106.93399155705596 1578.0278812276702 915.2823795897015
1724.6649116597782 1561.7447742625873 113.1670560248027
764.538290105947 1897.6745731048497 1050.8446436684478
1833.4734610308597 1328.326351591372 204.98566858761873
1529.4980270320855 121.53759181325086 805.0636434849922
834.3189135818974 526.7870809279844 106.84254561586259
264.7322900563811 564.6360782943989 1253.0145214519302
1595.6109330815939 518.1574452373834 688.7744905586718
1441.0409454158441 1062.2273389118504 1121.56659160341
86.80402189074243 786.4392259262125 595.4945419487719
1151.2815910047918 1399.8798199448963 79.80602734433317
609.9385002683217 505.85631506411664 1174.1952019112
100.24668065831732 1649.4926647912891 1212.3315492883414
380.2713841302725 949.085939789057 270.8531305860087
155.92692879669934 1734.496929711826 683.6570336229172
908.5530558258849 209.58611042996301 759.4600437822075
450.65052778826976 1014.6453822407952 1041.4931346224735
1434.7487367475273 1797.3909557217316 758.1829073104886
1492.0686187803162 1217.0630175979977 446.40855427270066
972.426709822898 1729.1517380353077 680.9601954595123
322.4877290553223 1551.029717103374 1371.6292837874576
1365.9469019325177 1428.8729588513968 226.7732877978446
479.0357865205697 1983.511623095464 535.8762789937134
925.4642536576847 61.616433714923645 332.04260259047965
1510.2908732763626 1304.209109998857 186.19985941711715
1720.806118259883 784.577785453787 793.4198008767464
908.6657093836377 1512.4921331954379 1422.0550345465747
1359.846595132375 1613.1180228375702 1476.1899464804685
295.41762326442034 909.1562598111295 937.767704222594
1749.2872096876645 990.3192484183263 951.631177657683
317.3319444946607 1636.7815895247656 1368.5008988603208
1444.905725759159 1359.586412445138 803.3613801764112
487.95256680131894 316.545210017144 145.46623995613268
1398.4162931438798 898.0073719687407 1098.3559896644647
280.2485486583459 1437.1025843910772 688.3355536615672
1711.0476439868917 1634.5033322869892 231.16775278764845
13.638486233074731 888.5095673010945 858.8281412873151
1076.2156616218213 396.2278592389503 992.1090373917461
1761.6786021629214 213.2361172163626 683.1730121858584
1930.7076800842779 629.4494954889467 355.25209992919423
98.57565903985676 42.438963569179975 986.8870220212001
1266.2658124491031 309.64588411199156 663.2098187112064
355.0537620063008 1837.5009011645268 998.0536668269349
87.44038758642469 662.797217360362 83.60262041476312
1436.2687078637475 1344.9304290155858 363.1644694137966
310.90449564925416 1605.6719430916096 842.3763005352906
806.7282968457363 47.34496035904634 1348.3615235679172
840.9373131407742 1547.6341569414558 1141.475792561046
330.0819876949326 1190.1321264109356 494.70833470298794
780.4651996167254 384.5357627100618 499.8491435083195
512.756950826376 434.0573502048144 159.78953974009696
1139.3780352080275 733.7635893615216 278.741693111936
176.90397589118723 1968.939507010158 1394.6964487245823
1143.0262462846247 864.3523190818813 17.91632126114029
1851.0672691890331 1457.0963056090834 320.85049524153527
1927.5225728263715 1523.6104472835982 42.971124634895105
1276.7882623140501 290.7815768676478 1169.543754980608
716.3269227007851 100.23718493721057 1265.4349458066642
534.9275375204965 1034.3798493109919 678.5721568874122
793.2692792195113 1447.4965967045487 180.24538952846558
