250
1849.6410607742298 46.285716501941465 1129.6732218035663
1556.1709801100587 728.4313612326474 774.9932949719589
1123.3015489132517 1368.0863702210816 907.8853990397271
71.83776233103178 760.9039649614648 1425.6651703976236
670.3620021214267 1228.6833757523616 1484.9067509806519
368.6161137514268 62.93975720061917 112.29181749168221
1954.1775900628463 835.7501188706318 549.0494419217795
618.8678991220862 122.27547359380586 211.18167484848766
201.39239245139916 1068.3021651412132 104.88616713465592
1693.4328590629352 858.9737782720996 178.6033933020002
1267.6785200147779 171.3693457728107 1383.017135391521
942.802137188224 299.02112380020606 31.500669405786
1704.6257166254259 554.8062271551078 1044.6602084720282
961.2794693616715 929.8395373596873 1098.267873028761
231.20951759079668 525.3826417548886 57.67125367457676
1019.9115028138897 663.9855290583039 1210.2081440916688
809.3645817135464 462.90990847938684 567.1448286292925
30.982967621772993 671.3137604456297 1233.954856698323
1844.5082991496934 157.355035592168 1348.1607549888217
1257.8677332784237 44.25605078218409 1496.2545370672822
946.2228524490781 32.03045710191921 557.1995940798902
1139.1520751735814 1829.7751202527809 1096.0156148393044
364.3283719061083 1436.107292052054 945.8539273079541
191.83386789700285 1187.965026259555 341.655447738673
1364.925936138658 1971.2560982746431 674.0589412168797
391.6401589372485 1048.4956524230347 229.09255997703454
1661.3057921993993 835.9931348314462 1428.2743018333774
1746.6420549357263 1096.3040120096957 237.31156157467265
630.0579639949242 424.8909285633218 1482.3109745376107
1175.1777005899808 98.40183421024618 1214.171224132573
526.7309649515486 1850.6393738857716 431.26078066273834
1828.333794364761 1689.8532638011072 1155.8566475017192
1180.2379005711603 439.25074943164975 396.01216213006506
270.2850803207677 785.5325228096524 258.1102166522163
637.660534493468 1788.7998144197147 760.2677772292484
1196.3347115246168 796.8230036925868 767.7067095310207
21.544318844455958 833.5110102518759 800.6618035636178
1035.681825305568 1477.242263261355 390.08333063847937
1697.4392148636307 730.9144943928414 647.7215999102219
533.1132896009185 474.85480643785394 361.30429632369015
17.27086795937538 584.1121102586253 586.8600048078043
651.2147449427038 294.1788366444376 727.0733042197313
1491.8246689931427 1299.681681848758 305.2657709389228
1356.3792285254153 624.4516778863856 1246.4054249209573
1650.1559352140682 1707.5402623997109 7.562289580684444
507.8346555949551 1243.5058303209614 4.3768322822208
1882.013732992255 747.6167259943196 409.6483596738336
1226.3626271648764 1410.390852429187 1255.1909591902834
1781.3651641500626 1488.87131648454 1017.0170372534826
1656.490983849356 1644.3420431483994 1165.5565561826822
909.969930493717 397.4706214972985 1011.3465913610947
981.8646986494846 938.3527004938119 1432.3997747866772
1858.7497627905182 652.8814546336595 191.6763147794159
1573.628620992846 47.10396909767134 1103.238922638041
1035.9496038712089 1516.394984320722 1251.6062511742496
346.5255878694227 1681.2546639899895 1198.8661895802838
908.6384333636486 404.16178003895055 1298.011615268564
1871.879823836219 1519.1189733116996 912.4898965356223
452.6745433107966 1452.5292851818433 686.9956401303713
651.57127768333 1740.4088644144656 60.07310829656964
85.89123292788359 1797.3877958459111 633.8777224000852
1445.3637933330542 1007.4714271067373 163.9625226801974
1772.7562071701977 1602.9638652878425 1494.1697741901996
1357.1638987218241 844.5100800563614 388.024440071495
555.0590147402168 324.87428446036114 878.9115862334965
926.0287106585304 1073.0367209717372 177.28632804382528
1509.2719418324425 1833.1917534105908 332.4117576695074
222.3463675638291 191.51975150431588 740.6649708617068
1597.6639693218003 1980.2379544517598 257.14481630032384
500.67956760005217 364.22365613665676 359.08231818030015
505.6477159070807 778.8943258408092 131.5424435977136
864.528068289258 999.2005900124024 245.26191259101176
1770.297959811793 1452.5954061928273 787.179532558828
1296.9152972760867 1726.2184834017378 1324.8765350187514
1676.4022294289007 914.8463252056551 395.76320680842394
1094.8984759988323 327.4675857327398 561.6278433349867
1753.1316010687376 431.93864952723595 545.9278941696626
1933.4389543840255 1850.6655735634818 1352.4303824617139
637.1867577732082 1119.861829541959 674.1773646419265
639.4372572748704 697.2679238978487 465.3260747829437
405.28048605549685 596.3648305247356 183.16801954510737
75.00849685001553 1163.5260770569755 296.82038855428635
1099.7696360448617 686.421745601437 348.9994045989619
829.5423833086521 48.16639579126236 117.0481764354882
1275.237394793746 85.76030778578914 1005.6827340778548
1306.0683608832603 1845.9109335027085 1448.5366501158492
109.76093607070592 887.6529593530342 33.6257352832251
901.5710719945382 1270.1503626384576 41.32148577764866
582.5091222873533 1732.6049127084425 490.5458174590677
1752.5159019625387 394.71539244877073 604.660343959937
292.74834841790096 105.87109975446984 3.110178860586732
1950.4960265026045 597.0754835672371 1011.1389226473374
189.1632473517677 353.57590446207365 300.126869540537
232.85258281576637 400.02007726432896 241.06315060809524
537.6650068372415 1010.8575273712069 1147.684388267434
295.2173313101234 184.25648221767932 1456.1530308029214
1296.358868964585 1913.4535802648688 950.4498156351044
505.13820181443924 365.42825661808155 461.09385483811315
80.03355967339942 1552.2781327934981 808.0350890122393
108.18356803003581 1360.2016961332668 884.1609316585216
1801.1516573971194 1077.6677521153574 533.619146804908
690.8669089489758 1895.6621209220061 737.2710951945743
469.1479372794285 58.42647743062379 5.119636834030771
1436.2033129183196 1891.7305762844671 164.86682412063612
165.65145972913896 68.12558079147912 421.8984750475757
19.05416025008244 727.8773070281217 678.2866692752411
897.737593367677 1638.3687309424254 923.7731616070627
1560.9662539163257 96.63621654085053 584.3397000812955
1277.366483570789 674.9600285290988 945.0703823216253
183.76459543874722 1855.686599945496 1287.1308775738228
1459.1806031586586 1970.8882110464763 502.2919231793835
763.530369047477 530.470188398108 1383.0682731451188
589.6195874535322 491.90845606587266 1080.7827207637215
551.902297708346 893.7373499553142 1202.309822654909
1619.9801515274235 1709.3819413937688 1443.4876604957458
995.0453964302496 953.7126433991546 1288.6546009254741
565.8044397813404 1980.3669293963897 59.14496817103549
1848.7438459043506 973.3420265485047 910.5914589558944
976.7182967837086 845.3404859072864 1463.099578705327
504.1533209754319 287.9408613954906 217.40486294581956
778.0803287968363 24.19333606484986 1108.8764798220477
408.63067549697377 1723.659103305795 1395.764725819365
1538.0227469013807 483.9437080764915 784.868627355265
1590.4981777801747 141.1398393594645 261.99112212402457
795.8401212447301 1771.9671049997457 1389.4231074561474
1040.1834538787548 1222.3728131843623 1036.775604637624
1295.9249305017713 387.65353084675525 488.501807294118
1749.0878533689138 1640.7363284233313 161.15151815850265
896.0971220855336 616.4189106543023 1104.4032177434574
341.95469448089557 178.19962773130072 1104.118919516515
861.1240867978305 109.56915570046321 231.09042912350301
1896.863059579909 1494.0754704072951 1134.3061387097678
476.346112892704 1473.8779175835427 1283.123739279605
1313.3489175597306 759.0436284102195 501.53218091338715
1349.256546768039 821.7799842818831 1325.1147845358173
608.469314073812 1678.2662411795834 99.6109330957759
1575.7844786823098 788.0740824241869 463.453829767374
390.5061426677867 1998.1789271008051 479.2979053734924
69.64919610509158 1782.3536742414117 556.0822551054301
1434.2735048092181 348.3533013217701 884.6531318054878
1495.3499532778476 1626.8542671869495 978.1801750094778
1465.4457258808666 1222.0923949081025 1153.66464065666
4.544371172174877 1666.4358783681794 1428.2816990412912
1681.2122067023197 1946.20396628429 1074.9531921386085
1209.408055238025 1088.8443683170005 97.35904893179797
1819.6130633480047 1107.8792631301592 1381.038968644636
1124.0824130962371 1464.4839064937055 1221.2679264089295
607.2745258753771 619.3372928016869 760.1639991394345
1227.1490694672334 1841.619271055267 791.8235061104543
1207.6177684042345 400.73101001448697 1386.7012875323553
6.393127514028318 597.777171203484 1156.394250563884
1498.869083001221 1703.8495868920431 1047.7797888547295
1183.4280107608195 903.8689421171972 1331.5169812820848
413.58474919057 41.46977357387205 243.84982522866773
1438.5120594945483 496.10052013635396 775.3023454078673
1714.7298455878758 1279.0253893744527 1366.1742813542012
1029.4694519991676 1602.1683015816134 550.5247380483098
1416.5547229478489 1130.3661246300412 886.7072850314705
240.2128810149453 1772.2902644295252 456.808904765016
1425.0696991414045 31.548479653710217 680.9582153045135
1799.6263888246585 1285.8435857820746 989.213290271901
1221.538188601762 1107.182481059637 48.405943132149574
1179.2321641298297 960.7188788897479 1075.9891478503446
672.5721224598855 354.5174382313587 864.5610277500955
1355.7823654501135 1938.2774129573816 1472.2665006317498
1300.7363902565749 177.02731017499883 163.2755440222824
855.2853002463859 363.28227219136335 994.3745534942761
748.2182812638696 723.5288774208166 181.0700290589038
1181.6042577167175 1537.253691532768 567.6286491398911
1211.3314201193919 584.9934553814784 74.77746551571151
1623.848807576581 529.8913571805492 641.1333791157674
1135.0200757511896 1283.4802555613364 577.4969337442149
1778.035842095315 1858.7409322527585 1336.0705701828172
1185.9385071918127 691.1271212854082 1035.4521066736136
1881.1324277824892 1349.006206061643 1482.933724265575
456.2339151128127 193.3759165004021 119.76813238355611
510.7617782175127 190.65671143043383 234.22126794786686
423.6739831264835 1158.9228649663578 997.6921469243036
1024.6503623845801 1724.0926918530297 1377.013330666171
513.681354643212 706.7031298239737 1347.739758157992
614.9457945544807 1219.399606001816 561.0523644619885
1778.6145128086819 801.646581441879 630.8768035806455
1891.3970976865724 1982.3804253373678 714.7373843611741
102.1113293387914 1974.4221869164317 1224.0068719750532
490.81240961563765 407.57973954201464 1478.1647817583391
1192.0223698327711 664.2108358608458 199.72633862895484
174.89709354093287 1096.7386147131926 177.9099282358495
817.9980213688467 912.9991234154882 1063.0003702849551
780.6023103549809 1415.7555588275936 572.6806218631144
1498.3647375242435 667.8350975709458 1144.1857653829288
1343.364631274119 884.9498208522801 100.75751700091313
1240.4706447110302 155.48924526049456 1420.6997660115237
414.0906694734079 260.4088352808509 981.6097937790486
913.464673254538 1809.6958204843818 188.68798779725404
955.9728846378155 32.91150769882112 240.58935638565492
1799.2156053475958 1391.1761652176397 1439.4267867014419
890.017626994149 1682.9026789717097 508.5669501584461
1403.9962347700057 1984.698883102301 766.5418660770638
1248.5725792595872 223.54807144160515 306.54147294152807
1634.4592326474435 1652.9729450386797 1195.7000790063428
1220.9674943654609 1150.7358742892764 120.8846057091551
313.8019855638703 1200.5186273291833 636.7101829276472
944.3057146166609 99.02340544799438 1418.8852939489295
352.0604466600792 995.2120323194038 304.4198662358773
502.4140224957974 223.57771853046503 788.4002840635551
939.8573106689403 983.6151785456773 734.7761578766477
1259.6496871007032 1112.944990567298 313.95665789909026
1344.3323988965415 881.5224790786847 295.8960100340817
1435.1562215864576 547.0944253322498 1389.9992360514766
1171.3631368980587 1071.2972092910645 125.98338274593235
271.4242245119027 1686.6757032498217 475.2540510483016
1436.7899189775528 1294.6004711253097 1186.403778318557
1330.3341757815933 1659.8766181013334 1018.5495903766077
373.12809253404475 116.0544685670244 360.32455828428596
1719.2169695424745 1371.2443634509748 1281.7408515066834
304.882380124055 1343.6644093107684 223.36858702934236
534.092801497216 1321.3099774380796 285.87548760897084
482.0212168560958 789.2411328262967 1261.5689856285546
1525.5686694325848 760.4552409290848 871.8349636640013
1097.6987319344732 455.1014158689346 875.0704075779549
888.05638259986 282.4880072646563 804.6641568497919
1357.386530757457 518.4014949579528 1221.6564748423532
1489.9531847684932 1771.8637599338047 48.023504334729736
625.578413147798 1480.6113296754147 97.78058255053989
684.463470548375 588.0695314047297 290.9229407919365
29.626355406847438 1354.6370959647247 133.66325269460916
262.4169590805565 374.71280150699494 1242.0568024389227
1564.2393415833283 529.3835317373874 1420.489448024319
1305.248896634702 652.1889441243723 771.8015163813802
1118.279165031075 1111.8087463189136 1139.1674784316829
1203.7963910870849 994.7583391891424 581.0679948259325
1857.4695156717733 1682.6425050175735 372.8592638830278
1705.3177240976604 1160.9718640570816 422.5907814818253
1459.901983994593 1394.8144166761917 255.32274866465903
65.36019741451993 1307.4762169117423 894.0663796438304
508.0473879521914 1443.0058704718572 16.78023699828951
438.40306862270097 752.5430197655683 709.4108771562273
680.9956196084521 1705.159341190126 87.28530024025561
1302.6600232714534 926.9492021364201 758.2249303698258
35.10624454703959 552.9192758790466 172.20338734192765
171.47315135424202 755.5681838113559 550.5943618530816
869.6061931034297 804.6674298323477 378.0286611036534
1527.6080481134406 1830.6297938291166 816.0025729815391
402.17857886489594 278.82144086821216 1339.4708801996574
872.3610723812938 989.9751449432217 470.7875048697338
568.2913849502734 1720.0754194158646 964.6795817021045
383.73942863880626 370.65206326141384 1233.4785890306966
408.12663015050157 981.8370273269195 499.3911757877612
643.4710482577202 1350.0382269871693 306.89365389015757
63.50688373192659 645.6731112677527 1273.0797640113344
