250
1145.384038235884 601.5395883091668 492.98704564597784
344.52776094150784 327.11157963104307 895.7190987922814
232.04238720403225 1436.2586659746455 1024.1553981140253
1803.013633503795 10.101764486596831 1032.2159997756446
606.5089823421544 498.935899070877 1099.9444512556931
1393.5831134629925 984.2336572764106 234.1017307557346
358.07964492860344 1017.6928503838762 935.1596610554675
1949.5098853627792 1517.1263984699203 1086.0741745479763
68.74501099212638 1900.0898014510296 105.70306439736454
248.3257755750501 1487.2734241140054 1387.774188696124
705.2034143549881 1179.3870506048736 1165.6616611248246
1774.6021570230557 1239.5844153294877 778.864334669725
1556.2763509446725 1220.5924478345514 689.6384768013013
514.4570667213416 1540.8065229467845 305.80234117896566
1954.7647651374464 1810.6015699227246 385.11812796762973
144.5115106134227 90.01480052798416 214.0224880664897
787.8033434413934 1950.2426415955172 304.741694159507
1558.6119690130108 555.8729872050909 305.91944668821935
1679.9235723755123 1218.4353498201283 1327.0279441949688
1982.6820144607568 1341.9960609455547 533.2155032054468
288.8227557952874 1707.9598277076952 1178.2032134665376
1122.156219220809 287.3970207488241 649.6709829412373
1237.57228258246 492.7336739561989 1187.6982430161102
1558.425747198423 168.39477737515506 1454.0446450714344
1610.6474264927738 623.6789825924527 461.73309307459493
511.7978503134142 802.2899915274646 705.1806095930881
1721.7143577107684 1853.1842124654127 1297.6203143191826
79.10940955110313 266.75157099860456 1422.4948309526137
922.7715145988276 703.2580816880469 271.1487917209771
315.66706641260487 1264.6668419196142 1012.1467659286442
327.9967548280434 179.8593496153602 569.6588938679813
207.15068845559026 365.3578283322301 1150.906005546693
1289.6705592849091 695.6518947842425 284.68868691743853
1705.5602343924354 741.1263114317439 426.04706438092336
158.9959177935414 1300.9985012247444 804.5076134440797
1466.3879759707863 1375.734012548016 719.3444567630589
1484.8932353080818 986.7977564000295 12.380447261516325
763.2232970030841 1452.829263924811 228.0877025701281
1546.4591437106465 817.1131673364223 755.0121866234372
1786.2980621533218 1913.9993125113497 1214.4803143243491
1195.4870997277455 443.95862268629594 139.72321190786806
1440.7365197782183 1803.7260599213648 1206.3408167602774
1657.2502388274065 615.4333790457054 89.94389559513166
829.9029140772991 803.2689027308749 868.0164917829048
62.78023103896313 538.6241405533434 1310.157620650367
1470.1577759304664 1090.4078439344903 447.34994615962955
218.9697102304735 930.6590394490944 413.06764916838574
1750.0633020029015 821.0688199065002 951.8473904921996
1730.204660734006 153.05904205254882 1178.871727239122
534.1629783439694 311.4800153244648 1157.5993439182328
386.65810224518447 631.029846411496 1101.777274737741
1244.1385216391582 1403.2989791283687 803.9501781422632
955.18320341039 1290.542031949332 1486.971499533033
1532.2780542393793 1950.567437853326 1021.4453219383009
669.8287569604362 1545.3689672667492 1209.3046829397501
1290.939439746154 1129.41028318276 1463.5611116412351
1882.1894325730423 1219.466398897323 413.6813227534382
152.98690085101896 734.5445625938438 1341.7580590598159
1241.569245164671 1592.325813346604 24.993838980664705
1513.044102866218 1353.6702841616761 178.4298847910828
944.2613365899581 167.51891500917804 1162.5076951105732
1234.457212309374 1707.2273760160233 861.4803808539742
1633.566706989711 816.2299622043489 1162.0843157580264
1279.1468833385875 1219.9223872846467 1230.3706819524791
1974.4032025382835 902.8466754340576 290.65970832856084
83.72948991787243 326.55960321839416 1434.890021926459
382.3355642384638 731.6916810088576 478.67462525883695
257.69709098331117 896.733301721544 1152.630597737784
1253.350114086171 1507.7902087252103 1099.7793992164986
814.0716375339632 425.99817579877185 1181.5318721228798
1786.5854157118831 774.2540143064966 1273.5377622085498
1023.7426746846165 1602.8717776697833 210.57486023680477
1211.721482812428 949.2084644171366 1212.765929512343
1291.680871946334 248.78886007879353 1172.5077475650394
660.6402590176941 1507.7913204647573 78.3286699719682
491.93339332442986 1689.5520068725682 512.1921282016062
1600.2799065921872 1924.203125418905 1416.6845338516366
316.7080935228446 536.3154459967072 1353.7734756440832
1763.882439954602 1425.720318046986 146.99694920473004
197.74187946261844 714.4461273053548 1147.0347700229715
1195.5039068180704 1457.0382795857233 922.6169446466105
402.7360337743757 1460.2401257373347 866.4179793257654
194.13813933234601 452.6032340038295 329.8430797442582
1239.5528012630814 226.48558682120478 1216.6312310889411
644.7265155021457 1451.0813678769969 276.5356134946302
1716.4059246589582 266.78529978386354 233.62568307807302
71.2438660328627 104.58349651986597 1156.3209146698248
212.84510437279437 600.5368145455687 1463.213973816992
110.61547757761359 1701.1011589067557 4.95759476369273
1651.9836448998942 1977.369517349778 906.9988434365447
241.2874747760949 1821.2234971679313 87.37316014517604
611.1759240091694 282.7274734339653 104.72683178671593
224.9699198359425 1888.744930625519 920.4633937726068
1592.9932943008796 1242.7465031035033 1232.2354606372517
494.9828751057657 1283.749256131891 286.7702546642744
1740.5290613245052 1165.2625680606948 815.2559282360576
534.4902476315928 420.0775315013574 268.1803091504952
1077.4738043284194 428.9003231506792 1304.8401506738767
108.84347815950068 305.6515137069877 179.75012046930405
840.9183222078742 341.4466058035801 220.47488111278213
550.5868231379359 1149.9598471031895 819.7421217192674
313.1171366972521 1025.8089916896156 1053.5242287383062
293.701454860382 388.91853091652285 905.6987477373204
1097.1240140814573 1935.7988763088035 1224.7292803845985
833.8816682920805 1519.7147375229963 670.6999399058406
1097.1501610263813 1904.0735919704018 1023.5555349040734
759.9119200494109 1351.7746106598195 902.9056875264033
906.6677446744451 197.93224292726185 31.15779077408243
952.1198767753791 1718.3407365200799 510.96659787063226
399.65700486714485 832.379964389888 1474.0746947526372
1283.8179480214744 1472.8572703640216 1233.0397325547526
1156.4186734480631 1663.6077338464277 1242.2778073540487
782.4435316253096 921.0887025264987 1236.9006076336616
1000.1775401482082 1477.269232671361 998.2524647144269
1231.9895189968138 1609.7888033441652 998.1528759942769
1451.8625468825514 175.52187130701347 105.75912947508841
1354.4816443034454 1136.267868598884 34.21019854257501
664.4565340128304 218.64349929839187 1371.2692544510373
1427.0352326890143 28.080130223100184 201.54782537640992
536.7336646218537 1438.5400513226493 70.4209086227794
470.8107913940112 1499.9688687726823 1327.218069685597
350.72192894917697 924.3706796035935 548.2933049220086
905.6113337112637 288.2963965734304 700.4067478410009
705.7918894668982 1909.9579248168175 356.1345070721348
145.04361828160327 743.1494479796798 540.8437847081317
1491.0437861023174 1006.739207453869 722.3865257063273
1932.8760194950073 1547.8821051416742 290.32304852205095
1648.2715676988007 1492.3469330143837 1231.7271301807964
1675.1566160985728 530.1837987476041 1388.611249674927
775.1347793545575 1292.2824304807393 222.34360383468328
948.9834990906421 1926.6328351762745 780.4908764811847
673.4884201471554 555.7127076459925 1446.659219116737
12.83766353886806 1395.1588713906551 871.2807478248657
437.2764581289852 392.83213194030407 591.2142725492463
119.76263320985092 1298.6359916733948 258.40021170191716
1123.1647500283168 991.3288341094191 1376.3038125081632
485.6783025473772 136.99387874769252 1010.7815471874228
1340.238926362774 687.5374083355914 766.304678435831
1610.24462852715 440.58593838897343 910.7361319863613
1917.502656247492 1469.1227458542357 237.98341175128195
1508.8317357002486 1749.5105223190767 1097.1236062456708
1871.2335494779031 1881.7856949896209 1443.820443371041
1712.0871576629866 93.23900906861371 799.621423217375
1557.1202064915517 1891.1861215256506 1492.2245170051185
1164.4398537691386 1737.1863864873874 597.6154530400611
881.9963224335885 349.4486205549263 1124.1997963203462
1847.4178307389905 691.6049328871084 947.6233946836008
1345.1821581987908 1712.601317810553 1495.6291004300624
635.2175512097323 400.92981799081497 925.4744775845693
845.5343559875457 972.7325618136547 1003.9256871974059
1284.9480155874144 1576.2735820516157 1323.1442333235411
635.874820619236 1458.2373945611498 1159.6352953340834
1353.6142515799436 1916.4320731758116 1390.0670703553901
649.0287914605377 1667.322916403794 338.23874077481605
1748.8368847661723 1119.635074330374 617.3856180967523
986.6949001599731 1612.2035865362716 722.8333384432865
1108.6401336715112 287.95893994333954 45.544711266914675
1600.4293859615948 1160.3590074385002 1430.590024492071
1441.0683201207955 1754.2786633705991 1441.1475233135698
1229.1434102927944 1089.0304831507037 63.10879064211677
1928.3980490325748 87.7554335536046 473.7965390546332
640.2599008094671 20.37373415582655 262.8546175820396
329.6378334977086 682.8827802869331 887.4067681852772
1705.0939992908413 1771.73992492062 1214.4755295250766
1005.6054226147828 1844.7114978158777 1317.084656905951
243.26912626121677 452.63277885479283 60.97351065050838
735.7333334356371 385.5120719078082 1242.0669192261466
199.52956868524385 1426.595865979795 262.6314901393097
1643.7001774623345 1021.5762305786453 1119.4809214834352
1836.3444853750646 545.9447722302699 161.1854928963457
1662.7434880290875 1840.9581604129235 259.95473539355663
203.73189851498918 818.9537115677101 745.9675022670592
1299.506651966856 129.61701815367067 389.71222245946905
413.62283545791036 5.350852274994322 392.120284742923
1610.1969187016057 1490.0101356027526 621.0584526653275
1122.3317774664627 207.11949199651804 570.0725359925341
42.47189847443566 972.5796652405347 151.18358607049825
22.18190115302887 749.3965873839035 334.0654406227429
252.26696607039756 268.5512579539542 899.1866202735358
725.5739290120114 1902.9054908345056 965.0629780116489
961.8194325460743 1264.3543711533166 172.60020541515019
730.9957939242238 164.43214442180198 1378.0562323675026
1448.5666199715406 1812.9466007024964 1467.4451628008278
549.0333306863217 300.33851058494076 625.8795595589476
923.1821999440708 273.4092723263788 1362.7576138788468
1762.809857849845 1286.1156509185305 725.6026899693579
1449.6805228594787 340.40893050156717 621.1074795065996
1916.4279810667344 1713.3292874658423 1371.7257116347212
561.5322259520352 965.3989447671629 942.0181579633789
1722.3464262376317 1799.1622022065205 1369.7231441087235
1828.0562175744096 239.58486991857052 763.2685190856529
1873.7374157585566 984.9436689023523 245.48475606634423
708.7267718366397 1355.0405096729908 1259.4977001196808
822.610690329302 21.672422813190373 1008.797319119833
448.2728276783345 1973.6674308562979 135.87070653772116
677.5052585671166 1498.8988805164252 80.17089931459542
826.9311198881011 1620.5557292951585 368.8362250788128
1060.7180366566076 491.3655917386814 889.2036620899822
1570.504034442762 1206.7120776022725 1235.3596029797611
108.44114269669092 101.3282112215792 649.7072242843738
1283.32393582831 886.8808617741893 1377.5711320006458
278.9961619398165 698.5751619451597 165.17392536380942
1251.1042752689348 1031.3027180475397 271.5863110835382
1993.8636345643845 977.932456656945 1061.2340155973177
1693.561263634204 1301.1371926111158 1010.3232251155786
468.74488840851905 79.75047617499298 1474.2054683571582
606.8866566425912 196.63352827802206 928.0056255086488
1878.2497934349947 1011.4708151292364 448.0765673073304
1599.626784200156 925.4339819147925 1440.1257710489115
1964.2279993818058 755.1649644868827 617.2100983601769
513.7885199776028 1518.3216362242836 1115.216612640128
1376.6015766907283 1912.1224572289836 241.2457841982249
257.6404767585603 188.20345847888296 129.6607546041343
77.64397549586222 119.30703495143757 164.86683221552056
142.09366572587712 1957.0785449602233 310.133471375147
921.6940873792938 570.6860885968168 39.68231055809584
1736.9990544947054 1717.6437525968622 305.0575993827556
1467.732516392447 1134.4014487440115 768.0913309875186
581.0809378309287 1723.161086317361 271.8896315077929
910.9035023812655 77.52111541410378 967.6736402351667
1352.4791253929777 1826.1619229793728 1271.2173773181614
1921.9679639777828 1240.5085551420368 526.7802926267138
1190.3330971757846 1318.6800278331662 650.654695368584
1449.840823069215 1858.2747542836855 42.330416597976985
1551.1536885340454 1039.8341586869672 1196.5650236280806
1355.8157530182302 1889.261899702744 1147.4156873280128
1997.251702958794 861.0177853291951 879.4812146898985
1730.9632439349793 1870.7524195847097 226.3536067948645
1853.0327468257913 290.29242538683354 1495.7113728463905
53.69360533818024 1214.9876808672573 631.133232865979
1326.39494080198 1799.2029426467016 492.697408045066
1701.9275753805996 1763.4478198082597 1417.0993233565375
67.86132349036266 1459.9005511211335 1285.352977028163
1523.3202135069153 147.35219730952775 933.8143145910807
1366.3549408978652 1875.8095427674975 623.748441349665
997.9510881752067 189.10071515620407 1272.0604999921343
1591.587927108568 1448.1804985663714 47.27294285545225
1270.7862721004915 1268.3298903867383 69.78395479736093
1798.2385699443032 1862.007483388608 1071.3365503455082
1380.7535288484241 1167.8090110606367 602.2795440712016
1592.6372039936116 130.59846826865206 979.2241415506704
650.1389272518405 1900.2781103435982 1041.2871504863588
1170.2054257784532 426.70004015037597 961.9150898354353
903.6977488885587 640.3567724584598 412.85343135320556
1164.9019276370577 898.0284793619053 844.6626230524007
1786.9556680500182 634.9822237206965 49.232183693730114
476.4914255464054 1480.167080622368 1477.4801749811495
1563.9471000211843 482.790241853104 1485.564743078357
1061.6468307989048 858.1158511668525 1242.340775566518
1341.1550950092687 868.8994320739885 1367.9480149064962
