250
122.11629304183711 380.3847152729183 1205.2187578060662
53.25084664314894 112.27039677896032 1177.1374441332061
200.26067531365146 199.63046398747912 1221.6646969995077
11.031633978003944 229.5244461869439 139.18846798419438
32.48316596689107 288.71141843188377 410.4039739540358
38.31414006189803 186.22193584320036 1353.394101083548
81.3732267821851 157.6494636651604 1386.7011842059337
64.32182588525515 201.38234541743856 22.590485130832448
14.370862783172807 15.415780008929424 991.2342654622114
557.4052453603516 109.00105635021502 584.1122010491363
35.466433594815186 5.798335127493592 417.117644568677
20.59277284238436 181.45822931271277 1338.346839046987
39.95344148642933 4.781443554418515 844.7554390162203
895.9441979176486 106.99232835846209 999.3624094827443
147.207034051367 197.1849753578162 1300.0549751104415
100.2416259547404 157.9642881587229 403.5056910728125
90.13262201841611 15.240154184455623 583.5642267268972
8.217096948210656 62.40407531986787 1326.4728689441051
116.4468142361591 59.770012286358664 1086.710267471099
49.560280510124144 145.43709822057147 1105.2656103717038
117.68621903601048 326.9823443710217 31.135531991610897
3.7766189691670218 84.27031410381224 286.17626860513076
485.2873324802516 511.257000728325 625.1019954542934
8.457504838747694 2.2478981646536624 1451.9149576118548
30.094914207275387 459.0173908141728 316.803364047897
690.8720635688331 175.7882241435371 404.5907815445289
35.50283775147528 275.0460968755009 238.92188581404272
0.7317981431650612 21.29606778124247 400.1148021689741
11.33458015709326 352.96197749065135 235.40848064262653
205.64809838535507 40.50308518639853 862.4100354343713
125.09231489249599 441.6940795920911 1244.3571128736214
11.016262383706502 585.4497785773606 919.6430647110951
1040.8658430836315 72.82830211882224 128.5442608414724
56.1643753575079 19.50010143524931 1343.3883614381384
13.429658322654333 1181.898725941617 1454.2148519605225
83.80224274172095 260.46806208101117 623.2970528875361
340.8038709418415 179.9648836362927 316.52332944010817
95.41822836178302 323.82686325354547 511.12337118873046
82.45098760066038 131.80171688729374 339.10987396919506
45.38782077231428 37.74235920337413 685.4561698365701
654.2657846781136 91.43241896975961 945.0822584824804
339.3643872368235 210.4947006083865 184.2294155384369
151.9856669638896 33.31671874382376 462.271441922815
95.59042368519435 195.10652363874647 633.0910164955051
203.79030624915467 278.81482910120263 72.68876501439281
247.48476403258977 94.13301500397877 1313.929321966082
9.677020500206707 159.64215500546916 1315.4076578337806
652.9878601393718 50.60115586478844 462.6269865235783
99.2776295532043 62.98291696709061 149.25463246229882
85.1628147379892 265.9349100202494 800.1645702110707
68.41040506568699 1145.876626594964 185.0492181336766
97.83775927881513 837.0125879578067 502.50353058818274
217.2954308446467 158.38173631092207 355.43986450281926
471.66738327470125 356.60735829219675 1321.1011304953988
391.6966019381414 68.8456368789372 1333.6133974037439
372.21030677539284 1123.9700020797388 969.1979205529052
184.05040109506444 203.65602768925189 1493.3339922377459
177.31944687813368 47.76154527348905 410.640456916247
74.22710665619182 391.3908339995456 814.8685334091447
389.35913483638495 115.64858871586247 399.2838962918785
365.5752413337641 115.3994984001634 231.4112008154806
866.1861394157818 124.85800034703678 1055.912285011466
18.61393144243803 208.67112637688967 1030.24777417083
177.24740386547413 193.14009309886825 1370.5608023483755
128.03804155445835 38.254092464242525 57.42451802711657
293.45908611774536 97.8192544747731 1334.3139040260328
278.54904812478173 39.76961824613458 101.75247778647328
94.6535052361031 186.92267087383257 357.98358448691835
269.78074557420206 366.5958719840182 415.2936891801084
88.81763897466904 226.31976724196065 635.8603682279166
124.38838668721534 364.9473601755001 846.2020787715522
941.1233615465184 13.584736142788783 844.1247761161077
63.7140047650047 128.87502876044417 51.98740555735098
384.30721757425374 15.554407210355443 1448.5014442242857
169.01646221981395 195.31314198602107 1270.310318740299
138.3059907347044 190.46973153297859 313.6002570282278
1.7069059391850434 84.46037715164779 859.6455259312266
0.22668337738313482 73.28284234192685 111.68180691802642
36.338898340657025 22.01350907056461 666.8955588161175
67.61218535144864 337.4306220565301 157.2852355861738
382.8107050550629 186.7144646825025 892.828526172084
160.28953070059524 142.0302532482867 152.01336819995126
88.03076904908706 9.020830205053812 1192.0294017825738
801.2326503193107 195.95368568649292 297.821547774959
16.852241734394532 126.00307888641859 386.54834685258345
199.04541326855855 111.05200230014944 1048.3802479374485
176.5304137442777 125.56784585377024 1272.7564313656335
117.50942949140828 22.50638055079184 1166.7210381729135
115.78201646523792 694.4379821917951 1077.538922222089
161.0183227668254 19.690093054240343 132.01668168910234
57.629998360658604 42.89605302975883 1297.4704266432025
165.1726507960532 567.3206997163461 21.33341837505037
131.78676885898864 306.36392207038 1271.0212303851306
83.92563761525297 12.906959761243863 445.42471167787704
102.54824983911766 24.192184579950386 514.2080087827936
62.20399417026928 24.890041184167735 1053.5831442102879
4.6504449032557345 89.44220883526083 189.87154481379827
328.47865239105846 219.94456428543958 481.69931465408706
14.11442235139867 51.719873464022335 1303.5441783923911
123.59099768167717 847.9344613395803 938.0247252217222
199.54221155987165 393.1691948685506 1104.856809336666
199.34453285558448 99.11447200475449 1222.1645923179765
31.05489842144291 755.8668234536 1139.6803477172684
444.45808975304686 259.9871360001492 703.5032225493667
20.541502472340362 50.313335300874904 689.9527155070165
285.989404297854 171.21549583761853 1293.3241030459783
35.41802149328422 481.0076087788436 389.55319819225673
102.86342787347937 592.2258564386343 1007.9965139415068
29.939892964531577 134.91793992037074 726.4408343106525
172.1096925090156 155.49087311274207 300.1759257348948
558.4414794103503 104.64230318726531 414.02179307910603
119.62066479504196 679.741757574286 1293.104317458366
212.22560696743446 279.6019472274067 455.51919121395696
43.364916110558006 242.57715322470412 620.9252368817392
285.863532114687 416.6722338942974 1279.392558386622
51.16601879374687 58.460996674193424 979.8274490243329
476.22753123088125 589.543967467758 1146.0263123707457
2.1090828688748813 328.2218234713021 993.9553668090836
28.49478309475724 876.97979095738 1014.7417623823395
181.5726492631872 151.2336253175804 167.72237429183429
275.33773293365147 400.89925580824195 940.6505089867449
121.50898940530408 231.89269703293795 1339.206747232344
364.75521619154745 19.106228018100406 170.85011776958692
56.14882460778522 378.7988523002303 1218.8036572166595
333.7021941427698 56.70599329212376 464.6742582161781
324.2653296171165 533.1870823159434 1451.2896741280842
56.64552766140831 413.3945528986036 392.1621082609445
90.90760424969832 9.724717961907478 811.7026877685578
207.30675530585728 43.69060875268472 200.78047363997615
40.742899359129495 684.6027118577707 1005.1936066127115
229.42388303125892 30.124418132948605 1370.3020416679503
292.0959663536881 47.84253991691699 219.96544496357552
75.94275478636264 384.97965331228784 1086.418020684464
336.78572718190327 56.3811966722652 722.9404921093167
64.15835080667732 184.3428889453798 38.16307049793794
75.5508017970853 18.046253328333663 1214.1303871802104
57.07029577031354 116.3209910304124 1422.9567274347428
10.27227027538564 267.4886445723844 415.23176116657567
35.14595917267411 125.37265748989172 1076.5922969587177
312.17200832683994 37.11825476651747 741.2519028314717
90.87008365517039 75.34267499272131 780.3715236455555
90.48637550746925 98.0566480775809 1093.58785207325
257.2544416291067 52.99056691778985 643.835158556547
139.60885071029801 1035.9468582963411 1148.06185525334
219.86264759394606 51.71506175710719 379.3997315599643
197.46582160509686 952.9174089538594 1219.2833604750047
153.75246166134886 351.97738930131936 1156.9220999920994
673.733748189067 22.510527462516066 269.79376356312184
529.0054027704235 13.704981311045389 473.161487237556
15.303958600542078 17.663050784745536 270.77691154627325
99.11169710643665 204.1379018031463 618.7730793938823
276.56492841116506 208.3584965252336 1126.3762592552762
192.09520510751273 463.1130835667051 263.2116745222549
6.027074677414683 164.55044554913368 530.4384999327948
8.089818593366525 54.08469212775488 873.9619798058959
138.75063783261 61.41216310484426 78.6777373049124
27.45557514702864 369.12201175907114 76.44629878817055
90.66159066683696 334.0634944892943 958.3954880525285
134.74909903354865 116.79638435365204 47.213822731182965
44.93434806430092 65.56841155236411 776.2348752493459
99.66152460820591 204.48266646790998 1338.3088825075613
68.14004522168662 322.56762612091404 1201.1640159516817
87.8134455038647 73.52896256584167 469.0611763059149
97.46542908139266 420.1563601733486 787.9842377342788
220.62999640152387 742.946513755374 1139.050699298907
242.5836421558505 86.12063297008709 790.7188906371289
358.2515195169548 31.55511387523403 471.8770531201805
36.81422366896267 45.704813465056674 92.91833423786983
371.7615187677559 798.1414912722518 1190.7519023085963
221.7747172180611 96.6850737209911 935.99954174589
10.329743339304283 229.95482058788036 326.9368921288105
103.48189261360365 147.15281659275922 278.7274802311822
164.2975702662603 378.82171709853066 341.43554995148196
37.65597302589243 1203.8561747273286 761.0415445342837
433.5879117809081 60.91600726016551 44.5657568984964
551.249402099029 372.91056715058687 318.8201994052841
111.48291120942373 32.24438106707535 282.5704083944855
129.34597321730615 44.668436062717376 903.7456451492426
9.286697600307638 17.577587878643016 1008.9925269201384
263.80847005359783 50.17114874942613 166.7298426424345
787.0863190116521 57.48800882824992 533.3692462503728
768.4724099416359 119.71115077045611 1094.284606115996
153.38648401790425 72.51409844474165 1286.342178117569
84.64079380748872 102.8272418595182 693.4226438274194
92.96932161419281 95.28439871517006 378.2415662713107
369.5187210841396 249.6165656372007 1221.5418530183792
444.78033601362216 298.0328970161222 624.7405791837346
239.80728050410082 159.55165692436236 675.3791534769653
42.740473468901634 224.50904466335703 761.9640024858699
494.48243958441117 161.02226227518136 425.8901866407482
151.63923835416057 171.5559452083969 548.715151388239
190.05154034959247 166.52507629209939 1091.7143548280517
302.759141101959 146.6233688524127 180.33371309314794
759.2054325375977 388.2691929444867 1127.1945490133623
47.98448533277207 184.98987283423978 635.3773216717647
319.47449423788987 98.39566896251871 695.7833771616873
583.523225165592 116.35256966553602 8.852661216883885
596.7356502274407 205.47838082699866 1081.448354539738
548.2063608764772 43.64233103993717 174.07490272342085
86.62450687460695 119.70496285521062 1003.8783763668222
158.0675366384046 208.23984016477465 187.48607562187698
423.47241411803844 488.6065987163115 1174.864642839589
155.64553272760625 134.77297468888352 886.7124567025963
150.97811651874557 297.0225873051945 492.362568037208
6.489104675589344 256.85286758727995 596.2496319476599
113.22210454556779 312.869659878591 45.98373525060096
298.1305181323121 12.076059795298178 1299.3034446580275
330.4427499402987 11.77045004263029 111.9772570568529
236.3716402188274 1094.1310036825087 1215.6771796632538
403.5591757179775 343.2183781183028 502.83811730607994
42.16854836713333 144.0266317966962 1142.7550094401824
177.40516276279988 433.2718403575724 881.4141366929717
179.04902852952824 98.23282863393283 666.1460130716824
132.69839753291274 30.890108468516488 1479.0207679260095
48.60300838577969 848.4015714943467 822.7816384355814
282.69618222378733 65.58906807982584 1145.5906699082852
165.20292028052924 126.89772697073087 1366.5216151031368
144.5800505127445 23.345309125157407 713.2207410772531
29.878569041677235 4.531968044061429 745.3526097779422
135.59197128948276 6.011035179620585 957.8113650535447
427.29125118421274 83.97250033786288 1243.6568145101364
131.16168277626622 97.52199998278269 631.730989826809
17.336557342043438 253.32725749126848 1293.4889192152427
694.2346744807742 64.52962164858288 1444.4616062109878
458.2906501299031 128.05117259722738 678.0384665747324
18.51606082356832 11.291398507271172 836.4839721578943
122.16499857038477 294.27402774967135 831.705470026012
98.12085147989822 38.39718846681843 14.199728031357994
26.90209971970967 98.51282875536258 1230.1137688991817
346.5396120795341 64.8393978544481 946.458801449769
358.7735305142281 256.28776063395287 1078.9648233504392
9.995578001247402 14.594380402344132 369.77541976894736
138.58519145190414 745.5235043089691 1052.5733272458826
40.79371668249628 3.0060917206576656 63.893315985304234
330.0401720371518 246.92044096027473 1384.116139930016
393.61312758461764 47.84497009167854 384.4736291484352
120.60727937318462 92.30988873622938 532.8421311339515
391.7689496842999 43.59686307255395 252.11366134792647
56.489955389079206 190.46383486217647 456.56767810198943
124.44378797405844 128.3585261248681 438.6347268821915
176.34744261921412 65.4157047407267 412.96092307421947
383.4621537899136 608.3697174538256 1387.6365980432997
12.875252602792168 461.12405291269613 239.03582699121057
11.572885172398104 362.5576127064297 1126.0087883262963
80.66774727546557 99.01068304805045 1269.2116427829576
371.8247697982487 36.28195597610022 67.40697141240327
15.86827358252108 123.5234501968201 443.4727024157636
68.18258738460929 124.48311810511514 1472.6479663424527
480.5426208860513 93.3282417871739 397.41632563804814
581.2325533115608 31.36874722222775 234.73237860615686
