250
20.764866515913415 53.981079849455185 1230.7233275592464
397.735596721726 111.8859192913875 277.89503934613737
100.69287816202642 410.07775122098036 70.25900948145247
96.72562317616863 382.81262137946123 1260.577760105741
76.6346277964812 413.09377697448076 1169.8210727065132
104.02523099627328 149.1811062618822 738.0942563608276
192.7046401497219 40.571833995887665 1245.382048961017
152.50679469757827 395.3920553957116 937.0907611176402
145.28468861526488 110.32741542400414 288.02866321458225
112.41200538895326 552.9726662216599 507.4712137235369
144.11297320909574 148.75517773243212 1322.718707354685
263.76430185469906 115.894861011055 34.35616019104665
43.81884226926711 39.63094329260419 659.147048603502
428.34401423277706 513.6014176420044 32.67076532387914
90.26765468594996 221.2647051288837 1445.012859709518
526.8431086045894 76.13744194752866 954.228628290775
539.049406415641 209.16274049573315 1130.2936233280818
722.717345302668 362.3134677664773 846.6385435381607
420.62682170259393 210.4123643263521 890.3191796648941
272.2951488525256 27.279412502853695 592.9932073967253
55.41457077889858 96.24297341901212 937.5657723002695
599.8921296408839 3.0652995409807455 996.5956704169942
77.34012547616281 164.60270575560256 978.6155123983415
345.4666181604303 97.20816457373371 678.1398723160614
110.11840476996963 22.58492647139454 353.45910550270554
174.02126036284105 245.31082886416655 793.8029289026147
12.258034143224153 309.98381282198727 1304.6807161394938
75.09845254290823 221.6456509182299 867.5387015777777
109.83830108783768 70.91306917000895 522.4152157681875
101.46558072235608 362.8161111554115 1183.5562243587342
174.45248775289275 348.92994616657364 1096.5623041937592
128.0033703247281 165.56572643613362 473.58489633259137
10.336411276756492 436.03848042594075 472.82119135865725
115.31936627738195 115.37288772752929 231.45741006251225
43.097865619299625 196.16449890967837 283.12345192943536
154.73702328795864 5.375776149291337 246.54837884072066
153.8313615390085 26.644325211274904 1466.2038268056501
94.313136679857 328.1712063541148 1255.1800375032276
41.091993022917094 354.3532529953805 1144.221898273847
76.33331531746582 189.73443548514902 834.969208663643
148.8354872962767 1.2866443788284136 962.8521990381541
432.5642806987092 3.420737486480175 287.73727156954914
111.52401236146858 531.5927856876249 840.5867912623125
40.95698678904951 136.1144496561037 290.1369238945284
16.81950118943182 435.4484724550995 1415.3250614293745
41.557896122278386 21.763590859584856 654.8433269929469
8.505805838841301 63.35793624990323 1436.492014341879
318.10138249811695 709.659814412392 480.66840354820573
13.049003910356063 117.5005031223349 66.22607756248294
676.8553345352574 17.439272878328126 43.6776512577054
308.70351279902866 226.37409211911245 232.83338270438696
591.1789925171573 1109.482438433551 1260.9821315958961
335.20389128118546 27.176099136736635 866.9397510362518
51.65191125028647 258.53473355994777 1441.8327400387882
188.6255290395789 381.6118640068632 1071.3477584448988
146.67177836131071 426.7987788129217 176.8653130338293
108.83210175407451 46.63011295589139 1422.85622718545
169.1068721224698 127.21285527916291 1178.7675303354818
17.41866779407511 6.464466820457105 379.66334083244806
171.2929438989298 80.90670527416421 887.0181991037208
18.516429435076194 107.40116612780781 638.5176623185862
131.17498208461592 305.1506236908683 259.39370966857166
625.2808419048595 43.990951284918424 1484.511706226617
52.43931746039697 83.9926750714316 179.55073226052093
306.35492551137884 296.1096878112886 1474.8947661312475
29.15869986825492 187.12720186600907 1000.8674556672244
34.90611687820955 208.8782775670075 108.68696490998514
89.08015443564578 230.62780703312535 259.07451735724436
44.35763983134571 73.8706322095306 1466.5656438814206
69.1686177746156 314.2575755613711 1473.032359598212
632.4542201129733 215.28153698840603 1467.9382213814959
128.35139006587306 680.281787102532 1189.8443778704943
969.5660498636149 95.2501500513597 394.1204163872815
383.751082801829 148.93946049025547 571.1561940153493
354.95785727324505 53.61186850640968 88.58899679286714
0.9902183932488724 462.742318775252 204.4386976683239
64.83413242771086 147.08574006094682 395.6856941528628
26.680165344220658 71.2228911491792 956.0613110014305
262.41931042844345 142.86956957079246 1194.1700177810444
2.3102716411185233 122.09503371467487 1088.5918698046553
81.16174114816617 229.74437910082787 1338.899962830518
96.705235943263 46.63817437405358 444.7347139650305
292.8794529828019 178.81137741935743 80.90501016507307
34.07622330997683 493.4129645760096 1291.314318585692
31.891055708915577 189.3993479394536 1.5653132719684604
287.13076129790574 5.4611361931424875 903.4234895743124
290.0463208765238 479.7999912488147 158.9504213943001
200.38728154466008 19.57599980896777 998.1095872400895
120.57583402961667 28.624205841375883 724.3243772642234
237.662592072442 122.7711806552384 1224.573057644595
90.33540323152734 117.46420241027802 886.1935595389908
43.977206887981005 265.69479914262774 1077.2969333188962
95.10900917760388 224.60365015069348 45.91208124806673
80.10257537958907 1556.1171547497884 908.387241037769
537.5992160052351 87.06393102717402 855.0485741025958
285.6984047153911 305.92213149339705 1077.2972723301127
608.866637107334 372.6725908012005 1036.185716247953
514.1816970093921 338.3104490706433 1141.099255620015
220.86887281449373 106.0220565255658 31.163850743765487
1008.8355682520677 43.91769695268504 307.52442035129604
40.155315177529424 19.500147659093262 548.392585974287
34.10323559428368 625.1978382933415 670.2103141005958
504.8511718853351 539.7232758570187 1490.8002725922765
54.8674473157701 323.5005196806734 774.6261483632414
158.7862132822533 606.8510731020757 554.8910797311805
625.4873001436781 75.08063421258966 1341.9539371949727
800.2218431620378 27.16729568178618 169.3701302603005
129.16565904940043 34.70437392408308 1338.7501580741398
10.64162892701657 177.57595512186327 1116.3019322545456
827.3348170246358 394.5092215474165 1305.991049715437
995.3656578773597 394.6547252950337 508.21280958698594
185.07910330306657 365.9259204281285 420.050299945483
66.28414541820051 512.6006998797917 601.1444305321465
339.7404802692331 316.74112258177985 976.6586977591058
394.0284894239809 121.682512619866 740.2522827464722
8.175401175001307 25.49469459969914 303.39591079553935
238.57940647171745 659.3614006626018 595.6977969256061
7.843592881777424 224.21312930280192 859.0859695222296
104.16196862810611 72.38224529337965 1252.6083692491466
140.36199641067043 159.07622846984185 661.4860982033498
220.94971990231258 261.4177542024163 84.96821823096579
125.12651118328539 290.2335451088548 792.3010645010398
230.6277162330376 143.99776552694996 430.8247663232724
93.56029552566602 307.7426518631794 399.7579014016173
1.1464283207106358 193.79533318078666 528.2980234275389
12.889575476495166 78.15107584637946 915.47648299738
319.6681614156476 86.38044771052405 782.4712501242378
41.600446572391704 73.00667335483404 1142.556402780067
50.365184745767436 446.0298111220479 1217.0615515199072
3.9171233946354223 16.641955987433505 15.65883392555084
54.53810562868927 165.81691042344852 1281.4209713950188
484.38235835747577 433.8556399999627 1132.087162216979
50.96898439566857 74.35982752398282 671.9588151030754
20.00019478022933 241.89438311271113 1372.4227622112608
49.75292954229934 323.3592026818712 226.57774561014128
40.58157310108955 99.73963537890975 1354.447477421254
67.50534044456495 434.5912366872234 135.24056757876218
24.278775286267024 90.42196597310276 928.8174024450503
72.00494426801586 887.7914326276525 13.977591046539949
228.3392217100547 410.9031994577069 644.4870940293449
198.11550958033303 797.8876928850052 1208.986733915855
66.62254612155674 1.4243372987830631 163.01670320182703
555.9731852691085 669.7828935150877 602.4244297826201
10.633245729547268 12.035786205230982 1477.8848442114877
37.96054625272548 2.56976156847582 590.2615157204041
35.8576795888313 302.58162182832734 1187.910646290532
81.82130438683521 37.252826444208544 1107.5022950326238
156.8059961942541 20.200557144812965 435.3698172691765
210.42408488590755 71.10163815882777 1211.2921888273613
7.502337482219976 78.09664103413277 1047.6309623424204
102.69687947942204 137.71292502092933 631.3173288380041
282.66870640688194 407.7954701634111 218.10000134521556
389.4065853695059 122.67238382027969 676.5443014596733
7.808460006769644 133.35924715414797 805.980606516565
189.78903530304524 13.85597844362287 1426.7260140941964
418.4297550936696 610.4555485353624 21.992113481739793
25.069902997451248 235.459716585703 189.3446203686504
99.19984947049434 160.32233497394844 1488.5453044241733
10.23126221337543 284.6582240815213 381.19735944999314
365.562868105296 56.33319070301817 964.2111299037826
91.50724590367788 63.00415482268149 402.80162891566147
126.67454764199168 159.1690702047471 213.78465201177676
7.099235268500411 141.28785369973653 841.8169632058672
120.91336820578913 40.660135954630896 1277.6749933263127
258.89232654562903 121.20550699565239 843.7335474449744
437.80660141735177 71.66251918218305 1224.444658318626
571.0401820580344 286.74345548507017 924.940702406986
506.83131301543625 93.4081548786957 1411.6727304059007
70.05049660079679 139.35213652661648 87.92334318122947
214.94679595148924 106.37363160393542 808.9384720803929
80.3748909639593 35.267301588964 1221.5463546258093
13.105917453501794 174.4153334548129 1239.3426465852872
325.19177591315383 313.6156911418752 945.8330441530724
8.546977818717561 122.65320281045831 128.5564471634506
250.9711222087111 185.74310962852215 691.4148168354563
396.33301018729844 71.02296148802623 75.06640089500516
98.9863975979011 212.14224255303532 829.4352177550285
620.5039767862119 103.88102859551978 862.9540863907275
604.8205934353543 672.1377954524366 1111.762361364896
142.2867583343347 27.466805211625072 1216.2854925849542
39.74104875090134 322.64417002714566 61.908032096926746
384.66971907215566 202.31864768739123 1112.2913270615534
48.84996904646459 128.64450122759985 365.1261846538891
0.7838044659182395 213.99448607219696 950.3047193473593
114.20928835703927 64.69678605151363 1487.2862132267785
537.6860841525072 63.157112576053244 446.6799878498031
326.1471090174664 260.04991027013557 955.1809683652622
442.60515209164276 5.995896695480959 612.1575851057685
124.6811679824408 105.09742339694202 124.83392795165638
286.11599804163984 19.98611870238898 390.848501968225
76.54725229692244 42.94893965752459 61.001077740859
209.68679993844904 79.87673820838124 1003.4405121548234
181.67993399385952 264.5989457608766 30.40614950797216
239.23367298128878 115.9289943835158 84.34453795260399
67.62097990662534 188.76907282514068 1245.9910836939812
63.75786205649276 55.76610828540032 146.77706449861222
962.3852879555335 160.30891317093662 530.3575310704662
336.16449214101874 604.3264290181141 733.2052335497589
74.42048385002819 275.75708696578437 922.9369061384804
351.7274342417643 78.74120810029326 1069.5974383927019
178.34990327419285 80.03739924181842 497.93391912226036
109.56901763972895 0.8830101357036572 4.630949828075382
298.8931627399299 344.1097281292407 648.8122054025692
102.40865147772178 3.8379294287565644 294.14304598721816
423.3337860557414 196.3521619933428 63.663950104500714
469.3310828886286 28.60265937160352 1135.7112194499568
334.30736907109707 380.0583527924645 871.0020405361353
271.3888910746701 149.99687413955024 1206.0976237553762
203.27789593026733 292.79443754403184 928.6688673824406
90.53850926540017 56.676419204231735 110.7166256334381
225.3286317672629 86.87325741359362 10.448240404249741
289.5033505933389 48.17955293449638 1427.8514251858005
12.804718880205899 58.67298004029351 1059.8550297020304
319.5228600303444 112.10235435527247 993.9339251823307
119.0617916604787 50.72822634701708 289.1716249547981
112.93280693193456 286.6010614831884 80.2941222730445
68.1824753054125 936.9069979233981 86.14567222756925
269.56172837220396 147.00788151515997 686.8172502786049
42.063387561203676 253.40284696112704 341.05835946859077
47.72269806654151 299.7215082225005 903.7689505088537
246.14532986339074 229.1512110140172 1270.5691817818338
179.7646833858208 152.906238574202 651.379507116871
124.03725784366002 315.8477443135479 1129.0840573962764
149.94984935981626 110.52632071565125 1378.3065946834538
30.53078064406979 285.2842871648995 998.9978982749329
22.490482478753858 207.7385993371426 247.12200723102563
85.54805323859738 363.44899240621623 135.49914261591067
261.0822796244696 5.468550204328665 1024.6709659205123
84.98053650059634 67.34684007165787 300.65618370384186
66.8222298438996 383.22997553810706 948.3982723583348
923.8646752186664 66.4261002612722 237.2023674359288
233.79264231128428 1036.029779755187 1370.8675880087785
0.847199578607733 235.58270184510528 125.92248432927272
33.42020725906363 476.73028595440394 577.711228971439
18.910027390843254 177.64865994740137 48.40588429956644
322.18765494636955 562.5550752488116 956.1883937747688
13.987088087118217 124.96985525777072 200.54943034918605
16.06914582821631 671.3882496450381 463.7954935145021
255.2097761994682 137.41573556453747 1308.877602475673
223.97391983512853 186.53169100294383 1345.6442007783094
503.2623446275487 260.3398936139159 1460.9038000705082
14.42559882540468 12.57042134466533 1226.4485021880744
60.39089343625478 173.969491408023 1403.1313196036806
56.40010765757222 106.6364175228778 1367.6502018315675
273.8327915829722 208.6345279131627 1219.1202624550363
349.94230005251353 53.31024036071007 1236.365530351884
8.315338992190831 207.65994642578468 1062.6100191842247
398.21445643433975 11.547695334870713 704.7433822140392
338.78279634872433 99.68524353916878 332.6100626225747
246.79927296319408 176.405169689354 1127.6509509303207
