250
122.87129871064057 169.35564009608623 413.0320066368843
526.6761022290799 125.0150004625242 381.21487653504613
38.335330237496514 59.60417052511253 648.5892749039359
203.89325252262634 321.39116628407476 229.5263192019657
70.56652072240323 213.15220903255275 1467.6204282787699
298.7047878308652 886.4529749242362 534.8003838502158
19.478609475145362 139.39156333003854 391.0227921244477
251.97131375615825 124.95110108713101 928.6707981570514
383.15952263187245 254.0828306916043 1058.228386342461
72.29867513522508 595.1789128217406 344.6743218021521
169.2760310649716 38.675727875063 861.8680091151718
267.5894604159915 602.4006860304021 824.5016537817777
40.837245896629845 61.04542334824019 654.8919872246472
54.62010808061651 209.26913977945802 1447.298728387889
252.43691996919497 224.76488802728315 626.2273380413259
8.57703644775555 95.22094803420305 190.9585604405474
35.9388837440578 12.231699791211943 884.458332333505
717.0803512985074 269.4903639400941 1242.4265007945403
269.65873435788944 11.422635377129842 604.4848828152618
38.52081016456779 144.40200292144834 1092.1437022450034
37.65766121002414 22.750794145866184 3.3915423883922324
38.56507417777556 172.89811743942013 1114.9769393441022
159.45601352744546 79.75472576171352 1205.320754946432
254.99427345999362 21.44193963170438 1376.7005217573305
170.037622728578 90.43584873525006 547.3363927591049
179.55679410894228 40.117857376253156 1342.3232298482567
287.5760254980388 425.7037555992527 956.1860805666983
51.46258738260081 157.6418090502937 184.82330179959934
91.85742326364173 384.4336720850095 262.9501744189631
226.4259558086065 630.3370516161341 482.4391477649069
94.82228767861015 110.90041315006103 396.0105141514755
310.19463316720316 244.02838748058122 1447.0530325289685
93.00525665316233 397.0772408580287 1015.9153216793476
109.97929190229421 122.54880310759768 507.4505743145766
105.2493940461047 76.39466579009677 576.6831731731224
121.9056427232147 196.37932057017093 660.6338821297082
104.89884641715194 38.80218104341746 1098.6323512542945
7.135618325006039 80.73842683533134 646.5701567720869
151.6245408777315 453.4726930259342 1058.1343694323743
412.5080906782715 29.832525670211574 897.4247112779738
187.46891367988707 401.1348557500698 689.5255193099629
69.22416301509625 804.0744158304389 916.5427369072372
27.618839928920252 154.21343937320898 350.2732759462448
325.85654059676784 71.17056431789159 6.020501987077543
416.67124417590327 53.50633964233943 515.2373492830978
209.28054650173516 3.9990086417593456 300.259186627661
206.57807877802705 163.62458219726807 1333.4011873535933
234.84525944253747 8.434567390763634 699.8274831369066
267.5438105003552 21.01756968268221 588.7188398194023
187.73587937565657 221.5389121037226 729.4054800662112
28.809268148993706 39.77901086171583 333.10967859269044
550.2017074855818 105.0993668195653 1481.9429025604252
56.41001115854869 123.62540662059156 1254.7458731306288
12.764747170758984 104.49900526025438 900.9504867549915
30.98143708924245 539.2583108230655 524.7348892886293
218.77499230201622 170.31890923813145 630.3716914052452
24.485482566183194 62.251416604353835 857.4243786083755
91.8974691744541 15.73627538322588 984.0524635924677
180.3368383246237 84.0788097505733 973.7927166338015
141.45758539283705 11.481629469606508 576.8430138241044
208.16014823965375 178.9863004649034 353.30639143346684
379.8985759192531 67.49313891290663 814.8596389936829
1.3124492706177608 231.50077890443544 892.0929369008783
632.6449915187875 46.58614640453367 559.8654290781539
324.68263135553656 55.13639481007859 692.9156690885734
168.05594987914378 9.128371943235665 464.1493605477469
338.9376926026298 37.47143337397207 163.26266936343785
104.53095240100829 16.00646311658113 152.66308953061076
179.74891149024148 108.76652837605434 1046.7078460878
463.6199926347121 35.215522137269275 953.8476110026686
260.228987487407 193.5188404966508 467.6166421172762
60.924446167785575 164.20194666527323 262.7382514409026
612.2180564583397 153.01938483042676 714.9328257214218
26.400430776269374 207.67607426911664 1366.2697962065427
157.93159898897827 126.41850003354268 183.69133937668175
103.94869450596633 333.5789231182273 1042.86275357076
185.99403981948032 11.219845078494144 189.03095238522323
14.044495555939692 207.97880612879106 460.5228427378215
272.0326748066156 88.97993050421779 208.5121723894982
7.717128812022994 251.80921313323216 1475.5837167865743
46.60358848293696 59.91167742256701 1082.7565360613705
195.7799100453646 218.45884531854708 1114.7429727333895
35.09532094035142 18.902276399275657 162.77120441962438
225.21239706088417 28.339073539097516 1386.8795243346065
108.61856889150849 84.0784578861182 975.3872624628033
357.1237254652299 716.0127085237873 581.9267702658568
31.706166682800752 737.3737196092877 313.99657587146703
80.63582938604145 247.11082878419708 676.9710754125612
844.5470260209461 128.45959133572134 951.1127161835335
44.22236098308084 97.07752831456634 1485.310720631591
315.0711359245269 73.66007911634031 606.0153248861836
79.00081489311256 65.70878625116573 1429.3100955986508
39.54044937932398 238.28899305142536 1213.6365721544068
116.85853619395105 113.49803150808057 1092.4412377800468
329.1539870302743 1094.1874113900883 1189.2912341598299
336.1823012063953 75.0405588296078 1306.3117524614916
616.4413678072474 161.3169545291237 135.3749092157483
39.74416651956621 269.7946190212257 737.859994658753
111.89241703895887 80.62210333355144 87.68775005067958
29.6373534086042 2.119753285273477 1163.1574856994037
185.04786815561084 1355.7095236048087 1260.7882245172764
37.5497582023086 176.24322927123634 1045.4966601873698
176.09377743680514 122.1201916883669 1388.9313296524876
364.35487455830594 47.12396333151754 166.54924769721225
168.41099127806436 186.5360058438485 1454.6913914199351
266.59594940251156 291.046437370638 4.19031034895384
73.79035296317178 180.95248081463745 1478.5488948415987
160.87434959145327 211.08782963323424 712.2656010814319
6.601653389545173 177.60263188562018 380.40359710765034
50.9281664718432 8.399225943051118 1029.0972399542968
288.0878465359208 255.9268799397346 1145.8815937316974
118.72893032511587 194.10036670536553 291.5625677392736
454.9063850543889 12.152732693968032 777.8652160289148
147.47990792084954 215.73465102762398 959.6496792755695
482.16716457753836 285.47440284076026 1010.5102985507295
220.61708281731853 145.83911873545966 983.2978223565892
395.6271599534209 27.764082704321925 862.3230351569554
54.44873292298045 380.2653908857801 1458.3996603454186
132.13760937603857 295.2395796753667 579.2234611433593
397.2737463738573 649.447348330592 371.0689503534098
30.80780819685238 66.39952694572729 542.4422012861485
31.72157776242625 468.1748182369186 1210.499988754218
153.19063108367203 709.6062852536917 1174.3710037092872
315.29875804285876 28.058538265240767 895.6338625163569
138.54937574296784 93.45289233473835 561.9468715550335
260.88899200842746 46.91486630570055 493.48368819829255
77.38314840386609 29.90990703509919 718.2239818920071
45.906509335345454 308.11402282450933 829.465826857034
471.08656990418024 40.02941408869017 215.95746343765177
166.36196043763718 19.595064237283122 1371.9021063040775
130.15860626978423 197.57735679646999 625.8958444006977
36.59946172559775 72.75677142282588 499.8793846328197
95.19708302289965 260.89293133639177 706.6572003856911
395.25974002408606 134.30973524199916 665.5111173356948
408.74399753416117 12.560374407468142 312.52495992445733
230.94156102658053 120.29535282096215 1415.4742768926728
303.53803270123194 45.445366665322204 743.4261365334927
35.85075447268688 200.23443127841367 485.4252214486396
102.04711844256815 189.3331120606898 1316.647826888077
5.9495180372871515 279.64212349447956 1097.2199604919472
348.5715489270781 754.1444364428696 1131.1201696100136
132.0449110763542 154.5020338440761 621.998126436531
164.48176601758504 122.86384239440895 851.9411388191974
11.555521588313077 14.467631339931893 508.16492215101715
7.163647530572037 32.48052655101081 446.0801014403713
231.66124959119875 248.55324086710772 644.3199243182776
218.5505554030933 289.2278412244363 809.8363930056623
471.55359934365936 423.05386907787226 376.4847418625846
485.7439692473619 237.91087332875512 508.01386181129567
35.9573535518152 533.3555470365 1313.1221712863885
318.00480150003835 105.35711619035118 1413.4875066003146
767.1867911041575 201.15266993535283 725.2875702472446
88.28596642659936 41.88454626127848 1023.3975762319608
272.04009682788944 161.36080935807675 288.91517458576544
240.6227630345966 240.1352408046685 950.4005925685773
569.2141472094273 124.0552475987361 156.67478843726974
272.3189703192143 12.974338415622661 1380.4277999031249
184.67839822817672 247.17492916035383 738.8751385765455
182.95979711773228 195.65755900530343 736.2200201659973
212.00157798239988 124.91612474294254 317.007933425825
23.13790843677152 2.2255971531695047 380.81650438257714
145.86770528283327 16.01829880454868 218.4632750909028
46.24713212017739 101.1903953791752 1415.9640236818552
192.89036760737335 411.0692147307012 602.1367097564346
31.722503056257327 53.55612833690684 1258.6118641449277
264.9475507180035 687.0618056306806 125.36932878781116
307.177344903571 134.91967646273972 449.515688773193
16.80287721991574 150.3072376148867 1088.7978733756754
333.96885035968364 210.36397502081897 1357.310882961537
186.61256850669434 94.65687334857911 1098.0027336691433
59.63812783950132 80.22141775019612 958.9979679993319
12.871819592608022 120.65158570865522 581.4665596979792
55.912619531066156 39.66683369575636 756.9585021306141
189.44083099794872 179.40207594565533 1391.3864736974058
103.56811873820371 68.37227994635047 959.7603035148304
134.08216046228293 466.0010822266906 842.7522103549985
133.96084533082598 52.71212177600242 824.8227773006117
20.278667185263902 17.843724629787395 1463.165516267106
118.70751867831922 139.9680883544646 53.116608647865824
344.1160172222422 381.4462948230656 883.8857668704085
42.40117672463985 568.2713472767292 611.8041818070449
805.8218940765162 248.65282421109836 86.74672954382872
24.020890420612783 123.73077717325735 1398.1263427266858
280.8988062882091 64.1232095027592 71.63377389744785
14.189059931538395 183.52269010418908 1005.6074644751853
156.32627794534915 51.942400469310925 990.7631706339432
667.5261283523274 547.077545130187 393.97941823539395
297.6612244235215 685.9997143373373 879.1726671102413
205.39420410044582 116.74125915965436 1407.3031061730144
35.32583927677777 101.8068613430047 558.5694343921256
829.8433598881591 442.16620434632904 1347.7179066305434
27.965481423160593 663.2335386923185 1393.6625503827127
88.0284097324627 53.79710988701838 1407.4939366469541
198.12376254129808 141.97326316053062 100.6045139420394
129.42978595874206 393.1056604580778 751.2908116097695
67.17414100080535 3.3091236285609984 1438.1787713732815
68.88522725372081 101.67192023885111 643.8506682258982
101.34271665634881 45.55486575983668 58.243923139534246
119.22853488153709 54.842693007382735 1171.4693507270342
821.1255841744136 43.04734145083537 894.8383193855431
97.19619546863221 59.94944591347748 391.72599627214413
154.66877911534823 506.7221317731741 6.713627945507506
183.5616171827727 39.467284018246964 784.7560606365842
21.811873972418702 82.58183632012542 139.82030692781822
95.32734654058223 136.1183883738921 806.4273219405114
7.079365018571063 361.1479698786374 553.0793582018213
316.1898271864866 82.073806841751 651.766297989252
486.7731510211185 131.3414016683089 856.35110944231
115.5150397407525 1.609046972306662 1026.7806324579594
802.9282897696286 175.40287460350157 1062.4087066912132
66.52977584606764 28.060268664326777 1240.4091558946948
204.27293337559567 422.3535031178749 237.9547855543632
263.0729838000208 41.27399791023272 1235.345858101179
418.0944645567954 56.89831285117908 509.0915212102892
154.70356020577262 691.8545839201922 34.17004359598469
607.3394018204514 91.7267538531144 970.430566078238
76.32160768929214 21.550199209154126 372.04054920761166
12.136411107727579 49.442376790689025 317.85917337685026
228.43697633532827 64.06218067565655 455.8352473175484
115.60811858720854 94.78233551452121 862.8754878785435
1548.9871515356124 318.10976804911985 76.5009648607084
138.7159463278906 367.92261008118595 459.0105214034003
183.51698583955874 57.43974275618879 945.8059383548207
85.92961716532392 117.82747300273842 1231.9704495489723
235.68116529286215 611.9502294878106 1217.7044630161695
218.78966783530456 35.897265637068 965.6532973188174
2.8544928210362444 188.9815699901294 1273.0684929624301
282.63609532376023 189.3869637290464 1119.1442640386613
751.4243512005958 0.08418230146911831 338.2687443089537
113.39633838971974 66.74470143974126 878.9725374519835
217.63018114026252 47.73264131116681 719.5468614684004
357.29725094299266 228.3970164069861 527.644243003101
544.4293975419935 103.8223435279937 1358.8931562482187
97.15975924556642 501.7998246102711 52.62287162626944
47.258380397988816 129.5811512102297 958.3742898787359
687.1786388192133 278.0253890799193 367.48962140969064
556.9241895369728 791.7015711454047 40.935323808075076
335.0239427854984 57.685389825551816 1355.0542584344337
511.707648834454 257.49020375584934 802.0961178679221
158.82402747507416 161.37713041484645 89.06318107439665
85.65691269893088 248.74392055729376 525.8215354375733
248.87644488031114 665.1410910695341 245.9000401580133
159.72885972361203 197.951606764149 1072.726458362058
232.87508827805382 228.38289815396809 837.0980027544355
269.1520408885192 109.82827003483754 371.4878853385377
771.014484994 56.597674063282874 22.167680142568035
55.02852032683548 624.2843398847265 1349.4438098070336
490.50489680537777 13.380719947762982 1.457974983103738
108.12848501912262 177.80976584901413 1341.1966314690412
253.5067550751842 51.70171297209133 504.9141644826961
