150
1077.4555459841097 1691.1123534995354 1319.2573131059817
1695.3879227376435 466.33440566423644 454.03653115050656
1775.0371631391017 36.898757072066246 1424.1128202954203
789.5819816325389 210.0185911703316 1083.0613151751097
1128.7080163399899 1431.1594081842914 355.819806743829
1584.4488423079904 1459.5518103473298 195.57842943685245
300.37245310282844 507.22931100000903 1410.9833981124918
1957.8988841499079 1020.4828088559257 873.3084870363735
754.9619355125448 787.9455481336232 1173.4417703040374
144.21435619601164 602.0456564771555 576.7458292167322
560.8612045038159 1848.1912250664388 545.840388110514
1052.6660677593134 778.2935898639936 1010.340117908012
304.0605557407845 1352.0626502077164 383.6248287199637
1456.4594805753597 804.0530720868309 529.1588108143231
663.5707897545617 1968.6920967873295 18.767382233034702
1825.2482949081261 840.0802744537993 1000.909877582248
91.38499959576785 6.182073488304463 526.8931173599922
835.6969504774283 1382.5817201260836 1429.8329661460527
1403.262728082692 1489.6330802559055 778.2366858260245
468.82144832496795 1482.3662927515784 470.8417943387646
489.9562785707472 132.07203356301656 1170.4029620837637
1766.8988982532203 1466.1061840393918 904.9590815760874
55.79697312619736 1271.033641119911 827.2641571526705
139.57507307113093 1429.972282785378 145.61167711405164
125.820973435119 59.35809034222528 24.483796410486647
223.90741368972078 1156.9100466561176 776.379831582111
1358.1437210780612 900.8630163716565 225.80733563996358
1169.272649971423 868.8653931242332 867.7534697609083
458.1731838592598 1201.804444356612 130.91703958890128
1907.1591386282528 1442.3968748976502 1172.5161727848981
1442.6878485626555 354.3514380694692 705.7342547502342
59.593157981781445 1444.0101578871556 1423.993607351451
981.2227370625735 1748.143986901051 1437.629864804699
1924.0438039907513 1695.2197496807391 392.5608038835987
786.2470580479784 529.0173326400203 215.36952864668203
337.8772540781105 570.3254596942293 926.0776599003474
413.1836078476363 1734.265708693681 1339.957212617104
324.58531414672564 636.3973631535193 338.6863215365308
1185.1460593906272 1600.8148632440777 334.2808023015632
1913.1585203154727 1571.3176922967543 1402.833727835622
1685.6401270967801 147.38153039279632 338.01404406015575
1796.5794843121294 616.4033633611192 637.0188425238147
1680.6308231120788 952.979240291055 655.9593672397159
461.08175577204855 200.84942604412382 315.823015276944
484.9075360022426 1062.717970911782 22.592070891637118
760.7568103888822 154.22438799224247 757.2293358920726
72.55499031200085 1723.6136993386028 1214.7541559751182
1141.739710023758 997.3028008175404 997.8838617212003
1328.4603500456767 1058.359265183088 832.2072727234282
1561.6420888123714 547.9139850628991 306.4033332937428
1085.4674742913737 1548.5528054929416 352.74765611844225
884.9674085447239 852.7354138635923 776.3515165512672
65.03511917433902 345.20110039088127 1414.8614467233763
84.78728504852428 1350.4287634506165 375.8091620329018
1472.4630084846765 1105.586943563809 549.3510441654763
863.3266094211563 1823.897916872106 830.1695759797158
578.7157552102817 561.3573681181543 955.630529115441
1019.7307304313683 979.6199791220088 1079.110577341325
1435.777114676263 1211.9953553090243 832.298709807309
327.43195346451114 604.0504772359476 944.3100165315369
1096.826603255173 384.1877327336445 798.3969901343221
1938.2231498716353 1420.4178950401003 944.2655456978738
22.99988359200489 828.3644135292172 523.5841677250801
67.14507002534731 524.879962288016 626.3810495689314
390.4068235500486 1111.5565709599277 959.8788166132871
1793.8900498694702 67.44860144568831 131.95689815707752
753.5590497702194 512.7918006172027 1377.7111078361743
1433.4676367301179 1488.960140758652 123.2514220979638
424.0398208264751 275.7765802521197 741.6394911944723
1208.8253839944944 1598.3483404152387 603.4822392847921
423.93443781968455 161.0058262945142 945.4506077561005
1664.7361686227791 1405.7817465653973 405.8735268852186
1285.9934496770245 1843.4818783601224 96.21392017643842
1485.9511232475893 1192.0245962878173 157.383141939396
82.44033524856809 225.1560668864845 1180.5735600476364
957.0454572017132 993.1568315782966 25.830546596022298
1996.8498725951838 1272.3978432219865 138.54482739838735
442.0884911759648 421.77233115692883 353.8902954218236
1631.0544208144806 1322.7743735669571 1178.7615615446934
1018.5151618419854 604.9670923959807 305.5873297953157
1318.3877943269417 1605.7127661170875 5.714701475402595
169.34136626859762 264.8730421297893 500.5303907057331
1472.4822230286234 261.5293250280963 1254.5279549559023
854.9108080082173 534.4309790164236 167.10680825331238
364.8742821758419 1538.8974634182182 785.0289737258923
1857.1219222417244 1011.150935969282 42.84067716290263
1974.9493762812558 1365.3613173351919 1091.6042649866579
1207.7993570088083 684.707453474309 1346.659072919263
1241.2764972533878 1772.3197153915473 29.816380708678203
822.3858865987593 505.71285131579316 1347.4398591416643
1349.9597626238808 1341.1669172977856 1491.4610367983414
1076.8023169372686 487.74606648037854 1203.2820245655755
1973.339837260043 1997.9581106792843 565.5675196638573
880.9402542122878 1270.400855984803 395.8655541751209
1908.9393176502315 11.247758682594977 407.6552404671293
1415.6489209352374 1350.3452858583194 798.8019832392323
178.95113755488845 1461.2760523486595 1048.5393223319454
1466.843554835299 155.42884380994292 844.8035564734184
533.3034456296939 15.154378416058822 1241.1786594795635
1308.0518887670662 351.36556413331135 1284.5955062855328
127.45263565615738 1271.4249881196765 1371.7531798999185
1205.6054238407182 482.21173844469 1321.3587557991013
827.0316248000715 987.0478099918387 924.6464855718734
1848.4831199895334 1305.3118984300008 1212.39636875183
1509.117907971604 1593.1181241579025 40.98924245124136
242.9664918294132 1177.90955171947 336.6119050739096
484.0033262767318 1294.4491613283153 188.9571526034407
1669.7952683464023 1950.6325099664755 457.6146861547367
1982.7119692872798 1116.785112512242 1454.22120271839
750.592255861118 1609.2226111896239 819.6392455254526
1285.7535329251768 859.3878090137371 816.6471525606247
1157.8726429529572 789.4308629827016 864.2773193060973
1482.3890595806101 155.56374442944752 977.6264671490001
1767.5487738670756 1628.0402496101103 160.61179880935666
1212.29601725875 1773.2940546111079 70.3974946473584
1246.9074594229307 1288.6326885172416 1042.5089258261478
826.3958997680189 417.1636103533387 1092.4168914624506
817.7945753237809 430.8175022576381 1151.878626744606
1002.9130911864215 60.085377865357614 982.6416291401043
662.821980130163 291.5937225711449 822.7253535896298
1772.4982973172 259.76581548986564 114.63629349298549
659.7674280060759 1829.279694302894 954.9436875660219
355.2067847905851 1728.3751971464246 1057.01551700504
315.3477830693938 536.5936657403425 1053.7809768317297
1451.8601755233146 626.5111480997458 1201.66176897362
1663.634612446461 297.43452429400395 705.4917177034616
1153.6704223553618 1523.0876995967585 1471.6183635886528
45.47823022541375 1912.7341389639514 1083.1112000088133
954.452267584602 924.5737272925445 1428.7819579171605
1251.1774012459516 1401.9162349226604 711.0801666027179
1514.2922621508437 1418.2765227038828 834.6141493429288
1384.597009766552 1212.5496996281295 625.0694097165874
1301.164513452428 116.47824111469961 200.62325268123288
32.328003706948216 1183.8678749958672 563.1063611466362
1455.1404769859832 83.65224143257 1141.952410270046
1281.9752341369517 917.9317591857592 251.05334996229539
291.7839051409905 856.6165325222237 194.0476148334375
1695.6908519060412 1026.1382235870462 90.00689083321245
1456.2189217073892 337.9103639358849 570.3195425446326
1239.036308883653 1457.789058248949 1338.039084994753
515.1640191749498 879.0637994147006 189.43479105872174
1081.432030244507 451.4064692779909 1049.5216252614898
435.5153611764149 1317.4351842954125 223.78539702507538
507.807916679893 1180.4234510199303 380.88505963901446
1994.561328746761 1860.5802965275807 531.7492743267692
1365.7431701081257 1607.035504094332 1149.993300072403
187.02279724604765 1810.718605337005 3.2126009098337183
368.159756973921 1548.5897698739057 1277.4477324412844
1760.9300855138429 1264.2236985006323 797.1694875341564
1581.8373868036424 1393.0686697760664 11.209466404564328
