300
553.7241917210414 36.897589426469 128.3631837251671
639.7669324142247 62.28861617002314 1488.5934303650308
122.04208599755168 491.33201973050814 608.9400590440263
67.57784150502954 93.59119915125962 1024.8697576322695
130.3719192053357 178.06773612132858 1442.9605075809584
1078.2016890297004 94.46779413740558 1293.048744875063
400.2555428525963 5.387569537035113 959.8363882019983
16.79135614170742 128.7314835351864 825.5965869701382
84.37881925582079 20.358209970435183 1039.014241092703
92.78868635006948 209.0838467942901 954.4106214245169
141.91996522508384 95.42301309873243 1292.3772129135027
439.62766830714554 4.862445365802137 809.572909197477
315.4069952894305 390.1047939183403 123.01591824303948
61.466115963717016 611.1392593431174 4.554660473168215
104.57269026566125 110.15385325983877 840.9063582797979
27.66235621452734 138.5996866469835 1.9411438912103063
55.52793224176145 29.098439913939817 978.1944447707034
485.8661840980425 84.48251484379381 92.1345183221931
43.930082839277674 62.86816517129788 837.613600304318
477.80733544320697 44.689929510173734 1099.4919104918044
53.80505502585079 542.9984429615738 86.93905554741121
76.23747584425577 78.21915640423992 952.3196848037394
346.7693294267087 125.98439811826809 744.7855342566415
291.4370266374191 204.75395306774922 354.1162020568187
633.0021527929512 591.7378449951808 232.38219612821652
396.2593096916279 199.35332707509508 1093.0924694431533
9.193793392818451 63.3433881246614 918.9171994510621
5.281486648636628 245.22234103065355 1137.8290547825645
153.7337201509911 292.0610516766097 964.2635230324332
87.83443852977908 232.68756797173717 594.360927232616
50.34888236132418 89.55167700187394 517.1883182854268
430.71999519364874 70.31973138716295 96.26891004070787
125.93889432080697 50.63223032495211 177.48415674947793
111.05680093804816 89.90191504825462 128.60580286682188
58.426364111174664 278.6637987789288 291.38867491761215
206.0250359823407 236.8266828060845 513.5977369216612
70.00517293363431 456.0827093312857 286.23070741804764
36.733296902919946 57.69960625020622 640.2364468480869
221.08826337329083 66.10625425424452 221.9570844386416
305.08154541369896 121.15802826552718 1274.4947387357645
27.178755905401108 100.95320340871122 986.2212381552548
2.589250232692996 43.98446307480282 742.513132754837
127.61966481098483 15.153235259713425 583.7699806352052
554.5586100044795 308.4636566816338 1242.1404885341537
59.772138013681655 192.48407481911207 1330.2819530438999
82.19967901855054 15.798398625139122 267.6658357637881
159.85199667331025 192.19122113150354 885.9358136406707
170.03042035286475 262.6819674094646 853.1558353730139
2.579207449244751 228.54024242569238 416.9276319540348
42.72183685297068 61.40320678549864 1296.5323889864826
25.563326663896373 30.592826090087357 322.16886999304927
321.2265332491552 37.17626105732858 129.02801260644142
145.796263446723 786.3413025880477 937.5155403414327
701.7329124845847 609.0246288868102 994.7417093970931
165.84456629667923 711.4119334134327 1441.416391849888
54.704912693214666 45.74556392851514 333.2822282704673
7.135573952021971 44.52080804954336 1385.1686189343059
428.75312321996984 90.41587767454827 391.8689968063733
3.719909831380481 87.31100763049709 330.80031556339526
260.53262253787045 18.039968736632137 252.7486830242387
647.259014202582 175.7639008004351 736.8909606557602
114.93692026332651 28.693857888715975 525.8921775569358
119.99579500082416 88.562755827374 92.26809517347128
289.6688659528593 160.73239055323805 1030.240342555795
139.46922797509288 65.1653141265865 257.77531219528373
315.9977524479953 492.0921890722879 318.01661322044777
86.25938229424996 24.95674478733881 454.2238355824542
52.85690157033856 214.83648028925822 359.7545947353612
107.10279341581179 93.81210686063642 575.778489870034
18.684325844612506 55.85686073061481 1036.5314444987994
497.13442766246783 75.25229130700095 887.7669371057531
190.238269619327 402.4579062163189 675.5652298511679
146.29115708087284 229.1499504213486 1393.2042153113873
120.81928986375998 144.76738312690415 785.0845382845924
3.2234631785447525 573.3235713873869 608.6813800720149
107.585129874792 156.6790099133448 497.1340727971761
204.29860348740272 95.82820800495756 1388.5555424439517
31.656158441175474 143.64303534650233 1414.3657243073326
127.80311686827473 218.0787351971991 806.4088901798793
112.12482058738011 50.63734290324522 134.51197788676478
13.392247463816503 36.119476569148375 333.1870917154417
356.11549396359953 838.649104191769 421.43237771827404
197.9044969093466 12.99842649646192 1289.3042047131335
242.09530272626765 153.87739826332665 1495.8803533067426
32.228735252320355 96.75319605094778 1069.5332464382616
112.31119676785302 128.70743037148927 325.76339261153555
598.8969574934634 78.54880003427483 116.29296083959895
494.4956659304017 13.301753539123165 1183.3373768766364
179.33145279050763 191.94321621668817 1061.8412504340774
91.67036057405109 259.9576650328236 856.9678757988419
210.13072252542543 208.67270497045672 1314.985422171487
7.279292265390691 1019.1886385451504 42.66347689326167
292.6619291937272 317.6569037778585 693.4786010112693
168.46085888558204 21.230821134787398 757.578823331334
484.195518275865 201.95649048954004 150.60350892706248
2.0428533788867083 4.4719216035721 669.6371943750879
666.6253069886009 10.858697097333197 1142.732921500506
15.35998622000122 174.56619156691946 1039.06692472046
227.72550686666992 104.01850018410181 343.16526661471875
109.07780340977486 129.1894913302847 276.1623665690632
129.130832266598 349.90465837693364 277.7687067259347
119.94059124768155 68.14606837424799 805.2291708158474
60.048505727535705 28.52556478844842 1404.1280831942443
116.63473549985058 112.85827153412704 1027.002804145699
253.60215171717036 569.9543098491316 402.81092597274284
588.7643823795516 67.95321350719857 1305.1504104741969
77.93827921349042 42.581198529313035 1278.8095560644554
35.85676247625996 119.87550989568278 1054.1390214842388
296.3050458416042 481.58324617632246 1013.5412417916847
141.38391054042145 26.054988691645665 398.6094124913449
154.2871283579095 158.88689818371682 1023.5856579842099
2.2919056803953493 235.2406317036886 542.7240299218583
320.4404829860854 304.19495692908004 295.0346414248358
169.22459991865603 84.86101936890377 1396.5212392247313
117.43574442740112 303.5851477105517 980.9579718394043
204.5137525117502 178.79698818637058 971.681462346836
15.618120938431451 407.70811892686635 426.6261145436728
277.55419949207305 89.47599189069687 77.45670691789236
405.89201801600564 273.8624246552902 1109.8585368228312
144.34562737681298 188.44546543109604 911.1360978856036
119.96953868178383 173.36079176674505 220.74664429515016
91.14742341874178 44.77823249402537 1035.3149137795444
9.531837186751352 417.9260048928604 597.9156397033537
322.73470096924814 12.332590315575512 154.3358794900247
20.359314070914873 145.15901585958008 1487.3415515423803
505.1114354712917 42.643518680520465 699.152900236379
344.42203317373384 836.0055837938628 781.4177848510025
237.2958168267066 624.8301329017378 883.2951582093319
410.7215003887667 104.42456707332559 1060.074317316789
229.68014525138307 401.31880918860315 702.1935422644849
18.650268664421805 196.097242013217 531.8212499240644
11.255635908461043 34.65742109258406 1355.195727747096
446.2898633980089 216.06639497096376 130.45952820746282
549.0492641617069 0.9328694218114368 1152.7978146988928
293.0653709872104 266.32178175279455 907.2296514260391
446.5256965276748 198.3572215938966 199.25238055459914
25.120409972547808 75.95210527655398 1136.9766244638672
239.65787985380337 188.56610800247256 427.5810779320435
22.64121030726311 75.78507344441847 1499.4514892525638
220.08183501354006 86.82819568538306 805.8671054924594
148.3182092519527 310.34843750236337 1400.210328004205
46.31567472588425 117.38216307672754 101.03084187805949
22.247759077770446 13.841081725306234 390.9453383711658
184.0097271041228 14.257289489620137 610.9712474794638
267.5787397921782 34.4413043048876 39.224663411004336
121.73502542454868 456.70667119860326 923.6988983452543
475.7314765851353 31.372719137927024 1202.696706346946
181.99171836567257 511.9541466400066 1229.8674454945926
99.42626107677867 319.5121958254225 475.79835411906134
35.439348834757354 109.78541132016628 677.0324810890538
5.016136908475973 514.5560691013314 1210.381451312213
262.08836868196295 260.6773519096921 659.7858585334642
249.17384564792658 192.66632426149002 350.3454956398344
81.35727548241944 74.40583910414756 969.8961130079302
89.88017540748938 126.43672852193512 1131.1660976386413
491.3862048637444 89.40218310941955 41.313885064203525
62.48249869812661 39.13463091962919 1113.4767472639653
269.12703887923743 214.66010689357566 1232.641270386952
394.96807430536313 225.1493105393035 389.29222603224855
150.68861963996122 115.67108658233795 974.896077192941
179.9476279837806 158.16464860895502 354.84400730763
156.43495595820406 107.41588652779184 919.6257240933203
349.671779639099 211.04503996836095 273.596069433813
35.2726735703716 359.9121446698089 870.3744091580645
314.67407332011834 118.18813426452817 838.1980071174303
103.25353999824051 77.48591891849459 1162.8663293476664
42.81126988472141 107.63542532060812 349.4361429805712
140.38161029321193 118.01933614298102 117.39470934056384
110.951182586984 247.61144410868914 614.1529015076983
51.151485797681886 35.42973945885164 592.1547398154728
51.40841180236379 616.1111760472058 669.5867362521906
1117.042410077047 135.91254848460886 1424.3705024271744
155.50350343657476 23.78057694667594 1119.1675585036216
93.10783133751352 4.914955898191939 745.4025968427779
116.44293208556648 84.37532231802665 421.4271980690785
222.4608663796218 432.7856578938761 593.5120238965872
142.16735169871927 219.08861711750808 261.8084411494589
114.99987280638089 287.37072211335726 1007.7862171403668
286.3253354899809 148.41164078518798 1109.363346947254
240.1934584110591 9.692472025616722 1307.750553014334
630.3448000837651 575.9209181160646 1307.321138635254
12.117263134539439 230.58202106144444 1160.1594768361313
83.73169298178766 112.03861887704116 830.750195407155
275.54138139543585 87.14750975544676 89.99573509591285
49.78250538832176 49.43374148533499 689.4252699465966
351.8943878629182 129.15326702215404 223.50375661112753
346.4857877414122 54.20518973266601 924.4206485015687
143.41293054676467 11.892618359594163 731.2218190064343
225.06488464591285 226.78055385126984 985.6025343722406
264.3757272360987 471.0421331557991 411.3578947188946
98.5647033603998 271.59939715057396 305.265934935463
58.617433565533815 31.07004497905631 752.0210501828899
187.00703854574118 257.536743966324 595.6657132162416
71.54316907256208 30.464945472046757 767.0437453248678
36.18249917256447 155.35377514856862 439.4472312170242
134.73582183070428 31.95243367451988 470.407534824495
2.8672715548463694 322.7790883513868 1156.3287857331293
7.800290937837963 136.44153143943004 165.93464738901986
323.6569374346331 102.70965584822338 748.0089253975341
250.6971277109416 109.69817253132868 860.4208652557057
164.99019799309954 1007.8540383511214 754.3073212357945
71.70242494664448 379.40150448672705 602.6801771273231
433.68256851409086 57.565826720121194 379.2406060346956
209.5053473920134 305.27391822988903 373.8319450017928
1.7223861517055663 19.347860476547027 945.1843102814591
120.79156794725492 103.4864986184904 397.8553975734112
465.08552404544304 30.955138782281573 1170.029059118938
249.63567351406527 67.36060093036954 1347.44085152075
139.92335527363485 189.98762468828824 293.2157526445065
33.72377527947071 37.2186625317414 5.4285248213507
107.5560045190481 284.240950701322 415.45493096111545
114.65671369038874 320.77016589477444 1130.7316202455888
29.782891423053975 0.8642325444766005 1013.7960175511957
12.372718433159298 358.15769612568744 1478.307989497065
222.28017818996034 159.75992246140524 658.6923599228998
237.43529928650383 234.73727285469056 169.8686843817106
867.0071561809913 42.472587839880575 249.6601287218384
24.639902362650552 200.92682468964816 584.0944470722047
16.105577498250398 266.70406607950264 563.930221084166
54.367085896574295 331.8662970814863 1478.4088544988913
38.13712283152235 412.1112871247715 1313.0692789902125
205.9722859415471 145.75563059087682 1179.007161347966
788.611995765098 10.84190514683144 970.4491158694698
247.159083338713 21.920337965606613 1042.8306703722044
12.405358829547335 223.16498039405386 268.30642981402013
34.728465790053676 76.1107467237616 993.6213497918773
52.61575420225485 65.68068086515369 382.0497579139932
87.10119632078704 446.26601747673664 1167.5142953634127
175.51814920633518 38.08812218024975 1054.6999386792932
45.85398719672998 52.776053465644765 1167.2224258915055
48.50746723798978 503.8741536641476 476.56915578761146
315.70504242030347 345.44744947602226 691.4858525686584
609.7232889984346 55.16856018324033 67.21675266292215
370.4759560900348 17.1688615493447 134.82536437838377
77.95852419720688 256.9433279483012 860.2833110276566
96.77456668372783 87.475568921861 1260.5872496868665
285.17312548758287 147.30634619617427 71.25923522708455
27.839413818304244 27.580673662647794 0.17490351763937984
25.592084720836677 30.58023384102327 1074.8012897092663
267.27311478148084 196.07972747053427 773.562976852304
188.2145836673764 9.528228828886007 959.6022685083433
138.2531020605418 187.78315253161276 567.3072836840346
146.1756424381581 88.70129851111777 1083.200849734033
185.99692439005506 255.38005923788907 199.12904768909428
10.467835299620788 317.05435859694467 835.669966032419
352.6964904739255 15.270834099350198 442.15302187593073
50.14553989697629 36.91604989895239 329.8843862826421
24.311465367749648 451.5828705570344 737.1334312495469
8.723218958536592 160.48147622554546 1431.7183740819496
442.62377576008845 67.06259106573633 384.12277053388243
554.7053202007497 17.842383477510026 415.89317157738367
158.1530538917524 106.57181054824638 591.6823283494991
424.6113335811973 76.51470949488872 1153.0427720859361
8.445435463905874 258.72639354192046 1463.5931861613738
73.81950530607617 142.03670465902314 1026.8684619879618
164.8979932464775 97.69635407634244 349.1458599173763
14.807726785131909 155.7130355719213 1339.695732615565
73.01312101380643 723.110053947793 1180.761979915893
8.35645068124862 341.35028075489726 1226.1349955570083
12.479550085604135 491.790041303658 167.77564428321563
212.18680926735934 633.775967888681 309.7933470461324
384.7813478371612 212.12490914678997 27.012607275851476
320.5852161155278 38.405457958851194 1064.1556299897502
522.4506306604711 705.786178517257 1064.0454396867326
131.6801583282791 35.02872289962757 150.3361107054233
203.26771319084557 74.41829129463956 1479.636241890553
407.017448869933 215.55412680534752 1268.7865070756209
386.98347713889467 44.080489903170786 921.279543627099
10.52455338748522 13.390252599426745 436.65855948494453
268.2507747501614 289.0802826679998 1286.1504415266822
210.67704044845246 223.35639964882213 436.23140991118026
139.23884115841847 64.39112084968541 1026.6023408433334
353.8645774375759 23.710874945682374 1095.1119142035952
131.0033320314547 102.23077483432164 1321.1169568042885
103.58621308248628 495.72433328059606 465.14041649928225
367.24897731916485 148.0896615285058 64.84416250039231
74.93345378568014 43.741201503488064 1002.9471744598344
168.89321130508148 99.87767420245859 834.7821776308181
641.397259345434 65.44451684012964 363.46807042923524
800.9577560459308 188.40367140839643 774.1566718321271
276.7010151507449 90.00181669355935 1459.1404446504598
35.82515547553858 290.3692482245257 401.3099427725197
318.75511784998645 66.37391175602212 75.7597940321919
508.1429838667336 4.207727747795493 758.2248945700811
28.4468456785327 58.04539878732948 1103.444774534092
22.0253751918666 309.04749482265726 300.7887630004312
201.84104402775125 172.41268112698603 758.5127310195886
598.9326658232405 28.678522265640815 1086.8036637157086
229.20165272324815 229.46847866280535 296.9055784070216
283.92775626385173 367.9505384292021 1008.5217988536087
175.67143926454136 171.77534927924725 151.07155861191018
271.2898955317904 1619.0137717212128 57.78107447739406
339.09169340097105 321.3274751571303 1448.8565995575896
85.17103398903141 118.0152129346821 1170.3342604277832
146.52907026484826 73.97593196328411 412.57393133311024
84.44485498192633 111.57814245768942 1184.9851352380251
39.50180081682342 147.23726834242117 326.59681988747
21.595941309341462 102.99470434587552 448.1496383121093
120.01429247512169 213.7189148213633 1239.7329149557115
200.52600801898382 909.8657204917295 971.8155947562688
