350
1078.984629730074 647.5057395171169 9.743557152786186
670.7968019526318 882.260453968162 1477.9706848074914
888.1200580998072 1556.7448664033807 702.602148110366
1771.5674217345238 1059.7542073381608 461.3120407162797
629.8623473470836 1196.0486150949707 384.9490899143151
745.7855208688422 1141.6540333481669 1084.681834415383
776.4025715355556 108.19789351389808 553.2636990323118
609.3865132518381 1939.6824527068682 532.1600903938867
1767.2070977021342 957.1272469066714 568.1472424278347
480.2761947893801 1731.0636030609546 110.2367543501957
1090.1777705680995 1145.768714809922 227.0591964657076
638.0431006878359 1858.4570202686164 790.2424201348618
1129.308016824368 434.0874964723307 1244.4955809447285
1878.5271731804633 997.5260363146743 1070.5544841242952
153.49463554265208 476.8057834500119 1128.8092251021635
37.50675769858547 1325.6725552926912 1391.0134844687354
131.76560039799702 975.2606110954267 21.7506494237652
134.5547111737524 601.1642567172388 675.7997371695421
461.0832043281585 1769.4972251001097 707.2752955861818
392.7354723607939 275.6900576092713 328.2498968531679
1279.0045705008179 9.095700134862605 344.3987832535268
296.95825846707294 822.948615817762 239.70295963502812
638.2642225454966 1640.6724893312355 220.04332273506427
273.10762554655963 829.1265278486786 397.7354385723382
34.11657332938378 563.5026328125527 156.97615996038826
1763.5441249694632 390.88259451899734 339.17330206035575
733.7599379244004 569.5576800152586 759.2327466909494
1830.8535928149 1241.693072034665 1235.2841089610938
324.13450116294973 844.8609619352312 954.9212609394771
1249.9134183599929 1266.606588606399 1353.7685034566352
323.3061929894554 978.324085127884 1467.9167171364559
1454.6156804647949 1181.7462278131006 1137.4850125871944
235.02620038704157 1623.3361459166226 1334.7184489687677
386.23379808582416 894.4978624072111 52.7762408096995
442.05046311283945 1726.6942356407612 655.270987441329
1224.8131158043414 1213.7908927711605 1263.6997456324907
1513.9590372852226 1800.7150008369044 778.0565353490365
1820.4721471959397 200.72923857975744 1195.1149907898737
1713.3364576222311 382.5349828075457 282.2513776902954
1959.8253170117932 998.6309396104712 89.87341053235775
1087.5783893815185 530.569194450639 434.2229387516603
486.16597119820136 1086.7140412248937 187.27279188896017
1722.4778422896702 407.08718897833296 1375.0082681882907
896.923188043879 1875.326599397746 1040.5250112354108
81.35534314514503 1026.7621008730857 1354.791307410271
1753.8845039587495 765.0708167654224 913.9522488154638
716.1974199708936 1458.0773220665824 76.16101589931252
1229.5745589987223 1349.1428307937852 145.528368456938
1833.6475165365052 1431.2389232407445 502.3102709395705
469.4069712081008 913.1724666146029 837.4577712403544
141.3818819085071 1459.644134803658 240.73636891334203
467.0185427067686 101.2035723207212 391.6966990156923
1727.8064267938573 1382.242149953698 324.43822510959586
708.4416493248771 1512.340194915209 1475.906682656942
1986.9806327091246 705.6766695147303 483.7187563642816
1985.5563171775402 787.5493820118111 1319.0660101373521
1699.099963868002 1077.6429448921476 696.9495912103521
1290.343306324753 255.79613999519268 1035.2481057830496
1886.8393386570733 156.71852763460947 302.166159803922
593.8203016805566 428.17976178535423 214.0779099360432
1340.3396154429433 1869.8789471854118 863.6669821129357
1905.8990364743108 1196.7469178491656 899.0774664290183
1388.3368857355167 1579.865658749868 1292.9690011349962
699.2229341130089 433.9887932848625 943.6322891198523
1340.7123812328539 314.58476333748206 390.584535372146
185.3272209218153 1904.6372275030824 254.32464548290045
1404.0186954738108 848.1441331253823 1370.1694967363594
1164.568948886681 552.8000972221349 556.7735320040133
1926.2419285695728 810.2289551153963 514.532719730686
1017.4972676645377 759.3857314199348 738.4428587933544
1746.1034888665508 63.63858731299943 705.9236997734416
610.547736449877 313.79045482000436 1484.7411889914767
1700.186044236162 1124.099758683973 1318.711665460488
1330.1568551300331 388.4172204422245 215.1515188864732
1667.7297789794109 901.5543789160228 277.9088238701706
337.2127100525157 574.9030391126402 616.8624256734272
1391.772165770627 235.43209656506582 1011.2516273653504
1293.7231805127424 1113.3799112274125 915.2319538619812
240.6683614718592 1909.1122594530957 1047.8612069637609
1998.7585742180718 1370.9852856355246 940.4881913761884
81.4836994005399 741.6659338895381 1306.5349998068057
1595.9250174978706 396.89755776482707 868.1454787753543
1890.649463449954 459.85282916947256 1074.5682645336356
1495.8742471358557 1075.4262149593844 629.2613982000929
410.7770769523118 1629.1928868547748 514.4571077055251
1239.4675278501816 1093.8552671938319 1487.4519395994728
1890.3781034003598 357.8089870516432 1164.105173364692
1079.239400887441 1185.6785239069213 1449.3222057798941
1022.8516639950025 1707.342205791626 1316.6378124282123
1176.0290980274815 1793.321102216869 1085.7300170036524
921.1274589229665 1694.4048326515647 708.9279450658552
1645.9219023040007 1244.4022753877289 1301.8493438593553
1708.390230614264 1692.6281132012198 731.6084771646007
711.7316521671471 58.07965591038777 711.6073361246087
486.7435520596102 578.1867125621578 1291.5940716843756
525.2283346170366 1801.048292285625 1155.1636656244225
41.806772456651984 1998.1199559170852 283.8496771205515
466.0854813176061 6.859162791143181 669.0740371347805
1022.4054871565921 1008.8073263902684 1397.5474581803821
953.5764174624901 1690.7856679855934 780.968237728968
1362.5182647951408 733.8681313480404 1262.7293571111695
116.04711371089694 764.7852255677788 244.22325453638027
1930.2014673775195 299.6152955588813 827.2856939980835
954.8302362390785 1584.9726584221935 1367.263326718709
479.28197102419045 896.3778417541821 1100.8275288398636
1765.3005779773841 291.0170781197694 359.63735746635973
328.88351435681386 1381.726331242671 283.75540247796056
93.837316897863 1879.0933329920113 1116.2513530980323
248.7456406587245 1076.9786083108097 62.62907875576423
119.94886473310973 455.3790000116642 619.4116188663336
1826.5817669441517 45.83914938660749 791.680267414926
1481.2470059755462 285.76454778055415 1130.9535080966273
1261.5145927888566 443.1666461678476 720.9813054941059
690.8167356273451 1363.1694976087647 1268.2227610713908
845.0238429684589 331.4585619732586 444.3039593035492
390.988613949953 1563.70478902046 1012.7811902125441
528.136057873061 960.1982292534301 451.7348664385775
1250.8314450861965 104.52591751436069 678.1575025923668
641.7550658219106 101.93079331038813 505.4249763537347
1811.488613830337 461.638491053336 1294.5730074526546
924.0769672504425 1776.6034320810097 137.12779710590095
1309.1988425421828 1966.5264572906676 41.935068618332295
421.78641030090637 289.78586256983596 1090.5721899271916
945.694375958782 1460.5007856993452 112.93947126486981
1191.0767566317784 845.3389219440326 1029.3865780871645
875.1480309583606 415.7740977990974 233.4734994375328
1316.4595123855518 1781.7614478816824 1137.3573122273713
766.7722177470049 1025.6132303328372 496.45984777149124
1026.818897399622 64.45468226395934 1024.1491309690125
363.5936130457751 533.7453739613737 726.9218973966684
264.24673965571134 404.04993976171323 1214.942155896112
827.0463199752269 1662.9798949497235 578.6668436265418
9.356634203386616 492.7779884227619 1053.498935948626
680.2096870799026 1832.59699060244 1010.326117414836
1054.7570842876003 1408.2735317329598 1347.506283794387
630.7449014012687 437.327533953092 833.5446025536658
329.36192017913004 1640.4417150752006 1347.398710721994
1736.3703732365311 1540.547528708184 496.7948333728628
309.26365591393034 770.3029293298086 536.7197756711097
1438.7185618446817 1411.3219138778225 418.43711494050086
1512.566959863191 1454.2335904362837 1129.4722717102245
173.0669058054286 1922.792014112045 1404.4591075555936
301.5479539978765 84.06891374940994 254.45336441584388
650.2439205823251 650.4568566639452 667.851976565218
20.998983694764604 1404.625370386044 392.94386745671136
349.4839516623909 1311.5806774372934 673.5161515653347
529.0249542682666 1445.5637932011803 1422.9160374464807
918.526060230508 241.68171502090607 1423.069666146832
1723.10557980501 1773.9227901917607 714.8308257385958
1911.6866775331591 1747.7774640402374 180.32508715345625
548.9727473787032 1166.0963501875547 238.63920331885623
741.8420437087383 245.79560271109168 251.42644683698566
1652.475723892858 1881.1037286689568 716.6482442915672
534.2979978034028 1164.858930903375 427.9363602738711
1215.344062399744 1033.6990450761557 62.94970440490616
559.4160789835722 1470.6235471630998 200.24238055723703
1591.4901358083273 450.1580671573273 750.6883020326936
665.6134861174279 352.84639428034103 156.84998753736312
209.03480563021782 724.5354338837986 1195.364698421417
1752.492580479827 1759.7284937505606 265.9635485502404
1541.637573158036 900.9846852457524 471.6207393721755
1347.5627156847465 1812.554835427338 1211.2804507159276
684.3184177537378 614.1725269501666 1032.318970214012
1331.8588777633815 827.4509568802002 221.93330423812935
972.2321764623356 1927.5702133821624 1375.9509372502619
240.00015954925158 1700.6557355683271 593.2687801543219
1337.9349186154925 269.2551605217355 408.684947753757
600.1312994041419 775.1471850044068 490.2820046861664
1007.3924088828389 1525.370238588458 1171.1637803693875
233.07051847626093 1005.6991747938007 270.04819376818176
1246.5597372099955 665.4604577249432 1360.2233654964045
584.660828594581 736.3710028315606 376.1423579440991
570.0357877097711 945.137771485776 1110.0349676343349
1562.682067220779 454.03016814167654 1134.639669939698
1153.6685915886746 1905.0442579463647 202.20768473676998
1225.7656917352185 1092.0795898520787 644.8753377104928
1197.0608752723374 501.1603269286331 1322.415652629273
551.6690039315475 66.30294304116747 115.5288327883245
173.35934517785233 909.0182739004382 430.48050808331203
1757.428411415773 787.9348638425594 899.3055922198299
1250.643171964771 681.8564795573707 500.1478576135904
1122.6139675622085 1714.534261450388 117.93628566652164
1884.9678698908288 1041.313378022237 1375.1982462896397
1193.980612465707 1077.9307091474789 1021.614349749521
45.11435044763657 959.818098528973 1234.0553097780187
1667.5053830309234 437.27204407663913 288.5912235298512
382.5523632737131 931.6904406990383 738.9827709920526
16.4583699611065 113.38406825088666 601.4169744274994
1637.627193826593 315.53686232674363 776.3065292675209
1134.827611018329 1511.4570479477948 1338.2235019511609
520.5893997968556 253.005074175352 973.1301775823856
418.8957236968702 1856.7967607460293 403.8949631826599
1382.217415504471 1876.672691722936 980.5517866995016
1588.807908932565 616.8636927445054 40.268983921386614
1798.102336124325 30.400943592900465 941.1577778742064
871.9276986517434 1618.8352175973303 612.4145414629886
899.154900985467 1825.015251728258 691.9441101380639
1983.9100230284332 555.2035663228927 923.3792798679664
525.9577623705953 1527.372943567609 1.1950771664365756
430.01261049542694 1474.2396472517503 224.0239012994984
1596.1877989182485 1915.9291587765595 400.50804602513784
1608.367961372648 1587.6962642677279 221.32880942976874
154.46356814041673 1197.2840278731633 227.90733064295037
355.87954726223336 1931.8665401571768 1472.564983502414
831.2604512766328 1926.1946433954301 1117.5766465169118
789.1625577489214 1275.1699503034083 708.1372827177024
960.778847880579 757.9620343394117 835.6436326386557
418.47948717709295 1909.81293587954 356.2851751455643
1769.6281829638276 363.77744417962975 1017.3924890571928
377.51944050155186 1087.6352385104556 1056.5637274396997
624.9212218225904 443.3079153869728 2.490743378572524
1424.7409414561266 610.8304591415474 985.9572618649781
1946.6547284029627 1033.020754589964 836.6725564943132
696.5543846920177 1633.7122713025622 451.0447569259875
1596.8007904543163 493.7871831454068 533.4902169995617
168.78447656226393 966.4337757579897 1336.9952085524994
181.76668433670184 25.985539746808062 1345.1687529790038
35.03201329710648 1348.5296162747882 1252.3167086558851
359.4818083172746 1976.4262426503476 598.9776443039049
1965.0157465813354 1375.603243792103 1363.1963669461616
1096.8022834876763 343.47565094535827 472.1376786812207
1172.4278465952643 1507.9860116083698 67.65037746736141
1238.8469276667033 1450.5057726583354 1385.768332467481
707.6275401277763 1420.0145781931087 1379.1527883604438
1236.7918719984991 1667.1556103595526 1279.7571900481487
1561.7611348149098 1043.2107696620467 494.2312138026151
403.8738963783535 293.5185921055843 440.469121195838
994.3098868050857 1679.1478420068056 1479.5503957600954
913.4514606270743 81.94314319985318 346.6329561386605
121.93061261715421 85.49313826241001 1069.525857560347
819.8038963650902 1040.8029667603155 285.67626682642975
879.4233791790524 1286.2784578444446 484.99228813896195
1317.1701127290194 1461.2844220756579 476.83506148525305
210.7875959530432 852.1978107526094 1372.17518719662
1358.1759728105897 1326.2283169769303 1077.4186686750015
1144.2020259446865 226.7173656158421 311.3945826168093
1184.757205148254 1845.4375733387576 815.8536385255719
1422.1279184906145 1867.2860128707252 396.46793604607865
1778.1276231956883 1761.465288122618 699.3092994617106
1262.3534866666866 167.2724126941474 76.11044299803493
401.2805888504025 1051.7365673517986 1302.4281125949105
1165.2744101847893 1573.7385906187392 451.86663498706685
1090.2114633496533 1254.3676997706593 900.8125375954066
1704.2769181569688 13.703512136998164 183.89177644318988
20.6236358566374 1362.078198820218 80.02932744170116
1937.5029691346667 1560.690712844151 1497.8974142259176
1145.4321425843602 1618.6721003338707 797.8473470938687
1104.2872880848654 671.4101834513189 950.1657894186683
717.4501716034978 591.6548930433146 101.31240885434806
653.782533077647 814.1640399526855 468.808811655438
237.11531364623784 1841.2624370859944 191.48994224745024
736.3155033722682 790.1246069638847 288.1989701709307
24.603622201168296 1853.2729813997912 888.5350792405969
183.1940314357474 1881.8126031252516 450.59165706742357
821.7971634601384 266.7404138536194 915.6653040065647
938.4136139926229 115.119844590162 1191.2945715978701
1860.5908542072334 430.65981445740476 53.01514114736072
982.523817256923 1207.9424566247783 568.4733231959972
851.908505347493 737.4678774999311 640.3250983467772
416.0997400684907 1477.1659694144205 1280.6880856221737
643.1612813687113 690.3595892740144 1432.2573814986317
1532.7648268749485 320.4713861216477 1469.6627493804738
1960.598236546434 1328.663926329742 509.2898742308985
1419.9868894671292 1329.3467310772285 1005.8388515408149
1408.8480085933718 843.6413632405369 144.58547019598643
315.3984469511604 852.6756093189989 728.3482623453256
1366.1960026202241 1887.79709639747 475.22108043277984
1407.4391417412276 956.2605578749659 890.8273032524074
1313.1105660012852 1996.4212451532944 1085.039562192671
988.798435949833 994.3817680618316 1100.873365826787
1196.2061231477771 176.28854250988678 1272.6498484509364
1297.5495424528667 1656.5335135168916 632.5736855403486
883.4147998872076 876.6735339617617 51.74672881599462
1262.1416898276486 577.6312475988361 557.7725659892673
1203.1278331203298 1628.2095448899634 997.5066728438635
56.69658329395833 862.6847101451633 389.8434152466526
949.803015760682 1480.7302921738126 1121.9125343985827
1617.3029327575055 707.1690320488691 683.6291904409795
583.416825799274 1294.7403012498423 972.2905028639376
351.86297202616765 405.89612522051 962.9946689385586
1458.8926626428486 1555.4315305513105 33.43941167677661
629.9142982227614 730.674353378977 966.1902601593966
523.1455016182521 644.2691079440259 1177.6711925932402
1875.6979344391991 782.6388191020881 957.9055686720608
1017.946971116173 941.0163487456608 575.740484628927
1053.91509955925 1486.4008515505168 351.53233819895274
872.1762172566474 509.3374228006753 304.6957308485419
102.49740697184895 453.7775248936493 641.0186413315142
832.347102860333 1892.2730009687457 768.8027595141498
522.7109318653585 533.2056433810584 923.3348834885993
327.15275602704884 292.1807966478429 1062.759214591311
131.87960505232655 903.1259229630142 363.3313232004489
1053.3457883853048 670.4135087057517 680.9865318417749
1624.8267410697474 1092.5658169796322 1409.4025298537038
1715.1689661493294 1898.9851779030132 0.4341359946029577
633.5182570588687 1827.9144426122903 499.9998479883458
1761.1513616524362 1798.28096960821 311.16409320061655
1092.9068538206648 1489.2522246068704 630.1649318116265
1588.9258524195652 667.1663977137454 533.8147504536248
754.967307880563 390.2607866186523 174.41337262654088
1127.336005650677 1665.5116191526922 549.7054131812883
15.061094448732382 1511.9043373109039 276.02144195360955
440.4926992019298 1796.7491187496423 361.1967279486085
597.9012741954422 1735.7777120340431 1264.3018145268736
1036.0769973238723 214.5915582141631 1391.776432086523
883.8597194330908 757.3763082192672 1195.5280967841372
264.3144551437009 1593.1162628368982 28.073492798745438
1328.9452172092444 1317.9019804387024 1288.5123415595424
500.630111693831 709.6091668152225 825.1831149833595
1446.6902560347887 1310.6280163618544 278.6161573132255
1074.0728061561372 616.9661567193909 716.2838440373271
1792.5468027787806 499.4469299162965 684.4638367043515
501.54261055480686 70.6852648301597 892.1666985962439
459.72712344517765 946.5959498075771 24.517353925371687
758.8135524021484 150.85081072941242 46.76207124820736
902.9003367955786 712.9669172725694 589.5661126613613
1171.46561378635 1732.4962154838954 214.83101916660746
591.2725849824965 899.1212794166358 612.9372755385796
232.40660331556694 1531.3511764502314 793.5529595937239
325.4219181537206 199.64178985721003 1401.1915551559903
1070.3346865371027 1082.6840780840155 964.5985855475087
325.3637650362322 435.1581036223939 82.6267953667918
1699.5761002391237 544.7974741370199 1293.0885630419505
585.9699589444493 546.5473279940308 1323.6901720497087
1718.782526209293 1603.1875564296013 662.6681021787598
1237.8539049118904 1308.3383935012864 782.3409194830044
1852.7520797146763 1567.936150307652 830.5802000350216
662.8312749013321 1710.8937756393402 408.45674402157334
222.76428761807244 278.3912204801038 337.3668359675799
1358.9152664465237 571.7141160189548 957.0425447200893
597.6909159543192 439.37798747820443 170.74080766036005
1340.039632824773 301.12718455569865 396.87273043487824
1318.8769569202898 19.926175119236113 79.08969415059008
299.7786551078616 1897.124754404156 471.3008997297128
1793.4505901289556 720.9412751836647 890.3567140576744
326.7738471492081 1596.3417915228008 260.0192721489529
948.7359741949439 387.1794693869508 171.11900046977786
1250.9679447874828 1768.345843219586 547.3572035984604
744.4910766141244 1535.1831604424826 1186.0513099257853
1258.7050722380825 149.87098099820994 857.31907196223
171.43108123668327 788.2081594506021 1454.4068384316038
753.9688483681748 487.19522242930856 310.0192998859011
1812.6919633072798 1170.0464178746802 1060.6429076520176
1249.6527627471235 1983.446695714824 29.114484172426568
1461.3816531017687 887.0352301777189 17.165293509100067
1442.4335764349423 1267.3698380109556 53.74399733883095
795.0836664495548 631.9197274276489 958.9001230757782
726.0424222267247 1445.0032978137765 820.6030951818248
615.723415675244 1298.0941241086928 953.7174005903854
1831.9377175912107 890.3379265464333 194.26098503188206
