350
316.660615745304 1952.07512091169 204.17112926241455
637.3608095055843 630.7314315200905 887.6293246800816
471.7640690697937 516.6234296030821 1185.8309143822348
276.6225909503197 1869.9674617549913 158.9867414977479
655.3127108738875 328.58527957626893 481.7443568317037
1486.5270665839962 1170.5443550246855 397.80427300511457
148.2632500445078 732.4249218229357 600.9225092803041
1282.4093844368938 1541.161313790751 477.9855893609804
1574.5278997128758 191.73816529157529 1278.2158549680607
505.0767629070254 1306.1221443829997 1408.172969498889
817.8976665785442 513.1026273503026 732.817681947976
1576.6469187770992 166.58472122703816 584.9702219663584
113.30248356535888 1654.7020413248372 264.76304735358735
1028.0071856360796 1040.347306723268 1427.3449810992215
474.57007382929015 1864.2627660343328 456.3857586478423
635.2851649610027 1709.103831232643 907.3818835544171
243.4997901431366 1719.1978130043042 1367.0944289502968
1240.7019450230457 67.99927831244746 1476.8713267151072
1693.9511874871596 1491.5135801531505 323.8637759052117
1768.5394804781815 493.58240984905734 1357.6019459261197
1044.6209134588971 1114.0389519835962 27.679341671774882
1132.42446172987 1417.0528740983093 297.7001720237829
345.62103676930667 907.2771739025329 703.4500849019756
1175.4466847871254 328.2130383276913 1462.0016135300752
1970.9964238645807 1104.1152732941348 384.7690709999643
1361.526345347747 1674.9631812576768 1320.6816388850466
1367.409290438815 1109.460946355814 104.12679341307623
199.9822476762456 1500.2323348596644 681.7207382925476
1269.8644604170174 1478.5858901807528 1043.8859775983638
1049.7025658707075 686.5144028232273 377.31392625392726
744.645691693927 1105.412800191889 830.3404192739711
1451.1981391354072 1931.3463216255234 1451.458626502176
499.2122599519413 1083.7447798670541 1380.2775058327072
416.4804149339474 1617.205575048845 244.90568507820504
1787.4182189214646 1629.1267095372782 950.6304051617946
554.2020660642704 1058.645615211999 1205.1202155133901
1586.8052423120828 1709.1835443576356 798.5693298922628
46.45814555066807 1241.7087842439335 747.43687292587
1032.2112100736433 37.23617960313219 1208.210682332153
296.8330442247642 596.2452940875773 613.9656423014496
397.1086616551875 1673.8266396950546 926.0637974839989
1260.311781310343 1945.7816096443387 188.52306217897558
158.7136293636886 1573.1001277522323 790.2969820533024
655.2755926133771 431.85045670708024 1025.3527412960063
543.992590501168 1268.686031276723 6.605059368624822
250.9234329050991 1232.960470747574 1145.5798652101676
174.45256284872258 475.3700441616395 521.0741202370464
976.3493526603946 875.928391636136 805.885611510645
1788.6070438184597 1137.0040460477435 497.865737348237
50.04086606488056 1868.5759832059161 482.3004251325838
158.84881911655492 274.359957936696 1320.8346515622807
287.2054385597698 431.79420670712057 488.22105477487196
16.90549255052254 592.8392481235203 164.46560046904963
1273.9285730707948 1823.0174706298242 1345.4275192595353
1022.0386970600262 973.5738219296481 196.767043542687
917.8312196315763 250.4507725069305 623.9336961685282
947.3124844013223 99.22333371442149 709.46189753187
1597.8081796918652 267.6491123444702 1277.3091476799057
1972.5759463749055 376.80542569108644 199.12974646713505
1944.9349960353627 162.9752068667767 432.7422279147634
45.33026599503498 1742.5338016595842 944.3135862322846
1977.5783777456759 1902.7858716636692 1134.6718078451463
907.2399052171627 1198.761431584019 1316.618759634321
1967.1706238052059 1931.3902967065806 1378.6852406995004
772.8650739900518 129.20627051854217 461.030520459343
792.4572747445251 867.625873663064 1127.7511514890277
1299.2154213678236 878.0296817580185 795.2092356757167
130.3867065027904 1887.3212765943722 1169.9668804557639
1042.0162729951078 1321.00132943494 1428.2045774222977
1359.607615374757 599.6488717495344 1469.4671982251846
830.9692120515615 1911.1816531604563 1295.4631389757324
1936.3839532575332 1658.2957867743585 128.2365827226314
1579.049755480178 782.9626132381087 595.2152385107058
1382.5648117330186 1311.5334228633722 90.39940758967374
86.42682931120626 1559.016164564268 361.84475723340057
1061.8876595302315 1097.735036618231 1430.3740563034796
741.8800599055921 557.2912360882611 450.5393228141725
826.7629646928299 1316.9311672433005 1272.2610659894092
1944.0728555966048 1774.7654842606464 802.0424951167438
1446.000107871923 1870.3769617220075 1387.8102061106629
1463.780903414836 512.49704304424 130.54930352437378
1682.2643808268656 1360.9154470516246 841.9536133642563
388.0352786565331 856.0062041856851 119.58056563698611
1056.4651477133718 513.6839921392342 789.0329397244515
1812.0243324617484 337.16529146036225 690.6172532714808
1554.148669644157 699.3463028089 906.9310213012525
1377.1928395550242 1500.7891010422961 546.1022867342473
302.2364168966101 572.5022021223485 887.0584525176092
134.11969581306104 500.8536766788918 559.8126583853362
526.871231664566 1463.5947974451187 1336.7777651619676
1634.5041745935337 1465.7535771012901 430.10014293332097
1637.697100189241 1138.4021902389186 913.5142472388916
1276.9230868757447 1754.7093520311848 840.9599004433302
1881.7959433047072 1123.0145677213409 124.03516921454028
1951.6896039291082 1454.1491098967215 485.6254275121918
1283.4654240197679 1324.40758592728 284.96123729683495
157.7787360851255 1371.8106933806553 36.476936186430834
1083.8921256529627 725.9432401257654 22.839433419828637
567.8370284422987 850.6373874066244 600.295974396905
677.6475101646196 5.4355602418603155 735.0072904629789
1142.2033294415724 142.2634685672708 810.5422652566633
1186.0423027995516 1321.2167073814546 284.9238802418231
836.8625854678866 255.965562195956 1362.727209550529
299.58658620568343 1830.1404681306024 726.4794366239881
1551.3158630093906 795.9560443413218 1396.8875308395645
1955.0400473407483 1139.1099589591458 1066.7689043809237
351.1288875916876 151.7777984297548 644.753816676862
286.96208992131676 388.19630738273725 27.94192881967883
1833.6935276796407 1478.0997561518031 305.6146182330494
199.59108918561475 264.6001875530095 385.79098675217955
221.84005335858203 1366.744266751898 66.87578395125871
617.517737970787 1280.508773099124 1345.0233680309088
810.1516426384927 384.8335143936468 89.25881319762036
1258.124604894121 452.5554451661069 1135.876839481823
1492.039402550104 1698.64355912299 530.1258826910432
1825.4740248163632 864.8069878443829 845.7464489366131
309.3478795927056 1712.9848362363866 84.76190026145441
1957.2278896115413 842.6635281944566 1310.000929685417
1578.1328090984944 763.7263150405729 495.53748841608444
1165.9215939167611 560.5041479762833 75.68327202854846
129.66521531127407 687.3720090857424 513.1050923842668
1489.7003975097907 340.54169341023453 1339.1289009808966
556.2089183211958 1407.8319638880782 1023.5369173693099
1903.7256441819936 240.86809468252346 1155.3322557812367
1612.5177677902304 509.2349473265292 792.8793436314832
843.2686942321774 1747.53449467804 1253.1925661155663
1427.5344313369853 336.5990121147513 362.90880074940776
1180.817716665553 338.7491878970714 548.0524415936951
311.17501485287846 800.6842979549733 1425.9370798886666
745.257037376323 1070.1700022920231 1473.5826944145726
44.55263794295972 1073.233719929397 202.48421240436204
485.39706663793635 1555.9791198150747 981.460566987916
1843.8925694221302 941.247790558488 549.2871442489092
653.8702561652601 698.2453294748569 20.87126909763548
1778.7263165248312 491.7971059278483 857.0182270249369
784.1435760652436 463.5704752245775 928.6446345405169
1436.60638110744 1817.6239187586707 130.49812547224442
102.38100037337273 425.3538842455051 212.69224032519867
934.8835004156128 671.5842348368046 1099.7462065634375
1216.160740039515 573.9017701898539 55.604619700617086
1544.2469999470334 999.6468547500767 1102.6392299571216
1053.7242538331864 305.57968869910644 810.3676979012196
1462.1893489799672 35.81406876536608 1479.7651123797514
1004.7487267450334 1774.5979203029935 1032.1978138041177
1952.52264019233 529.4741159821376 810.507630044963
1971.6052975366656 1525.3073799270867 827.0524786619692
1564.0406819618843 274.633733344368 890.7994080027166
1701.671638331261 1295.8882617246716 1274.878101681878
1913.6256217332618 1501.2059951621607 475.9312599690174
460.0275708357888 1113.584311942995 440.2596978287998
636.4769466697522 1259.3826747832818 419.79736563821285
27.848543299296978 1441.3416431360163 1157.827476494564
1420.4248282558294 1266.1325670846704 1161.414241141659
1555.543812390555 265.851793745453 1030.9313968619351
789.8807728282043 922.0416949396699 100.19945337798947
798.9934804681227 1612.7998263633708 1080.000118959911
1759.1223906835583 1266.0818632737592 553.5166169042303
1606.7401476671525 932.294935968135 715.0347951166367
533.1147175556978 116.5365008044541 1282.1282220698354
1190.2877799557466 1286.5808586719738 829.2992270807526
1382.917624740845 870.6117857362972 252.88721452694185
1151.5092730423312 222.0397214633063 139.02066841960266
1582.7807267461446 329.77874048007163 1234.3394896342743
1180.1321458237844 1088.041718952825 394.80954309192236
11.32522878912412 966.1906182697134 418.75809000150673
1703.076471067804 411.16298087397627 1395.5668552877678
15.224669708276739 1569.093747327924 1424.2856070034293
485.431554566081 418.8190240532568 480.540230693649
1492.1475732288145 1453.9697565787746 708.9716865784358
95.44506589656709 1527.9177916488616 1113.7320062922452
1359.316969287031 360.7589818992201 252.6970411350346
127.40606645840269 334.59698946484485 713.4550614347727
1819.7889609451702 1227.865212263702 600.2786976436886
976.7801960217437 941.5854827659058 1173.3536692855878
1564.1385696913308 1604.8064692590103 275.86271291712427
74.06216062749138 442.9521689883633 477.46802345007944
534.2740223961611 536.6992722560619 1080.0493874166839
1598.212564908271 740.1947738558085 201.27689285939837
852.4928975187529 880.517844770202 1218.4654420273155
244.04639854426958 904.8600472737012 92.1397521361545
639.2061497294352 527.6802314429448 706.8323151939929
1177.8151077865025 585.3966530764374 666.4344188792224
1556.4814374462032 337.73995442654245 203.78906807240904
639.7956875182358 683.5439559240394 602.4245594159584
1872.8662778694195 1978.3616030316323 1185.9379531305385
1462.0526311184901 458.86194823394334 23.766418892859853
1457.6731273720968 674.3712039773083 821.4320850451782
170.96001844092123 85.43595545324357 731.8227264454356
324.3380270319349 585.2954370431676 1466.7210772190485
918.2454730188008 234.71288181617345 208.1998810493374
264.2250537317148 416.97158764224883 976.8320645296833
441.3285869599666 806.8879162775786 270.2495340868007
1114.3504915744718 407.14162098970587 974.1333262918743
1641.5092526116907 703.0137490344521 1254.681302631268
58.01960813144969 645.834227964039 253.06727273782496
1623.9428408554345 418.72290092417484 1295.6647019548755
1182.7215585664446 251.67030868037043 1149.437320245484
545.5352340826776 401.908682914325 1218.2927045178124
1358.5910802082926 246.40337940233948 353.6154129671711
1584.23322036018 1645.6256966169951 1329.1997393820197
752.3064064591425 1681.6667779853474 164.0860466802453
88.60348591493938 1183.7816579876558 1318.2744244274943
997.7611076490451 913.7959203998906 302.1715443009316
221.38662911488316 112.77301405318418 130.04821846549925
1507.0207094274415 727.9493316125145 348.997270190422
1054.608865869491 1444.2914092678448 764.4814836129063
930.8212358662711 1677.4497531502711 926.1754886294339
1299.2011325505193 1929.7855976127216 871.8788159361167
1217.9194373394378 313.90839413064043 821.1349624049761
189.75676627083482 77.7185828976108 1268.1413752914373
726.5254229844644 612.2257819498742 504.1663705369521
895.2670597886947 951.055425428921 952.4895055705992
236.31630034052463 1346.5205040601768 478.23432656699885
963.3457366473939 406.2726595923121 559.2290539137822
1563.921039793756 39.991181277392094 445.1062745707972
1881.1357544917362 1545.1198873393798 1072.594829313109
1449.0124572199466 982.7651790035701 1213.6155759031667
1464.4178243309002 1721.3014119061745 1379.647632007787
1437.0574156802375 1037.3530780187384 1077.3693639883295
1375.0271193724066 287.8094997841103 1481.1375004429417
1912.2287028397716 1824.2776754884842 584.6404492657026
1875.6192742979845 382.14105220715976 269.8205967634557
1100.7008675119614 649.2388740164458 546.3767601141456
687.2551417663426 1783.4735647358973 63.99700630363148
1205.0150864204998 1205.8785087074252 583.6072513473694
82.17657804761514 752.4106631438665 338.44808718080765
1324.0449934002024 1782.8799448373188 428.44247041529536
830.2682879538663 374.8566021342192 951.2077604189021
954.3973034876785 9.362601379088176 1207.3459943756081
1827.6059509711258 62.01309614079764 240.8246389653228
299.6155108900391 376.1990807547049 1134.6082003837944
859.5627836008471 935.4218635685196 1449.8751785456627
113.98901401422745 45.064291770193336 723.364797499992
1610.5307032267137 1886.0091959406964 1314.7144200361565
825.6557974295063 1973.4423383801206 721.3832914974907
181.93804222168632 1609.8786822276418 1133.5320928272304
1685.4197039782075 45.15452466588465 1309.3416189051438
1965.958176898497 1022.3162877984686 298.2062873866666
1294.2235023270907 354.2383613871456 1027.5928081960817
1699.108678175631 1815.5695242407187 614.14405211909
223.7458376869965 383.8606144187746 1313.0596557086287
818.2931365284082 251.99341843136702 727.8262055601601
1983.1626071199448 1343.3463780407226 1193.3081984314376
1976.960209862082 1754.9319698890447 132.05457107928487
747.023177786865 953.6327501142903 806.2744171435663
950.2318626577986 1177.6884338449443 439.0910770003984
752.4439997122345 659.7898949963725 1269.3559073811323
1572.1840239323951 789.1582777171938 1285.2810102053365
13.59448097390814 269.2055637536852 1318.5054805167565
1325.9501471002632 219.6046193758081 794.1695796259376
338.9705380021522 1996.7032414303003 1394.262236557771
121.3316665075761 1301.1944166308085 694.5115202172104
1633.1083547287756 930.9857732652133 732.7383061499704
484.20035366165723 1656.0383788253976 161.62260370605725
397.90930609088934 588.6074996343906 700.9032810799551
1132.9586018001837 1593.5128725794807 1384.7681364036414
550.9266111883134 446.6090612464053 168.45129845148094
47.95964125665408 1412.7747641081532 328.8742468718329
187.0965928780668 270.3228786194691 514.7858384896571
1127.936799346318 1746.5140236832997 273.12495044026093
1254.2720170613104 770.4769964618409 451.6347383443956
846.0467130186842 170.52957285729775 473.27485486814766
215.4011367623252 19.193018778829618 643.1591998487777
1730.2351877729566 1538.535852876308 25.82436343972133
107.52095180287013 536.9518047636801 454.5131370636658
1268.796268732122 442.9443211961892 942.1999745225625
631.9825071668548 1724.546889770133 37.23412183279567
1057.0978382515864 636.1856292626229 406.9911524610195
1436.288407774014 1404.9207361647177 1488.7991574522994
592.2273463701433 1930.6791747547502 613.8357171986061
798.1328362188253 152.95458720460454 624.1069017826858
1049.926653648348 1557.7113634827892 382.1242104130439
1344.7547588187147 954.6110189239887 1184.1144021915977
1739.8758975669784 1712.0681345418775 1199.3857705746448
480.0546321058048 1538.5627004344021 1473.6332763106798
69.74922201777444 1363.7060745384497 491.4995034441287
865.5195430545031 516.9930127857285 1082.0755443238731
51.07287622972301 1080.010075076847 1377.0173117729682
235.90554340895233 1963.2606473617943 6.53775958450542
602.6013834195745 1935.3992977512116 74.3803266994425
684.7658405893688 520.5363849308991 1309.2240319036898
172.71242362671325 1989.2685434197192 1366.5009246360744
1089.8469060033156 852.5868491249862 1080.780346731694
652.6152227680626 256.4512968842845 810.2570335244151
73.45421255666218 19.257161150894486 359.325290735377
1011.4310017139967 1410.111436112052 423.697028406148
682.4266486853294 924.9716847517848 842.7208047257652
1355.9106178362515 854.728917312362 640.3963559084577
813.4243446580383 1993.184878851318 603.9835049576988
1496.1630316420217 1032.6114426961437 1367.832987275129
152.80207834160174 791.2094931961713 304.1297584360532
624.6966604806398 1508.910252566932 34.91109458813785
624.7861466559448 730.6038468508747 1367.3588110678995
200.6964455553768 791.193187889039 1223.9360254786432
640.8445898759669 587.9861395304775 1069.8169973351373
1227.7980577793426 1500.78441220916 1083.139512876426
1249.1551003059765 1532.4483952016114 805.7648918636045
894.2247385164699 1813.1858886860084 52.743370898620526
1177.7437488796563 1833.937183163213 529.6138821499542
1343.3550654548867 793.8337541307023 558.868569644509
472.08520143730095 48.34592652505876 876.8582755150637
1611.906777050905 1123.4872206351981 422.7739368255727
964.5612155648473 1325.9840118894188 98.22530005276664
128.56657398662375 1089.660317256435 1021.3121308469465
1467.6864804938855 1227.9349605128762 1310.3380375642375
719.1749912662593 5.919221708858613 120.78429044567379
1080.1261525086647 1051.3786905223224 557.5257021555459
1174.6691851025296 685.0074440111864 452.38770472719244
1292.212936646969 15.710611322599766 441.86111413424425
1276.0243668732562 334.30124581946427 39.79264580353464
1246.3779460639225 1378.6269670606314 580.0097420016026
227.894190727002 1466.5916965589693 660.4794408907384
413.58048712580796 1326.1852141265456 1264.9256437134463
436.21581904641295 98.72261628190682 1300.1840225119722
319.89115997229356 151.7255396472721 672.3603992358724
1464.6686995928483 45.29350452833225 578.0918207163324
1055.615211379265 1889.0559604927394 1211.0639137399385
309.30423757537494 54.051617986517364 678.3410571797699
1954.3465266140818 133.4131358212467 333.5177854755622
153.89446438791765 274.1216887135951 537.0347091951388
111.71470765775825 1068.957654114071 493.2173293619732
1492.9023247646276 666.3107383660387 273.72081006733566
978.779668624069 1013.281223623624 1335.0054446595502
397.18655366864584 931.7685102116269 298.84084964534674
91.12146255704334 1427.1526479077797 509.61284607365747
1117.6591241223061 864.1985649484558 1177.3535907609212
201.27501823856431 599.2223364603693 44.670242123870665
116.94605330049201 55.06348794585225 963.1530439080556
842.5651802132824 48.596583408116345 891.4103627352728
987.0162788814845 1855.5250763726528 216.34530916790374
1955.2301764009069 1267.9020108087498 649.2345233440594
533.2608606464713 258.0262723785818 554.8834112740547
448.245941744988 241.99565565603342 960.197379426173
1573.3298979569988 1653.9902083917123 546.9303730301908
265.68905481282366 294.95192680679526 386.2270715233881
1827.7071244250756 1541.078254732508 123.77318588506692
869.7740169485999 844.8936724578042 1409.7479529564382
1252.8260279622573 65.74274634486966 402.3955167505724
1898.167710321206 412.4203219003193 1013.9765290907831
464.74701490890055 561.1711900902023 834.6722582380713
1936.541626075032 792.3737109260389 14.1123089916812
982.158929391803 802.7683535345756 1369.6401293737265
1735.6695815886574 1265.2686309148253 1288.6291324935235
621.2882911991185 1583.4291097171358 864.4002553578398
1995.9671308798431 352.2075890082392 1228.6977350441218
621.1208847296648 1596.3439183238174 410.8868675825354
1995.419848850525 1759.0534697705637 190.65488944494308
1229.224117456312 302.34016976315957 570.9388416959513
989.3636593858965 1538.6494103689997 1293.104888431762
1597.38992880279 140.01443906568943 871.2523802201227
