350
279.6261761131964 1475.0303220221474 23.05849979115421
885.2080370498026 830.150943311086 614.1922244027013
1330.3544436140678 1497.8389703960422 435.6696193810138
1832.3613158805256 150.38242192152418 803.2448290665599
1046.3532265891306 1071.4679947512927 368.59658813316497
1261.1303097771704 750.482437137487 80.44845405213007
1231.4222966119996 949.4463486535969 1464.1165099707016
270.6603151491376 392.24745602385445 336.7446754044516
901.0171270197693 1568.5568779105063 801.1219289209363
1247.3124798927743 1546.6209899793917 1146.335050747217
849.0661246362532 796.6842168542347 779.8563028317477
599.8499331802805 398.1615930015472 899.92374283869
1280.5573388660357 805.4022578024351 1310.5628110416037
1764.0969384444852 1837.5747197319317 707.6230948996485
1926.1230629552422 843.8638093134618 1014.7192533077919
1219.7103011152406 1784.4381940203807 1347.0933102066178
1874.496583714288 1952.6070188239014 1362.5814945946215
1059.5613761542975 1724.2169300988567 995.111080069533
1069.6673040924888 1418.6036994963674 1045.764059562844
395.4046152741424 1033.3768530703574 297.4624809992039
1506.4286928929264 983.4141214880844 651.0130947955496
499.43982658965 885.1926206996745 712.3019256241112
1201.6802404952718 857.870773459394 752.4356727805276
28.74217526800482 631.2660719436973 688.0807716913207
817.129587415296 907.5372734772153 1214.759176611718
158.64952112906218 1329.6937085978468 637.1842505211412
479.7870818469181 1155.404747199754 73.42701776203187
1253.5182731576476 1322.5856678819994 1494.993281358837
1529.5567053329974 826.6946893307554 823.5351086315787
452.6919563000522 42.54972014772007 1250.75946952521
228.55549400465546 450.13344345670106 402.55808635920437
1052.8116997969562 415.2532902056092 85.87169730562422
1517.4087780713755 1446.21611123059 224.43725080198595
1854.6387902836675 202.48824333709314 337.74225810596175
1244.810300047452 204.90057594417667 903.1099776916116
1061.0801352953488 1503.8731343264903 714.864604174921
1368.2681435298755 1076.196948919531 1316.5816101596417
1293.0009232244968 1650.6320348208785 478.4435311692585
1456.7120420197673 1319.2632647635776 1269.9232684045385
472.32618112471835 269.842918155069 1167.1056802414573
938.4715938385242 1389.828225289918 771.4473859794003
581.5657880701324 871.1883537884302 405.4870790822306
897.4290661354892 82.72445559615905 1368.0873938956715
910.423560957608 1043.215483730703 103.39335528594162
1895.6038845843298 1556.4757095442294 1131.7935456626874
591.0234680358659 222.74806003519586 993.7087808048509
355.8065453589352 1324.7196419938057 82.69555562821063
252.4215025443597 1806.7989515783756 520.7079524587452
1152.8056066510005 542.3375392581173 162.4544261654579
824.4935908588604 1243.0584728258348 1322.7926804731603
1726.4108224060249 1139.5676539419671 1106.9579515737319
152.04315816147962 901.6477152352606 363.0298714921305
403.6927285004892 867.1250655462896 1187.5213071668347
101.6267482025195 942.2449027824962 1093.027468577124
83.24354262409628 915.8456468340639 35.65539740098289
1537.6238778991 768.7677877351775 526.244211343313
906.1593797308541 1581.4286145330818 852.8662012708726
1147.9967104868333 571.6214654128362 837.7954993238725
1599.638976858582 1757.5161869858052 1266.227572873906
1559.2105502139686 1468.2062335698865 1164.4670100672522
1998.0827615048586 1419.1118386536862 1059.5677909847675
1889.0262307492155 525.222033058234 973.3147506627193
258.1259776242284 241.34303673755932 1269.7172618641696
212.84566593775799 859.8063930370679 803.1548655078287
1968.6786412559957 946.3418974859666 1303.941168247248
672.2198471591423 1384.740265761876 322.0618739022576
345.12343096522113 166.90815857834963 508.8920332447141
1512.9882311458136 1727.8625285161772 1422.3328760584518
668.3952870222671 1050.6902872389894 886.777096929346
1446.1625773732599 1263.3445104615605 1020.083788462485
1928.420268996596 370.3310872888428 769.9265192127499
243.2713502209487 1036.9114223327656 1441.3689680778548
141.21425128242194 1486.0398836160832 33.35428808842017
1737.4366093495678 1611.202271372436 504.07848021141064
867.7261660960114 626.1265454866744 153.850716660075
1510.9853355712416 1028.085232492039 50.93214572955929
324.59344849576775 59.111513189992415 1137.2269859951907
833.088984099776 1227.3563352539613 163.74832261531265
270.6006271429084 730.9015099962926 917.4982829412019
859.7148414318257 827.7191724412136 220.4527501218641
1870.4321294239853 795.9266872414594 1190.5963075822258
91.66221522874518 915.1688448880507 1041.2076425184728
1313.980804940321 1660.892115558174 1096.842332598002
1256.857539831746 84.48034161722684 339.8816215188138
23.47557539617595 691.9612546752585 1397.2427017789353
714.0793966938414 319.12794060652703 381.95301745527723
811.1519853560392 1169.007447631478 492.89598123446035
678.5958240996996 1304.6355036854225 1333.600955498192
370.0869548714549 61.01804593148308 407.03163256462517
812.7663935309215 79.98447835552902 1470.1237090178006
1978.6436021965028 643.8133149208354 490.20606193022644
1581.5172204498156 945.7740575962595 501.8834469605262
494.443588489877 949.8061544595087 569.7416278935759
1761.1235942820554 1850.3215227083103 470.1366505385842
1331.4977150705295 1592.994390015564 1050.469321361745
629.1295369982057 92.12381148160054 472.57002766322245
1558.3569016023682 730.7475179224061 528.1370053658304
331.36355320540844 1693.6759992873815 856.9008385924022
1653.9079173347948 171.6716494346735 937.9318328386748
1194.5010638712777 1677.5289976923757 1177.3028525744594
473.58381513454907 1660.5335744598312 742.0497181824697
779.7841524993643 426.8624449272229 381.1455161443144
85.33450804727094 479.56964636396805 743.8377828482135
1304.3709611136808 204.49994907399315 981.9924961484937
127.71251777693405 1777.242740595809 225.52853956998808
649.6218582528226 455.8896461780937 643.609994616744
1884.1012552953603 1115.5350393755034 559.6047858149299
50.65940104986777 1219.1341681210274 604.2086127947678
1619.314534923407 710.192886437363 1174.983975387462
876.7071444254992 1557.2931899311473 1397.9386911000577
862.5358706475453 1481.0741826486105 864.6983784443503
1572.8402295508897 1427.7572375295515 1072.455023062214
1025.1116701951846 150.0415807769513 20.813244127701747
1549.2994264530807 1470.151262788789 1097.5706037879954
575.0906997106555 693.370805809365 1479.8476293731098
1790.6047267081 1559.3199889145553 1372.861053976306
209.13445494549677 339.59974776575797 1024.5813313652366
93.85852561467422 746.3494648737252 693.3581890879676
403.1340544562341 398.27349746643614 730.0018354253722
234.71734393364784 479.4812819739969 67.35526552846383
373.22513526362246 1475.4201731250675 184.1112298956979
1202.9181008942544 190.4202648080864 971.6888748515927
1191.9707167783565 1774.8435376952705 115.34442117255794
1475.7917703108917 1813.5032655464524 560.8657448301705
101.92027158821881 725.5555380049292 571.6066338977396
178.06345411144432 1492.1220570098342 129.11952707214687
1257.6680286381636 736.2898984116708 1065.1209049413492
1314.552514521194 878.9331044647837 477.91375284996366
769.8383063086156 1252.8896524960355 1220.3010803645652
803.106874617203 559.2162329653135 1410.8713493108598
1795.4267067656442 416.7486490606418 1463.7007817365663
1738.3700067506707 1556.5727627184588 1188.6703784615195
191.9234374158707 277.5574809441892 1137.2932297451985
1203.7098516363626 1118.1991911593252 77.1079901219196
1342.9876371791868 1206.6296842162324 1302.9526165885488
1699.172251482826 237.79151422835955 1011.1629349443507
1176.956373359053 877.8697695173878 1203.5998520456506
833.6905575895842 902.44203897433 1272.8692976033024
167.03558984080024 758.9477478082293 30.739833037623953
596.0456291320497 1661.4112755689112 1200.9553042481718
3.4350799042370816 1278.2896990613326 256.4341343682164
1805.3941361914863 788.4991498665353 91.99248295533779
578.1007016713618 270.60099666571614 1125.0439064837776
1923.892453250468 539.3429105185512 843.8661332897752
93.57634723985964 996.6832091160835 345.2944231738293
47.06044723755931 1265.830912703644 824.4178303386069
1908.0252328381807 413.2151219154663 181.85318099920582
1171.8987506152525 307.19098273263046 1404.3423206987939
492.2657048422994 1717.3009149623015 1390.0070699639573
476.2668108341017 49.084393122320606 114.7245900356882
842.2404988682606 1025.745599757708 1307.0743488793291
1309.9268138687457 265.88925689042964 846.00962226827
1181.2197795504883 1064.6463424300575 996.8501823082137
94.4741663997597 20.553063071863555 1026.2089694711606
1932.0697311219383 483.87800672902756 1345.5478750279626
1799.8107147205558 1568.6381141214608 1461.648948576266
88.16993290860053 1830.1247115272558 37.95785269722229
805.0952104839301 336.8783908710995 618.8280225858077
1316.3434932284395 619.3287091176871 147.38181068283512
53.87021182456708 1602.3087731732307 643.1925407261812
1667.4647250226458 381.3691909891914 328.20201531928296
901.3626080003321 1900.4400358021512 765.7049344345007
1790.9752639336682 1762.720698476059 1414.1779734523966
1583.6434363652534 640.0261746968519 1176.5396501462412
205.18668582610022 202.7346047379135 149.572721678792
1301.8775820574772 1085.2164433080811 290.6644212084227
1695.8271208736621 803.2955045902914 940.4826619789245
734.147428333659 785.3881787335564 866.2711093619771
1290.9681042585187 245.02103356437232 772.5409293143994
1563.1354005685705 438.78686552269386 1349.0641810560921
749.7977575500656 554.3790902295016 1469.0924518280783
1686.2716798652282 1855.6873818779457 172.90399619421632
1643.0796373361147 563.9336308880079 1251.629202010736
1391.5640320248676 1080.6372156455107 87.71139956826252
249.4322097484578 461.85494568581566 407.0959321779656
1967.0583041588332 455.7526391159854 891.1290259009294
1531.6580944188577 803.996777931451 264.25467209723894
641.95824572487 1213.5333328621512 1461.957406129313
724.8987975716983 1505.9945569477154 1359.7524146678588
58.83034119539832 1147.5587625883031 64.22183066885157
532.0896085003119 192.2088803860469 1099.6398394703276
302.95821331698056 683.5952400707124 497.24112974988975
988.9622669593008 1236.18562578357 1105.708086829644
803.472329847736 686.1874727253899 1055.8925323364485
221.2143796541588 1951.2959866437047 1447.5364328795495
826.929996993039 959.7217625680614 1186.9391006100311
1196.4789148730465 1294.3157224094155 73.0470806035502
1029.0853701598176 1706.0209005958366 927.4978882165141
1229.4949022011697 635.4895870374579 28.85313254289057
620.2866106287712 947.9758303982046 452.47018278755866
1144.7294730472643 1923.1592640176182 24.381947640931045
632.6726775045421 797.0462282221089 561.413781049361
1453.1990324254868 1989.7764721776362 1416.1730589605556
1100.691373523548 724.5922845369395 635.4160366470105
1054.9865202738006 619.5362085207468 1289.0376811455237
651.6332238816194 50.83353401236512 505.65873649567965
1648.2364979968274 248.5338301741571 156.25632102462617
507.0147189551657 68.46499337978717 1035.4556586965725
42.8760043308245 1809.5031476922823 849.5092214077789
522.5132130037317 351.7712843348664 719.9260170888232
268.733563158146 1517.9376870855856 79.3099925498087
544.2853645378444 331.42626425026145 324.003242810966
862.3807356780724 189.0566297877012 1355.8229316896345
1287.3802433336812 1005.7098450826498 873.9074572751754
984.6254573261904 1956.9850352079711 560.2809242432473
96.1647685482696 763.7797548217675 1135.7611859845306
898.8437393258348 156.83426808843626 425.0380302560894
810.3478119691898 979.9828025502763 309.0599351651017
532.9962921172203 1703.5448934719616 1322.7363220544455
234.21049148626327 1917.99496290043 1268.4877943546903
1982.506162898354 1959.8006411361673 1268.905652757516
880.7839895799476 1018.8490033875928 1282.23333658615
138.304925032231 1935.7326006722283 18.17052949057285
1143.3085964734453 1513.7605710150926 1276.3046927860692
535.7808938209001 1748.9667752835041 416.0915700820681
1572.4496079207217 1933.5227281068662 1499.6864849063804
1288.640786914377 535.8496397527801 1046.2893848383083
1505.9752305770687 1877.2843069961007 342.23303815990414
1780.0781549042385 1551.2158446919918 570.5819630840366
1935.2182719616485 401.76259683729955 652.7387067009015
1035.040242197949 930.4115168833957 1379.3649247786745
999.1746094533378 1034.7964729709252 126.7848409582823
1440.7929878357984 1802.9432564529754 928.6897688218417
635.0263136977426 1810.750088527621 913.7041721053123
1583.1911539956998 48.385200325935074 671.8706531285059
1410.2586832256732 852.5153590816101 706.2651419365956
1522.2125483759876 1501.9136106557917 373.80921896941715
1540.3176680954107 339.9293756662751 467.5007100084908
1397.4836389517793 412.4964204502495 1123.761652077494
1513.5542735339268 1174.825625679396 1313.3182151787817
804.7648404013603 1283.5533690259247 1334.5095523060368
724.9850134311932 1268.2604339388715 1059.9737639994592
483.28249219154 1273.0924645943423 1485.7547299494365
4.855517261502795 489.4977467575812 887.58786536437
1727.7712353481577 1379.8464020383526 458.69626033281435
1975.826671195537 1698.2314985805326 706.6819430987704
423.23095272997693 1591.1334419216435 980.0038248840021
1486.1154588918387 762.8781645891958 747.9424392492917
1951.2919410453608 1997.524951944837 446.62412948550894
809.3482608219445 288.63752533969154 314.6974640037858
212.20654426735885 835.9308908840324 1237.5091130529556
668.8302158699005 1505.3149464695316 562.7832224854826
1469.9499633115115 111.11975356954673 103.45680209465647
332.69459982214136 1207.012136869172 232.91045898048102
78.74865584173452 578.1170929227412 515.8650789845923
1673.4374246865211 1395.0551213440935 420.89521930363964
1529.3869363288275 1260.2422492240412 132.022051996043
30.549455596843522 790.830109636704 1277.956642532381
1572.1562356383513 1208.330845023601 549.6277292215321
1004.57976136597 1401.4373788245357 111.53487313433197
1280.510274288602 462.60526105249886 129.13768082052556
1444.014678401699 273.7867789538477 173.86841133918773
1636.8135668991586 218.53057712624047 1390.5646571576806
1200.0298837007063 1528.4688894688668 287.4744539673817
1704.520113755061 80.93498549886058 823.4739584059456
1.8773276024983687 1989.8788263650115 1297.8550336997168
1281.7355590677998 1578.1269039694762 1435.287223738698
737.919497519627 551.9859157917695 946.5808346177832
45.355688526998115 453.3769808092434 345.88408168289993
743.955255400417 418.1296490695805 238.8233892760621
1861.8968312084298 1463.8586109724263 135.5564582496453
1702.2340803468437 899.3154925226876 606.3066625523055
863.4277839649511 638.7272804919018 648.9776638809368
912.8869019212738 1778.3176068418709 65.16736075873442
342.9149141497412 1018.9793465310526 638.2753839740702
960.6592672196786 1296.8797728127147 166.9626382512976
586.3018636664408 430.7128699786094 1026.2164901693259
329.3411893210858 664.1628956261114 1242.2262296984052
1034.160768957995 1796.984142247526 305.47602207012005
706.6176744901846 535.8198413922646 1049.1954070781712
601.9402786857299 1204.7813519874449 916.2292726182158
149.27483557738987 1695.90403055881 753.8413017718267
1762.1348175253518 860.753753857761 1091.7775247843967
1899.6372247810962 93.48554393028641 1216.2558088464625
173.55098525674805 1278.9957736186445 1464.723381662702
1126.880414369948 1089.0991690496908 171.93575742779194
1452.1064457695245 646.4839806125726 1399.789523148514
1686.9820987834928 1768.1203568003036 636.4272681774673
1766.4995056286702 923.9920118827389 637.0042930608771
525.2686464199936 1651.0794530069882 335.7450893420221
1756.8288973712663 1434.9108449611963 900.1930473211054
1969.4551566029204 800.7785585078044 1211.610301024404
92.11088850289184 134.7308729932999 696.9006248899644
778.4832464947796 1205.2078133946686 836.3993346280523
1917.7461955213084 1105.8938343486934 603.5146014725066
1088.542237632201 839.4842918138468 364.40249762179224
1431.0129719195788 1629.6801024416357 1096.9100333849085
334.39592117450246 1789.782880361616 708.1022425022466
32.09700499796586 132.7289689292188 1470.320581090743
533.0771226551987 561.0415087037596 782.3516900883652
456.01689064598696 589.9248905259775 12.482403446774592
1310.3467697016317 1611.6834859026694 331.2004433565843
698.560149472903 639.7156695733981 602.1677219615337
870.128959602741 1507.6036146143326 326.1860176701396
825.72282744132 1855.9979211704185 180.49679259301544
1713.9998407899418 779.325116078239 201.6232864251088
66.80195079468999 798.7570531473614 891.7957762901259
22.053110493906125 262.2591998519419 1142.7586462928434
1866.9662975731706 1343.5320805883262 1169.1384454159413
703.3787797812398 1908.2467415145222 287.99329218519597
1321.8708551581292 1422.701902484862 92.34630380351561
1991.5784384561969 112.48172062498574 896.2720804306539
145.08103533364937 982.1808968305954 655.4503159913294
1532.9087435603403 1293.7661987890888 1099.7867367816107
1943.2381099673871 123.38872515637833 902.2839478000988
1984.1911989951275 1553.7188894971264 19.29474498665773
627.4142724567939 1467.9913175489885 1235.9733013318219
1562.923200108181 1723.2664122971523 517.9917989729964
1517.125304432141 225.79562587763746 1121.0575772041802
279.49085575016295 1821.7356135090947 74.23124295419558
1329.0150771580036 133.2562628060836 1033.064272787141
113.80997661951686 610.4917849965874 1426.9788993994669
1827.8628878274894 557.5551403125583 580.096245272949
1746.4410513464238 192.18157842236948 1016.5188944088945
1599.6806922082294 1288.498836597322 263.08137705594
1413.018834231429 1495.7648645596648 193.29026360163414
1455.6058931438192 1133.573579299189 47.27775394641254
969.6461372955339 526.1271676460221 640.5101827591698
1718.002298895119 857.0573146628886 17.768052046894688
1454.1217990533169 1933.2179622776416 1046.8693173465292
1569.9977567667609 1.9423722196061366 1372.923257303493
80.97490052832468 634.8360661999188 301.1210785248464
1594.314744220818 11.339510447722523 506.7078495203129
657.0069458226897 1094.8353558446358 1355.84469769764
701.1310167327505 1995.70833630053 166.35945863349778
1475.488984059269 517.5101603425229 736.4465789901537
1082.1904001997489 618.3554979439141 558.6795667251097
371.1809059761515 584.163377165543 595.2378053241706
1755.602313786148 1507.2880904075366 366.0783197664476
1107.091657367164 26.14610211406876 216.51753030205444
1824.3703638718891 827.6068470693639 1156.786440287153
1111.465384291575 1503.761537539373 1066.5457948644182
255.5131812074054 1882.1733904319235 894.2220277820685
1370.3916293369844 1563.1916318520005 1365.5092555497179
923.748283491179 1821.2198876501893 749.5803859235381
1688.8155281466834 1803.3946268805241 986.6461541234308
849.8202518319724 1401.611532400396 484.17544523307504
624.0541061927172 1718.5261427602036 25.262154415452486
818.5053788921033 1856.0853921404353 454.36108821087805
80.26822199444395 165.06499874603398 1037.06847640139
989.3139903845587 1731.776739955124 422.37798800336134
1124.540172171845 1747.982504407688 1143.466965171569
825.1694424969367 1260.4822669462924 443.9580328701505
1375.4199448938946 782.7927555624008 1318.2695569700963
1265.1677251235467 998.7613477553693 465.99745522134634
600.3022887501766 933.1453140257003 649.1753092799174
67.73346119848922 1235.0067001500518 1045.7159162498979
1917.2049098859354 381.9367162011071 772.798901638681
1942.0362052765454 984.5869708239608 806.5240540385554
634.3127910598023 1592.660961722886 746.4232575306098
