350
1368.046119773414 822.9884158799691 1149.2539460238013
1179.556729314226 727.2638559264389 1321.1544420773657
993.5340663480902 981.9992759115921 140.8472806349888
1070.4864245602034 1125.0559322805987 1396.24605003332
838.7707416352109 663.6936659680007 1304.589592032405
771.3665492511108 1282.1027626854516 266.92926585540397
600.302530742799 696.197707644115 624.7678006063251
678.6988885803144 1160.076555577603 345.650468501235
1016.0363511389211 1389.5325479076628 175.2924013953257
966.7592514385858 1111.1857021105393 1396.4630014080738
1058.2067538383244 1296.4898244137764 794.4388460630805
829.9054280200925 999.3221241655948 506.71723765674665
1208.726697613326 899.7734939991794 597.4244701075128
1375.8886935751339 1225.9904184205168 773.5263482342831
1134.4013628493365 1440.1781395065034 982.9982121804749
1108.9141644734368 1304.1604125991973 531.0244714450516
1191.9159855843945 992.9077789557604 1390.3522451922188
1598.477419746619 1361.1501855072408 4.229212497288525
542.2384834511442 798.138969963947 1310.1785158962261
570.0378853151678 769.5153184934339 226.117537441017
518.9478765895064 1300.2862915132348 882.0906338092568
1123.5084897069523 1074.2197826035354 121.00681387744461
862.6550491810449 1091.4796061710188 506.80495746663917
929.3836080643651 820.0265742810052 1073.230042830584
1037.5636209859679 920.2350551213227 888.727176520917
697.005074586195 1021.5356475090567 195.9913191957503
1253.9650726829784 1365.3359169665598 1214.3369927726
925.1046669989196 1180.7530573261267 512.0386831434573
734.474328803336 1199.9695159431735 899.8216169380073
1006.1944887796208 1028.6128712297661 1458.566539363968
886.7495498972337 923.81251537977 903.9565223775816
1066.2343438063551 677.9895234911403 565.001314082561
1043.0181107063652 1037.96877489232 1213.9920274923459
831.7805771566593 998.1776318443806 1155.7933387098628
944.7763770812668 1195.6893459727123 1386.4798424015873
1226.5499917744846 1204.6765182801155 220.22255583412453
1027.4866383876376 528.5604513610324 173.503032322461
917.7798189084845 1197.1234774000914 920.6515379056747
912.3079715192781 1052.863714260076 218.61314650597657
948.890761355416 735.0197076443808 610.1681173878612
699.742812539653 586.6217006199192 761.9687207676383
1320.5352266702362 477.3673779299487 883.0040418835277
569.0990999596714 1272.866692787093 1363.4200465539197
1139.1543414250457 1078.6214311096821 63.235237546155844
781.2827347409898 1067.9104777591447 1106.831458616181
960.7046032215255 1103.0448514700395 860.0811107112536
1051.8549236441054 956.1677271121399 660.2123271691397
961.1027915381483 953.2204613594715 132.04377742318064
1016.1356138467743 484.9212688261847 151.1445498106918
983.3520678327741 992.7331049738199 703.0270938372056
734.672229678087 773.9819947333866 1491.4138343395323
553.3509744341557 1051.4977219590899 323.8122643694162
594.1569920007153 783.8679165869343 516.3039256707469
1087.4003391588856 1415.6793110131325 1363.9799618692837
656.0318260010295 586.0431364704705 1298.3914166129955
928.6255763309488 942.1414766068924 1222.2037977747223
1555.3397846761495 1063.1332860316022 1177.3623433961993
972.3415601326685 557.2375887458576 11.05752058494508
618.7816544149935 869.9134447945733 368.26819445453407
757.965250414861 1284.0652802179043 965.9116846609684
1468.1125846799484 904.9581832161998 896.2790583551448
965.1146227721166 716.3319825948488 157.7675642920709
714.7332191403943 1353.6199305341768 683.9534408511668
640.1869622459835 609.7882874135084 223.32764502608188
575.4698629953652 1287.3158509145128 1221.3856523584827
957.734075014792 1137.0903142625684 153.35899005887345
698.8350619069648 1144.0839814099338 213.34735481057766
1545.8986434149533 727.4683889434666 497.919847540366
965.0887745271863 1002.166964621134 304.68745238537076
1088.5380057427863 1031.6619123234832 852.8936645230706
962.0244501574991 702.3249040720536 574.8851383465354
818.7751085138468 1246.4825306565087 1356.9925545492954
823.226126391307 828.2869049721793 1449.3791259880854
403.10362997502966 1293.424197359904 868.4426070396504
1059.0296131975176 1160.0203117397812 199.32533497780403
725.5884852213067 1460.279715081748 40.44745795267657
1115.838172307682 1328.821912918122 356.16512480210133
1028.0441413630983 1128.4966927416433 96.4658639059494
380.7772070002542 802.1489268833993 1118.904234623744
464.5758854090284 1048.4647357428782 840.5823555762972
1480.4582561029329 990.9437958739614 103.42693588539959
805.2265841695831 1456.2079152905924 588.0454397156018
1167.0715377141835 994.0868173419843 311.40802101444916
943.9206261760726 794.4947490072169 514.834570430251
872.9747076614445 1088.2062325595762 509.0655805835562
1159.6400213442123 1090.370456973685 909.3410078221293
1123.087118418679 1249.5742268651818 818.3692895470906
681.2433922095549 1131.8254553484235 663.8846524156401
1270.0361748192136 585.5277611407282 889.5718264036987
875.0271571134436 892.7198907131453 1342.649079735647
936.5130606057982 1150.8553185969984 1172.6932862411204
741.799279762982 565.2845373789175 535.4398988596537
890.7443159151858 1133.6187058834246 62.98894459586241
1066.7912165829757 817.8409707917212 24.74279284626163
738.5814967832482 1360.2981438214445 347.49355188873824
1084.2895076180757 886.7302310701407 941.7108674994414
973.73778846899 869.1143939319584 81.69641026574398
1069.484302077835 849.8685855894455 1481.0027053907718
1117.7363100788662 1025.3994850874806 630.5328045368608
782.984525008126 1231.4394152898947 913.6889657095554
696.0480788049525 577.0290981241213 493.3647486069222
930.1474263851366 846.8994420281142 1055.0669363052282
966.0963485388835 548.6770857511207 69.63263539704029
1025.6298644368806 1184.9437682392434 1072.7164889747714
1449.5621836820553 1169.4606592396012 1234.505274579776
945.7935334474009 811.8473393668204 23.31776791604423
1070.26543679153 1085.6623425362222 6.4042355222797
1007.5879854402256 970.3064238055955 453.7420087756907
1224.9260024523503 636.301369047294 923.2183780636472
1096.8166557723157 801.3989244079835 303.87815165458284
550.1333716151048 1152.8013287632625 697.1442227491524
1036.2959530482735 1303.9341119275482 483.9068956248213
917.7729871635792 1016.578989834602 835.2601515121295
781.265411231039 1347.2737431926885 101.47241179378564
929.496888785261 1136.9311043044183 636.3216641184567
742.6999030788426 754.4519250877886 1259.5039990164203
1103.9115994444508 1258.9241650366394 1247.717033959223
1360.8507889299835 899.460347657489 275.9310519337609
744.4431746188607 1006.6968213671242 624.9449535616039
1170.579412137332 787.6288991606473 904.5023523457005
1352.7604653766407 407.0902466936195 1488.8217435748406
992.283270241061 1419.7573616186178 901.4378405693379
1025.4643972819645 1372.246680699966 1065.9672368571923
604.2744222126122 714.5926002170502 295.3161809600881
817.2525526866627 1013.0732487285002 39.65315595013036
985.7789966646237 1046.6204077611117 653.1408467403352
873.3683228300431 1145.499967960725 839.2122455561971
1459.9221024689828 1005.6238707008637 401.27324834538643
1522.2267552355102 831.06568461137 1372.9091627432083
908.2569087408292 905.8049174057201 535.185879094522
676.3255405474265 1037.0958496441783 1011.5800098866483
703.8612505257186 1358.004347191988 1498.6973309539626
897.128213807965 1162.4442379862846 1159.5384497129742
686.8690853256201 1129.9766469409406 209.06279415642626
797.9966398129351 1162.549851901865 342.54371990226224
974.8467464457968 1006.9487134525244 447.8408159232817
1522.119154888649 822.233872248739 1401.2675099490302
782.8604377352256 1040.951176573125 731.5230240084112
1266.5871149753907 1127.6902949895573 606.205375720282
1116.5893533745152 531.230963945574 1118.58332047544
701.7270964157743 1003.6494397224332 925.5222880704471
1075.8365996691687 1411.2645692348099 1398.2693532196301
1086.9935315370885 1172.9592253593507 241.51842356432218
1356.9665374671108 1078.0186234376881 1026.7823616495082
922.2966269392708 1018.5498447169897 1412.969090337324
1074.5433573125656 1418.3212742114995 773.1028056443076
486.50790158374775 837.7182167433398 274.956515383978
1328.2985222266248 961.9942246109887 877.6749127056355
1272.7886343064458 944.2982740680756 540.2010556666188
988.3215199719551 1517.1545332335882 749.8065145306845
751.5275843734925 1358.20113832315 615.2794816283987
670.145457265586 912.7668278985517 971.0367680775064
1209.59142394914 975.3284097414225 1169.2311608052773
621.7216236242009 942.2891884348559 178.41083537676516
885.6472045732282 1135.6662606725088 182.81712455608417
973.2546122466359 1029.591694799436 819.9211633480377
811.4190646231025 1105.1215763110672 502.8947872013673
948.278993251209 920.5572863798451 1072.7436776414575
1198.0399944261906 902.5317796935808 54.554431615059904
690.1894840791069 1321.2061283022488 108.55567655052101
836.9733092924362 1348.722109760221 1014.6497404493549
850.6394726471234 921.3502892261515 1428.520836948988
722.8649966594467 1485.0311438441463 749.4887118716082
1115.5824373598953 723.0782422573873 385.9244518906259
1191.0430192446597 1306.9659048293279 919.7982984435525
1062.7923950393692 992.751309293741 265.61591181807705
1365.6835899511134 1266.051008195032 1286.222506388088
664.8100126488918 853.9167677460337 961.5195366798472
1079.2893224214813 1025.7062807021005 494.2094414159053
645.1279714492255 1455.5432554136914 753.6976087622239
964.946194428478 440.51885779782856 932.7179868553299
854.2318291359674 513.6934085147263 770.6685518725205
1103.9380175724893 947.5332093978043 730.6927344093216
1754.1449476203118 1279.003745924638 430.3371293962799
1412.4236363324324 1185.6292491541294 773.3362640108929
876.9843106072393 991.7004554201451 75.00108555198636
1073.5840319781614 523.2558952723216 1149.6737154938628
800.8048679610342 909.8351679086828 15.324546201971156
1046.42178524414 856.0864670694918 785.2200514322635
995.3303357957153 1219.2896660448673 873.444713508253
1413.287367619383 1305.2210057274115 141.10067822430366
1315.1112539193296 825.7664340453391 1084.1465202898594
1054.494469092479 596.5646694749894 435.0566332715684
956.2478278696956 1446.990399524351 1376.5482370437132
1181.4347293471938 823.6523588493361 1211.486583775282
1079.5975374838392 957.4821455175306 976.3038076590024
1185.909749288222 570.4026797352456 33.190501589226926
812.3968779594146 1386.8892742440073 1440.3263973066
878.6767708549756 1012.5702731856121 1057.463832800276
1035.4916485211338 993.2642513137849 853.1296370254561
729.3061311587171 893.2417150406236 209.4426724891217
1224.9308903205995 774.168886776232 589.0825525758573
890.7305868497424 1001.175953285246 646.6099715879639
935.4052122302517 1046.0616456998225 1088.257095407333
840.5816252253353 687.2402225364954 321.84687748402376
741.4897336129774 798.1893860245302 894.0905465866084
1705.2810994852966 825.8494756682414 1195.641919320344
1110.3536169336123 1073.2639898536254 338.43402376735804
1236.3596541023012 661.4391332402349 590.8533811543562
760.5970186991321 1656.3995763687828 342.2527948375888
725.6514103632273 1082.860194484411 1233.5679458098991
827.5300941321539 1031.7512021280813 972.2605733456893
810.8117816811686 1137.039990155141 1055.4920179914855
673.9150298809388 1023.2855751368297 151.5437667816475
802.5334944652141 790.1629858607484 239.56963890869588
1144.991382548127 999.9755535333261 101.94168396187614
1178.3969356176362 775.8973022291445 1388.6940712728233
758.1949691114637 1519.0518718357962 1166.21001769087
963.8869471778047 931.5365164939741 656.695487690764
878.2766383552389 1141.4394786119242 455.8541294108585
569.4886662034114 1027.4096826937082 1140.4957632513626
270.33556140793985 934.4954281539392 1465.7010402171006
1420.0645879611154 869.0294275721587 619.7753063525305
985.2109534840603 932.5771094753648 411.6162159050797
812.6584549534433 1115.5274055855414 147.97011217425754
1427.9303060775612 963.1223435024758 1045.6166226361695
1056.9988869985923 804.1314907703212 823.29567445074
1072.6158896154645 849.3766436305518 1494.6381315889769
1034.0394781660966 274.28163179573653 529.7401096841503
968.3953990372213 833.9082765196766 331.2548840530491
989.1769971682191 1024.8660102282572 1112.2355364179584
1138.3166277902067 680.940727465719 1434.3365374548189
983.2057603903496 954.4036401948 272.5658722937346
567.65036661562 990.6336075798456 1425.810682038506
1168.4351903534453 865.4369402935979 1271.4317343689866
967.6724857815499 945.9621763664334 1101.641179774051
1154.7339645185796 894.3470835055919 950.4558919733636
1390.9737482431276 825.1130970257001 1383.2280810990126
1319.9844925603566 1366.0781302656424 753.8446880374037
1217.8514623241065 1157.7073020339049 954.5207592294565
683.0861848132259 745.817110335528 1222.0464549877524
758.14387623488 695.3082855682288 1305.0108016270822
553.6593422923173 604.7461633374014 256.5444009054902
1085.8324687462023 1131.1821826500752 1380.691795382324
844.7579691853732 1682.5520171131452 1411.476751524204
1498.3442922173588 1358.7472469726954 59.54674526011166
573.1063980116023 1121.213232068709 180.3557889218835
1460.7963401328009 1313.0774261725123 1238.8482155664944
1254.7011189790392 1302.787842963562 862.6186858548655
1447.6193178660442 881.0561855653598 1106.2144858355985
1106.2317256666504 1010.2300288758623 449.80455220713964
782.8286837713152 785.7407247198244 767.175779528663
725.2294145722267 1307.1540632617337 1218.0927730058786
1241.8169237207294 743.5196983671412 24.37760418022944
1204.0859775892934 1345.6341461367488 1074.2058919263736
1345.846567962109 1282.2427782414193 1494.8412237590405
182.08598653135277 1292.9259797013985 1040.9140878411004
830.3777639611778 1298.2495087353846 176.94138158262157
644.8903546519953 827.1589843073577 276.2135378455298
1398.643806855274 1038.8153740542366 1085.564024296162
817.4623253775063 862.7064982340108 1251.3745320802652
1324.9555595591 1003.6274004468368 911.1132900064965
679.0131879073385 539.5409857799718 1469.3483146956553
1257.6333960810448 1025.8043041614142 1121.3462851227202
1382.974709727647 844.9306961835078 215.9767723639926
559.8218907845688 746.8957438480024 280.1027961089347
1385.0694176333307 912.9069999261027 407.5325279900782
1017.2452462472671 845.1931946087951 1213.1352892374882
528.9228078602721 869.0406173231557 387.6288018838295
1236.5724348292647 979.0977826218507 201.5742915786995
903.0979015294569 1351.9918711298806 1086.0925320207064
897.0683915219861 1256.4663524237706 322.33802253958515
1238.4783047187957 1296.4144832508894 19.203577772829718
991.239761638509 1214.1793310923435 425.1403030943527
1025.5756161669315 1006.0874649419459 1091.8635267627844
1158.2803322710315 1324.2441512734126 811.3380107405515
1014.2299220384244 620.5348570701408 1390.5557414748796
1383.7490274003003 854.9726740263671 1439.911807769617
1053.6974594183403 783.5074926163185 1396.443598076665
702.136070872983 708.7975898137486 790.1780633640719
986.0217619129741 792.2546285325342 542.2529464907734
1062.6764182146064 1173.2100107779474 784.0935886716505
1117.5331645159724 561.1207067496011 403.25289252955474
1078.2880806161759 843.0912131181972 1214.4530721925694
375.7317506078265 969.7023386494445 896.0168530485337
1168.368986155987 1139.110202120564 1432.6655232919315
337.4055158541422 1463.1713329255892 1214.5265720335685
1358.5495826950519 924.0774944967777 644.5813242108335
932.981483406211 1277.1388511829352 715.5639331515928
1218.853949014698 954.9913606427128 1118.611105397169
1488.429227979177 1252.679043669833 1436.3470112822386
576.6475963836529 1138.036656936541 824.1811559520945
1043.5522357088466 1185.5800367894135 614.3001394090776
798.0858209754259 658.4708513178667 1053.585305908639
1007.324083896004 1314.5159489780826 742.9811793664876
1333.4122548216142 1200.384517539961 1107.0335232915197
887.2361353266989 630.0618158182765 1175.9451379814616
847.5804431985118 1284.0374720928216 469.5219449085541
1392.580749281161 1349.2409305787664 1067.4843141387835
1508.0919781086413 1146.0718246302263 329.2971417242894
1466.7033448380503 1141.945350832091 1472.0693457068637
649.2425484122325 1038.84654131665 1164.4578571886066
1496.011920047384 1114.8080831531545 790.3204674334113
1100.4158072890789 735.6077601333412 1435.0335178300882
832.8556530034157 1183.0847973568914 21.989645060433936
585.5071585713688 1106.285477412713 864.6522908134529
783.4228119286847 1416.6200337200787 728.5813986165861
940.6581109767221 697.8465942526466 224.27748735326364
666.2960860159221 1480.5550299325296 1489.1385937995371
1156.6107168113522 1105.7923539890892 1339.1824820967188
1328.2645582793655 845.9718967062656 1366.0313630058704
1207.4877020898325 1089.6771756623762 76.89435378827287
355.3597044623531 1177.8816966330014 1409.495266768973
1575.8872705260167 877.9906293850074 1128.9847446630886
671.8158542207244 797.4437147525283 720.2330857701722
933.0904791758627 1433.0564804124094 516.8236453057244
741.6287899965619 1305.38571253276 216.05317607284775
1025.293969285656 787.2252597144569 223.10062941643903
974.8104226773111 1090.0201809253933 975.8980875174599
899.9963793560619 1283.066663754791 741.5522012974877
1132.9636451103677 988.205563333858 1222.8134273077917
1251.9494761466442 724.534553347475 238.0313410801612
1443.9107679702884 842.1971895683191 633.5210322649002
928.9342690664083 633.6314866839859 210.55722791074555
1092.1812597591122 1231.0948385527388 633.3039172071599
797.4203337268509 662.4136052424349 171.08058699536966
1006.336697832398 847.3052228889902 1230.521723557913
466.1267848403535 1025.6117732669722 971.8057228021144
1492.5752107979176 1065.35937758795 1179.0123922314174
1371.2050137607232 876.907947871684 1183.4662065795367
922.6942482842076 1002.2976444045992 505.044526759479
748.122096412367 1114.3765061045972 6.777921480755234
740.4294333298162 602.3324192875375 1294.9763220932896
1192.5024622170686 547.926911200506 553.4520746124878
634.2830618635605 1256.233746488584 1386.8227245167889
634.9115289972515 1319.7692119559727 1071.2734693760449
1016.1590575909945 1439.8110361836536 542.6909117130697
1207.99652956774 1093.3574703182533 922.7209790549862
991.1759530584177 1726.1242914595027 107.50484718291403
1161.5461013287916 992.8934716770044 954.7948475348054
955.6685148701748 284.83748979212385 160.61093669718534
903.8114318967856 1289.2289997648136 463.92435921397043
1264.9724695590085 872.3128652622275 1478.5477194720606
1216.4890508292003 1275.888291057241 1148.710992375949
1004.5038588045737 929.586784394007 38.61855249642304
928.4758488334722 662.7894552926593 327.1320207705752
1096.9673980303573 1078.8393056730888 66.56469837100248
1291.2665546352596 1386.6675633766365 1446.0150910225684
1326.567828569015 651.6861968702276 654.0526734160712
1248.9582526777538 730.9745882520691 872.5126037096085
823.1290151571383 1013.0990883749245 1167.4717593355315
1029.1342873000299 958.7501280988724 62.483505168731746
1143.7136867522775 1014.2319819483198 979.6959880835357
800.1418365730232 1262.0555800346042 617.5804388878233
680.3169453464615 862.5690354401409 1132.9539794885532
1130.3326491214875 1303.83235152193 1361.8538867911814
486.27942712210927 786.2991598262424 403.3113657807215
1391.2878898714116 1365.7939991420053 198.24761207767995
1099.2271549183886 903.3588488793711 813.2305186094967
1208.263908184385 891.6812546738255 870.1220634331938
