350
977.8923565568905 1250.874703697115 1313.5259710691168
1121.748633688107 1405.7343970924546 631.1574624594498
1307.757243147036 1040.1076576657342 1262.193162670817
1450.5171251386314 928.4883045284865 745.2483267951428
574.568812189653 1088.5330691225843 937.5522791719094
1039.7166433123923 678.0968800174763 155.51485165583384
1301.56988453868 978.3719857698627 778.7633851766824
1489.1542224377995 787.5884416149826 1091.2976698702416
1258.043471301306 1032.4799778912086 1035.9939801650494
1221.6022676097634 1014.110770956159 888.3270840326809
922.5141523391603 615.6403786036036 727.5895698313715
1185.3821711273417 1180.1253414410246 1093.1059365155654
749.5822614632003 806.8816907116843 1287.0096572768657
879.6199293112891 1211.9503238102043 629.9726182655521
908.2685146475982 1051.9874986826264 839.5514479044297
1268.9095946086134 913.833533789921 1042.309768881872
734.5931956739109 1003.4332212109814 203.34787357943878
932.9845257368258 1049.1030461246148 825.0029408919552
1263.0669334585302 1018.3279687228494 821.6965235091656
1016.6891258065893 1194.822423952636 595.7856149890861
1218.7373118745343 1258.5087446832367 1289.2266084563564
1279.551141182103 789.747190294952 205.26485222158598
709.4582747324106 989.7186795807156 1091.9294561940515
880.9171002436226 870.8073921120967 705.0468714602987
779.9856413835901 1344.4763642729292 509.4621447607677
884.7499641129172 1161.5708928428605 1395.6147289996775
615.4997581449695 803.6069911437246 1017.8214617688756
673.6762061637231 838.3362398827779 1238.7619679863894
989.0009645628834 670.6438626636796 181.3114849304865
1012.2088522079113 809.8299987883768 158.9427831257341
1150.280540598084 919.7023597040063 630.7362220665074
1332.8086375723726 1036.9249781517926 1460.0835665120005
895.4496550435802 773.434554211103 905.9091919199739
1062.7157071734287 863.0393891872583 756.8046553030993
451.2258069366818 1268.7455842903464 734.9734500607086
1191.736381386956 1007.3986701830974 1446.6002633665855
972.1680856577451 1084.2496060951587 511.3652362732585
907.100912432756 520.9923179405121 378.9776617635936
968.5203853536882 531.3984416326621 643.008433600326
1015.2981826034697 713.2467919131946 346.9894849064507
929.5092456289065 1280.224676145128 679.2762781470249
948.7806104183305 1013.4605495381292 38.972022369742845
589.0443118481846 599.3396121628205 870.793016009852
888.1209766441955 1161.7825459173528 943.8119541250327
1073.5872894531979 930.1375767332387 123.22256207599392
992.6592344875614 634.1636584357625 724.6141038274533
914.3055977332774 1180.4931012943662 905.3999640159977
1001.1067415342992 953.5166106702725 829.341524305827
1230.3254483015767 1175.8055577326784 358.4143185637045
734.3619510995545 1217.0135144740277 1312.8383464078179
770.9488916593309 1115.4811490216252 1375.1635235461972
1285.407993268496 1016.0496047901023 1211.2341198300753
656.1747066302248 1345.6978924312434 49.83405538576741
1391.9946962730573 1219.5275333840443 1175.2120296045514
1206.0897135588684 1131.748991919665 393.0579081372507
670.0760042568718 990.433231424234 1150.4688810372418
679.1923129706313 985.3759370315978 994.9303218221595
1035.861132670843 1100.6526358766093 206.6460550547173
1249.6741616019892 1219.5387990918207 271.38076351593674
1232.7983156245614 1411.7335396744893 1371.0318088772192
651.4177535138605 1028.5340564493608 326.87086203987377
551.507988315979 1022.237449222762 602.6213078377483
792.4515362873768 977.515376502768 750.9974776511426
1046.7261234897123 724.646332686791 1124.006924709853
620.0618273649927 1146.112641576596 210.3703314848823
1006.6295966622429 1120.0549841608527 635.4544419602139
883.8151171475398 917.7723774275848 1140.3028076171593
873.6501999300489 948.6553561085484 136.53056719780886
1276.4045333149127 471.1892608983976 1401.8181476697278
1188.962153650225 1248.9765548589019 1406.2147004864662
1164.5775701405582 828.8753395645153 1025.7695715499565
1013.4438091808925 880.3422762179407 1197.3697120089018
1142.541012121694 1114.1611134062327 1388.0614987066258
1131.2065993549932 1100.9889626001893 190.1357374394939
1200.090020976771 701.8908789985699 322.06202571923245
725.4206448892542 1124.3286754893752 1117.1820266817217
897.7960321065838 1052.0701972705815 561.0919460523373
603.353037812708 1086.7274156800277 360.3410496965246
1245.5582881127489 965.8708589269668 550.1857089686464
974.153282328633 1000.0243741680509 1151.250576129761
1276.7724102422299 968.343262153945 118.61101453021017
1454.8536629120385 967.0910811622634 308.1409677095513
1122.1284532524128 849.3722970289238 1072.7620353974685
1150.084595076034 1416.396836980043 642.3079286811038
862.2207515551579 917.1468004826266 691.1032894488392
1512.6585054615923 1039.932208229423 301.6227207733883
905.3468859842874 948.1931884904405 589.6336816687156
641.3204286521466 1435.150211308192 40.57062319793858
882.2396281235135 963.1013403871101 734.4748304587018
678.0222930685655 1473.9318422808317 425.17419097955934
1376.055631458566 817.0073390492072 123.75735221690698
691.694547827145 1262.1327894938624 134.0592338127503
995.3520336488594 1270.7141699999434 904.3447629863634
1054.5335180628467 788.3745875943396 283.52448946999334
1040.2586750594294 1084.0578625984488 1146.5455865686738
1157.635324393074 1132.0743419863923 969.2546210679986
1110.182722468356 1456.2221126696536 24.625309483305934
598.5828259893653 1182.191581382539 1282.8462530258496
1199.3450848813522 796.7434824777745 545.2711003592906
478.59098844802554 1055.3821504851717 778.3697687979062
706.695773710099 1197.4998387710307 554.5783088924293
1006.2712680815235 1152.9633954731598 618.8199188282981
834.3691935657696 558.4145100275457 1210.4946102085557
873.8906478927569 1194.7861582716419 815.0815149040467
1112.9592249429854 969.9315292875074 13.931080421669462
783.198474969961 1262.869679769613 916.8484161227079
1149.2773287627565 1045.3801674152826 1175.2584689451296
1633.0648064868126 864.1605355593773 784.9856575930644
842.6771091918846 682.2994636045842 970.948899127038
1040.6017982246244 806.9526886257851 675.9787237294435
966.3788700461611 1407.4783173026872 385.1766422776466
766.6716812293773 1352.3923502130162 1204.4602533935088
605.1877550276597 1120.5386721386722 552.8520866319806
783.1275440341991 730.4501866179196 677.7768653650462
1000.9714518007503 1027.7351763879876 168.85887201267474
1186.5775077676096 797.4763000900264 1333.6068637002336
1178.5481552065812 1060.5658599436279 235.29188067737118
1336.0904125110349 1244.8812297293039 527.1776640781005
1152.2070657002362 1056.3163753940362 307.0230022236946
959.7780114905256 1175.7906739435077 1116.521995044091
795.4074841975166 665.1377023793864 715.405360339204
985.0939490817743 1383.4080951654814 43.20102157212913
882.2756041510797 889.6434368130597 703.7848990667989
903.8314425014286 1209.917797478095 1065.7638281041943
621.3349725886687 1099.2210074900652 297.5361529360874
1082.6783384252499 910.6966012840895 897.4412972943053
784.8932246802248 679.7958260097462 442.11133387631173
1135.9925731162948 1006.3885334035615 506.91875842687443
1018.1331732717881 1006.0509570428973 717.8054680222234
1097.9754978034086 1173.2358362898233 58.74160408106077
984.9671242792936 1040.4879071657783 331.327038845999
966.096011349019 1454.5607665272494 212.3653468574173
864.5048007823016 1050.391278709112 1107.0031207191532
563.4019404339731 923.1077083660387 1103.8969476072687
978.8029606912957 838.6370136700147 163.22305688278936
1308.5420524156689 690.6846526670688 1209.58388679709
1353.931094960261 1061.6883957683717 1370.359449755608
966.1724452843987 1262.1051024324672 431.47995594762625
1168.0109619450545 864.8160765986713 678.383104495705
575.2787109924616 1297.7685809864543 221.9694514280313
1220.2204647643146 765.4282356454996 445.68164733022246
947.850049079822 1164.4544103007875 1366.2690091582476
696.4783781469794 1094.9785764718067 90.49369220477038
1353.2693873653427 1129.1924478619999 1158.6441275460395
1251.5467270078775 833.9103337079704 1134.2317962741297
975.6273179150658 702.8186450436921 652.8787710608053
1258.5540690279481 977.3726723497883 313.8435874525873
962.0416882213501 795.8154557686831 747.76954619331
508.9861313155534 1031.1097621820816 1315.7311652669227
945.159281851632 1197.9002293154158 406.7767586886925
1223.202509628456 944.475001721873 217.01584700014237
572.5294636691655 967.7813421220709 1328.0213593553856
931.1281028247859 1251.6409754291353 108.4337644212921
1247.3698890076378 882.2458638663963 398.05434454869044
1243.5255751490201 1541.9366375378004 1039.012643450547
1220.2782608399086 969.6703251902602 393.74924917731755
1154.540936688695 1200.1451657537411 178.80006476985443
816.7340089585321 796.2108968364571 334.6027789763077
1205.8055609406483 931.7827992959502 723.9799192841166
579.7181622914497 860.8482529518517 402.56214804056526
1321.523489204004 643.529780093608 404.5537146303049
946.0292130725873 1154.3969752083467 749.7396872420356
658.7419881435578 1014.1198054965558 1004.1319473215092
631.6483860959174 1411.7034099748018 500.7710165481811
355.72704723734455 1177.7273609017277 274.9370681922317
1381.4743553552862 866.9977285974148 1016.8423878844015
937.3875452191703 1145.186925745853 502.57138589114476
929.4977048825169 726.7968537160381 1240.9372236267689
668.5806853694098 891.1782266720704 871.156775740699
924.1949760847066 681.4213112241137 120.7545480751805
919.2652518768732 428.50813163529745 219.27697075328905
529.3628700952322 1149.2909409531953 880.4830852739275
1027.3066689066027 811.0743656042052 339.86800955603854
840.4092843340484 571.16995222691 1055.344205462688
1099.2319457586923 1005.146991061409 709.9875310707419
1143.019213568033 985.5300740854975 57.67397256282081
1302.3219711920196 725.2831933118548 975.7925682992665
940.0738246368037 1308.1046278262718 377.2490174524711
1338.221838068039 1159.0363771773361 1260.1771260461567
1008.5794174359095 1209.8252180155025 362.7423356168444
987.5054102616803 1115.6570222978644 12.733814606083971
627.2577217182954 1007.9268862407229 428.2003919115538
376.4829885334241 907.7852882851456 884.211112914934
1319.2011755870774 900.5220066418794 1145.8805135390714
809.0239744753762 1306.7569204964225 679.3518965669247
808.3504463486064 1419.9226434332966 850.202307596419
428.6383347050662 1146.753006042296 335.3260274378848
647.0153644631143 1123.2383690876572 586.9706232560243
733.1419342853441 911.1178767011921 1000.7321737665865
704.894345990491 1638.1011655569423 650.6810539322405
1076.77474961887 527.3761435919722 1497.5709039120954
999.5470245681722 1181.6103339290894 1048.1976460870874
1176.3643430235027 1051.5902577287402 304.32793497065796
1231.9612652818319 956.8411831402221 662.793400128307
835.9329973161921 1212.6936201035996 1121.0171887565145
1408.3924434824548 743.9800592828964 1116.1922629007552
1030.9315964144337 860.1480187257412 12.287071851308895
986.4406196555282 487.4517861734972 389.0722983664494
730.5338002738586 976.2126346333712 1464.051858123475
1029.9689944507118 584.8834159318237 871.5827526603312
1272.6685417423334 953.5725875906808 543.7615411053928
1158.6324119265787 776.1609237729056 544.2573794266935
870.4843671233848 691.559686826135 514.2384401599078
818.7919707487268 1217.5505905388632 750.0787270338124
1035.4573613024181 720.544790606174 834.6282055367444
1259.0011932200773 1551.9754917068271 1283.963101572388
977.2406334561815 1102.4610200320303 1490.6170809849075
1172.286865019956 1008.8455163098159 1405.8995035884957
953.9946703856194 959.5622445098396 1173.2002328523952
565.8480628801447 1039.6383359404058 733.3123003273487
849.8145087489195 1003.0464961002664 1461.0501081289037
906.8703242779771 969.7494953230307 462.5740500412953
881.0737417287766 780.0029063681982 511.26917815101956
1468.7993871158496 582.0109597424861 738.4193079187895
893.5116231636778 795.2813177958415 393.9715938791212
631.6017121213746 961.4243841203013 477.3610491496228
734.3181894025929 416.4297503410156 466.54846885945506
952.7205687626558 562.7917095774194 569.4966832340909
1147.2156379715018 493.7874049375308 663.1480711145525
1167.5671836336628 1227.9355538639213 1467.446880627275
1089.3304779816397 568.0378498367506 865.2556260804739
878.4348282931372 921.83101491564 1198.8700296736417
1332.3902482043272 709.3711826610286 186.79427248970038
1570.8556508742572 840.1073752873481 933.5881975787819
1429.0746925216968 1005.1593480268117 1107.6795558412014
1530.67411396615 966.0396123626505 930.0164837215802
1547.801879948273 780.5961545382568 323.1012997791324
880.141431354016 1194.9277631036307 1205.8866627799516
1486.5158012247339 758.9205488140963 444.2296797224201
964.5131411568015 939.0444661934946 1329.3854841662808
1000.7443228905971 1263.5758980844791 1343.820545625351
1044.7912347500562 813.3182972312097 305.77054425136726
1130.9911977144902 627.9146351992638 1292.472408325023
1038.9043840648478 1032.931949895333 121.76247660167321
793.4272912895357 851.0632846735416 615.9970543843564
1039.269762671861 1233.6663739187957 1314.9507853253256
624.1617764859075 1199.209751575339 312.81757727106617
1247.5807304451919 639.6586276890258 610.8219878081592
1446.0527499726143 880.9255032413611 877.9219708407726
1154.7257330770985 1011.3733884838097 38.2563052179612
950.1948342910263 1369.7569800749986 633.396117124499
1192.5642174582563 772.5225734972541 1141.506345369808
998.3968731489828 1156.4745925959542 926.6827191111599
1245.778865471618 1180.7685066236584 424.9012973100187
1062.7455317794067 907.8656755683759 669.9434255786892
1019.4295454267672 523.0198099440727 748.8359624273033
1365.2555739418574 1021.5457074139632 958.104287763399
1041.1178414218937 1118.4916628057156 413.05722431526766
1513.4746574532878 1465.2989916654265 85.19732954875364
1063.6206469531346 951.1707250972454 365.46412146282717
1184.3950367866112 1231.7347151181984 299.8581565059121
1020.7903407763947 847.9669239309801 550.7559703938641
998.051056366546 1565.7084847398191 722.0937487378152
1034.8634669108285 417.6653391722456 254.43972681903054
757.8237834801264 635.793138149339 724.0292337842036
1209.3933099304559 1075.6100261316458 573.8939822247097
698.9643167548367 943.4389690879492 695.6168863672393
1091.2386567488804 985.6685886742636 384.3978668947082
1163.1418519988079 1089.9763844130305 1235.3234688873838
1384.888355893679 1082.5011396459993 303.8547581195677
836.7352157083113 1270.1449847404024 1353.8130186246485
1196.8119166071886 1408.8506547442862 32.369035827585826
1071.0545861411176 802.6622870537033 204.1547599087803
913.9734816464968 1081.847066226011 1085.6248623668266
690.0104282588421 1130.4755701027311 717.9033619624463
987.9202436401126 911.866065686982 1239.0376797186389
812.496275199098 751.4182469990668 763.7035455469154
749.725004844409 926.7187892715274 339.3879235092187
930.8927757962599 1100.5392298896827 673.5490880267025
992.6693111223589 1224.7122168527535 1078.5072626688068
1113.0667474714417 1252.1311280221494 831.8938395494492
804.0799622982936 1453.2781763827104 598.6038447809301
1105.5942567830914 1190.7992062821863 738.1253158016298
681.0283651971479 920.5058955812717 183.29456044468796
1115.2496677969327 1085.0100217036425 1037.8095368589156
1022.825942054351 959.4054330973623 1467.9788305161592
1247.433672007858 1283.3961244372356 291.20609348065364
1272.0203356226662 751.7254941519961 916.9131714230514
990.164101651369 647.275566865087 647.8501918283968
976.6063036716874 888.6457423672033 329.19873559146265
1367.5479772626663 1189.9222520249673 824.1770851622872
1159.4008269925316 1040.435507626329 1453.48503109698
1030.455794207377 930.3258746325158 120.45206844749084
901.5231603914636 804.1508632666691 769.101967568004
997.4756563041476 1227.8982753719667 337.3285670595404
1613.5070819723298 785.6403704166585 111.98694684904787
436.03028456215577 643.3584661613319 819.1448262862789
932.9475413478764 722.8264555197682 323.1969973441726
1305.2107849982058 1422.4009238716626 724.397519655754
1479.20706392443 1487.1804294611136 1306.256707434301
764.8227212264203 947.3386822638124 1073.7477579759013
1279.7909044269431 1115.4511189052296 1360.8501784794485
1171.225182474755 784.9804544589432 241.94246070318115
800.2493483064793 1169.374889220452 550.392530829016
998.1813101112195 1155.240145116027 630.5100600907359
1001.0575077261578 832.5503968246021 1043.407077976759
835.6003011756843 529.1004667636612 306.739595580184
1127.892288464828 798.1538317570752 1058.537124336955
1178.1184244420376 783.8977209907746 469.29041576256543
1153.5453568645728 665.1180377549431 1309.1241399551175
952.8663193887148 724.0199372099719 269.5796311614013
888.6125948657879 1500.6326150508364 670.0178572341175
878.7084948519159 1104.2813961006655 1215.9353962966281
662.7845652884474 849.9157558353864 416.41345913906866
967.2040614403127 1204.7798780835687 1083.1505361141565
834.1078264780583 1175.37242650243 184.83042735911658
1384.8887187467378 854.6986495939732 1461.7124273651232
759.4361760035789 1213.3956580297681 1404.0946637395286
674.047700843271 1188.83721211817 1419.2787649819888
854.9768165218619 516.1795217896217 1141.4455377118259
941.0086353612296 894.7153532239662 1382.2410095507673
940.2176849562877 1393.661774745468 1136.193591401982
990.4648573443751 980.5555195168421 428.9465794007216
773.8454840758353 1147.7970358051198 471.74429243880235
1688.1450858022054 1212.0940243072414 722.3479423852143
1025.1834874392207 1168.1592715024178 955.335862095169
771.5621696811071 1896.419456275978 125.76785458301737
983.9950209497989 697.9603094795921 1040.1407370601485
1036.0058684749097 1235.7002166336156 1060.1204861294352
848.2692812451287 1098.9089972604243 926.0218234133278
1273.1288372647882 1173.0170516778521 408.4984702322515
1277.7593417029407 752.3636722570333 1489.0105018791521
1124.5554153829466 613.0836451552223 338.24100492635796
1222.8992143338974 1089.7300751487267 1418.4879713126516
930.7684065618067 1170.507308386902 1426.7999872680805
964.3286275862257 755.4617942028729 1302.9337748650562
1097.0505428128135 1091.8761136139258 1126.6033618851066
974.9206405283726 1246.7168821736545 657.8741136211748
1772.9128215886767 1399.0786608794406 1268.7814606557251
840.8306306217341 716.631853364539 1372.1876941617418
893.9166724330162 932.7945084940543 1245.1393019960267
1002.0564246719692 1374.4220859953737 409.7843922107666
878.4237244747441 1053.024178286748 1486.2520810554772
1219.830410216728 810.3946401897791 1429.8992109199953
683.5084719354627 767.7536060299208 143.30250886463574
1046.3308783441828 928.7034850285748 215.08338645270524
921.1555430885574 1192.2503868497993 836.3169406328623
1185.9865797046025 583.5298292083085 1289.2423050232253
1127.4872587262334 1279.9707851584099 945.4409650407995
674.8266235880715 736.5259860953006 1112.4120885566927
885.4955976847344 859.7486960751644 787.3241021382203
622.9075355732248 909.4954317513312 750.9325115527054
935.7424848361181 1220.4861811662095 647.8306124406307
1609.0652191412673 853.4554724810681 997.7314316522031
905.076936730881 859.002191282723 605.1304244444759
1315.7575627426893 734.9098564324343 1.66619451118305
908.2562198213893 1346.3454194602214 550.8686020175019
1116.6641032986574 301.85196926939363 452.89646886577736
369.81761284953905 776.6341481643317 1423.626994279588
1481.7277855967654 1181.0668171803052 48.452895114200864
