350
1359.49185537912 710.9529439058083 41.54559457066376
933.7092696188201 1015.4127168661925 974.3486419839455
969.6857964758416 1133.5647274676178 803.2516795686402
1476.3224619911682 957.9486089540384 959.1499688813675
1023.7019670267197 821.7186275880631 541.6359461005493
1021.0085878458798 1010.9602047407178 1257.05648917902
1136.6456837082778 1366.179748721907 235.32142166922054
757.3166498361533 1460.0199580815513 196.6263818325672
1337.4520612038302 771.146960174354 1238.4793426641563
734.3199962540712 799.8449223865415 1392.3900164784359
1035.4122058736518 883.6085524622479 522.4722813438602
1487.1993972968717 975.5170211305201 1428.4368700298521
1478.2576516532959 1284.5160535895177 592.1412758911048
919.939292829338 1094.262648865247 1194.1814854761508
1320.880890596807 730.7033361624102 1126.277089821018
891.2733444914815 945.6587293687687 492.18803945179224
1244.698259012463 1078.241204158672 916.6381637073874
1051.7235749494068 1222.3270439223256 481.58786284326345
372.06747588789165 1245.5829837784122 1015.116515683206
754.9193753563072 514.9902271491809 187.95312474910892
1070.6026126308927 737.5295734506956 555.8616485200228
875.3525805896204 799.1451302576577 17.581463991767077
1263.562848000851 850.623269694956 509.50622762176147
1006.9554720419345 969.2798753181465 1078.1047933635334
1048.8317973908872 664.5572250081786 1177.9778477599789
931.0678723928187 741.4278272265718 710.7791245546622
247.40613695996115 929.4238465193578 1075.2113452741387
1180.758549436922 1350.8522059708594 992.106814041518
967.0557924477741 1021.0616638163874 1411.2445021256904
1054.3496649835379 517.4693743999846 59.60220609537481
1012.8613210260667 1389.0745098069967 294.47488353506316
943.7291329893387 741.9053290112655 42.81229695700595
960.3838972714142 672.1431823278826 820.5827697943334
1427.6835702336748 632.9473303239945 485.94679991822255
897.0706034323541 937.4491555521178 1309.1812819487363
663.8479167292492 861.7334125387295 440.3859079664123
1038.751929976906 1025.0054766122955 302.3506054356739
616.4839345873837 862.2250523784113 425.1785952812647
868.6648942924124 1014.7966645264844 1128.9147378114505
1191.4564972432374 821.3645778829293 134.99710023607648
926.8615718686277 1050.8998102372432 819.7434164008316
786.7230056646349 1068.2479987409122 305.6220440328749
881.7276630637243 1340.9564815465956 669.424434046082
1292.0451156055499 507.1778642409715 1118.3186016983493
1376.1608258117742 1150.1991591794779 208.14134704763626
826.1287173225787 793.6232819134499 1330.2773470576087
1151.7698665452376 820.7475633318915 1074.3425250707937
1401.9557906088567 1112.4822202204123 1393.3350315968853
1041.7194054524198 663.1549778529911 387.3857070226891
1429.3594779418786 1183.303563086824 994.4389014986394
1035.271211081045 855.8325807632641 326.65293015893945
1305.6058195594487 1129.686372434347 1378.7625328879221
634.7654537138692 1136.6696760418276 651.3299794378976
1308.0848780259357 1036.598654082671 343.5553578558531
1144.9942946593912 1143.2996279287515 210.51904216305834
632.504481605102 944.8758253910545 1121.5425768155067
855.2848534234865 950.7512600877722 78.66259744065496
1511.421492556607 1663.3038515571927 829.833166030994
933.8863100981167 998.8537589694265 165.7236307596748
1200.9476082204617 1167.994610086156 798.3684986207168
628.0680383875724 300.9291727889465 178.57684530297874
1177.5903666911856 1313.0008403810725 627.7933628890897
1235.7869181292704 1182.260935319327 1237.366656458416
1156.9193883458126 894.2715630539793 918.797908718463
1204.9430507492455 543.1958172077011 1162.5678087156805
991.6139672504061 894.2404128162411 1265.4094167724613
970.6014265990059 1126.1204162282295 230.73999536462975
1080.7089499503973 1467.1528542447265 198.68965536103218
684.9354040179849 1082.7181573152368 1335.2832252244843
1312.5633794920573 942.477925869984 1005.9756657891696
1009.7849576066352 1229.5753522522893 1376.8547043697974
1359.6547466863667 845.980422725068 43.42689705329966
738.8258380561728 1115.4886848605383 538.464577457234
947.6420724616058 1133.8849803036114 19.283948101360416
919.7162903149273 830.3240238176369 1181.5383393870077
874.8060205023273 724.2156980851069 1314.0826773378
1022.3912071791376 1376.6260333988018 532.5102950327536
1129.9250447474567 1065.54673177795 1116.1940574185578
1139.7516642536389 1523.8312665480244 965.1958897437038
1248.3352554710827 1644.91931678948 1438.9110956551945
986.733865355005 1350.4699996682486 784.7076256695801
1101.1708780291387 1311.5421748242975 1327.5496509095822
577.8987258068616 774.7841228984255 420.51272942687956
964.9108378556717 680.6647557795172 59.66223316800184
974.0904447458233 564.4150617303953 340.8389305702223
667.7975148819751 1050.0406969232042 447.0955047040254
984.1866956234794 916.4117803697301 532.7779942695151
671.441006132793 1433.851800903697 1020.8539308451102
1174.1656094161303 925.8767895859723 1380.5790004907606
846.3773917779429 1030.750506789656 723.8930547698419
1152.2946142353992 808.3576368618352 67.9636356213184
1066.4196076214673 481.7577186451284 1245.6341982673448
1161.6453797490349 1033.6861376020856 1136.5967793710586
1222.1205338937352 992.5056346008898 406.4109925566345
1373.0299625075847 1223.7899814237778 1158.8859842853476
817.4088645319395 1240.2116167528202 1375.3302427806464
728.9895160132082 1318.159821621667 946.739560212557
1551.984123780387 682.8006820621316 1320.0953368620128
1063.8232090377155 1284.9074174814104 120.29502304344386
1092.1441078635387 1034.41216628223 1432.4367830773754
983.1413863959469 1158.7285894945094 505.4214357301922
695.703763991805 1114.7429948667952 1314.7691173071523
1129.9014135749824 851.6617864763814 1419.8471256309222
1053.7485736314827 982.1682690408787 919.3144921938085
1187.0955734876566 809.8977581480299 632.6892772101447
1151.6587800335224 1217.6458001369751 947.2426758425723
948.3836951818398 1199.6682639930552 685.4069141342583
670.8008173614273 1066.1285403268378 136.39759207336988
1127.531894229413 705.9549885729449 816.8244493024304
1044.4844955995459 695.4553047596864 947.5984773728846
1047.7501206967834 1048.4912612278163 1269.439653637615
1031.4744182430004 774.4551646050147 750.2143672206372
989.8691262639481 1104.8616073709586 987.6550751506029
1040.771604222762 818.8060999409353 1301.8848121575745
1202.8181898331986 874.5068444577726 1373.8409752050927
1124.9928967965336 1293.2610342737562 996.1840249126918
714.60378960863 961.2686302535939 1381.4000358495625
1192.8216475191618 1528.0987661119248 285.6810431027919
907.8505410944733 931.2461130544127 807.011625379463
1002.8962152649481 782.2396614454328 386.16430679037217
844.9891907223189 1138.7572298927898 74.43921059388975
1177.615149241901 1040.8648556493647 1157.2165447500636
1045.6655178008132 1206.7859200135067 1318.6831130859791
1115.2063500360155 633.1159802286327 112.70740373093923
946.2567718259983 1167.333617150423 699.8518423895774
974.8025629709562 534.8220696413767 18.14881049831535
985.2296842168751 856.7865592938597 1103.0948839690532
1172.3525512898111 1120.0475998702818 1315.1158491584354
977.3165554123252 936.8161847714289 695.7442221708213
927.4237670073029 856.182495402145 214.766509010693
950.0391679926066 1003.8037074883158 1167.3970120332049
704.2124914297103 633.4945098815133 484.63093828814965
1423.9934464480002 1019.1533883036274 338.9287152871449
973.8496839700131 1200.5888965904837 296.88294227723367
807.6978704724442 804.025696887822 946.6304007271618
786.5380167864537 1037.5040218020545 825.9837980750534
795.6366729402088 973.8171595587969 175.25872211079962
960.3906327062231 693.6405890860304 204.03485252729453
1655.5655438925396 1574.71156449705 1207.1113455810848
1142.1426279926673 771.4295952379446 503.1345637980367
745.567383579893 1216.502895621656 549.7996194087192
722.7095224191819 1096.809980821316 452.41026072050073
1093.720117607842 709.9422022051979 1206.4040166824168
937.4601079526963 932.3684990215002 717.883719865978
1281.220371083104 892.6979682372552 833.1352813545922
1499.5581948820886 1244.8495714320436 9.31349361707018
646.7196257181367 1119.6786632479984 718.2450962770499
1368.1874935480855 1065.5436975005885 104.68348669075212
1235.4341091127199 969.9580499388554 1400.3848889683852
736.227057309429 756.8378706697536 1014.7386260083549
1114.9533676176452 1013.9137139789599 1380.7394008569154
878.1864068692685 1065.9985175291051 992.0891150669248
996.6959088109547 1079.9378306298022 840.8738594038939
961.1278373565702 1129.9466055439032 1318.0338453499983
1246.7639463735914 1028.099995093346 794.9307511202755
872.5424151687475 871.6282899283373 1082.2705652563736
1072.9031141957473 1207.1755461835764 503.5946281534391
869.5454312094186 944.8919426392114 558.121569733603
1024.7545797174885 1376.2605769482352 339.3220570596102
1163.3114381087178 738.2759681814879 516.1717354779224
1490.344288752833 1175.882122299008 1463.047407694015
822.1189906388133 755.4948937960324 853.7199467173011
800.6898515006103 21.42051422212205 1481.1750624460046
1030.612581167982 805.909230645346 1347.1522062296083
881.3646679696915 984.6729617310285 1003.5836989417008
1515.9813219002176 1178.6813279307414 879.0699444763011
1053.4634976883804 1112.4274100960001 337.20175002247976
1233.5020570755169 1228.4847371229087 1365.717642598662
978.5043839363467 1562.1118245998741 811.1844419188743
983.4340716166985 936.7596002060344 662.9514524545335
695.037803224424 1086.8966781161764 1429.5189724188733
1114.8992862345679 1108.7651969546966 888.4544612487271
991.728397341559 1039.769662829665 1443.4246457010606
840.5089861084281 1097.8421823790375 800.151901927545
1115.7844849648563 1421.5857949258489 887.5937708743085
1260.6531625854416 973.1041638917778 1220.8957883098778
908.6735656818316 1019.9121244786927 1269.8325632494132
1331.236445307253 642.6790300498542 1497.0713129211795
960.4945718551364 723.2118872113413 34.38937227749334
1015.2731599869632 1009.7763957392727 694.1896026488355
1134.4982417069598 554.9519942191398 172.04088134314443
1056.0603266180321 921.2842938283135 687.0922799200163
785.2760245549255 1257.033467177684 290.79993929975177
432.45135936754593 812.8605889938225 425.4742099291245
610.7437395155869 1148.4365896701274 232.18083683331025
1157.8143716074196 1382.4307986794945 414.0501900129486
921.8686081192338 646.308167263488 60.110883972181725
565.6082843623709 685.5081535005329 534.2521174936713
1154.6458566034883 1195.238651208578 610.4447453759959
965.7959122426004 924.6928605960223 1384.4278933903668
985.4243170044373 793.000291971699 248.2623488835222
939.051211849577 1141.3274078032132 1241.4316567936069
1008.83561937309 822.772516854447 795.4784550738599
1359.493165308405 748.910901163188 866.0229089286768
950.9132001937195 787.0140895853713 1109.8140453066299
926.2914655861255 969.9167372657816 1428.6301421492144
837.3265671778497 1157.4835143517041 843.8123824897937
964.9007742305643 1289.5097267374613 723.1916187988913
982.0191252388464 1166.1565689384765 887.051184457712
1032.7773225026563 1283.1445801034947 743.130696344585
1003.9211464211108 747.3702157382567 1376.441218905912
268.09625042413495 1122.0281309293923 831.1916995077535
487.32032100859306 886.404850703078 1289.8079128905672
998.2158726161999 596.3169778341255 1166.532403548059
878.27895982341 697.4374945611398 1070.8069143444056
310.87552808257055 1202.6364471679299 631.1510323686927
1016.9424274006094 1125.811662726978 963.560715739458
1055.2001422385608 938.7764337865141 999.618568753648
1094.4167236734156 1162.3804609043746 531.3727753722043
1075.8480912947643 1004.8692000011724 1217.8032800712815
1049.1731059372112 728.6397671802235 1026.6466030759127
823.155031264829 828.999973851385 1489.3549313474348
1189.3208862444128 851.526159974357 480.20696986416107
1258.616776053462 765.48223922241 612.5571998155935
892.014573881047 1303.1047180474206 37.304439547587776
1323.0812114319488 1054.7431797907543 806.2035781353438
1496.4837779314817 1285.3398815843163 1272.4721515046463
1408.4935117290283 818.1321270572115 1361.6267110793722
1048.3802194822365 706.4082254893751 1129.7850005006837
1365.3813364833404 1040.1163197461012 329.0447598892041
1070.9783894005675 924.1939400759253 1025.9303374444416
742.5062246511386 1088.730275657897 879.9533267758302
1070.2302981386702 942.9760018122008 809.3548703075918
1432.1905220095998 1009.7400610608615 102.49073120077007
777.2534047031935 1075.995969044892 128.53378230919938
1031.7590539867958 1044.844224600525 91.63898423813987
923.6857866076333 644.7413283768959 355.6867705415319
1070.9189283188375 1019.3119868778597 1229.8647788221792
903.1913839110401 919.2051118311399 1050.956882843827
505.55995808785144 875.2007219734548 424.9463493495399
949.4806240176149 451.61166022600617 430.0352499464392
827.1665629468073 1116.5624383528202 352.4408579337849
947.5949103613657 915.6062975498803 177.02599695387227
1147.2431147352568 924.7202285086769 497.35324978162697
613.9194748131388 500.13573146771296 188.12639076296588
655.3296937222301 814.5370556341081 516.3930723416947
701.6217033947177 780.9007167478456 806.735108717448
1079.5243052820103 1318.4730057780498 331.28337713438697
1002.0032594379575 536.7000444598805 753.9188258343254
1169.4769798497387 1264.3132968549235 887.7028348481314
872.0803340069061 931.7075243047299 299.46262210142254
1030.1034160416407 945.0682216108833 591.3667925606362
1112.5189699697037 1081.1283737620893 739.1872571964965
1127.751615776997 1257.2385148783974 1022.9995237009335
643.4378818821267 850.6462390950782 523.8481080321488
990.6639905332191 1331.9365635260647 1073.151951578914
1149.3642279343508 767.7732964580526 900.7708527637245
1199.6996358633994 904.463728821086 892.5669248968486
1081.2353348097367 1105.007818412576 657.1769153609504
937.2687631128302 1008.7734952452851 1267.886264357359
960.0424220998732 809.3176324285714 1483.1106383435374
691.9316933763266 1363.6005732998449 478.38688846674614
932.9615468290664 1053.7719442770394 12.567562440757463
1226.1234415857912 1059.6246611063011 330.57558271663703
940.491227780345 1160.2140937766915 508.20713753270434
504.32762070443704 1129.2365352945098 414.7445409847528
345.44298081891634 1236.9480203533928 1475.8817628331044
1179.2676955881632 763.6045222037394 663.9419065492817
854.4669962659468 812.7079803717768 20.924195816830803
1080.106224001651 993.3818794942266 285.3462662893682
1175.990384896505 850.733395532553 942.4277117623457
1021.9628656021755 1487.2417613278863 114.44184857726708
862.4233939108977 1111.3469175303524 211.08030142079576
1267.3862850772548 1037.6789087736238 867.8454628750839
936.4166091932533 948.2712354230862 1086.1294702147225
514.9617920481281 1220.2569298354592 986.7712490589483
1449.4464636227322 497.6445087512421 785.1366712075535
819.6048961364589 707.0744312045506 1035.0991559055383
765.5117111153324 930.038491198844 988.2568450595629
819.3341629758734 563.8603676345226 1249.6264834113942
922.7116401659936 795.3606190986313 216.97052432195142
1492.7425568820545 1179.0213837627878 600.8569630040388
738.7794298468905 730.2357941789851 336.84555881843403
595.5532522146576 1034.3889361914612 415.48823121389523
1426.3753202898015 1488.1017411954015 315.0578135339052
1229.3898676451663 875.3431425291581 693.8119243377855
809.2804747255778 1179.0434355788104 1162.5200562297691
899.7941104714869 1140.483160528377 650.5912974851585
1140.2789864101007 832.4812054982663 106.67848543160824
666.7391565362137 1175.8927251109437 466.81329135363825
1121.269877829664 1257.7363638042493 748.142213824073
436.1779505547197 1104.0826288848098 827.0413618394673
1624.3835970739406 1090.9713001598875 1219.3295595922884
1166.83657119477 1125.5048765192753 719.4302623190113
1129.2453945374216 1133.471690917544 1180.076388418536
683.0262259740256 635.9278459174087 1198.075817889391
1012.6005611036526 821.8438565767539 891.5705043696782
867.5787184074754 1247.8058397951804 1339.753558207303
1075.094717987652 789.1546372005905 268.8151879015288
815.7880278366225 908.8931248656797 754.7937397068481
1166.8723144655278 1314.9047640308909 632.2797266516233
946.3382773033184 1286.4308644599184 691.0872661345901
1066.7169517628354 761.0418367189754 942.9380336094559
935.0751771893939 914.9155817062609 475.2905578586007
766.3143590665518 1201.396103334766 1332.574471654459
944.279829920859 1369.1696311554638 1057.3425399546977
1233.8317644509002 1063.4078399901016 1125.5785357415405
665.3923576644911 1151.5195645196077 924.279520075942
622.1604129803152 825.6321730280514 1217.5792132684921
1004.2624276137964 853.5014140411915 224.7223560281218
924.51969707643 1113.3181007860253 382.8491838527267
1061.716655917181 916.1286699487096 105.34324283010893
1181.7927754762213 803.1598673427915 39.924715543162684
1101.9187858247615 859.8985974159165 480.0390835973551
671.753246407503 1538.8804717474336 725.7944404576075
431.3172936541082 794.4620642613665 1198.1279462314583
736.8812106322855 688.6319185583159 261.9708565623038
1084.5186443165896 1043.888078488014 1178.2348299824712
1052.5516126000318 996.598565358413 0.6245040789177314
1345.9394918835626 549.2239185110291 137.82500717433427
1228.042154373729 988.0843876138194 1184.3030189224887
611.0987052808523 979.490205837554 1370.944984355683
933.761973278021 1082.0567728024425 609.5959965058486
976.7130580737098 1099.5655972645582 1444.4836431610381
1817.1136463507414 767.5891179826 5.0698943912045324
483.35179043118785 1016.9588490013477 219.34850487127417
1514.9178807028206 1403.6880258743502 786.9885507799389
1035.3357867469142 550.0572621142087 498.5985514829501
814.764320447082 1027.7782146856644 52.566404554169274
1073.5666505481224 1115.3095733804194 122.36869983828669
1080.0013389967598 492.1385842024122 554.3216043837316
970.1515327493728 1408.1117335031101 205.88990879508862
1007.089781818252 791.513625410976 1469.7145166530192
1055.5573492641727 1069.7801215133745 244.74192397426836
923.9381959313986 998.3645580312491 181.16012177816899
788.5559175940916 1491.4380766050008 857.2848517442101
1173.371417254268 1252.3954934328488 35.01748380629238
1063.4134040862427 1192.0836066778734 950.3322157102643
970.6299379617212 883.557185110598 541.3590624412215
900.514437830775 985.9407011703948 721.9927762796005
1291.7398083140565 1182.5787404754365 496.439703183701
1066.9757136398325 663.4604003157338 696.9109180276366
730.1282985873563 790.5622342379779 891.8764662610034
878.1567343304589 859.8455484223445 1092.8989874902925
895.3911090870195 1149.8905235931409 1451.12421046803
985.269976653407 1315.978523450803 966.700589657691
991.8083878991413 1071.2424260647067 161.95866241014784
1241.5478343371883 1001.3601621271181 1385.190665464634
703.6874262545675 1139.738244482534 1353.442756864891
643.6048617135538 1452.7025568882405 1379.2218507810703
1580.5555942093915 1003.8966926802485 340.2635229825496
881.8394577736724 836.089867145766 135.9784046387093
718.9139253286917 922.4865789740181 461.9251367988535
1041.613646393831 947.9504406291778 703.6850293993189
1007.3507528298036 1021.6554264110215 1478.8505394650679
1093.9151133622888 1103.9732381407923 789.3380230164654
967.2691092102759 1153.0349413317233 1235.5147830470253
1467.7528168140345 1033.590405396256 1315.023907026696
922.9735792635413 911.4568757695213 827.8173780217479
574.2455361434255 564.9385796669744 1452.6279983487727
