1000
1834.6754527650332 1304.3166346191465 311.5966896960124
1052.885135638448 833.3868579799527 958.4316492935994
1406.8026960533475 128.75809213891577 176.21878501018494
824.2783649938485 483.06444476522125 291.96485781365175
667.5061557474806 605.7552889231528 170.94343772640846
189.72701762078037 1640.964881430446 460.1495134436855
716.1950542787907 352.4170193936496 590.6317869826514
967.1667321435617 1408.3297203287518 163.20180379535876
1864.0696197444063 232.04861806002987 457.61395163913056
608.2845052406738 1914.0893866059562 982.316576660788
537.3578212742116 1785.2674712795254 309.89828025703366
610.9257320199268 30.424577653413554 1222.5063424702926
1502.9503881141627 1628.9398837599124 1112.194067439652
98.51453203179305 1971.711233386872 782.6928033151208
1525.5619496016957 996.0861514733436 993.9997624450112
1878.0592568812422 779.7573697551987 1059.477726660963
1539.1690021560673 101.89785572345933 1386.3387124627714
1744.6002269622809 298.96901455604285 363.1011005590524
621.1747812020769 155.25950411917822 1453.992727708518
703.7610979059695 735.0858686223419 898.5490468665903
817.6385528750332 1000.2951037966967 1182.6000406960006
1366.2265083999234 1564.1083502550803 120.82979213566864
310.2577255036358 29.51721980805977 242.0765477206025
951.2001377788695 1728.5290990131482 594.2187166642944
1187.1642829713585 1633.2647018329264 1161.2845544258196
892.3367629202223 1838.4506053292 908.2431933802261
579.526482521935 1733.691044336897 1159.3966366906884
580.7832388642453 1631.515885678719 1305.9909742932966
38.84679244232081 1622.0604367551446 502.3393886407107
1567.7175653416118 1338.556641021817 1388.0352984684273
1292.273443396184 1752.0828993962407 781.3978137420423
155.2060884640538 1873.712403572267 1222.306494881977
1941.4422437651892 962.3362846041872 875.5184468840088
1569.5710919124408 1945.3323207288797 328.5503659858632
1651.174854425247 1483.4693868383254 1132.835479799677
242.93749231815974 1093.9630209600257 751.1349179918969
1214.9189811091464 1876.0987200158909 225.42408051272068
706.3219634503916 1407.5351102882541 574.8094755869557
325.39055198703016 265.41010881127613 1430.4625482173292
1401.0477425926445 1810.6288138944694 259.12971824956134
1223.543384589455 397.3662309064805 154.93065968721265
273.5156621399382 93.87424993174153 305.98633775931484
38.67967265880545 851.5555497986003 773.1210337790844
1713.3924656945499 209.70186002288727 1467.334400635534
64.52650794130955 1788.3719946430692 1245.1017341201689
105.14382547046375 425.38181475141926 179.30833641302561
1785.3063178084362 93.81950669902528 340.6425847476886
224.2480417189856 50.65800623383021 720.3308012620827
419.9525498066283 268.6594025873188 366.6696423125053
405.31372732106854 1782.0640673135144 1180.2723480817522
1420.1730034959987 633.8759800678389 1032.9431983068657
479.44094506455446 848.8166291466761 149.02527736549615
716.6046310746812 475.75112478487534 897.2734949367839
1107.7631029947 1445.6894012634868 1284.4032254905947
528.7917548530161 1156.0969550146806 1438.810233931398
1120.839022746595 924.8081115465184 942.484679461839
148.54386084840155 647.8431809870364 798.2871553564082
572.9033968443964 1815.3381007726068 1491.5245103544507
1618.6233116585183 745.5579941416994 1466.644949839825
90.06851566524388 1213.1040381299395 706.1449832191201
1696.3275688893307 1991.4647940145192 694.0816719768839
693.8427064152099 564.2841601576503 151.63411185548475
93.50368760351535 719.6415840717402 1098.490213293181
1055.0221969816323 304.92038768999817 379.9377225058723
1269.6117456906009 1016.5481182965732 173.51950255756077
593.9145783359144 1958.737185690605 216.11166251342783
93.89914984494152 374.23292555467856 372.4282284005427
65.09771146193599 824.9451228276454 1430.2598399008966
1779.9278604186936 1519.1719966739377 989.7690904847384
1867.8005012610836 108.5080308059414 51.5602854971986
1141.1493479226817 1520.6717761371128 635.1987025573745
802.0883711435293 1183.2310141185537 40.47041736123308
1689.309696249799 1432.4766081683204 222.72890698232945
1546.9778142875325 1.048876595372894 993.3960911585773
303.54412748065675 183.58832974900196 734.5711164959573
1895.860573972729 1679.2049597274108 312.66593886649736
1284.5925322144005 1366.1372863078825 514.0247049256028
1633.3415331625079 382.91002327900435 320.77074873163565
769.0931958691192 1970.412299914257 107.28436886701387
949.1575824623561 284.11976887756185 1297.2955200214071
927.271486237267 161.33774912207065 715.4576645300587
333.3784885437472 1831.6024162709261 549.6185570844692
93.71492566073702 585.241525117131 1152.3104949411197
489.42372344045594 1352.1343509564897 774.5619806880336
1030.945402489073 1580.8090920617344 202.17449084767657
944.994386941448 1110.4544886486199 737.1821231725318
711.2913590620693 228.7339911555839 1032.9176821879903
340.15088248816517 1465.6236191703172 750.9944201338133
67.16189549903962 41.243631190284844 539.7618027411596
337.49120846647406 431.044848538783 1096.284222554508
93.02641720371452 1921.6438503234897 964.7110008675589
968.1884309192419 155.33917031098233 395.1662144865667
1303.2844830807253 1074.017477581688 1402.2265036806318
1850.719227969531 88.5713584744916 1012.6351271588816
1080.0988408064852 853.7747505256501 17.45794287012037
491.41173200432434 1735.3445873466155 1051.5515571434125
637.9191392217194 437.55953762136056 298.16232538184295
767.2148569594448 1254.8755734604574 407.55070596284895
1795.8758357741167 1463.8853603657415 897.5606367892125
1050.1727559031863 1260.057721352716 825.1215384220206
1510.3764939295647 1043.1565486888296 810.832759392885
661.8064895247378 653.4872996072249 661.7997113937257
473.3559458934902 914.007959350555 82.61172465057315
1753.9006591800842 781.2688605785605 879.3984566335353
660.2929628408012 1366.0409620654843 1444.0134541810999
329.9617633670913 583.708518803524 1495.1962767714551
776.2736612553745 1603.175545181337 800.4001178722073
1049.4176053834096 1162.598225710548 953.4997229968933
1180.8835319593813 1294.4605539364363 197.70207151752356
1527.3028023570919 1392.6736604964794 688.127101878574
286.5521841320271 508.53600065582924 1092.1166220814546
1097.8983518972973 269.5991531531068 117.577567845427
1200.7957067082123 339.57815757634035 337.19565206944924
1088.4883383982014 1587.2969446993068 1334.670597856195
861.2480707993573 186.7750884894075 638.7409124065425
1922.0081476593712 943.6097973996389 616.996459503452
981.7320463867212 706.3222752348183 72.31914861800959
1322.949822297881 1243.1210121437578 786.8894117571165
1439.5871813471883 1958.3400035174109 756.2806646295741
534.5574585420503 1394.1756720772767 1453.6166603597237
1960.171049462709 347.3876365291364 712.001859067283
119.22531022216742 1170.5746098048423 834.1762501841351
1677.1348181178532 1602.4722622479205 971.7582947603738
21.433857982909643 1821.4896238996173 118.26145487719408
71.93352888080162 549.4753836212782 908.7915235497285
1451.3752333456832 1058.1821752522721 292.5526713910125
1546.1346278179994 448.90384355501055 1291.655651706381
822.2136138647942 1637.2736933346062 1314.536307891836
1047.1641997013712 1396.9244312897076 870.2027835845503
807.066290080164 1284.8507580876815 247.69778634075695
1663.435310568486 901.9987295106306 810.5887763570987
1374.4932132708432 520.5530907854718 1435.5658969400783
1579.951421493345 836.6558163233941 373.4997561820553
413.4703727047564 1937.450797038181 488.63911730645515
1456.8452266883494 193.44215823063382 355.908951825218
1688.6337441316298 360.7032720438663 834.3207456873848
689.4089663028118 1395.6072140958186 257.5176288603746
1168.571902073357 882.3775591306003 1065.9675026423765
1372.5465222632647 862.4953386761214 39.6218881411537
678.9150539497157 1457.0508416324753 1233.6075397213508
74.35744873346817 259.74190335841854 1411.5723842167117
268.51345063620835 1595.6681299287882 278.09000392741734
1908.148604201995 54.72575255828382 270.846862075119
480.1094980795011 662.600594569149 1307.3040163563235
553.2289515906061 1572.996288076253 1202.212105753553
1180.9138129945948 1379.9285104340192 346.75896637165994
1834.7911688215677 1733.0223748659726 55.290785819854364
706.1417784487338 567.0043346370453 349.6058135011528
733.5222352010087 964.1035556194453 245.13308232856858
36.9127195725345 1596.236431420516 141.69897292157108
1266.785073657596 707.4375143416156 545.750632237331
491.0313218463556 1593.5385134105713 409.89500720188323
1945.6489360594562 1848.8765481170944 215.15110748421196
672.8718348906904 673.9069087895355 448.24302253547575
775.945599589271 234.14741716092013 513.1353077653429
475.3723486920556 1723.690597647038 383.75000922098934
851.0930161993016 1138.5377695133438 224.68612853907598
138.36108823511094 699.7380819230921 611.0574917247434
1685.4196158000161 1389.4185066147218 1359.0167935151558
1381.8217792977784 107.27405897313224 554.1162064814439
576.3221543596637 438.7550795077186 927.9468054860597
672.1246265825946 1863.5665446613161 812.8314297278615
1678.9397134066444 446.35493821967276 483.96984151498066
1576.4909040037844 778.8734051524171 1308.9176401728614
1849.0955763888317 1031.433342424532 876.0847275331814
1963.008657562761 1484.3849954469244 1235.0492235903778
149.07903327752646 1213.6373740152385 1120.2942402789035
161.26711368337166 1156.3462430088653 843.614609496878
1988.44367381498 186.29356467475367 118.52633690169928
1588.1285748326666 1635.7772698819915 869.1989088841273
96.21818982891695 47.921028637887055 86.74500885035569
1479.035071476774 1438.7063151269351 1352.1547458485363
1756.5009193124897 1957.5653150449664 1442.5165963285435
854.7468001446907 372.17642466983403 177.55906651333936
1646.8024916600182 494.1966851101383 342.50317855785
1077.5401109502588 406.9565553572747 863.5410956090096
1679.100303247211 662.2487530412584 84.59118469552563
587.9992281831035 1980.866099450237 87.89397569076235
193.6856841728769 656.0611994115766 1432.45010933477
1871.9021569831073 1479.6904423120866 1491.955130693931
1248.0930351844381 885.0726095148511 901.0350809820908
278.53868217846565 557.4472917264488 462.0742379518189
710.0571701052431 1706.634699884409 1496.329547207744
281.326189670966 1181.189127894719 1333.7526835659603
1640.7037022977152 417.67231209312916 979.1366069303218
1687.1731581237752 501.49861399248977 789.6089681553035
816.370805363638 1166.166238116561 83.67321510519615
326.95143019215675 796.2663262995393 640.5606332104624
1152.3349931391888 1515.4349914580337 1022.3319706803196
1464.0875450444141 1854.969960925275 1311.8952929147044
864.010036992688 1911.4694163060226 1110.7924906546084
423.094136437266 1556.4846260269148 1310.226287666306
170.8244095886151 618.517757673023 1326.8274722772283
1711.59222831474 58.1532787074468 67.97012196495528
1266.4742865393198 290.2905052663374 312.05095975751874
1846.1493846765154 294.06364397585463 1000.9978482086681
1122.2275168415154 1875.4819858791752 355.82017810012076
270.4829926313077 697.7733488086885 1478.4880833474367
414.99431636085825 466.69131766559536 1388.1755364886708
1865.8798373411373 385.6223310751401 647.0858986082308
1884.9387812692141 517.0109862905967 1020.2410798329396
848.4354614550442 1676.7165554912417 1341.812967679031
683.7470892436896 477.7194129559901 350.7741525706711
1658.5312888361275 965.0597785035677 271.1042321938305
77.23568594261931 785.1074303992621 924.3780326425087
1722.3182190715684 1329.1447045799532 411.4910265958221
1242.269678428782 449.0896800167057 23.066857011251997
1872.5768812166818 1203.4840581963672 412.0850403406831
1195.398753562153 666.5284543380834 1361.9751060910992
844.536083735993 196.74222549627117 723.6455940065441
1972.077808512523 1767.5935548811815 411.6757654129979
913.4938862109315 995.9838812427823 511.9856892812381
1727.2528311441115 889.067786441045 422.035729168455
302.64215925508677 6.965498828733985 920.8433321894829
679.8844202383052 1967.170432564891 436.8068754086826
99.54884990556079 1149.8929898773874 957.3174045061012
973.71750125041 1069.9411073883045 1488.3676991941925
847.7286986042867 196.36210098824213 1196.8386818386196
550.3759234452848 1452.2823464428536 927.7488423970744
1683.5035314360823 1772.8085680841914 697.1997877782234
647.928591144217 552.7867526672354 1057.7535813706934
739.3583313310368 1388.2330934006225 775.040682537949
754.7288890200614 935.733549068579 1488.0155882170734
1428.4115227439002 1454.6869837257764 673.4929456670399
572.5734507647875 1835.0125190500203 491.9769702847028
1523.9651285747582 1931.6797419993698 1404.6521633936434
646.4304270191179 556.7512466240083 1409.232795461878
1143.7160271041055 1497.2067352344054 166.17892905859898
794.5249309317843 1484.7445185196627 163.45663318823168
841.4450730109367 843.1865377714813 461.9768617098357
1826.9998127458891 1101.2532286671553 33.37073716958216
773.1810359910322 1065.019223207967 352.85430528915515
954.272054172921 1117.2132185298508 450.89255106004197
1611.685630137792 597.0658793499539 1454.034437682003
1815.7687638931911 1367.2985434441443 260.7469242334998
553.1870321309307 1287.510375249923 1154.0044862253487
1463.9495000515533 1842.6717956358248 911.6049999405511
1710.6985018681892 1697.3547126869496 1074.3629303841983
1281.3808933554055 85.42111954982067 564.5629838310388
1692.87115722995 1361.4422975885027 1466.1355292125495
1716.1482845954415 1017.650501930709 80.60102748808706
1138.8088508568417 1147.1386590793693 1270.2324120811638
178.2313300046472 1546.2151664542234 1076.0534425832682
1289.3620682584844 460.709092728639 466.56168075657837
50.022859602236736 1560.011314403725 808.0373066982947
150.0574492668294 771.7868519804952 1376.57208828366
670.4778394653702 1216.7117925118182 145.85096253091606
460.9086316564286 1733.525313635705 414.240194514204
1816.5511836145404 65.54224353060701 219.36007091186826
439.7500177707201 248.9649312369069 285.92086558072987
1779.3757883344117 429.1759136480966 934.6923302541674
1723.950129429712 1892.1359332923748 184.50519112357816
470.93412079351606 1890.622018307129 820.5697087765714
1694.0422185434716 499.3263439722644 390.4635261802385
860.6752248001692 862.8214508830822 1141.4564114201155
501.5612836142163 943.9175512410499 1375.9944479193614
1521.0089917339242 1918.031169074151 542.8420678425738
1161.4378051877538 926.0857946439804 1254.0460261454289
1079.658481129327 1133.4763879393277 503.84232690153084
415.3214092932884 368.6728706912816 218.61203389659096
581.7660339176845 1744.2852224437443 1270.2608208054992
1351.255555985202 1435.7094410785837 678.9921451164267
312.9950446057668 1272.8393728341873 149.82574649617254
1793.7599914909129 442.79940639502445 218.84683858839205
1132.6880621491384 185.61040600758093 820.5992283652226
134.96895846447643 933.6113747857441 538.8378772710153
1880.0363847819362 1602.7737908718077 20.547696546873162
1125.7660979156244 1773.2479704835866 300.9802345353004
1569.2803206665826 1798.1734036962878 938.507211901338
748.2460592504234 1400.7325483757697 1287.8703602208298
1582.8432907213094 1949.3025595662516 710.5706913604813
1779.2574829170003 1250.3571224834495 566.2058078010069
1482.3315050852214 378.9231934630202 1175.6818848147277
1394.3826504781734 1528.1521832352505 1289.3227359625075
88.29942909394184 1889.1354161067352 483.6171954739526
1447.1823407162144 1695.9914819618698 1465.7551559372534
1092.6920223553273 406.9018885271998 985.4150040285699
725.6156854663027 418.9528417902697 500.5363454628795
1498.5284781712592 1933.2091059534164 330.56996349105265
940.773379131727 825.2476690433235 1025.6818821937275
179.87635401094605 1508.9784794983575 1060.0361591533601
1271.4688104831093 936.5473250082739 423.19645151851284
433.74358025054624 1734.4626832907913 1409.1051036147894
154.8448435187837 908.5290000976096 1008.4230227079919
598.5180155122151 952.9934270283509 772.8648735537595
389.0569197284708 1323.000817740632 729.9507877802947
909.7713792376447 1350.153973335973 795.9606017831976
520.2757831302866 213.55468320351022 1398.9538486094013
167.2610650618429 985.2197470972354 778.175512644343
489.625905158543 1325.6245878278908 471.9617312900562
758.6224231573125 937.4595433989159 885.989670480546
1862.351809484713 492.9700662416423 952.7086447660737
626.1619171380013 1044.0069009767242 1200.8704797687076
1567.6806561760582 1669.380703356924 484.8029193811444
1765.4174429575369 58.157756867671 187.57325775006217
310.18810822607867 1147.4440228304927 1301.2963026338991
1572.0832767265042 274.8558884952637 968.4815944963358
505.2917584463066 125.68618468919345 880.9549867156613
1177.6347492192185 1727.56330778881 1353.7339869220218
1999.670658353106 1670.621036536243 628.1561518747302
1456.4882383902063 939.3101325586164 843.5453326361146
921.8817225465858 8.56428946721044 789.3878086300318
1722.1519201829146 1419.9366342511933 636.7852156153
813.529556589735 1182.5174893952346 202.65001049046367
623.5446865222998 1950.7698753868772 311.81568880018165
1169.3522888591485 1088.8047392951642 1.2946837045081927
599.8168649036649 988.6532689772712 810.1432540797003
1469.8390168306246 376.2662733978168 363.5737478288174
1248.0631856399705 1857.2637119577744 856.8125491674391
1354.6457258813311 1704.098977207193 1285.7814162475267
1553.8024077552095 1411.6325138187294 1243.5911068168616
229.93247911744885 1468.1729872123826 164.21251217062917
780.0859428213028 1587.3439319477995 335.4904241477632
1468.995189361084 43.175608298869015 1153.9760491376112
1139.25995118749 345.1805766898619 141.09736240872007
848.6976244260716 384.7370209071028 807.9557593925448
187.89783233561684 1701.867996455832 723.4661919702229
1621.632530060556 256.1355806260115 1008.3643325099321
1936.5698280795555 2.4891849673900346 1465.2483701534445
103.5248945468783 1381.4012936465615 546.352746294637
1913.0546153751861 1909.5431121570398 1096.6318774109461
1581.6642417563633 879.0845127128902 128.34298085038165
873.9403190035671 1606.0691229531708 266.8537806485
107.21150487904718 683.6352658992266 894.0964173246621
267.09164244852855 169.01399417090124 639.8847373766431
784.3460753892366 293.1109852170379 1230.923326808624
318.3990928042699 1972.7435442911612 1266.4062693443263
320.07416705607784 180.26508562992527 82.54506514616733
1319.3253566966514 1633.8595421012274 27.144061828855705
1847.734491608269 576.1556583945571 782.087747510056
1808.0494785186224 1479.927261636043 382.02525077665234
1103.5473706599578 823.7775200392203 398.3989308724309
888.0220588895378 613.4125002801318 654.847610430425
1997.5810985310768 400.2855171521471 511.24069198036625
711.5123425477326 214.04924616178357 1403.5312976377043
527.7401778139488 1004.8630363681348 68.58593956302938
1598.3810082594293 524.249943053462 227.4320028406098
1494.374543251437 1374.16021034781 1454.3694790093061
409.94092782275726 1794.3984915645249 168.42463256098222
849.8354275276964 364.97469468469876 1049.9847326900344
371.29201144682963 1673.2103761420724 47.04188219507072
483.56888267252305 749.7506985423614 441.1493019448687
1441.4089948680482 237.36597369686186 63.35163547853928
261.9401782587891 1470.8916052658574 997.9619715758527
592.2691638905751 1261.2645639797797 1414.1943275344788
1869.1871389182595 1777.4000761826333 659.8209112444799
808.8630031646206 1897.4302541795064 1171.1038825314279
1276.9492418597633 1752.2989198546932 280.3651273334355
158.88573113570482 217.28579718603936 806.113224466683
141.5838452101761 1416.2744513639127 806.370542493958
1252.3713535550946 1126.5084312459796 1008.8385918682234
87.68698053526025 954.467990276434 849.6459297723994
63.92601936427078 1223.7312934116803 1058.8190097416757
981.4567795201461 947.3822052171179 1056.9562903919211
88.89755940982091 1418.7101123490074 612.40712178873
1326.3594870452628 290.2900087646456 1390.6412402361748
1969.177826101321 368.2285885241725 653.4284575033746
1800.0076229391877 1244.1312450163557 899.4431372286092
858.7769397256733 728.6858080474872 1410.6506334205658
1652.7103412167835 1019.8371189899582 640.2903065019893
1739.5154893573626 857.5629356924741 77.57370337406083
126.20831012871237 244.77574439575923 597.0873920262928
1944.0970695500596 105.83949712432594 705.2341528214315
831.94712151142 1786.9622345294613 322.1549671911437
608.141841062232 1933.1413813221482 810.9858051599506
1602.8382398309686 1315.4945234485901 1378.596267163409
1625.38257276249 118.95871853218077 1137.5631701981767
240.0254225479952 1267.4659772136383 734.4517995253711
1658.8149290684926 202.99698478304595 181.9708173231584
645.4207660874696 1596.8388522049067 528.1071814329654
1496.6466111917955 1408.3399545262096 1012.2083786139817
1650.7403759059669 9.16731933273418 478.8826451893312
591.3748084056824 1181.9457359542243 1378.7261310824395
506.2677136363747 380.75784624691613 1467.8345578860867
1726.8681798858854 531.7912660755253 484.18868450431216
639.307345843056 431.0016439386255 967.5736925650174
229.27102830937395 634.9835996791145 1407.789109152756
61.31505297956874 730.5878209773056 391.50106361734555
1992.7433910942202 857.848575933679 800.9280761102613
517.5918126211847 1201.8964959534987 870.053284263802
1649.3372096567623 1821.0975311708971 247.1845216188781
1427.6489376132022 1130.562828810141 34.305281193110545
1091.4372399100862 1891.9108085441017 630.870247828063
1746.0954234497037 172.79715567941344 567.5840084302204
1132.307827625664 1886.386057053535 780.6243853513964
366.6485896238842 1669.0957023648248 979.4738475938843
269.34949957613077 817.2475304569107 1108.7735449107709
1721.4282419718234 1557.9935600453075 1344.5213281886056
1364.2512105367775 296.61984210884197 1001.783150765892
1612.2955845092642 770.1966072084588 1453.1962315304916
1854.5339395604217 1576.498091037172 1094.9356708493267
1947.2933818333813 1928.9327169598387 680.8349979025854
1757.7473594176263 1164.6884468985045 791.1506237953824
1298.2701538091271 1162.291854641831 409.86004206064683
983.4716266141359 1105.167249252116 390.4703603549135
1956.6602949926323 1688.6981435427272 1212.394454218869
406.4760941678218 1986.8478606794579 1114.8766882498246
717.2130891855297 393.76391622481435 1386.0638662128738
905.1164663426549 1303.8541640362566 220.92656023522483
1029.740635644511 61.77991736598764 1068.5920835276256
284.3895952329971 779.9089840132112 418.3306467912172
1186.8251085965671 1173.507597013731 1094.091611819308
1363.1376545112423 914.420850786226 495.5986518755853
770.8143224485384 719.9002062229927 648.8761528731978
1891.5316697917372 690.9025237316362 1104.8642136818494
610.1164992326546 1084.4773765197842 220.19511129016527
124.66449562295212 287.2542431962404 765.5491877686392
311.04353269044617 101.33292535402205 415.77123795836394
1405.0891675773426 615.1573608819255 243.26668855277123
460.3163767633962 71.51900907867304 204.70731095959667
981.1264944506229 1797.876150296203 641.5469338271186
1802.081342551249 691.732420800673 572.2200693989852
1510.077936583642 320.36893372268605 38.598985849222224
1864.9726558741775 1689.2032667053759 501.5317670829797
1041.8982163329922 1973.1835051505536 769.8025173335213
1686.8417220073475 1506.5641863631256 1323.4040899876363
1082.75392845033 363.85328296958284 726.3368750200065
1297.242458395468 1083.8882120781736 227.91478217355328
1228.2183268124081 1956.2257867102492 478.73636511352066
82.00187221342215 1108.1734955655654 674.4295981878593
1531.6283560091115 236.46304541383057 603.740188012279
318.15951387639865 723.8168622623733 450.16664646516966
1259.0314593576043 182.43152060706947 914.9788292545622
1211.5393132163617 1163.7356039188853 746.0906570681666
37.25162328214071 852.7249163059864 1185.4995405733432
1511.8918198297317 70.9252626780612 502.0734966082507
318.12352101018894 726.7033798927689 766.4260376197791
851.2886924865884 1076.4322366864328 961.4088651024095
672.5977065534647 1630.9345667887626 1069.8420747311766
1516.0989968744911 1939.1408507040373 582.4372526451235
1586.5892155794138 583.752690339881 1477.2122848985318
1346.186680852127 898.3839647068202 979.8153300939916
1695.8726057886195 1601.567207035437 203.97068922503402
1594.8769736429083 1707.741066268517 1394.0185669637015
1133.593778203301 1526.332561459851 786.073812800978
453.2900444478212 1355.6016498889912 1032.155601111332
1477.4074776249663 31.289378218479325 21.167472184519866
1634.4864025415966 324.0792400665309 487.53183883789177
1429.3359309919397 283.54931683595686 1461.2096848319584
829.1607805869676 1559.7782387073503 687.010275608152
496.1449968758291 960.9700615014006 1069.1573935475285
911.806432513814 975.4578524710457 337.67346361236997
53.3444905552325 1000.7896440533457 91.53729916329256
785.5814210398364 496.77681713453904 1409.2646532614121
328.25961106060396 230.92938939435138 1081.869056160584
1817.803118881783 1433.909292984439 1479.534409777454
1200.0469282338597 1957.6973943139005 963.316791494241
62.61726101223375 499.96744021808183 748.965070008117
298.0670871501252 462.9274386071591 826.0314953999714
122.52684111118151 1534.9268817861166 1362.4833510363983
372.15404480239056 1574.6042237450208 849.8983318912335
228.61988181251914 1213.7136592736038 1047.5798787585493
1803.17169304336 463.6434094273745 1270.7922532292735
1625.118496592625 1678.8407532070416 519.8785754510694
1334.4604964594764 268.796227589009 1165.22122336201
1302.2364728216396 339.08133300081823 1396.5971780813315
1346.604731903077 299.8223772059183 640.7471478142353
1956.2942948494106 1309.9567044455637 1400.4332295279185
1570.6469763827038 1104.5640595687616 305.85778552111594
777.4518459757227 1077.23007230484 651.36821675128
1639.9672953364459 1239.5553577524333 148.0086155415885
1687.8893755873614 1142.9873931631182 725.0613088309536
27.838957415224908 1414.4944740070737 1289.7149041073412
61.07153240380736 732.267345100696 1153.587720524174
281.33195601523477 1488.8255301632805 972.044964516499
1583.644590970409 2.469309571332401 764.5465166531469
1626.5337197273773 1919.4176325104368 158.87451781442334
349.01686235651465 1293.178534509264 940.8018031665696
623.3078717172831 1629.3265544418687 923.7751665528288
1965.9559838302403 669.9431614313214 356.60674799719624
1547.5855849148759 1885.237431687324 964.5281158496151
293.35321283199465 845.5237832777998 756.7055503769801
103.17849740935281 641.4395561896442 32.897672861668504
1876.5876945772563 1875.8702986808892 1323.789522664733
1990.7781670340796 597.1482278189491 565.6848731053446
473.0776753556045 1159.2429871030351 1267.7880989409578
671.0702367395997 1495.278440814584 1163.2946253124298
1007.1698483732838 1148.7089928896569 278.74612656261144
1008.5438559905757 87.63238912895565 1254.2732600703323
1277.3865744701275 1703.1513530224909 1485.8474584050414
1372.6326925123567 1386.8346554675334 1026.2369230790382
691.035456943329 1887.3750698218705 17.866269324573246
1734.5380611682308 393.93808811220896 213.9253194706347
1245.0880995417238 190.16731624505147 1197.575789002672
1407.808317523935 311.7273947272985 696.1694448391811
1582.7295503940868 788.4110075435214 1156.3868452169536
478.60521715073554 46.42159337943919 1281.2195382213558
685.5930648429301 1705.4365423593165 393.3678824096474
1912.6486850247131 420.3589508737513 1450.6452801420594
1411.114409188191 92.2604061002581 44.75764854405967
454.04237384610656 192.4346854621497 982.9846572860803
1896.9019144971437 212.62742480416307 1399.4156563075735
1008.6338078585519 388.83360469613535 715.0691457270714
214.88002626339565 866.6596345135018 1192.4753679489193
662.5475037255742 2.620363395049452 230.08499478349796
1632.1416362003663 1582.5421598520472 127.67333053033991
1412.4979373112453 323.7490076866847 258.1018256938954
819.0471641769328 487.99286680522226 1007.1908063030266
1586.468533467084 836.112270661674 1028.4425292693847
199.11196865202197 612.7515051864875 41.95178258241955
515.4216833569427 1841.5196793569344 1071.0532775217878
1557.9820206483334 1143.7164261446476 982.1318698198397
1312.6707285350062 1259.6324154891042 685.3948595481965
1963.127255769198 629.6943492821274 1112.1381126909985
337.27587966644035 1689.429909054764 1486.795383867238
235.16775030058201 852.4363960159786 274.413733245169
1435.7878612164322 1141.2739426712276 775.1329967916474
1123.1149990555652 989.9673566046258 592.2466160522772
1828.6727162148427 160.40299679296655 864.3528758839591
94.44790108284096 1269.4057964005274 621.4525644464348
985.3208869906705 937.3479321245688 1333.2131895883283
181.41271370341784 122.08897413010166 1189.417239242774
208.29701791598754 1077.6875259744904 328.08882196367193
1798.1535607347996 570.5847809603213 457.97865032290247
790.7198901474684 1312.418459851026 310.05171638929704
580.1139888452234 1616.7358230094358 405.493078442044
1052.1190030280811 1820.3614362397525 365.2789693164033
1113.0698111014226 285.00623386312117 864.7484831422736
1435.9180602568642 1481.1474823192868 467.69704237531226
1222.0465317489231 1379.1297299718701 342.7169797100296
1554.6642659205042 978.4807924491912 746.1183937041897
1852.180402931854 1388.5636854338477 487.39891101171855
199.3274647850698 203.64015835672888 626.7769068746751
87.32322210262299 1207.9847958356945 1223.8984674387168
346.893414232635 1704.2071403322088 725.1398082664422
722.4765816767438 581.5654356106675 1387.0001333077842
294.8049255408349 1820.4236211138352 215.188615960533
1744.5411469979535 1811.6616016658757 1059.572161010818
977.9894032624874 151.61954388288333 363.86472428105833
248.48202885179504 1852.332525926096 529.5275463293943
1058.0517458072275 1547.8982705180606 831.2629059178511
600.8913964992795 790.4764306817447 551.6101821331447
192.05522981681855 1102.047929928322 1324.982524786752
578.3838241289541 789.6000089878011 659.3460536333192
1767.9481684329812 1527.331794418034 342.7857602552942
436.352216848835 1535.0508913284527 365.7049736819392
1988.2956748344054 548.5456129884077 327.6282159785207
1908.4516041102945 743.7168688502558 248.86791920588834
1000.6147908067766 1539.2123599507684 328.15839786073514
1165.7449504330025 1889.0779139971842 1032.4659583362202
138.92190713893027 1017.1865713729991 17.33891441589275
434.99334233979334 809.3238565406742 44.50139166513706
323.7577724540079 1169.5153984901674 1286.9457232435705
346.24341405823844 1704.2594492583069 826.2986249349642
831.010975971307 1208.752730822221 1440.033875313308
1614.6394563002723 1365.7097441267824 1166.8161814838
216.06065342915716 96.02215411575088 262.47115431786085
414.9184920388369 1422.3945530676308 1280.3502434386671
1151.9008551649376 1879.8202038185943 1496.9819641694637
1473.7288180276691 1774.6625029548761 102.4416933863776
713.9365746828141 1940.3206035834187 836.8717740532317
600.675966813504 1771.2611651310726 1039.5712237329078
1780.3991716407083 1102.9621156809317 1340.8536192128959
556.5548767458343 58.15456976535649 887.7087337045539
1444.5817885156125 1622.2540518234196 532.7854738500021
233.17640565808117 302.54725671879413 844.6008306458873
83.70744019507993 1423.806588845108 354.22452432759496
89.55050253648156 531.4539310554399 650.923430448946
1844.3427204217344 1701.24901097285 838.9895635461742
1403.8629627277699 120.54276796378205 1270.853543674015
750.3196582055815 1102.3425400929032 1210.2736376009796
1460.3618065767446 400.62538658737014 919.5033992506665
1806.7893034533702 1852.3972048725643 228.51164152509523
1403.776184557478 1866.4167548235846 422.98745044054476
892.4598519167047 1926.9968717107479 480.5134915178581
1185.2247697094324 785.2096281699705 398.2511124518915
248.1941966164778 969.2124336717732 283.5072057646322
1493.713535502918 32.17947514952058 1290.7537158615824
1192.6445508017302 15.269940735721299 649.1448264674542
820.436191977018 1117.975952631253 438.09323767281535
1301.5135236931192 814.5249528387426 677.2258389959939
903.8728517207558 1291.9550277883059 1125.752242113161
404.91045555332715 153.0306120464422 980.2577226539127
1741.4995460454556 1263.9209974724045 189.26780837261254
324.29972339975467 110.65867748599234 967.7385335338495
1189.1278663692694 594.90420675198 1213.6889644892028
1980.042493780624 561.6572391935676 1041.5187064026304
324.0503009067606 1868.359841163483 494.67451015629706
394.00573756304345 974.5825562954993 130.74098186992023
1508.5893766560064 1563.528542082952 864.9017781309
1184.6415636106444 1912.676192534187 606.5342523205449
1518.5311814691195 954.4501744905027 1187.785357410166
1783.8429547593696 339.8375285085666 1354.7177582304796
1428.4116727386686 484.9494320330221 477.6507335538668
1237.943414056747 1633.3613190588842 1014.1963344550048
843.808919614159 103.95240551612916 93.1542974185341
205.7852287356847 38.40670808045799 274.706571324885
612.7827090688589 1257.1234682488014 1188.281663735615
83.48040897398268 995.8377371659822 90.85080670768214
1737.6195183623263 81.40848258066202 450.7886776997776
323.02790601689037 1104.6498007385976 276.2996639556547
1571.1869750631806 964.7079925240021 1450.4419644269065
639.6924597976812 1256.096225336567 280.83521312718085
1278.2238860334735 664.106745750026 865.3840785643296
382.80465203932 95.79315729997062 1068.3686586556958
1042.3010842586689 1451.5758460802176 1126.5236901049257
107.5787411703355 1959.4493348063863 0.9188506753475822
1148.8964099402315 1703.2609089874234 750.2494229748739
218.72221940614688 1892.2700071782185 748.1708702046385
1730.552431645782 142.46620830770175 339.65942244725966
379.57452004671376 161.66411562882877 107.3455547897596
1504.9409413294309 10.203849123894715 479.9114703666351
728.8701208981591 923.5263618192664 239.3149244768973
1726.4956297666552 301.2950390584894 241.46603962684927
779.1000744126768 1775.954577850046 1355.3778426437013
217.239227856882 971.0758332862807 302.27673608264166
332.07999973082167 1.7243735986176567 193.26024335455426
1233.282259528026 585.4510462813303 1061.1031640304418
336.45975454499967 1393.59633187854 1427.3297843389603
1861.4559495217284 1343.8802148642433 665.4583350015478
1010.801998434482 1558.5857760652614 575.968269405058
252.53527628822005 1067.0143252042446 1134.5971622602592
1266.488236916118 1375.797814124252 1358.6800604834893
845.5133104820669 567.419461349278 1331.2784862216386
1990.3801440080665 1900.3476402636607 1470.6209892440406
59.81853931907577 1915.9447434214128 912.7096279810302
1721.6855303657096 1007.0935163100854 366.5631480631353
733.810502731049 1018.9132938672285 767.2804166237897
747.846600712779 1027.7147824427068 1377.7993417848872
1604.8464756122319 1953.6647125033035 1249.8310602222502
1381.7156880072557 1288.2547483451706 797.3573747888236
1328.5965684802438 1929.7167421893112 267.5483082429802
517.996580643483 1938.870074490627 600.2793633301477
1441.4080254603425 1526.8437901356835 1467.9077461714564
572.798009841065 1569.4102310970948 1361.3142954699329
1543.3615269574932 1835.5247896965095 82.19236937605373
1976.686897389604 1885.0391240602953 1399.087961911591
1627.5964783558168 1904.0165922546682 903.5071850983269
447.65142976533843 429.1343145521291 465.0117879764064
1603.6662365090278 1520.9230773392371 476.8468178525707
1961.1048944322533 1960.332493106769 1118.9776686646223
1888.5403296429017 1339.1338262063348 788.9726978084752
1823.2200739558307 1619.8082078287184 391.1493627951975
1738.0752831844977 544.9414982787226 673.6754871960486
346.9720276179753 1109.9695515769072 244.33706192110216
454.10469246782156 899.6866044740191 1233.6324295857246
1848.1709243275682 1547.857405135048 619.9707156307478
1485.517340258216 1486.2500271312101 70.84333175946178
259.8780882492422 1608.3816384463723 61.0821203717653
1681.8063388997132 721.8372065483725 872.2903006581168
247.98564336150463 520.0973747939756 1461.9889868295102
144.63545182361705 559.6052020126223 1437.3842803427374
475.9397639692964 238.0169194918236 330.56579439212675
48.03300977379199 352.277202639508 1030.910780492956
876.4822521092342 1291.8181741123358 697.789971639537
1650.0550738745915 1166.9722894792708 741.8355781563782
1555.6689174871829 55.82077011399234 1142.080616550177
1568.463740761651 730.7914512076288 1078.5843272034358
419.9384067284173 397.450887856581 53.12023679793937
1552.24718555724 551.7107403687553 926.6958321128892
699.3244568001103 973.4687693396087 1171.0832922836016
1330.571098155136 1858.966591277659 848.0762631115239
39.34361743190906 649.2980185893662 843.0451591998427
29.573953147578045 1953.2004460186422 1363.6204768679122
845.127293994304 336.4497682119387 292.0168179099528
479.0546772910862 1685.0467455802427 1286.1789688171932
1178.8413363605414 1051.8413551184076 930.4132354914232
653.1286473201599 1111.7328391703652 668.1915971917074
453.617664235092 371.3102809276616 384.50065786692454
590.4915771395058 1511.6971013999046 1101.7444757668788
1735.0700476692377 703.6947146705206 638.1764692209042
867.4427699998704 368.3502109130563 692.0715265460907
800.3977957255945 1378.4940643612815 477.5506922269671
863.7117127677753 102.28476403948773 537.3768095965629
570.7895719801759 227.05587870492238 829.5512949509249
584.606874346161 349.5698601300206 427.45439866145546
1738.3234024307417 464.7510981439471 1066.1435596847505
1548.9682850687373 533.180387670031 281.0485612927963
978.0538197050921 1130.6432398520842 1342.2770471966296
1504.985663453827 1778.746345517692 102.41812955089009
1350.4975698923847 1321.368571619309 612.0183185047498
787.0013356511342 224.46196168960864 462.560815192639
399.8614951765409 1145.1432964666383 514.2405643724512
1042.7096574552409 1344.674256328301 1193.1019910197135
670.0222701713527 57.95663545840202 529.9811378511124
1606.9969940575852 50.41477787080506 1271.8267720500478
1048.7590565302216 328.31485010677653 151.20127789518784
532.2415146341159 1271.3495684748716 912.1207301857689
488.0405548719398 69.80537688667154 479.50818442781065
1932.9595913603837 1777.482026509736 931.8027111240015
789.9154759595519 1782.7234969025565 1015.0799838723473
217.49905170575602 280.6904215267323 537.9980322609805
1639.5239405280968 1595.6762699559417 509.5634221407164
1988.9809743705373 1218.2158124550454 483.7573797744434
12.640187153706517 365.5501671178307 108.17268453256645
758.4187403367322 1394.991003031364 1347.9482871983832
1446.4136621272644 1543.9937751067087 379.54343642900864
1175.1196073876963 1546.4002940466246 740.3230384210765
268.75943741898345 1719.0094615818477 580.266255775348
409.2654844243149 1346.7045800264052 799.3356116718614
1333.8208199263433 1058.2685341360943 441.33499954197333
1818.455773221428 1759.7443612816498 1460.3837271343812
615.6049190869135 639.118410482024 1162.817428456585
337.34199152555135 1342.0333431108597 970.3605048120696
985.1402040436552 59.32801320401926 709.9585844120298
1885.0428364480147 1071.253810711901 1260.0840983854134
258.4503208899778 1446.477777520779 791.7916019977964
1033.5281120715124 1696.4947180211097 699.4544485021659
1582.2608370724506 1486.2885507085766 805.61238520724
93.45775044963966 180.04444670928143 728.3993933770917
163.3234059786639 1456.536196583806 1466.0861044735339
1022.3959293445129 161.9142410292278 90.85913376061966
1261.8256068093847 565.0954316992401 1354.1817662350506
1678.6537948717391 1397.6388066482807 1357.1978582573308
500.49436730065054 4.739298029980521 405.8054889397225
233.87918550282018 1706.1851443052014 1381.4725397016236
1701.738242593497 1333.2278346943494 322.89899343641525
1057.4432735596292 478.41317754929815 336.1694404399458
1934.4105590572058 1830.319769932531 626.9443987207486
327.8165526266015 1863.10769645088 1015.0643904916246
1450.4345922702953 528.9066952707877 1119.5764268308478
610.97325558143 1375.9359031029219 1416.4954099372117
734.3523923748508 553.7331658501495 138.07032640949086
1875.5297007140653 439.90823721208017 212.05373502948166
513.1537059912574 1167.5501907361886 1345.5539923659296
1573.9749846655684 369.64246845891324 257.8202566354736
288.83447495619816 1917.613527338711 1174.0355528007804
465.14199894442123 559.9860795384042 1152.4032887195476
38.78182702344124 1273.658252169955 1011.2508922051683
782.3889834582264 1775.4947912155237 1380.1045435998185
1892.324937049824 1649.8660228159238 304.2946430788888
145.41677760273708 368.76848364359694 1453.2547513830273
1633.7455881583553 1040.9329230070575 323.42371940062213
187.88937408128058 632.8558825130506 1026.0435955287448
590.7996175751736 880.7923325383892 1010.9668948716773
355.06174308694426 6.557229083366645 431.30290311547014
1313.8557981714557 866.3321670547653 195.08288736167611
305.65638153805685 511.99562809607045 1161.638704606827
1924.0544880805915 93.73692822816993 215.92791330923356
455.95780057415493 173.31314549981425 1198.4995469476492
1723.2058768638724 601.1801562906562 133.41830114112685
304.9315629759739 1863.5372592525314 883.6792021352065
1491.0791642494112 834.4836513509431 1179.286732218841
1869.5433379688186 439.87490830925725 1160.5973235425236
1453.8293047817654 518.0352181939089 849.652037808095
1269.5895795698266 760.088968793164 1112.6791830019279
1066.1930048415525 699.9381950963184 828.4247868639771
1181.6546382161719 1598.8745807687405 419.57419253691904
1115.3729253301778 1483.3040584950895 435.9534846370354
1429.3215285865788 546.0993412237302 603.9375116247892
1743.803437896498 329.1397160563145 1468.924180609159
785.6607822307092 172.62382244383102 1331.8558029117153
206.58911522834146 1833.5324368688139 1041.4025043840904
1953.2246085480388 1902.3105352630726 1157.0419426151734
671.8669865846565 1087.5825681057413 1135.8168855071272
1210.8736297753487 170.03558188629108 6.2139645973458
322.35229397997546 1204.1205627766692 1106.0390089902533
1024.2117322564152 244.3875286610946 1286.7514023809197
573.665849666767 670.3760370107557 1141.135042418302
48.48074173196104 201.16601343290986 278.5179847428716
911.5944371873405 1039.1916262469845 988.9008308229849
945.6834400997802 18.209458818473134 588.1557114386459
466.85655356143354 399.5624039760235 1150.088907718
708.8111009742244 1272.0666016112978 1440.8474149277436
684.3771662815445 1797.290452328437 364.25469607663393
360.4493138517271 788.6642671480704 626.2354259589107
179.99604052082296 1223.055821498476 408.57237361829254
1818.7812077871306 683.0147255616668 43.60377377530411
1579.18164411849 1571.4139707201539 1496.2886638572145
1629.0153505319147 1568.8234010098201 748.4538755663282
1955.5440608424442 64.2628184724734 1478.0595180159996
102.49330041632598 957.7116467407056 1186.4914401091369
1329.8369879246911 1281.2988401440064 533.7307565627193
1932.9857033279197 488.14095617629795 329.44716843405115
793.3801410383428 178.42649200499784 852.8513366625203
1368.3684378677212 54.13751409492784 1356.9198213622492
825.561666893081 1517.7558919514358 88.33500442589714
477.9989149664301 655.6320984151025 916.891870388425
1709.7670656658033 1733.410421679024 1349.33240294309
1058.014154668949 588.9119933071191 266.09686545421056
1634.0155711696 1596.360096284935 1395.554318127212
1126.7762036739887 1455.0333792084652 689.9870091166491
1182.893026420803 364.9271199874775 140.19710105788553
856.0756763877203 632.6628581244831 723.6743007215832
501.6744630738119 1969.82647339458 1062.721963057968
125.45568093981063 1262.9726323185298 1398.8596023188443
690.648192023931 891.503507013164 340.32957533695316
1298.7628760734553 1758.694696246425 1133.7657983644067
843.9714302928596 648.6855154075541 740.160854381166
1829.199405917419 991.8641951004963 254.75039484943125
103.5452368230625 155.17894419806933 10.948589635215168
1353.1662988647042 30.640119698777557 921.6356328902461
416.6210365742971 1340.6690693192618 573.9130171785025
372.58380332575666 1565.3812982521974 259.2757063066909
1042.598806062229 1186.4653468739052 211.5069333781611
1565.7528931921208 766.7319868925775 1170.4315424725737
1112.2929223297206 1280.4043151038613 687.0577596189725
100.75963533682453 1019.2459048240377 617.3359274548554
398.0516088058861 1744.97859998733 1212.4291354231839
832.7093409615751 144.4959831803958 415.8260014345395
1418.2483310705124 889.2099916169532 7.9108527435744485
1779.0517336268415 1353.7380399587216 934.7433147325893
637.658406850133 269.1994701181919 1097.8674682056871
1704.9253659565431 1552.1461495739327 735.4719341839759
314.13893497543376 920.5054280150906 647.1094547930736
383.51442707240335 848.9289155964002 822.7433978809923
334.2828829971023 1149.4824960351923 1354.704788785688
488.99468919860414 448.3827701139484 964.8550275900222
42.84646951513915 6.309002953283516 2.9269220383678074
1686.0955819977328 1442.6862964459983 1370.3540068649963
200.73500759257067 1489.9954820478124 4.212409462528932
1409.162569943348 1803.8489584568918 288.0694253838407
1835.432477635626 458.2195215022737 848.8605586430868
1783.8106220973466 1116.088802600052 1312.5949029384608
1041.8291706109042 873.1266026245013 1379.8247646116433
1647.4711880618947 250.55458266869124 1476.2536772854678
204.39481479459354 1263.354334139826 338.77949817696555
1666.9276886408845 1344.3427669811629 78.62047029570685
743.1114555725103 196.70349917383857 332.62793904428776
124.29121143502009 355.4997745353119 789.9161963928987
604.5142389021374 1137.3495567763428 1155.3041507114683
170.69219789009327 696.033633087563 1063.15967208126
1124.4791594655933 592.3039308106735 1256.405050003341
192.91267642269628 758.8148440848719 753.2826864006284
240.86702070934484 810.6896859076593 1194.71178577595
1121.732240926256 958.6559970773811 481.0887582528701
320.8792495418031 1272.2144261455808 83.9148688118645
1325.1234676061708 1445.3410047969844 557.1839450218195
1350.097818697273 434.7685607922061 826.7235716745583
46.766532240788194 509.6609197577202 146.9110216424447
1574.5827584406418 1190.0453839248596 24.71835822904589
51.916991969232605 164.55529830002425 1004.6441873614611
608.9739442166209 1508.1210610203393 61.842801967971425
1361.9712449597948 297.05889258682384 245.4628229016636
1464.5112847632233 1621.15457713917 1135.072338622939
1146.6907813560401 903.941054710838 251.67261125489486
728.2655325428442 1723.480743049447 932.5552775222534
896.8744822966148 957.826028978172 19.395509796350964
1197.7396952775034 1079.748741989887 724.5393182122625
1058.812906346675 882.6204579463963 487.0343170992851
1733.8302240171977 1365.061413146948 924.0486999339658
703.3160927712503 442.87218184300946 509.10888319201985
1269.4044008089807 654.7742610505214 723.2380817630203
1189.4735601867014 523.1881901747739 203.14922264363017
94.41564300067995 188.8489690830082 1297.6640912935632
1814.3181525314114 614.7843810119726 702.6733068291284
1427.5530330642978 791.8918837299562 727.037346572421
1577.9222119308104 1324.8740540970855 576.3458297826389
556.3324498815978 1179.5212662005956 179.55469663410767
845.8422270619182 531.6360134513695 1213.814200728673
1470.1304732462374 1442.2861047496413 1415.6849063867446
525.6460555184557 285.36540483774877 494.43597810156865
1665.2781429464517 128.6533560128913 777.8654230153826
1682.5262073461195 1541.1245931124886 979.7975665819648
1545.8746297094517 1953.1428006038554 1459.0264907452874
1066.23907591715 1596.7671956438614 248.3351271680513
718.3835932332643 534.0104266540553 86.43838989920904
34.61306351207494 1068.2563942995896 91.21689444937125
453.0361572226218 1197.3241890408135 460.54239236002707
244.48613669384912 849.428484198447 54.15669123144512
40.63191695977619 782.6021565014673 600.1397384743965
894.4003754281731 704.5885639557083 1258.5568626753509
236.04169734633396 488.2824671381556 827.8142700274411
1133.4425131139935 1127.1967674483449 1069.7534854274363
1228.28165578747 373.65980214522045 1440.5799857949373
400.6958970700549 1899.2480047190033 86.96474252476955
1742.0171077476652 104.63495995015481 603.5315490702559
317.0949501349829 978.5807266851698 369.31908208115334
205.22689004894846 541.5932363607001 888.9004243037072
325.48187159850903 456.7985722758179 439.05935746500097
496.2976484619652 1300.3472606706114 786.5085163169487
1270.0474487733566 1811.3087044207675 608.3712280275629
1801.5493650008343 1413.9553181794201 1437.0667814763008
275.3902252818814 1700.9016918530072 1215.0911446612583
1836.7266728079214 1912.888269827194 682.8136633987768
1894.4834537106576 372.75308985821545 578.4724338664031
1641.8092511564994 897.4426405094559 649.0806476548547
1347.0765680244997 1760.8153208656881 55.14639634871104
500.8929253368053 1010.4621829798983 633.6194428340892
812.7762570842912 73.02979299312473 110.34728329945214
321.97000385413355 751.2911716633104 1416.6961326650621
499.36974567708336 1944.4880421848727 1406.6980582706387
1160.2823505087451 899.2064947755433 517.6893001109236
905.7447125383926 88.44662246254154 574.9149369462242
90.18901159454917 340.4770955083649 930.5305589782628
1387.518386844739 321.76427567049836 1491.3871187768893
163.5719391688102 95.52650761207482 599.6427835947775
1090.0858590962575 7.1525496258972865 574.9861328724846
1566.154271467403 861.2177948858317 764.9789080249042
1710.8987119882736 85.57718792744362 160.9256676017045
1406.875044524328 1963.4568427869826 1432.8789122293433
103.13107250799702 612.1970310705196 1106.1217952731158
1234.764626950735 1040.2341712381049 1271.6204668649816
1675.8449194479704 568.4449615555765 14.760274828037767
568.3090843521214 1958.4294709680055 1091.4610104842056
292.3046725084526 1262.9316138676288 202.26177897163612
1850.7073380696745 119.76524668330613 1113.1106842438132
582.0880002886036 688.4924682934106 558.0180987389668
1422.4227503736563 1917.702017949515 48.21626305396287
131.52102496320396 35.27333472365912 1085.1493605870262
661.5876931169709 805.6549491919451 505.27801032981125
546.3331064170951 1222.9499684334094 771.4330064049149
1799.964887415772 968.6833226380065 1101.0540746497388
1495.8397348230365 377.88645011947386 992.6456386872636
1282.6918042512 6.981773044832051 424.39809365154747
780.0152493014809 544.7917379200782 321.82309282404685
275.61794246945936 1666.2770204074027 162.2086166041002
1046.216046835055 458.8862361941035 1011.7573654755308
415.34942758304203 46.49208398312354 218.7529674593706
744.4405259791818 545.247386281565 798.2392764079854
1363.4120801183794 1162.965334672167 111.7500721096163
1005.0301933658645 980.8594755517735 688.3224633864401
1773.5845808025085 378.2649396373339 1384.613589446111
1913.2265654268774 1261.0539093543894 892.7741166335915
1090.130278822258 690.649020851722 472.4562837110408
1556.3012211179769 373.852390735685 9.937793139339291
1134.5502821611738 265.9620608449489 1374.0904422827791
1870.804460002535 730.6621863127169 1323.1688469996418
233.85114401700923 212.61973732314442 700.6170485735121
1744.3648486589068 1779.6078651464852 964.440719810533
1499.4911041231196 1817.7527034109035 884.2172968726835
192.84057041206236 552.3721370627308 58.72504249778399
1347.671571902105 728.3641426152336 1339.117887295163
1007.8348271627817 715.5195874023301 819.8943168251008
192.17407677983965 50.23639789016032 1215.4174331166582
741.5500881329002 1600.1522721197807 1455.1797361308813
1221.008046449985 645.8340714870434 462.94554178010355
1564.8613783606118 352.72571383046557 91.83360861011114
1093.8821497873398 917.536924082231 1377.155892808832
1349.8380930049364 1411.495508060302 609.0105689180849
1782.8510439165834 75.5001855559736 900.9038101913404
279.7507095347198 1070.241507053312 257.64073486896274
317.47092135150234 738.0757434553318 108.6716541727426
577.2342574760878 472.84147245361453 945.4540333019672
42.44261611322986 1449.974160618197 184.55796996041147
519.575618762623 389.12059604211714 920.7851586163661
699.3902682833464 1599.623702387937 902.7790815256956
1988.9318764099853 491.2533806374577 1335.727180472728
442.7223225696193 475.1388789257629 85.13841327705651
1375.8775671869457 101.5601426125916 97.73410522172682
1548.3314401762946 519.5521882364313 371.0609620226109
1237.3600528938014 296.4746190513037 673.1086436503186
81.95543222191071 181.24761360885432 84.3027830277458
1322.4083330794608 505.7900325504796 942.9618300937242
948.9533857823586 1442.0456605337438 1450.46951194995
822.7610584668346 69.68410357523447 567.2372335313465
1193.744823710947 1609.3300898467726 123.96586776961527
1788.8321520203297 1733.6133711801408 908.2138775537965
740.4111612502977 659.2492315577367 1370.9160114768222
1401.9378216399555 1840.0661381509835 1472.9514851183421
1017.9219638118577 403.64055879076363 735.072570454906
450.20924055966515 17.55738356506331 425.7241215609361
1813.7578003637063 1656.9902475153708 227.17737760920048
965.2613905485446 1470.6340472506306 582.6714068302017
32.770294799240986 854.5721779058435 1097.373322280593
1840.4197495604674 1638.651763249919 531.610116816652
578.5975175599336 1595.4098926413797 1226.4278004394707
1463.8908736125093 264.8141985099106 142.7580649517517
1414.3458770843067 585.3803287051538 140.87312439437866
1446.135121439051 1940.0296299561198 1374.9464456006317
810.1360252818077 405.2908887318936 188.3589652646449
1569.8949005551644 1611.3366732431577 695.917741706018
1350.1957418615377 1624.2327976139584 1215.393090973753
203.70397777690275 1478.4432568148845 289.14365497063187
1204.8031728949907 1450.5939884252307 42.515161772840706
393.6211147916897 453.72552815787935 791.508563046838
908.3135970764413 163.4139315942451 752.3910128918601
1297.132581900641 974.2934932047302 1330.2738838679304
1291.1512590224202 813.2378499473205 1416.3855082282307
534.0336225632108 646.0123106992073 436.05173606680125
1411.6177500566728 1011.5422780868795 423.15510968456897
6.587016565696269 703.5222673184496 1320.2500766939845
407.71546719943916 280.90798542046036 1342.7347374507258
1166.2474824428652 1318.5346935886873 870.5509482075203
1113.4500884023805 231.09904658098523 843.4675027554337
316.17762670651774 1323.9564922253164 735.1635630282146
1183.2373761148951 1961.5246147928306 27.302384855714234
265.4035743037577 462.890936622381 838.1749648784539
1318.2223402040436 1709.7267298542297 369.5683414782674
892.822961263378 1935.339024873318 1002.2427131915357
1632.6528251981233 510.43345842167344 1490.1386621701977
1642.5962383418462 841.0363779008065 239.67339351368594
1538.274111361062 1398.9813702195124 892.8284212103431
1084.9334096724801 993.1582180934581 1021.0891122750481
109.49782967443711 1772.408636625666 923.4693717107127
47.91268923687264 61.75551569227067 736.2111243412809
1556.4294553300413 664.1827598434711 435.68529537700124
1403.9687538491892 232.10701597845306 1449.7092014264965
981.3312336195459 1571.0400924450905 1435.9024763717964
1448.4282124222934 722.6779994274913 772.4175683914625
1755.0930091535413 117.7977805446575 937.3808951934897
854.2623001691944 145.8363699459939 695.662812193602
1827.323823954202 759.8836229735284 992.9461097279457
1045.0877017986134 155.72679255466215 1251.5427185899246
1570.7129805467414 166.48629248715974 1185.6069831449106
1155.9855064006135 1926.3822223490943 937.2140949793535
1195.6353648584225 837.301770849082 43.513333612489824
1306.9723711310123 376.39443949522587 957.0155190763069
1372.0346482714083 1449.1953417430168 847.1853478252189
149.71712870289377 1238.3225316252815 448.38787283782347
1720.1413132431796 1692.0790922543924 25.089371833654393
1917.0771319057421 653.0716711187454 962.2947173879485
1200.174999773946 1912.4970395675032 1172.7702842242325
271.851356166239 211.11931983186173 1356.8727129914664
876.4576525343865 440.4112682134662 917.2275293254212
556.652555571071 177.97550058151512 131.88800096692967
474.87277338605674 203.17348971990535 1461.3924109448028
207.83700105368231 1300.1060834206678 476.3464315164955
922.5745285911818 973.6132694267529 143.30076873051294
1924.1982819738953 843.996280642539 1043.2628997744991
