1000
1623.873426410081 765.6896636274264 411.4598088531412
895.3112711076554 1211.4370332874003 331.54327727681846
176.6951812223072 1440.455695775864 110.52195879021414
1686.1506562184502 1775.3633468206028 25.04526848320604
1315.979261908401 1529.6776435086188 872.4402028605083
770.8567480985713 201.14866128598098 102.39361284108095
1895.3935610946162 908.9142003919461 818.4488689145315
39.78946469982647 795.6352850180666 1234.0850228997215
605.6403291127397 1885.7288211621474 544.7631785696465
1747.485996068215 322.3973679061867 1473.5589643019614
1468.8538647765797 221.76038997981152 86.82456132554017
1426.3482128750065 724.7148633262608 1140.966427653503
1964.7843411719743 1383.773846178066 772.0260833535076
1841.4235894846756 678.0911544035417 325.1433111189793
1418.756682243018 1100.0625600106987 782.1369922882767
971.3265284543737 1717.0102675721864 296.5338868828739
9.280984496003564 1656.2334138406625 666.2175179775242
1852.4244522657925 542.9960015288761 544.2084279993421
1712.5871440990932 1697.975772614874 191.70597066754075
609.5179915570275 621.4026634822927 1326.4977825573053
789.3480416334236 182.76056259205876 706.0409569127315
1561.242219556713 1248.683478525446 440.6510837945437
1599.1465772417716 1205.863059770535 351.15102487345604
656.1950025043694 1766.7045670777172 241.19898659979532
290.2370742138323 52.33087277191739 1009.6871049083837
1766.0258897363847 168.37821672755936 1081.0931872944186
1701.234815305736 1050.565385695185 1085.2059955435998
505.42406756834566 1779.9528359213978 1174.275384432366
646.6879722172146 1134.4622061539787 937.4620219899937
1658.280287101783 1433.352482608183 235.92099077621918
1651.780852578098 1697.2423060226413 965.27723976929
1431.9664857529172 739.2290111345279 838.5670137199006
322.7909002785596 949.614403728322 257.0762954738279
1460.4118375986673 1897.2436398034286 1327.1853272014946
1958.990451544805 1043.1574217272737 766.7909568500357
1110.8347218457209 273.54342821496067 886.6653594960601
549.8185814337704 847.2500352584271 1371.210960372507
1262.3435467488875 1775.5416118068324 963.2327074099924
1153.5015775560623 1877.8144394483922 1065.437662456994
1459.6749856272615 1894.666363245633 1230.727399297
1532.0828357101973 401.5795963915667 212.16518750834922
280.1121345269899 663.4086225063261 1177.4151886927962
753.9791396145732 1790.0244397815254 1414.0171679542027
1567.22727392934 1510.3368906514145 247.50520438426344
531.229520511592 1586.7324127674692 143.2709180767618
1939.0183667463582 414.16768549540507 675.0268167318739
657.4946200834537 1988.955946016559 453.47998346245305
1775.1262316559794 980.0753635510997 195.46446870256185
1174.5420489087069 903.0365851904941 780.388145631502
1547.3412982016362 120.41932736710903 1366.0367894887263
1675.1570465400418 1356.4596568514198 1354.1473738070617
45.40378366679598 944.3767921330231 1279.1108143228678
1138.4435544170046 76.58428322232625 633.5454889034042
895.9462062762029 1827.2452826281296 233.5721909350478
769.7605702556607 1361.0235769847068 571.0084294661156
1021.5620020079914 1936.4733462843067 1175.2392812955222
909.2210056412071 1441.8148167301172 118.85739627253267
300.36626486734883 1087.5909929332079 1476.3152257074737
43.27118423169729 1614.3754443411356 161.3985382622267
1512.6985039577373 302.63993586133984 179.007539407377
659.711134825822 852.3657196761795 453.2703651159978
1753.4696528359218 277.344514372206 302.4839777791213
1443.1970241691517 1070.071569421061 86.26439439541328
312.19656679332263 889.6445681092277 361.11523475538723
348.52386033475113 1874.1608513933927 1004.2048349408142
180.48440388355579 1210.25097628623 646.5124162157728
582.0533532864025 1236.6486030498372 1141.317858875425
1811.219668377628 1460.7983648032282 1441.700730848915
971.2367404608133 112.80271058543035 233.5099465838743
40.52084729525984 500.0129149544521 592.5385867812165
1538.4261419151994 1769.3758489785155 295.9304997302434
727.375710960104 1343.8811829116598 1359.5878304133867
98.74397872530704 1326.4442327661657 102.11626637562604
1052.873134963285 1473.789950637776 1311.1410767474692
1187.6290260737278 955.9889614008739 398.7552495412086
286.3264166051014 1203.9625360036407 1038.705049466326
667.1134570677493 810.4379845955374 1466.1932995811362
1497.0305968989264 1590.8734363714018 503.0130236771298
1770.7044205736552 1970.8933506004062 867.4441013584564
1030.6367480462416 46.8814004437077 1491.4414142881828
1582.1602712179892 1381.0814603241993 871.1710446628489
750.6831891792307 18.742284367627484 581.3317486884938
1783.5802064054226 1839.464910298787 836.1208015361785
1188.1365184570893 1691.3042535900045 733.9932758424305
1002.8954418273321 113.53927800744334 33.03769713355609
37.6946303495409 1263.3012918668712 1079.5649926648382
426.10141159710247 838.6530538363975 246.05501734428194
447.62326242836184 655.7932583495445 428.6527209075372
572.0348487856646 1144.1734858990371 928.7694164453613
753.7484951707385 1901.4555881216722 1087.5208473556659
629.5572802612377 685.9350900544295 991.9312802339044
1781.0693765312742 853.0952203496611 14.664693659956818
895.9366763540318 601.456440326539 983.5342257281808
1338.4251983792888 133.73390624456815 222.33100714176135
1796.3637856648793 1559.601100758949 658.3801676701858
148.52602587158324 1260.124155749067 183.82316923067927
562.8385708873938 627.0955108457756 1497.1635772355037
1164.9088128491271 1225.4708907111642 163.18158793968496
1642.6201417321163 576.6860688848126 1350.8767599465543
613.0518133242326 1880.8304801366953 968.3799785701073
1809.1282565299132 161.62895972542324 213.87483500629324
583.0593524300882 1730.617925515106 406.09172293348024
1136.2684293816867 212.24670190835582 783.4710245826471
189.3696710421109 405.69932108762276 601.8054286667042
1613.7337456256423 1423.2503441618896 139.04059280290704
7.84819211359733 828.700231138247 213.50058199846856
322.0321439660194 1756.8074035628438 243.65380606564946
1577.4340034403638 795.4107081680239 1250.5348172603774
1215.3130600299555 931.9204268038952 55.31742869748479
1370.350733882692 702.6147296302929 722.509235784846
404.4175941676136 1319.2960986686037 1264.9088864687471
563.1381418174528 150.36980623148733 481.93240605005445
1154.3943969083177 934.9857790739991 1419.3312546042125
1499.098068316523 1789.7561659426726 1486.370462018672
1102.1212070378745 722.0405234350446 758.6301260433077
405.80124663746744 43.605141226749744 621.336236376033
1320.1432549683411 716.2158159138864 256.7251366165671
8.775627492122906 147.6857988562661 648.0784136785953
584.8927708125351 206.5491472043033 215.10136823736036
678.395730027797 529.8984471586383 914.8806633489796
1822.7455097385262 535.2375621625847 924.0574072524057
938.3919030464365 875.7967211318618 11.263525847471145
89.6913480338184 1618.176462577445 259.60659129745756
1463.1509879425284 1216.6789858404604 939.5073352827873
599.2255893988612 790.2216079855966 55.39739453497167
1706.449492444576 1672.1366974903 604.5870062239712
1658.2079016076339 1068.1075449519449 59.6889505028122
391.1273588381754 1136.5409388368914 255.8336649632379
260.7201500361054 226.48077807884204 584.7422364354175
695.3971898367583 1773.9612951128079 1089.5265643184828
991.4217568493273 1876.5024262512566 35.62432937030263
1720.4565657278904 389.6137704908145 123.93858100253857
1950.9797969679219 1202.638870586749 830.9162100860632
1830.2384406442507 480.1341765951184 94.9766395994549
1559.9420513629364 458.5332103425157 979.2376998863803
785.9852457702737 1934.5207106847256 217.30262646997505
34.74305214316886 693.3747139482573 1489.523755498367
266.996107617161 1965.3124419206058 1294.9736024073004
143.8534620413432 1058.546608388305 728.4796870325043
1419.3414203801774 1997.7398314730929 37.11587638280683
544.3961082633004 666.8300286230182 658.4254050386563
1818.8216938841224 1319.0562583100764 1463.624813058178
548.2092867658362 1647.4732295194506 1226.3888859993183
1343.4328962263023 240.68114005233986 947.0852005904196
603.967854221581 107.39414370453359 1389.0015071998453
104.03524525369545 152.79296894730732 238.96401536085503
20.80783934574071 71.95038753401218 94.5376722645303
382.597314639733 110.23244164153611 815.7394058845587
1347.7091505732787 1897.4886170034142 950.6624773697919
1936.7247193584456 1318.3029028637923 410.54633119327116
684.8087689956301 1806.855201433381 509.5707675841139
840.3956643709452 436.60373935722043 1019.0952811079849
1032.0346173872963 1690.820811154683 255.22508134420292
1007.1477718164756 1001.9231144958931 891.7251089622305
1933.512241094483 237.86658325009836 266.12079881659565
761.39635551451 1380.54887289774 803.1186944413421
705.1735155995109 396.86514028101305 1319.932994683338
185.60149734256527 1257.0471663599376 37.47574049188884
1206.1901876810568 822.9904787713451 1050.9853847933307
1829.858802460248 1983.7567482565016 1429.656453569596
1239.8099365047121 1463.515905532844 938.245006426731
1164.3382063314557 987.8385047057121 165.43377825084065
118.51735324838208 867.8401760498069 908.939792180059
1728.917912955219 1652.5856194608455 552.8480579118573
706.1740273682784 544.131767277542 947.600189193479
503.20342055212717 1161.2085943139423 897.3018506615817
916.7328458221205 637.7615320619094 1204.1780003463866
1172.4453028119651 390.4870162726388 679.4846950495405
811.7986464440517 334.83753453730935 818.343554247673
1946.3543753196138 1144.619779791863 1048.2378694203642
1667.3783221494602 1635.572049353671 970.916404125155
176.37780048800278 1117.6892153756025 1193.8045495745805
223.15262294769101 1722.900223000997 1284.244533545712
812.9526298340602 1462.0420278470483 399.11206926919624
257.301318587859 1532.7383240486988 1056.5794253516624
901.8239100914716 1938.6576566358005 1097.1804280322149
1201.3026879344245 1149.7921377948792 1355.9414301360885
42.9622159974905 153.19813667438976 40.59257108227521
1749.498876587604 800.0026319088587 354.0792927801658
1890.7357065213332 1974.75229848576 864.2297565517422
962.449834995639 984.4600655267135 682.0051361087927
33.918945797232425 1058.9403173633589 1190.5686323926238
1565.3597384034526 1502.5206689191268 794.99454940542
430.1099944138236 1921.6684202468741 95.78248290125008
1707.6808064254642 57.73922548688226 1242.0307221203877
1106.166313678682 203.28020635015886 490.44477184064783
364.8134615688976 613.858707865155 1071.0231102891714
172.37194806045665 739.6338800866378 1190.9549304221428
1831.5680995864243 1669.3680276509135 389.9608340847668
1253.1479877820482 1687.85825923268 1377.0548394184727
612.268153006446 1071.4770989627132 79.05555664412095
203.82749378300025 810.2445680313832 1088.6445035057557
508.3872536373362 32.431839177210264 1430.8817980214294
1411.5535111332256 1878.1321341378705 1150.2370300262053
855.0088208433688 1510.2604836304797 1210.5333211304378
569.4640112042352 197.94496715085486 535.009301946137
742.7615232795923 1254.2778859500515 598.3746401699018
817.6934886527878 349.0878946256673 162.81795085711332
1944.0668354162126 601.6095134351851 1055.1881433255771
20.786292532242623 126.1502764474749 348.90656063275776
1165.8840938080702 1948.354360477179 73.79891431492003
476.45638221099773 1281.1148648549738 1150.677755410173
1463.1051342427759 1124.0698955979506 278.8694423927322
198.76810027093984 302.86195319632793 980.2533421160119
1719.7190771259652 720.0315393499139 538.0704725115573
516.7801557997626 1007.2765374802491 430.9940469332163
79.06344649756369 280.6919422135272 167.89899100866285
1817.0087702912515 1097.6483323284615 1247.6112213521635
94.9998954456348 1323.5376303125165 1067.4224828231265
1360.1604837612354 1953.6806610005347 307.2444243727644
819.7592436639649 877.7783375707024 270.60180375473743
617.7116945847768 116.3035475526999 27.213958155191342
1277.1294751091127 1184.7263999211814 49.20873625103134
1739.7420416229907 1101.5675932795616 697.1991340845578
176.0263541656224 1388.7493898830267 1392.8273610118188
1764.2797829612111 1903.2552309389275 317.3556945708587
886.2161451098714 941.7967716395434 260.89474008075507
757.710155115171 111.02891402693915 637.3303467737708
878.2116797927443 1629.9558628416385 709.7628586253346
1647.4084636796863 634.0961819507501 301.83356733142034
647.0691766436673 714.0382154543927 1024.8897791085137
1793.2474894615914 480.1972320588512 1322.669787388363
1377.004511743569 918.0345800160487 1471.9514217839708
194.2814374183961 1971.088400394322 234.20382542883755
230.3163964322903 206.0442335871273 449.3231584079333
1251.0330966867607 1563.8125295358118 998.6946900392392
87.71440922820362 1342.6436173233399 1180.5390321644268
1306.1305308776473 98.58537620423502 922.8432534548849
1389.3250766737258 1993.088704770872 440.6543510334525
1378.7371532494644 1687.0045888094644 626.3654016096443
202.0141678080787 171.108975891761 1033.976282745042
964.5605137092089 632.5828740575068 797.5301677404168
726.4198193809361 1872.2123281858526 100.00998459511618
1819.8387441713548 1745.356449288426 1364.5680564767254
789.425820989466 1049.189040418135 1085.3503150960762
1495.8644681132735 788.8147359223588 677.1091606671378
1617.9426658001562 578.6434688591735 145.54078176234242
250.5612503598913 1903.8374383859823 471.45404974757497
747.7088635513609 418.2875809826487 264.8656632254766
162.49368362620564 524.7003051505561 380.30828917624996
1571.511452964656 361.24647188849804 667.1068756380863
491.65813760833043 6.329046020563611 855.5860961627872
270.7557708126262 1404.8766354557504 488.2664906795241
1766.0374916865549 3.477833156218413 844.7439920024409
756.355657360522 840.6178928192611 302.5993168227204
1608.4915947145917 1141.3573549476612 1215.517214064505
1397.47504064641 754.2412106663575 1410.9766924014878
1005.8565797965883 705.0624249049578 591.9533529102225
474.50182665654063 291.1883403027491 998.0752953766766
466.84771247888455 334.2735550419176 539.2834163048555
622.965091588251 519.8845953631072 48.12335114263339
1573.496724440988 691.3467391666317 554.4479542408242
333.54190917334404 735.236102683412 784.5967769523428
866.7266952290671 237.32367540478293 1081.3907431736893
1590.2669515738576 783.9543172245753 1318.8261711184489
726.2685035617558 878.9549345485905 9.762051627464075
625.4626501807097 565.0535141708815 832.1061003240578
1892.0730042423888 1941.573897039584 554.8304265755974
1114.914579433495 102.7611489039324 142.08317329732495
706.7644583033474 530.9403708959404 128.29552140283224
1917.182278764788 1225.4088950158175 89.67010776369672
975.2894555097939 35.32213651808846 223.12133293123543
1418.8552097715974 465.31424549764154 1273.230217742773
1699.8495795296842 901.0878875935595 223.98824656201444
1711.3199488717585 1260.7705935613278 984.6304934213931
973.1167897928352 440.4241073953958 1403.1148693526538
1160.881056828423 472.64108871441437 822.3014785808621
1608.079220156031 397.44904402117686 464.4251284105064
1119.5378324567612 523.3957563522691 819.8181279070914
1294.7291417823785 1303.6244343327212 930.4824900602786
833.252492005819 1286.2751836892999 810.7360128778369
607.8009520837329 578.0452846445419 294.86965575662515
805.2581226714084 1209.5521647885953 1280.4229085451495
281.98505231041526 330.83143567580953 677.7187978882745
1369.1408419138183 294.488162453842 1288.5952941590863
1990.2516125251952 1403.73861937821 434.1675650847137
918.4952643420756 909.0525924935203 746.2851675055317
1572.6045865603614 118.60203024254568 967.3708339356632
743.7078928914458 1151.1240566865717 442.36188833429543
447.3315188446953 18.10733771434525 1272.1055968208805
645.5713021929328 1845.4031779647182 1235.8037819407575
1162.9296702286663 692.81863850646 316.5461036565267
701.5167260844614 111.50951651623431 1473.6380489444584
227.06113714301867 861.624208293857 725.8843049762136
327.721354464243 183.44107106792973 1255.7551329732198
265.6379061583931 620.9729544292657 1334.7044725549126
1331.7306118348833 1963.3233136685994 107.76408618845646
913.7816437943928 874.0376652847277 1368.3967046232249
84.35002679642167 1978.7522087119437 102.04497764831672
1171.620126550097 1068.2993417768446 1332.1077402558503
1774.3291878206944 1970.6623317281887 504.28887653257476
1967.1472979053033 483.7139466055824 793.2767718066365
1930.4415915402528 825.4517708474672 1311.3520537793302
157.92293153592763 117.08156439611005 883.9772703173659
1261.5999122551543 756.1139425543602 533.650036274523
209.87300634304495 1224.201906359649 1271.0979790437477
1130.6823397688274 584.3739320990917 457.8352911275262
1358.4234688112888 1990.1562090769821 1112.4904133472385
219.3251886143297 743.3985722536172 30.028327978085468
1040.4912184462016 1099.0473876020853 530.4590312617886
653.4737996199143 449.7424603549076 410.88558602593804
760.4583566764252 1771.9905986872857 516.5742296152646
143.03655752572752 553.7018627405912 446.55669125003215
1783.194185898607 768.7005185354247 703.4305215500999
1358.1211160125106 1175.4087827948088 785.7768813468246
1683.7569152229557 262.389012742152 1046.9728463957395
1519.5673244283173 1271.9636744057575 442.82250527554766
809.8721039290743 916.7366394924112 339.1443820433116
630.7602340431832 506.0152051290139 616.5711424319867
1323.3762153844505 859.8426561334576 1432.6983375288764
276.574643096738 881.8374346108362 895.6756487851588
1543.4242571588468 775.3836933230864 1139.7235538475088
386.2831129938793 88.38488426862989 249.17159042186572
1280.4963584109803 1600.478746414926 1140.0229674734303
5.523006323899349 1315.499443032872 1144.1891160274727
1693.6979623782324 676.8300833094128 184.72377680365142
1399.9902234485774 497.2515187932649 932.2464691510921
1604.2798086371488 686.0546461437316 951.4024181409936
666.2355974359608 182.58698580513877 828.8261262303661
1504.833085402079 598.174022024135 817.5182861102884
1541.8319762430033 1241.4730704990411 1352.2288954597511
1998.757398306252 1714.3168756644825 1431.4309218446629
1177.863028500959 505.97872214679376 1169.7337402175244
185.99191486462297 1805.4150549860678 1240.444608726814
1523.5567829986444 1936.1575418661773 174.56818277150637
215.2977104284892 1052.0448098435834 374.9479020219284
1455.7264502949101 1402.0162669384504 1429.56054370797
370.1136639025615 646.1059853843365 1225.0046030524722
749.527119935127 1967.5185108841881 1214.4610607204077
135.9489655999442 265.15363478765397 676.5726551614277
1618.3739143147388 956.996144593832 175.2594177593569
473.4281534258917 1138.1860076400212 862.1652970915859
258.5095715445329 1930.6514810525846 51.24981938674949
1586.2368825498706 1792.515571472493 1271.3663582976258
1444.5445815420285 41.09314582763312 598.8239953939446
905.238291480424 1700.6395789366084 1457.6830236938442
1878.9643569415955 1697.239896812051 1150.0174601835492
1163.050957670894 1430.716164774616 1340.6339463838262
161.17036788502847 323.62853837744245 878.5012355390684
1454.6833864579842 739.3363762211231 474.6462339371336
1698.0053753851605 940.7216461668266 1187.8085155853496
1938.8087401203302 789.2639193831739 858.9607340327698
530.9561329842322 1375.857278676753 824.8296211453783
1699.1117393593443 1772.6270272483227 1424.5448474152067
1343.031127907572 468.2717361267463 1370.7530846408233
1695.8149931785185 1418.8051498076968 560.4029188380049
1510.1072874485506 332.0652512359714 14.104965844091211
395.03802898081375 1662.9354045580224 743.7001034628686
698.8559148010443 977.2616392461304 731.3935581572953
680.5512534773266 261.4383931124822 721.6304908188908
376.8189303082286 1016.2649292629619 665.8180138233591
1053.0324149245266 620.2212915924015 1048.6929457631177
263.4770150832939 1810.0610116045239 395.98130937450804
1025.0717420439091 1200.822506130442 1288.126590366105
1716.2219281242344 436.9212845256745 129.7672861730132
642.1135225569623 1559.7355492171755 123.67001230260077
1109.8579341896768 900.0672838534414 769.0796172555541
533.6841339677547 1140.0045079954905 1220.8734360792116
718.3050483270188 1036.8421213367083 930.4421771171733
90.77741101086367 368.0928823944889 860.7523406154096
340.8390200493463 1165.5248509241865 548.4839489409633
823.8320273091493 585.5136852120013 1320.5100029121913
153.97928025048336 448.32307915165256 378.82310742015056
1093.719032689125 117.31681565520024 335.6753967505461
1246.9110589842717 691.4405180183734 404.86050592189616
1588.3301474148375 1308.3700406326525 427.2505588876777
671.8654592134629 617.077733885381 757.4339986947779
1049.118066155021 1373.3732795270382 916.5335553177567
1579.996677909444 120.01851985454692 1182.3339467893238
9.302320722917923 279.05566233485325 449.0327203857415
1838.269021036668 1209.8459096586976 352.93680672311746
1180.8022741333778 660.0475354613535 1164.375696070708
1217.8398620022695 1308.0316867864944 1306.2087380161026
697.075189804013 1993.9611660697828 1252.832774359203
1136.5441217379257 489.3230879826818 1065.9704906259417
654.591091346814 680.7328621721321 1335.054854616302
1687.879183005235 168.59110252709786 141.98080588262235
1557.3411864824106 532.3526426369751 179.88331508227822
382.6410333503139 173.79427080551912 743.5035134133949
1928.1755278823596 1068.6472520007476 443.821142286999
517.502238269997 1784.9750013796863 1372.5688897883695
357.9786898902171 550.0337028429354 122.73239895045712
771.704480106721 1216.055721399294 7.7151622936829085
1361.9652731500846 1145.5737131989774 1279.1721160554769
1082.9454548042902 1129.476755315044 56.440916759979146
1371.103749696964 1996.6855744424386 908.7150623593111
771.4271427442175 1692.6443906618072 826.2521484288842
1602.4954212182536 617.9892709956929 1190.7906176536783
1258.6038392449707 330.8007687897736 872.3685758483213
1334.4779769873155 266.59471433023384 1087.08985378182
1333.4010334978177 1940.2547740022985 953.2010352372031
126.75635424936038 349.89269268821687 991.1768436179352
1198.2471572335905 730.4407039148788 562.3233079673502
1486.3676542530116 1512.583628778348 1158.4364888656414
987.4114715732627 1197.4439082055035 828.5360224916359
44.2038669939584 1441.6827139909303 153.0499322304172
1549.4805840509098 1964.5606396632095 1042.867684083277
1426.286140265814 1465.8328111558365 385.43416248540757
401.6175463397487 216.64061423273995 428.9208203279361
624.5177702163254 977.4861694401586 463.3476147338352
635.4239577295906 1836.486179605435 1420.308686479486
551.6712496450596 567.0092724101123 1067.7133713024389
16.47938939325 866.494153637013 908.04438183847
405.2290282223683 1130.7217436541137 112.91884910587684
988.6559886479778 1191.9040184903008 586.3609842546366
1307.0859720487763 568.7336555462336 1457.3878232415746
903.4548701187848 376.25981675630936 1130.233247503569
1581.0690869318 1094.1211765456414 651.3628797619368
1307.7757975445563 245.85430383109986 916.1672858119895
406.6755922234859 1934.6528013357488 897.8578700392665
1413.3532104679978 1379.1507158270947 167.06907216742493
1125.1083093642176 670.3185480203349 1372.5424206754446
1164.0871490696754 1914.1309930124844 398.095132593847
1579.609596805919 1389.8751702710658 808.4549718985934
316.3838548395437 527.4233844585425 37.29695759633406
91.02535990458138 1905.6953257133378 514.9240527102536
1586.604933218974 1207.4395006388263 1255.734072664497
261.36152337562413 718.4548901754497 420.0263080114525
1051.239916736968 100.23877405508364 213.4743676518373
1398.5657355567757 86.39759367991329 891.7704812486672
940.982641897363 146.6784911732204 995.0894335144034
581.0953013616711 1513.1336138554302 52.51360940606398
1908.2812836653375 829.4503397019623 785.2376487971841
197.22239237328188 741.929948916576 573.1641458620279
467.9666701229859 1200.5022655160171 497.6800181572459
25.294599800148365 196.9834418211096 975.0341159326896
131.70674241311175 787.8298898744612 203.1037746240651
1986.560792798404 1575.9840655283306 589.5842491669115
819.6123010118658 848.5689523567439 1134.8381510347535
358.81509995778595 237.43355983217907 946.6462479006655
418.5728063947827 87.13327017646266 773.0745197394268
601.6609999899489 491.82323504977956 819.7305455893608
60.52504648809709 1630.9470731077445 1170.1077689156875
978.2964297439818 298.898308240404 464.1774982708692
997.8698175765976 1890.4572444648552 1207.1493259584645
366.9259554443949 1667.1957585608407 137.21586846962137
479.7656516271729 1420.314033357498 1264.7819847725207
1161.4563018327794 919.0546509988267 787.8012350187081
1494.4439514549804 1371.2231357381797 1329.7130565425423
1778.2833504080468 1420.7369507024703 263.3221486244225
1593.6314469247266 207.43706011480256 48.16329032922451
206.266468970014 1329.6608283277415 270.19751065566237
145.86141747419745 542.9081760275005 1046.3907294640965
916.3124145170725 1743.1374276658864 564.1374429524734
1645.7913961203208 464.12427165116844 681.3776905611073
892.751695445815 317.7195321439521 627.1186872020523
1248.2878729885547 1209.3731623113933 1429.055234659402
1771.3877740831063 501.75693870225757 101.48135050161922
58.309781555652805 730.1877037568061 71.04932774658207
14.837899033134816 199.33935573345263 152.76652865552876
1009.9605744142019 855.1022224076814 1053.6500146324993
925.1169299016126 1745.335856523328 257.6891388391399
152.50306319504415 483.62313545582805 239.68720748802735
1630.329864793695 652.6660772435424 293.73497460143443
1153.6176443624215 745.8208403297743 225.8697867045306
84.36874137030448 1178.2479110511667 455.9734152145152
396.54884107223995 1017.8641924766929 981.8905844522856
1738.515806392777 163.84801200174448 1102.9499937446228
232.5738449739818 309.5219621137748 349.12081876657936
301.21929251336496 1120.1220665859792 843.3220840481808
818.3675610608476 1336.3233653090033 1138.5433503210597
1353.090042714829 1557.5990002883586 1162.0045118789144
1744.6644683170955 1728.503101182047 609.8545774071792
72.26961263825937 446.24040579722515 708.5284386332684
547.91563667355 1456.7361650994271 1445.7472293925077
932.7636165707787 1287.6985083018255 788.4659866350177
448.2252517872636 1521.547331535075 547.280162214903
1854.76753926004 340.8603186372126 273.6176109468362
1200.1641065109948 652.587522248972 1089.7024051980682
28.279586425078882 868.8013888333488 869.5355740078531
1555.1099787305702 513.4182986075868 640.6200071858286
727.0518152308167 184.55059696442078 825.6116429978325
1378.6254152572233 469.68753915459894 1113.099795579363
501.0975197634702 1179.3391952333777 758.2735541394848
314.689939538231 758.8184548812716 1140.4300440654822
101.8268163211109 1021.6159406358407 1292.9124914742347
1005.0306317400291 597.285959531622 319.67944480228965
1941.7535054844618 1581.1493522701523 1364.8740832380095
1859.1560751959942 719.4551305282564 630.943283122282
1437.3978794952764 1432.4497878831469 753.2222490026554
158.5572299672171 1278.1332991651495 353.29477928574613
1286.5468096072725 1324.3341846415838 874.3252096356401
150.98297802016168 1645.0138776864135 112.3395030939086
1482.3152618024185 1075.517450839445 249.334193976436
1589.9113435185247 965.1931942466863 782.5415668481668
1131.8890471362427 33.93554443284552 661.4992932101055
1401.8347907715574 1665.7929013421294 403.298850192055
1219.3239124764907 1958.5136678138085 1208.3887452966917
1458.4624706175834 652.2636082710809 1341.8626224247448
623.0094710001588 1777.2291472786592 1225.6388648304842
1472.2098457609832 672.1228219935729 856.1392314408454
586.1970720774226 1118.5774294983705 80.8190692748656
1423.5261231443787 84.93876733206696 1467.4461946390625
154.64821204569023 452.51270924796614 1036.8352136311953
877.7400944889874 567.9967840012949 659.5564681237947
710.5341820397333 1895.1898000471642 1415.155380792828
1935.1376608879973 551.2678570602505 1429.6717395959054
328.66617088222847 906.8886376770839 727.6204451094013
634.7669461622125 1953.8019479383433 122.09281584265253
1615.6828805159607 993.3480456380646 66.40340034596781
1970.4627685485677 317.2620931085708 914.9673598348948
476.1792984830935 1657.4191429481182 1328.2174163055367
88.40983993845298 1230.0788392668208 285.49933074473165
1789.1521665074351 843.1327556348467 52.08476908110515
1019.7723667334174 1042.4737905141844 955.8478094528572
636.7851898509058 1066.6312992183928 903.4277123352566
1235.7303140676188 662.8395310084247 568.2059971578097
1111.0847871120934 801.7239948579986 244.84803636539044
197.4333356097826 855.524473899321 632.3009992305979
330.40340655521175 628.2881250855039 541.8359412270399
1410.8493000723736 1370.4189124602353 188.66339243578705
73.41618852242537 1476.6444065478436 841.2836782951023
1386.8691568870854 1119.5294394729228 589.0787114026895
313.8020817793883 1155.7616756877167 941.728563395855
619.6559063862899 1062.69979019492 409.70566861804633
1980.0346710149738 517.3002215057138 1275.8722755834463
798.3494715561781 966.8843200256016 168.988679229099
204.58153463812877 1795.4199121112233 660.5968547286207
1897.9383170381864 678.3754793565573 1494.5844053494461
210.07263884035953 1098.2798902503034 150.2801820261015
1960.969028040708 1075.2168032751904 112.51135870977619
1299.7501409683284 111.60835014099058 584.2366498947168
1643.719066541248 1365.184880402419 55.16979955554569
1445.7977069171268 1585.1528950175127 723.4169024514208
1877.8623973135575 164.82186169117296 1449.005861555571
1670.5364717061923 1597.9650962395558 526.9916910478393
1143.7762332048994 1640.2759613310166 585.3805855971609
376.7515510348609 919.0560681539057 639.192705457106
1187.7771017411665 295.35368011921446 797.9155326844027
1866.9753858802865 1168.811173601844 960.2376475481391
1603.2211748119723 466.6110889766142 873.443663276915
1137.8069688052688 1174.080736379657 828.7599651832616
1166.590296652326 1932.3328841753616 475.9933937993112
544.4713165660189 1868.551600629948 766.4358312926101
45.996903806691414 369.21798037435735 60.342727749654436
817.6777031070726 122.24535061580633 1329.9655487318394
1839.4111407942119 292.43437839073573 1140.5226571549213
269.6123315113872 948.8611339178983 755.9813080835087
101.97663885850217 428.95361578541014 436.26998355518504
1110.1948997152208 305.2892753521519 1359.7130554891257
1935.2104044438365 239.52514432111371 259.20071412150236
976.1410071971985 1496.4586300190176 190.28949384914256
887.1330734577509 663.2843170811307 222.7732602855446
833.2365083499782 1533.140674025034 1184.5106625997012
482.16874703832514 1354.3043792119324 1381.4558241614325
1753.5451826932463 1681.5349900023664 1052.0276001772659
282.4657405154025 484.2701284035802 103.02095663252581
595.128713692872 1316.6178234759714 415.1149471279226
1129.772786639293 1241.0833805898856 523.9235339917391
1681.7167480023415 1044.4109576685667 169.45914018460218
1751.8338833868404 1472.4012201640749 1028.3552551197872
7.504478333653308 406.43312544903785 786.3750922631681
121.53028330308224 590.8764232284339 1324.8190784434044
1540.0792783258612 504.90983269821976 1436.6410260082196
1013.3666880926739 1750.8757009077212 1287.3641993639983
702.3901390664967 1700.230265943136 133.31911089394998
349.39068547439155 356.05439920359714 1181.140524095397
715.7977559787561 98.53633429418385 48.01443399629374
1150.5699771697136 39.062318388516594 296.753125157395
4.605263663828296 1885.7777245513694 64.84642246460709
1328.0971572095523 1515.9148311369472 942.965955629536
1085.2959345953964 620.6983876134844 1431.9884776370018
857.2119162651414 959.0944583993415 778.769142509514
1438.1260205827186 1751.0624168983384 1094.5314191796917
1189.9692196895753 1152.7625174339719 1093.181692316622
24.390805797608106 965.6663389016979 1197.4150939947579
1889.0962795163284 561.135674225516 234.16300583271965
1975.4164980386338 1919.4817355809257 337.3402577558449
712.6503946121372 1377.4265382841643 565.3784612405141
662.9624862331092 650.5677635752289 1457.6685676236968
1433.2972450677946 1774.1551047453165 1343.5999065263882
1762.6428271106029 1250.9512972648315 1211.585475059896
874.837821081031 295.70250673286137 624.5937568359341
127.23585082728684 1332.466102415063 1146.4945039902416
1491.1414891235502 609.4267312217852 1194.8436212795382
1485.2940856630353 1531.6756670325872 668.2649454964705
348.29347842223825 1822.4920752701066 866.6372155197641
1619.4856948555896 721.6337154610644 653.3626109781322
774.7217033446785 47.21519573884536 915.438486944191
760.3720365995141 111.77155750325186 567.798989922182
1028.1828729081772 1998.6874840080554 174.19153104281042
1236.1150358566601 1913.6057227749536 218.7278071179608
1334.7094726076941 877.338920558763 161.6095498104831
1955.0958264563053 793.2158236156858 601.1113412928972
1696.339681200694 158.90896220167394 1376.3580081242171
605.0631463711269 1770.6303258325372 932.3479244901599
1782.9305245484131 506.08999308989877 1276.5553693173856
667.8328057902983 1768.7090952864455 1037.2264195617001
135.9496589339797 420.51568720322297 564.7652018363924
1098.2600510469522 1476.9026830056448 18.70270611922531
1383.6277685172045 60.81460782820236 170.79365153945542
1186.3804539852856 809.0123487262741 334.73162296890524
260.671546404089 1857.2298544169435 1472.8840663286444
1726.3422502748679 1993.5789376509808 485.4814221314471
36.92584751329653 1248.737054684446 672.2854586991128
201.16513270115254 1700.5969094299387 407.5139712639933
679.0462906336732 668.7978327063418 1263.626009447427
1409.6205965523427 1825.941413963734 896.8163475601049
1423.5984633570229 445.0460899754127 1129.1446093492789
1739.8700956918813 1745.4430508417108 1298.9348613821862
1343.1396677734592 489.1500048727029 129.0167233951165
752.6466167536062 672.3630532050068 32.770125611775335
1652.945185560997 1628.00176905628 1295.0329135591915
734.5848926479676 305.8214508082686 658.8461195218496
441.5390903638523 430.9363838224176 644.0303237175951
1364.0860647825145 1546.1537402068043 591.7853972456805
451.9153072742532 1091.0785081199526 269.49806217073774
1714.248974322295 1759.9776144821888 221.61678097326336
1742.7232079741377 1877.338093481705 920.1003213556736
436.314597389363 176.43567243722958 313.6373681690387
318.03224268580334 208.99586643726687 1182.0308576093646
1901.1078181515354 1990.4353442993456 903.809678846787
74.73622024659777 89.2993755081215 300.15796634931877
1589.399444520957 787.9238676521321 6.804679275197733
792.8534580816163 488.0233797777402 1228.586505071298
1154.9912435280432 1632.869664278419 1140.4541694427994
46.725412412212954 439.3478039897354 1036.2488739574515
1951.1663528399226 1013.3664120924782 562.9103096997327
206.2478842861064 188.11107963892115 319.9370449582044
1359.5431187628292 622.6559056255522 1189.1897500176644
602.6575953452409 736.6796046383162 680.8307649193785
9.151653157969841 1481.954218097843 1119.9456934954903
1534.5867701640511 1779.8931666258563 1087.862592891517
1716.4266813572362 396.3591324572047 878.1571679946895
858.032193296804 1639.6114979162337 1497.1769573291747
259.96345844760094 1931.2503245462563 94.90309911158523
1720.245407443634 583.7259716469263 951.5943717412152
56.64201396890278 1545.5031829076192 302.54415730767636
1204.465761583934 6.302304287282956 756.1458985292834
1430.9018729970373 237.29601890840212 1068.6675199695849
362.9540737735522 427.82648757248023 1081.168150350414
1237.5190965845925 955.3754709305653 740.7201459097839
1598.2681702699015 1858.1076470871333 744.6707264206608
623.7527939210195 1053.6974851026878 1164.1512466422312
517.6942017825048 1189.728285082394 789.7443207976107
1398.8816292391396 872.2825014633986 91.13816478155734
362.57107101935594 1102.0735052201394 1072.6106304864436
72.93888864057396 1144.4624865459898 522.9703708316639
1939.671652697978 1315.0309539891282 158.87562258799298
1656.1450166342286 582.0333978866123 8.887845323488408
823.9727086371671 643.9290111357681 1217.099785726026
884.290932275221 161.406794693975 1261.6593309064156
947.9278721776645 1997.5465937029894 84.35450398721805
1918.5542478467312 370.6454061945015 1497.1212714416315
1058.4917000993937 1556.6306457475885 728.0684449069322
1078.273008748418 51.70586052694826 1351.4041326466584
878.0484189346005 1450.5854645988206 681.9664023374256
1949.0518602824923 751.9963025221709 676.9348020581323
791.7865106505913 281.3767447165576 1039.6693530445689
1783.4853662434614 157.06614337832426 1017.8510847153252
477.7889606755694 901.4075369659054 638.6731025883356
1740.142599011767 1563.5812910958361 1178.9614368904463
1830.0296323719474 1307.276216481327 1355.220029911898
1624.183760884298 12.73561070669027 992.8970545569091
417.01758314141534 89.34431570397506 1407.269890789332
1062.7478468915374 970.5549607386301 15.872944731369131
1232.1858756736365 46.04621217652172 1452.0043432369312
388.41388198199155 1984.7530389798642 886.5344365247547
640.4138217966802 175.67362291451195 764.9289948282283
193.15481524275378 1169.1888212587257 0.37293105660352044
1042.4275430502219 1016.7519698787406 527.2247398370856
1441.1592175117785 707.3536133499019 1391.708696291497
320.9098271971529 1884.3770077574572 57.4763809096035
100.44232491773974 1520.0037529234892 554.7827696918382
405.2656109907933 1520.0741408536403 1342.5629883346442
1169.9102356680025 1944.930565536002 39.258648659701244
785.8511085925799 1685.5772352917222 1288.766168326915
1777.4536841539498 442.70830422025955 1224.6216595475275
405.8494681931162 1484.3354984798025 417.8849115869551
147.3430027853826 1032.0305552148961 912.7135697896978
516.8106864305129 1197.237911202126 603.7975366489829
1599.301835456507 1218.9775564292952 1246.76666108255
1830.6596250055009 214.35282653286313 797.0190234601376
907.8827853494804 390.488895726014 290.3889836377539
1016.706244913673 276.00709044553827 386.5672621264933
864.1365732751544 978.0586964756961 503.5862669509347
614.1834884235129 1445.7941795929416 1065.5573494423215
1441.8244766010234 252.59433748116257 1064.043189981731
1086.646288068696 1817.3310660057343 56.5946082696141
1965.8010960230602 604.5798812841022 1207.5375504445283
1899.9533028936019 1324.9960805182702 15.382093779565231
641.0996265940498 1598.7580716825914 13.806799587725349
657.4763020175332 753.1969495781788 692.667158483842
1604.1149512184847 804.3448777896862 395.7787335537076
830.9716955499322 1530.747648288024 1377.3963907647662
1037.6520092193575 112.70155997262354 1035.3412682983508
123.05448262606467 12.538219844064447 1271.1904231674519
677.1272140738105 1955.5196598581956 4.653573405467681
1972.4640489283759 960.6147822099302 1135.2155201618
127.0676391370511 745.9486059476577 74.74050735932907
1332.9478796949734 1200.839685279209 139.29906594530254
1571.2584416577838 1978.8694892916656 774.5746028846377
1625.5713310601977 81.48954117797835 1371.0517434776568
314.53671339893896 1012.7523751448543 569.8931188192674
646.7120833509476 191.68259553921564 1441.4058548869564
1593.0170071720656 324.09148744898596 1197.3436891882277
1122.289338228337 1439.0635044427872 857.9726302917643
328.2264005086715 1928.3475343477999 157.5325553421209
1452.3631504804334 527.2698921040113 25.16696049132744
295.54886961116057 729.6595023704575 1385.0561105512957
1288.7149582844124 1659.4713863238505 627.4913981870694
1609.1418237746254 250.21110535072035 232.7793494669676
920.2140537063028 1932.3219488921677 1286.7639168456956
935.6779911843466 1356.571546668226 1452.5373611073
863.7913786983921 678.5800942744243 1135.9397066856761
919.7093771601641 1328.607965005781 1167.0313928869305
1164.74891875636 1223.0575918873042 37.98506124652556
845.2347767102531 1093.1849488972393 548.1292157032047
1501.7367924435832 1635.8626638642563 1120.2357585662883
845.0591166773767 70.37518530423314 609.9774246898904
1866.4943363492778 631.6893135172672 69.08898567919496
869.7902371732736 1751.8202299506372 84.52052853041192
1515.8569155496016 1090.176354714331 1464.543808212143
1981.7544793869238 1581.3462667877563 1368.4711469646115
1840.4952608404785 1773.323540367681 795.2050433477999
1097.1917033651741 623.3259803773103 459.8518690342022
1143.1057080924438 54.66993467832104 144.66667712163073
338.5782792545491 512.5885722380233 752.6835883166402
1039.1299680232457 1868.7391331349395 1016.1861210118616
1134.3691982113658 1741.2545785949083 611.2493196751565
190.64296170774875 1526.8288815723954 1484.5832233735189
1751.8337971080853 1918.7476047078342 530.0584626674411
675.5680583536241 1647.9415335048986 745.779299392502
1688.2682354540082 746.0881952122709 662.226261584756
440.7229835147446 1692.2622841988994 10.383217076100903
1546.3339636158348 1261.619128990182 1049.142243409374
946.2145572635075 90.7989308867192 639.905228382962
732.7453918513615 1962.6003997727537 770.9291505811802
1509.4203618597444 1476.220850622671 1006.7719333497961
1533.5204226875921 281.9693654433191 882.8809136701111
778.3633051812444 25.78459708688019 504.8413261543436
712.5291955319182 263.06467259734643 1356.2770571707833
500.2273770928281 1746.4394702384893 448.4429406413478
1545.4377697466887 1668.994924594511 277.69938953375384
924.724132802524 1621.2964694447296 166.28284229937307
599.0643211191098 1575.7397611395238 733.6631128840365
1232.7095411419841 1453.80807399576 508.1089576484983
1956.1768332809481 659.5624482973803 473.2496191717041
1849.1784857090233 1203.4939930299636 719.7963294302995
1470.5108694462256 99.74226583327561 1210.1770324264044
393.7488915265441 613.2298829792528 390.06336830696193
983.7708139588673 1361.6488692560308 280.0380395750522
420.45546471888315 711.468125695118 1309.5978896407967
1441.6411912316503 398.9481811489801 288.79947270950805
1278.179360151809 925.7732943699855 504.9272410147068
1128.0091672880696 198.28421547066654 346.38814450342403
1471.9429321691948 855.0788350867105 1083.6880405316592
1265.0101518994197 1376.5605229185678 1275.9398621316382
1428.6344502978707 928.9333208513307 936.446910912314
339.4281680129847 258.7486935656522 732.7741613659726
1664.7794194594564 300.137682406745 986.7031174090814
889.0147180527327 1454.4575558493805 926.5602848079162
1421.2853424913926 1316.3377269673013 909.4844412346018
723.9300514315775 67.96509489920987 395.414073511638
1297.6435171856679 1980.6762640872576 1361.499070711261
1161.5245700338683 1349.5541039806417 306.65742249715544
494.9101205938233 1082.76682051446 30.06641365692714
71.56130299832996 299.58523873042054 1172.1173203579408
1401.863534777929 1181.7495132517581 604.4178174082738
1465.5287044222732 1668.1414818671126 1457.461133054961
1875.1735492037417 841.3068045453884 128.66554339666342
68.62370118845496 339.36576863348364 1225.145044048548
71.93555223692405 393.5919285201626 95.51714676596256
1819.7544441457394 250.08972751947712 652.1806040475371
1491.2882927836354 210.4428943200005 1038.9231551383946
1733.1434560014525 1437.559262860374 137.1765225774495
190.25702167125135 546.6850429625621 1383.2039185939711
891.8886563809683 991.3432917022309 1475.0050107063314
1942.5970066108323 587.1026812837714 291.9447577885955
633.1232282895454 1934.5205867713569 583.588858907746
102.22312220604567 529.0429156136895 958.7705890926733
1250.796298954365 1663.6147698366187 395.3237627876515
1969.3247449903456 846.058880044479 619.9742420071769
970.6377779657382 1845.1151218867776 455.99777316282007
1704.138025724547 313.88561151682694 914.7541264260793
610.1700321804125 924.0208284589455 279.07889254036826
1828.4195956832123 1227.7783080054207 710.3348001599152
720.309674347502 1440.1782831529279 149.58268741763214
1171.9954791467655 1732.5176088524727 1498.5897184663554
1560.790231250628 630.242565393492 753.3802450807808
1011.8023347628226 1441.0351371337438 5.76279959393311
1045.1164032483573 606.1131047626274 523.4223358772642
1009.4562900944644 153.18022941882424 559.917467942778
857.8790224299127 843.6082975409407 326.8371171263323
1953.2079440554012 338.9150437991446 203.59426219794824
1956.3750047156109 959.3014963647339 1383.5112441516742
330.4951418119131 289.72630891016826 1337.1527390011067
247.10033975653988 760.9301271071225 797.9991245227009
1786.3340637091683 1547.0081141948872 1469.2701982678266
1476.517670244669 420.36804761268144 273.9387471817048
1446.8206978096223 582.2616871749444 143.68675689827793
1739.0443401533003 503.73171394081174 703.2635206474403
839.2233845779002 1495.2190079756822 1020.9697441903471
1226.2387211765315 1448.5931569918594 963.054129913532
494.69211971831874 1916.8463377057726 611.0357379521738
109.23772098967777 1914.0339287495765 176.56756687544933
828.2653257601958 1211.2123451243888 1321.0070626777942
74.85100147108525 582.0269022642923 157.95450928441778
1235.955038704245 455.09348731402355 240.69802376861543
1410.989489635652 353.9709119996799 373.43710585252694
1710.3157432624882 1826.2635079497513 613.0263980300265
595.2906053953358 175.99806682895024 68.754654309996
983.3051118511837 766.5894708138827 880.1032470167911
1870.686962983814 1339.092197715421 876.4746081884916
1444.9405005731155 783.2584559687893 362.1615918997237
1709.7534412455775 337.7666458373807 1117.7679051132786
482.7643696039712 1026.7849851053081 1349.9579057647313
881.9272467346456 1864.5153268070471 5.767606128566916
801.2157337802255 732.4969413044776 634.0644590935129
1934.0320542530858 543.7604012747863 951.1876289488373
1250.738405863636 1812.737848336558 1118.6993428484716
1525.1631260268682 1706.1324877347774 414.689993490455
1542.8944548398943 1625.1980517816614 289.3499114713697
1887.9051802766476 1281.7655459441426 203.562842421237
1692.52920049586 309.3670693545314 859.4589523183415
1851.2203199044002 1217.668442753484 1368.1191692263867
1965.9060042535436 228.92247239441966 321.8522770894805
724.1049929997891 1842.7701333937016 250.37946311438014
1597.621475535301 791.5867709929707 298.1127187736739
1005.0885101822347 1396.8733684163517 94.44794854962069
784.1322424777512 1166.8686976768279 51.10841178601727
8.003627079461673 419.0046235449809 136.48822551788965
395.0199746112686 303.10101073022656 1226.9656771457217
574.2717810367957 1564.7190372510358 1418.3748369048774
1437.601907803045 941.4086791577148 812.5169724631075
513.4839200004453 267.87719239023835 752.0008620381961
725.3565102196376 1790.404787067045 694.2223612661069
1802.4728752762644 1987.7808732430235 711.8158712194476
1288.312998453979 1383.7519139238427 290.5660042414544
1502.5106854272462 804.9965900734782 576.7963444168033
1265.7610789110765 1195.3517673926858 930.8254535223122
283.07026780639455 1695.5535416247467 1327.0026416208561
1828.7183384691284 382.6336613414485 657.7587482443015
731.3091947013484 541.5234395979269 1069.7443351134716
660.3948411976672 177.31735843802122 1424.0086774369643
871.8894660516725 1979.5957169583007 191.439993929379
39.833924978092796 652.323520564066 374.64682624831175
498.04361413122433 253.20367572000535 1345.1218346590358
1178.2857271837195 138.55137784942806 828.516832555329
907.9390540945498 720.6913486383602 945.5357108569751
225.5425524043906 535.6473922263581 1193.7878155299547
1289.8035892472437 876.3483312798395 1120.5603721254618
1908.6977341160855 757.3152085086588 219.67178110749774
1248.0345605378475 841.7883644194952 738.8544446628239
1270.1704730398612 314.0662424660956 744.8311844611551
1666.8911796097527 962.9458272322124 845.0382214723909
1059.988512349562 929.12244857089 1353.4284902196632
1497.0956081520267 1745.555842310367 1087.8637177060748
1973.9381807991938 98.9145762161503 1338.047761624738
224.62110231350385 323.0567259862569 812.726462414578
707.7266268394966 1406.6338014190424 75.55423567047103
1012.4723623877359 1955.0588066524788 1005.129103229432
1054.6864794602907 145.09379036154635 11.197816653297998
678.0903134052564 424.28972817896704 278.5406121755883
1244.989743657924 543.3082914884235 1480.392474142469
208.29135045715154 1640.9491999857548 1247.8454534510029
1082.1799542213744 798.0174809311169 1106.7881760541259
906.7288879286435 1769.4394687726308 189.02054021237913
1416.4694960504285 103.42039385910051 1284.8556647915598
1621.778634168715 1822.8430547254934 587.6491089413454
1972.2932833069638 1485.9883729088988 1149.5867978407673
1883.652336001239 1126.4657390415246 1287.5969914564191
847.0818218455005 1053.8064092039547 1232.5015663299232
693.7991750802348 386.1811377100375 773.7409484612299
1773.4901429135202 1542.1805034828974 89.5852315127455
778.3011756777512 554.2088390744948 3.846888207432786
1402.096020530576 1553.6498687074877 82.60692410545123
1478.5403381985045 122.38326872938954 797.0150174572317
494.39291078345616 1039.3051210876201 1440.3319490958759
1438.8713175363835 637.1678638030977 494.37056750352014
618.6533136518158 1152.8847153614086 1025.0343285332372
1206.4157162438298 867.5225819832368 196.31530099479338
745.2166957999242 1014.053255645081 177.04275613027326
1829.3880482942848 1940.9884540876415 1165.1209780190948
314.4800487850401 411.3705621083135 403.707681438681
27.62047401325729 1868.9943324222863 465.56154338196967
1170.3485796259645 1950.0673272805714 984.898429976638
398.82513313250854 773.5202118131439 811.2589650125924
543.6869246061605 1060.669378732731 1187.011609761703
1087.0996774520547 279.9579793641076 1332.071898164556
90.3837825414573 1314.5976987854892 671.3426364239685
572.7480783611658 1283.2752564765274 1226.6242828015995
1443.5179961031176 381.13872418843675 424.09432004532533
390.6481451454735 377.64391683054475 1271.35032411024
163.36156828069326 830.2841575381734 1328.3601382880909
420.09399767264057 9.005357485806886 1412.833529167125
1973.3832792061692 296.7669797537269 103.35619279078878
950.4649962182443 969.3030511426774 995.9959757171598
710.2594192690603 1913.233278862196 798.2220476372797
706.3077151641919 257.54130440931954 305.8066025782927
1459.8653138930656 238.7661131639931 1371.0584565973545
65.50941280171796 410.3418400212706 782.2503924111759
1380.4726430404023 285.02583418460745 721.7625693094571
856.2430938890058 9.371515746454673 51.72623579665914
308.32877088551555 284.30666428898957 665.949155049412
622.1853792891105 191.8088168058536 1442.2105409334013
333.5734396789196 1016.0540089015044 123.83575040181893
1078.936772539254 1519.7265645921455 887.789829775243
1807.8000645112218 1853.115349654646 1087.673991078995
1749.6722318932955 1132.7857386600936 317.5120120309326
772.0267092451785 1828.8561809294174 413.45155709987665
1089.6075934388243 1697.7730120430601 769.9953088133918
65.08792911575468 571.852654575365 745.6895174055055
1919.3536614764603 535.2583562592141 1312.3380633811792
1031.273181772898 209.32868519981506 501.0961854505093
495.16046672912717 1777.008951464113 1493.7513525266768
1252.49201141648 1867.9358090820504 648.909806146366
90.2122726975847 294.16742906457284 840.1802474384657
36.97992075577861 1920.7522878845118 149.82845417506297
1123.6720833354348 982.3662728025042 168.70267206079055
1905.3233020974233 1982.1019553761976 815.4541688775299
1203.8314467963469 327.2520345473231 834.9004616115243
1878.7935608795342 847.2432564386909 646.0927731132609
701.6093677183582 558.1958576698951 928.003058082879
205.1561520581009 680.5386341116257 519.2218483298777
1869.8421368649495 1057.1530026594546 1379.713704141711
1207.0346187832668 207.50137315093875 601.6415834106429
839.8266309578306 799.803752929972 404.50435785908536
669.3085164095082 1427.638999934721 334.92084471174974
917.8878470806188 1724.2452868871721 178.80162272504995
1722.3074441608126 1462.0883235712324 527.751177603248
1546.7098568862275 352.46232446874615 702.199617323711
1551.2803041215914 1418.929017705682 793.6506414240421
1778.947282805083 272.13622865896923 582.7273553589556
271.00962435108045 859.3865602236643 907.8411838104332
1067.9692044521312 1113.1472845075943 1198.762892397535
1010.4368747713877 764.8441487111824 1036.204896061996
1314.369906121651 401.55053365557046 675.662360563935
1913.0515841748138 1214.1419905915252 1290.0697241975058
744.3313720443803 1565.8546549353039 1313.2790521069135
98.51194072637148 1446.1794583339297 646.2608199199188
1851.5386319748732 983.2920370200482 982.1812099495155
171.27837085590357 886.2469074869825 1082.2702866957982
619.8043714317403 214.05934531645522 1450.8475283778696
1554.7424004330624 838.6424949940558 21.502727885730266
149.2396674726677 313.4162122845123 1458.2384272452296
1092.8394745231528 1450.706868410802 1114.3640113533006
1495.869964130063 1736.0488623729598 211.9991443977759
42.211104379272115 950.3056948898843 740.6246806125074
1096.1241645831242 1203.4826970580862 1354.401967540579
755.9907854843349 559.1775097914049 809.4640360681183
193.4266265075093 1783.8002594482218 357.0687590996681
1790.7880990701415 90.65861214589388 1387.4841694820948
615.4835591656214 381.1180886345631 161.14503776931804
254.56370279139273 996.1789348742947 495.994052266214
1034.3976956713182 1698.6228551775052 1263.9795309448207
1145.3012737631866 959.2395929990096 527.1391659892919
1436.273335657051 1654.3145099963501 1273.4958623936016
883.8434243248736 221.45273198257098 153.78818265393502
1210.3088399044493 1642.9103360313716 1032.1724989451309
805.1696168775686 546.0526844310912 569.4685591817691
485.41686207221767 1367.5506961621754 198.47565219638952
401.0714546144802 356.3419211323631 770.52364614287
706.739948586834 1731.553386699097 763.3955423646096
1325.3964019454136 770.4905469105032 1376.018558303291
1705.9739777371651 1204.1833329966255 196.25315394027015
793.315244370478 1069.3949275205437 921.923876408215
170.54256150508152 1500.1991573563657 1162.8338157895917
1927.5551356332342 727.5041590129206 1190.196236835632
1945.2635879364552 603.183533455187 585.0707510596824
920.1405260460223 364.72198453556115 1455.8993502961798
1529.3025708037717 876.66900976735 356.9796257926624
950.9745058262151 542.7021333977547 693.349419649865
889.216870774068 587.9095810422567 95.27963135356082
350.36978597325776 523.7382970599498 100.32751364337838
35.22242965496858 67.66790549612666 692.5364790599868
621.4069037554876 283.73758133299634 369.75935930135864
946.9492200167035 1781.8072791673837 964.7013649786809
1753.3844756547442 1175.49815745899 267.2182219981521
1324.071157980875 1909.6626408202399 616.8655399332281
597.9230637988903 1604.2853273087924 502.02090685489463
1821.0279511430117 170.68683705595532 736.2604716805122
179.98693849481984 480.80360083494367 620.9172097101872
652.0456659602909 356.2952333727074 432.7315642496568
373.0313377635235 1608.089949955459 851.7115646941622
1082.842065882024 998.7617302653284 759.8684504675891
629.0078219935908 1944.6063866589716 1361.2313668435622
25.94913508735641 1936.1216575191238 684.8195160882478
410.2880488351848 936.5979239783139 357.7775285670703
511.1108824552049 601.4464430306452 1069.9799561918346
1676.8598804418166 534.9331040769107 591.3734878372115
1844.3829480071079 532.7211850217388 1326.8481290311217
411.0693758680575 1561.5505096136826 1205.0782279078956
461.2967376142709 1005.2291436752778 267.08522611611545
1968.15706576967 789.9430603292002 1153.7869897646256
719.0328173104723 1170.8556761412146 236.37601278770381
436.0323220011233 668.2213937755068 646.6407183181751
1004.599829023966 1518.8797655219862 964.2881365864225
1343.2301143535747 1060.2232851109038 1202.1199725008519
1054.2913627615228 1841.2621598267813 703.9647737047214
1264.3057423182063 1159.661782700778 909.9325776310094
1257.2257495288363 305.2550482247358 345.48026886605186
578.9872413129333 35.95905712434045 1128.5656369425685
1315.1719570035623 1902.9700141799453 1003.7485330690315
1977.3912021915319 1315.9659501372705 486.2128223886799
1968.0026117266784 329.3967550275374 683.8548922290337
1213.2689534448257 776.9655352853657 1203.8187066550604
1626.922387456205 520.6889237360708 886.2558966295433
2.7907282526067334 1418.9411700661783 467.4960824366599
2.8717171717402845 1818.3293163418014 1436.4776031994966
