1000
1483.2046588201745 1346.1919355804478 1449.6845074996309
1968.1842355102947 1184.5959333317362 1110.7306064350805
1322.699531064415 1580.9878264341826 321.1720326787574
101.20620693626914 1432.8352011782586 605.4800373312229
1217.7151236011098 1714.6621479256298 635.2657302057195
1508.8159175416781 1982.7444260819343 1218.0560498133611
1293.6644323062264 1365.3641125497409 433.0928090824077
709.425980287828 1415.5206191997488 867.9443059260564
1205.6392609417846 1726.2022838966698 1429.3290238068635
407.4542605567921 1069.7380455709692 26.364241141272505
1540.0260866860747 390.73125369914476 958.7652935363092
1845.6703106305556 1941.5542577689596 26.902828480477037
1725.6417623731058 694.9522837899253 1007.0908464776462
1102.4529205296817 1998.179990613818 1081.273002460189
1461.9590770754883 1085.7751739937826 940.2424697804087
269.9620643707632 649.2265946529228 1317.2136431472134
1257.4849089459651 1143.3621591208932 338.955615210125
124.88050172253939 162.72097832735088 1241.3017439862354
773.8573417581234 1297.8274493426504 870.5736188704573
651.9117519727147 1106.6388641327658 431.78731628834163
462.1798663893184 1569.2727983868645 426.75558696963606
702.491199340549 1757.369191915648 460.3038340832678
265.07795584251494 53.75232742385849 1146.4210056179713
556.8889406652054 1722.0246965939034 1228.8744027385144
1857.7789405041574 482.20236220933566 1152.0142895569725
536.4153994602574 1418.2426562240498 598.8278002049769
626.7945026470611 375.054138891713 81.22371253318505
1862.776779408944 1616.7994818247228 655.4343460423353
540.3159421529409 1394.0018102375657 1104.4451849912134
335.4486586018586 189.21180732458654 446.61105836795696
1130.9710615990734 143.7103988156958 1201.9258658324807
1834.4412174996203 1152.1550717653406 1281.3714287449302
1609.1200455341432 972.4109579417985 39.94226405978352
1813.6353454264752 782.4317812972439 145.5608094787609
621.9428876028023 723.7948608123726 778.0585917966517
205.84152055182113 171.44826118599843 362.9541614114742
1803.2583088083552 1700.4943203542505 1209.4251688201311
1169.1994527642667 898.4821709038404 1098.5868015692529
1511.370026452191 516.7932768460972 552.1578217158187
880.3226674013165 56.71081010880141 1031.3481084249968
477.70277208499425 668.1989935430362 30.584003725778075
1944.9824837521276 760.1390464024508 159.15675631306647
682.2241227572372 214.07609481447886 659.1084083191492
1216.2780880962125 1741.3363083554955 632.6583509703127
1933.2679924544323 359.98704264546654 1287.952820052214
1956.6863038846645 517.2270078977059 528.2336716966469
810.4201199292644 1929.7110682434452 691.6876743085325
465.7367921062499 509.2032134401896 374.35515789521816
1215.3685927801641 1677.7162149865167 991.7926771133724
1300.1316449834794 247.68823781777692 341.6042643060991
341.7887130253403 278.2979479110097 203.01984014034224
818.5012880543301 1605.8022501751022 318.8010363613273
1224.9451053278312 1171.1970189210228 1429.1198550348934
1616.8499326625747 1855.1054301023512 78.33434862840876
1550.041265472873 863.3564876649675 154.81327952129487
1735.3866340046636 350.971167061126 1334.6979280829241
1310.2770559166677 39.31708394476141 1007.1478828610195
1500.6715406030498 1458.117101141345 1360.709477705664
317.00585783331945 1924.4450453468733 562.0324408312894
1866.7242351624504 1674.1232938847338 142.95823782241263
390.437915988161 1928.212351583004 1078.039680103143
1745.4186440807578 491.9460209244906 1082.8442338035852
169.996838325154 744.3795362555398 941.027640216266
927.9430720301847 1453.9234770215458 227.6142026298028
133.2749996251439 731.7653843253953 235.05939884583339
693.8695707905554 1552.6540259853327 790.4908919813233
1948.2426189103091 363.2312568270206 367.1268668609407
1083.8359265357958 754.2455733942612 83.25675937509331
257.08064796574126 197.0283574184748 1106.3914855449236
1742.2426098459362 156.90524556000085 707.1470266630682
1141.847377710587 913.5442546933418 998.2168677347056
520.4178169002198 607.0312122702142 924.1035873963853
1125.055420478043 206.5054085797078 1433.8399772883704
489.9611455590231 1107.2367126396105 1476.8196396459434
1547.1419462021122 471.92838152655867 1216.2118517848924
1514.706703231988 1298.932283209378 1193.150928784544
1723.2144587714147 1574.0531241176643 146.36311785381972
1670.4989644865075 264.82755256767865 404.06995013992554
1299.1365791471767 78.74508027785 439.36139578113415
1086.1573041015763 1838.8432530848363 130.13475627883082
1306.0268483945092 1886.171043880265 978.3698713289093
1197.020101393148 1775.6549626246676 366.9809935133497
1226.0012060144336 739.7573007622626 799.1915492574359
1722.4959097396957 1957.173456659749 436.70914413186176
147.62094896460053 633.0113707568645 710.3393980028073
773.6505611787629 1179.6987313816685 299.67256064789416
249.72312032688725 1071.8964197212194 1084.3533970519345
1954.4890128587165 1563.657273938634 86.12795100868092
1450.9391660905765 100.76890132709981 940.0671824469497
473.3923542896037 897.1499136942242 1177.262538884603
727.5353564966766 515.5274398278759 256.1661409236151
151.0782118467373 14.70086494185896 161.33113648183672
861.8400294295212 147.71649805485686 1345.348053055819
507.15685239543683 1235.4239939845022 737.179803590045
1506.939352697236 732.9682886872757 1225.5774531365196
540.8224407464743 464.2750900615178 1019.070143411557
876.0047344515826 381.10496229045765 1091.0343984463411
214.5066741193946 804.5993568842127 428.4744960694956
167.15871583859365 145.04739538475354 1446.4004163455004
1410.79533974904 1579.4223034616862 1105.967267776495
1902.160222874567 229.22843600220565 81.77840489771509
1442.7036786860308 490.499466874436 208.36907888787874
577.4861992736724 765.7684664853928 342.13311205886146
712.6302743931905 1596.1445117382998 125.46726594481456
1284.2124284843244 360.4405704049194 438.03421507208526
1112.3704697472754 1823.09307498309 1413.375181037678
1568.601623468691 1121.6088570102481 228.55640152712985
461.2253419558312 1419.2607778376141 17.604964043454185
740.8617356038516 1126.6032938474432 217.4458708199966
500.38412171517655 72.99088167563173 698.9321703258498
1386.4141772618736 380.01747185189936 959.1424625745171
404.4184918705416 1466.4152926409822 27.21700040791275
595.8019444539042 485.87144105001624 677.4078974551385
566.773849521603 895.4187041047854 454.840622787152
1834.7039254466094 492.54186558008394 588.2898198025799
789.6963909151407 1654.5640100774287 215.3279726558982
1992.8097807543654 1807.8106984710228 960.394478789739
1079.2192363852428 1731.77250892056 615.0497747334147
921.7567701462636 1823.747362853595 1005.188820177604
1578.1840373242928 827.8936134875505 740.3855437798929
1390.9278594595885 261.8569278439 437.1341122583209
1060.7672547499067 21.83097360749864 42.800613675477884
1014.0088465339003 982.8652351004215 34.16112164932705
997.4693831128858 1004.5827707654058 858.543951719953
716.5834323763576 1024.2749497521452 191.6992570515446
1700.3313849345102 1381.7591354142164 690.6706243405339
648.9132740192764 1704.0560537349334 540.3712320369034
591.9698706531917 908.8595616808335 487.84292234296225
1807.7350787341882 1462.019644999146 1391.5078982351563
896.1073135419578 1423.8603058538224 467.5451323785459
605.3753331228457 510.82146661964003 1474.0745611486388
85.31080034343952 1897.7205780563788 82.54944008121906
693.6414042027994 1393.0500985973308 626.4536966239702
1419.2313141302086 1668.8639021324173 782.989703417464
710.203516810119 611.2421940691262 1140.7700093257897
1957.459120808907 1775.1738542054616 538.6374240877075
945.2751346895285 1249.9505993296107 338.4047756938246
515.2671060036307 1313.3362020499717 586.7622751218632
1273.080659318123 1244.2022772569069 1144.0027602846474
1572.8118715003407 347.22293873988485 1.1922477667870024
1928.4797112462984 870.0561266979134 1296.0571213008636
337.9052075922844 1965.3894340486188 868.3421240352221
397.79351566452846 1371.6561899242624 487.05627021702975
1871.3321991609234 1934.05099355302 1111.3732161000628
749.2163834204322 354.0806105910632 1374.8234861440467
1071.218298856985 1289.134276827767 1256.5923281461673
1023.3412490101925 563.876868181348 1480.0718058610512
1694.733701423456 1145.6371047466082 1005.4460466082372
161.15040578050355 1228.740509193949 153.57944110427607
1317.29430734035 1198.188034177785 376.46429915251156
745.7957070058907 58.227745674097605 1231.6470559846086
1237.3643906428126 1264.2929089136912 134.07998071793847
1001.4418852224898 853.8366176820566 1173.1018896409964
529.2206199378511 1225.7099789480535 1402.4831482306447
762.6001080504545 688.8992997874764 687.6608980511014
1156.3938229326413 619.5156386703511 1363.2117607034404
884.1046179803027 1820.2701103266204 1390.0985802606276
223.12694938522083 1169.6045959421679 885.6805515798675
1620.2802041761213 601.2247164267226 18.158698701014664
238.71586209410768 167.5441129981079 991.074970872541
697.5989037015557 932.6944571503242 1252.2235326104856
1177.384989742239 414.8246795598689 595.2951150750426
1203.7181701349296 1220.2084462958198 141.8283796286901
928.1361066505542 892.4422947547716 1333.9360978409018
660.2922499311177 555.7916501893585 326.161106436989
726.185810173773 1538.6428247053766 1106.2602978558152
1475.6369191343624 646.172535362594 563.5835947680074
98.36419307402089 939.1057717052958 203.15865301324305
1983.2114279317614 1769.4259260525632 59.64369766647803
748.7424429828111 1867.6757213230414 561.3804067912519
1269.7580794911237 87.53847416946448 1228.683368771872
990.5804703955732 1773.3090023035145 183.37525722988403
1174.72257376773 1506.7057671675575 401.08328138503487
1986.814163602258 287.83812532214534 995.7007988423978
1125.800456932377 223.1694661956427 1335.4672200847579
591.3990431689953 700.6195703987311 702.5436359395952
661.50651722994 1407.9328459106741 691.2681793192407
1085.4363067439276 1683.103633984023 194.307270886019
915.8812976605375 1385.8759870961694 504.98882760038407
1481.9135306021335 1117.4357722033863 380.3942486579869
31.27621047153628 1380.1917729287798 498.01000514452
152.88951215826384 333.79757268299716 418.0452282934567
1779.952073558488 1328.5170445185336 62.319618531152756
1411.4333911738217 1146.2814799944883 14.668050253357045
1127.9974963486588 879.8571555971022 1062.325559264036
541.6615341579837 481.4656428038735 327.1870044218948
503.35796416034316 176.46355981250372 1385.3413108612604
92.0769410560054 1228.7826377892764 811.2244904910643
1987.242871768447 1348.705785747222 545.133325095511
247.62989132384794 328.6769066686295 368.68327567766335
45.15454429371801 724.3176552269763 9.71273217342966
1399.2714262532381 921.8115046623121 384.08149410257084
1864.0909279228547 1818.1214801704223 372.84920858709603
1902.8195848965593 1105.4625679237015 1010.5796311489993
110.71434565102933 487.9904631346057 1416.1145065206779
948.3986122698011 298.425215542528 939.3909848075759
1068.7372772409533 1854.9374634766932 467.6434583614776
1326.4412473002076 620.0554430443294 398.56354100571895
916.1394490541894 1602.6381003175666 630.5858611881009
765.6966896409227 497.9068417963888 719.8573525525877
1736.2550337468313 835.8380573814068 1468.6428207520387
681.4623816652808 789.8349778944356 1016.041009927005
1650.9070984355 1682.148265841627 791.9522140418588
828.4016859717292 1372.3332502553405 833.5953446663477
1781.0169070895863 393.74161859819543 269.7902657749181
1653.1744519092977 65.60158979114749 1130.5569185951417
688.4029343567919 1973.0250825357577 953.2804587563909
1770.5974395681242 1764.8793039113998 797.3600732592031
1187.758682619563 34.42441749407266 745.912166774711
1463.1314444300044 1491.5157363654814 588.4583178634999
762.8037637932612 318.9904319228647 361.1745194424959
847.6277890590017 227.27354587489356 1305.7871848408777
733.1565660568058 646.5824779218194 88.94193820797824
925.429413839616 478.09474613673643 1125.9202128328336
590.7130872718728 20.332751029371376 818.5541418987947
528.2126682308852 1797.7576564343624 705.3403979926435
1892.6651436670234 998.380145989573 986.9508101124503
360.3012157605681 1367.6160625295702 91.30867575668233
1014.379158386288 1765.8828989077285 197.29617559169387
1668.870319407154 162.89107423040505 1396.9068413121013
244.72181100511992 906.2585089343366 450.911316890715
62.50727160306835 460.6558370634437 148.60014472823053
1102.029713231356 165.73348701712675 498.1145894081117
186.7973182955973 839.3279084788634 565.1515344088583
1477.7267066894387 1582.0654650587699 842.0391749662846
488.0383591702524 1111.5661430616494 922.4718007464526
398.53248447866815 1632.585228478626 542.8832739439866
762.6870938112502 804.1628157444296 120.53784442387771
620.1923704219358 532.4003838087858 520.1697191227724
632.1104039345222 1878.1758011483992 155.9814541267482
347.91688030201874 1376.7199474394743 961.1940864000625
1239.629677195252 1350.0105318863025 1353.9228998196363
61.4274126061074 1219.6503190769736 962.1811009628708
1088.7603289176368 1179.5646217172293 43.77638114043603
1919.8428733360179 522.0708984323305 1381.0927477959674
1833.0498782548837 1788.3800231438488 837.9371778403481
57.24888892992075 869.9775277475678 985.1016056747806
145.49190515552434 620.1364065621959 926.2001946843365
1437.7066815547819 1489.899833801535 1390.374575542055
668.8656634306865 1631.2078330085121 857.8647030721003
312.94277813404193 971.6155621749243 5.022604284600385
204.66511657427566 167.7674536462903 1159.1517766418276
373.2849213833873 803.1750634789876 316.01494623423775
1825.1255399636063 586.9396872953083 1447.1856855933804
338.3730684593076 294.5553944292583 925.4766872370653
1821.1566004931888 1678.215052921647 586.1655616886834
672.10177299339 1169.6159668114647 98.20798951603327
1256.4581055831602 1776.5788778209842 43.22251447168407
1078.3727553855995 1641.5005284785468 1277.3315840841517
611.0074778730572 1095.9359273760658 153.1391274369659
381.93907150856177 1142.5171765756938 474.1683283431466
1574.5886196948045 441.6517346262485 117.83151996182012
1003.2866281625412 53.68388186704354 1160.92046266523
1237.9892135544878 1424.123883494453 718.4467277534574
1969.1190476667462 1085.2943377116442 603.0747235357074
126.50152959546901 522.3694968886923 465.61455148166067
69.89889246522574 452.7731630900842 299.02465123826505
1512.169043930902 1323.8124037556845 380.47992542316524
267.61589264622177 7.937803936956644 37.771408381250595
173.67576209923797 1284.1128971181188 740.3934668040974
747.2624882904124 1119.3521502491326 594.658655804079
983.9985043962673 1776.9981351555093 1488.0319499764457
1409.4822698995833 1382.3480375255322 747.3538551664851
1676.9496274355663 1832.514252103778 1243.42208832879
960.1691330209925 1685.7358762642443 916.1447570327607
1259.5218568573137 1006.2526050872386 625.098617558084
729.6188288655403 969.6179983924462 1170.5631373909423
1258.6102476996432 825.1186560017995 6.346138548198987
1801.471273157438 402.6195489799007 1368.8142192345244
1546.8399926669122 1799.4364382062201 626.3270485078638
594.6748400040964 1179.4484440212336 1330.8136952391594
1475.3081847026028 774.4534845465291 1373.3481357406613
1142.5039800781774 465.6172282647142 1172.8242690313284
565.0217509244773 1895.5524783942872 573.3096827354997
1775.6719467770379 1676.5765694016388 1388.6310461408443
1816.8204516038495 1027.428699426465 974.5852731931511
924.2615742978115 786.5341665878432 1171.987448489448
1001.8839492016576 885.0108181075398 1343.1908966443739
1581.928657014577 1814.6215390359534 1026.3676989058415
607.5586296909729 1944.4038853313064 213.08389932195604
1848.6250347429009 1547.0181426387512 466.94797844987005
1171.4914808227895 1583.8100046642164 845.4212830705222
1132.889784820411 414.05649267913725 611.3026064708137
1540.9873088962092 974.2573957447592 377.19320150583894
1996.7609204764958 913.0514321354455 420.99908462585495
1345.5534635204583 470.67957645906813 1337.2106591864892
1733.2953194372212 312.76145227695906 937.7670165626696
78.19716688089629 1047.2064530581047 1422.7301148155284
1999.1631211811016 353.2570794711423 915.1549702966372
706.1012115345784 707.2518102782261 428.12492314256104
1763.3940301961773 1237.1666560416536 1364.5739959537384
470.29856219224996 1266.2400548672401 980.7494507594824
3.5055699252786177 1312.9228659950093 1492.745572375413
926.7571277745228 428.53941601113155 405.46745311756666
1216.3580738035228 529.0023156603946 1259.35826974067
1170.6882959805525 959.3672249438465 1280.276782895513
469.50217693257133 1546.4534819901753 450.25443316787465
1179.6283571508209 1032.2890920064717 1188.2620641943886
1935.457195663888 524.3725059521254 43.43177360388084
1543.8475411034176 378.77408404286103 5.393737273406085
1973.6872736060761 753.8831204782723 1079.2239285831267
1684.1603148469856 1433.90251524198 1147.2227115467733
1990.5612024551565 1330.325332648241 1080.493080703042
81.41579594856974 364.8243001196922 333.11120490553355
1884.3313087467252 354.08062491479365 596.5137445961533
300.60561189469115 326.8109272937969 768.7383913713091
1475.935924403793 1062.741548574418 811.907803891671
1331.0872718383748 1032.5504665188041 670.3635545970201
629.3409467428128 750.842365887961 1102.55839574408
617.7352931482312 1378.3745854831611 1041.9599605635165
821.9392645799884 1996.3177921078113 1053.101777909201
1220.4479206451833 291.7331686821059 748.9469257306762
1292.9122036781134 424.02226592301906 1327.0404375275048
164.13733782806528 724.0288139749235 765.0771304432299
1892.9872565127212 1064.0666118462268 373.4178786580777
1309.165536131111 741.1830851931795 1468.6917501022629
39.41687063887822 1325.7706443878649 748.3531725467024
1085.3089903633104 467.6286310737301 170.6273727776972
1198.2680460473746 1785.719298586737 1092.831472012145
1378.218046353978 510.68700547210113 1444.7857407213537
542.9963102048248 1619.1523207671257 668.9260946339201
948.5457166937178 72.7595968574175 838.8613390434167
1703.7075932452276 759.5576593635884 463.49888314059746
703.7963483876357 911.0031947277788 874.6436816706095
1381.8431861455756 1738.5858261538835 341.7908420736279
54.29785059281511 708.5787905505225 234.18435195937977
136.8211463172342 1838.1141225326649 799.1915491227201
83.55899858920002 1644.9507565362292 1084.0315336166302
513.118825848843 1456.7732082882658 267.301152917102
1074.97115862717 1645.5885238118985 805.8588931465385
1975.4740397010687 1236.8379566101216 965.4194925106493
241.62585866028064 1616.8593178737497 1349.8994361890311
699.0471713229407 1372.4741423507571 1198.1989561692444
1981.7165165653657 1731.535106987162 774.4897392065343
1398.8208769504458 782.7486615657735 838.0821993265239
1007.0323646083725 200.9830914525994 1065.985022904194
907.2528583028748 636.1603180959095 550.1256111788737
50.278359461710885 1178.8886078710132 423.7160506714437
644.2510703023601 1935.9470354891741 808.4908315929799
66.36247162335928 235.3970355392476 432.1709663549667
137.55075843117237 876.8772847637574 981.5669659009254
196.84032278680075 1857.7967266649193 728.0410794616604
1043.4067024207252 959.5674417769989 1173.7775859161204
1676.757646704768 1289.9245137382295 400.25840015883955
915.4090716396526 332.32965477970436 491.35095846358104
190.9816337342385 614.9659079399754 409.90480023040766
1080.518088356931 1522.6744088379442 459.8174183211473
1821.4671612685931 1797.8263363189749 1206.1851357530086
543.5619791111832 204.350683306729 1356.9620961631135
990.2767346784971 356.8831509523138 1052.965187468807
678.2071441163394 1733.2188213541915 653.223893185208
992.2902574892705 1892.5855721021237 264.23144693546766
121.0960815924853 2.1558457035091294 1057.9852459550805
425.29506888979586 354.7822004423633 1128.9830856211063
1454.5616497709557 285.3427777305433 1399.1631089929144
1319.4412072687558 1265.811869966927 378.0594724158004
950.1114357335081 1789.1698972403249 83.1537019066354
500.47224211248187 1116.710888862789 1259.2248169332056
264.26749672413183 524.4431529672504 434.32655420430655
643.1952113713744 1583.0962644284875 1025.232266911797
864.1247833224675 126.85627432235091 1256.8584596583275
290.30293334449175 392.5875422027616 830.1137475648069
1884.3996665158336 413.79649886484617 1059.053532787339
273.73396719311717 1450.9488122480866 1009.2340072898379
1027.9331711782747 1485.954091741169 247.04496251497682
823.4892108628151 667.3625784336843 888.2992512459963
572.1203211782538 538.7359799469025 1192.9447426740699
1.550684203231345 1496.3130057754017 268.9108002882285
1370.9233633572692 700.476520095959 705.5298497723103
246.78065410225102 1285.6285858309134 1215.553552467072
289.7683457513713 985.2597281909669 850.4972741438645
110.19887574788956 1048.2368310460301 198.53517008686327
351.7541637406343 403.2344725662533 567.3419119431311
726.0884825208777 633.0363661756189 791.8544314268584
1551.7010041700805 940.5224646213311 1014.5157648364465
1981.0527524333393 1291.6755297729871 613.7544999724221
1089.696063336689 104.34245432619971 407.68040950040086
835.2295280768054 1679.916270346908 543.8713424240873
1953.3701774142955 687.8339914956808 530.1593927215912
863.7523840518173 516.7454355534309 610.3467595265298
104.41551364629298 1895.0141375576272 1452.0186907319517
640.2696762261018 1145.8668865443885 1391.0911744688703
1853.6719474734878 733.6544179924123 176.79097582625658
1968.6582073158256 1441.6242400695728 298.3277532340853
1602.5208390494406 475.49711035358433 647.3179161656392
575.1269887201888 734.2852803737007 544.2565751954808
789.3742387586908 1749.2515551757135 814.6163032290472
65.57052189434098 738.9604192629165 1273.757286165914
844.7279160891624 1785.998225843308 343.334525763261
1883.8475006098436 1024.0431424895032 974.0211037303692
144.46433921458635 1006.1158716048233 497.4217595521523
938.4414284389635 983.7760117979817 196.42241438823382
78.3277897823682 284.1091322862836 366.97931722891593
1565.4540272210934 467.1786886046536 643.9736022513586
1574.7036092125784 1768.5729948943795 996.0065668432813
576.5994096463734 976.727366238695 453.7144945582891
1958.9290710031532 1295.041792898876 817.4991622442526
84.40103099518348 428.89615878829267 572.9494485580913
1480.9374046604428 1089.650796808198 1385.9780349602188
774.7001829753639 1429.9377665620957 290.7636690965378
607.2478097962796 1994.176651252575 92.01131136219342
644.54170303816 465.5233526482063 1412.3802111342409
957.0134262872358 301.937225918389 1268.8969935082364
160.90834515840547 1840.6133048401578 913.2390683152514
1729.9568344427578 106.22056651233413 1052.1547259477609
938.0105089614108 1989.59906457243 1006.5144785498894
1371.656243419851 1782.0331409822213 532.9857803143748
1794.6387642323944 907.759303769541 1013.4936634280155
1881.1353645861159 1776.013127820754 534.281553571622
1397.879705331843 732.6175844041411 1000.4410789778606
1826.5239583235568 1710.3081522578716 1275.4308132161834
655.2329381453957 1481.4320265926233 1182.2716479494716
798.3667892276194 1994.6335327787679 424.0047648717737
177.08871347826127 449.0206666005847 824.2216010094822
1378.6094893847999 585.9421674942685 178.73214814030663
1549.8468187580515 1972.9688034761252 96.51979877074923
43.84217985638617 317.7707129755947 362.88986900221664
967.4381924967479 868.9737227889542 183.33066115476376
1301.3465307992738 961.3699802322564 527.1502364764891
1310.5206241155086 543.9901041147292 915.9883911345277
1271.2694800029008 914.5817451786816 561.1065545249668
1231.4488674659858 121.31852091648088 630.6162558102741
1904.584484063685 1944.8424680417957 74.20092978020332
1162.3723813562442 560.3492478602851 814.9043695806207
563.4617175779 342.66163066552593 671.949690562651
1165.3185752136012 1281.8456572619443 543.3079060061076
1048.4408141795832 1565.6640409777522 1252.8993917282835
279.3189601273882 742.4413294423522 497.83685818521974
1698.5966848679077 464.3327712573715 1171.6165325581862
1920.2229939889007 1677.2244481121863 359.92672579866746
858.2052790079895 1914.7326746931567 632.8238723272591
360.791375474891 1662.9013105630686 892.2435252045857
1533.2500171081758 1080.9078990968778 771.7348984480313
1958.9558228393018 1183.6720975290448 115.8771877258885
44.0305409617503 1784.8076477747907 357.15955729753586
85.81960316009574 543.2718438213706 1288.2925833665925
792.6375964381698 636.8024911321264 519.1214745476854
169.86114110535212 828.3983562683419 1007.5371183597148
727.0536967542407 85.80475696215939 1482.2218865249138
83.33201146080627 164.88991384732276 99.29704990881704
505.11160625427044 1014.8997158130845 247.67382921249043
672.1358350283869 228.56095525146137 1161.9889178102883
1555.5722423849504 1575.2832031549863 67.96928247628436
1065.3468265726283 1498.2921001670977 675.3939043495919
1887.7108190854474 642.7281049105651 486.4678589612774
939.3136773780815 1330.8109552623614 210.45357064185134
270.3820581697225 326.420350632048 532.2905294362934
1536.386992783336 333.87247410367604 1264.2941133027502
450.862487261972 850.013817857491 1468.485043778027
996.6082744976528 1821.8439462667461 478.4251093277343
177.10469851397414 1573.811405980388 1234.5204507408719
553.5073647523117 1209.1225967922048 784.06924747902
877.9032137100995 1967.865975563838 286.4444173155484
823.9587179633112 358.6854341513936 827.2196372633779
64.52236883465746 372.0383234738491 219.75063734606303
75.31338393993624 1485.7192849557482 607.9195673312888
940.0045231869705 1769.74163184377 1330.773629470943
117.08325197766212 1150.0964654417126 74.61542307576796
788.8473672495686 1419.9164486659522 623.1942706528629
429.68810428438655 131.14090317647475 1432.7623133223187
90.54149254716748 13.705663980952298 897.8954570824719
1993.5321016262951 1371.849287031564 50.89569903844582
888.4269438931258 164.30577195346973 1069.820145907904
1914.2205160570634 1088.0451682477621 1214.5938171544572
21.62154223645274 860.7609179297218 285.96467665758854
692.9503373036309 1325.514079781659 676.1342056761908
622.8261975751659 272.58008765074624 159.6623883443536
1229.2644400522192 1205.1054250445097 249.35939120311085
276.0727900616309 1200.7521991683743 690.1036073619724
306.6926872698248 491.84935327981935 1442.329091798747
948.5406365926785 111.53484019006422 1323.8858284613698
850.1920050730137 647.9913043179035 25.422750648135427
465.79049405475837 987.4123866567312 621.493701131288
606.366341620274 875.5991420952729 1201.378365341755
650.1773401953405 1476.8953158086954 836.6445534177399
851.0306599599224 1566.4835294457582 497.277999692635
103.22650904520447 1506.3669845986276 421.20888471921626
1852.916652054965 1764.3941505384835 1339.1888681035903
901.508795448686 1977.4514339983891 570.1685403247512
1923.7030252828085 846.0818248934102 22.570927687299957
1029.8845761130303 1332.0490805738382 1428.9925542417132
894.7534389375327 350.46097904014715 1032.5121746749219
1442.8222938190063 4.600853252054726 613.6356205395377
636.2721093850167 1128.4394699946622 765.8910730469183
1608.0302293938046 264.4871914765798 580.3274704251269
264.8594742199042 891.3878208006312 1289.296721807315
1623.5842996383137 492.00962164304184 362.7419289172977
1802.669106386597 1454.7675711069319 200.2152429905239
89.66738320289357 1190.085174377497 1033.5150792162265
1457.7316961643066 596.1746620877291 747.2205886104358
1012.893604132036 1355.0984680478257 597.0554651240159
1379.163627458934 1184.1299475931016 423.8416519575606
778.3689286543789 1886.4719364769408 101.63524553819364
1346.0683814000297 261.9700884618923 585.0361792877158
617.075818244389 1855.7441352522073 951.3733747141678
1818.0994230070396 465.26623579592166 474.7498067372111
851.3841610514734 436.51344297390506 739.1076263085174
1206.275495046503 511.5220349386651 355.5782850304035
1177.0175181156974 348.4641158373276 141.65658943200677
589.7688269296899 129.69705867823868 179.38902357101315
1208.291242459808 1508.5923740225987 48.60050023427848
1546.228833465381 399.43452958466173 1287.693869031278
180.3763589620917 723.6595858100827 540.4515648967412
1304.9506490388753 163.67561360744597 825.9862140678621
1718.1451962653623 1771.988156840057 467.71173387411415
1407.4582057230239 79.11869031708241 727.5279858007773
1129.8389289101503 1571.5230535189141 1437.3808815094694
434.6077254902312 602.9711177533117 767.3640972259798
1288.8005603602057 753.1091780905392 983.1135522434922
1931.2169556607719 1861.191995498016 993.4405273648995
1595.385767156048 1172.4691041714352 1390.6907547955882
365.59390788504345 1227.7657578155404 166.71841968023105
1350.9439130687706 1769.0879779654053 1479.9471282550048
1774.4879503937404 1254.2288787989664 1107.739460035342
523.515867834492 1793.45391411088 1003.9206793430293
1706.4225310346205 1891.8152756983043 1388.66679465941
1619.240972504342 155.38423961905278 1466.9843188645038
1313.109999571602 397.92866505764965 1150.989381600444
835.6879612631108 328.26702249780016 790.6434242156789
1072.936645880209 1558.4077366781498 219.66106675596657
1804.369127280793 1602.0347607095007 1065.0351089567612
836.7925935783844 961.486770087453 345.50743439480937
1119.492218442725 1337.9487120244876 320.75061312259385
1496.839692217993 758.3999304821731 1190.9136917113908
994.7041107694472 1269.3822445443518 1436.5296332105072
1216.971104961552 1696.049002646088 567.2240966414382
939.736886289075 1990.857573649743 1376.7336137878829
360.60230939345496 1836.4682797987523 905.4773082617288
272.28536977259154 354.9122896463468 877.388656409278
438.75735981014105 1722.91711510097 715.1017121767484
1218.0899344995191 1677.0054171868358 1457.5655375504314
1192.2056009764683 1325.7967500273924 943.0649048827338
535.3666411057923 1897.551949279359 19.982471745810358
680.2708366285368 415.666340206134 1083.511223302393
1050.7821632844414 1760.761262295371 80.37805865438908
27.597553065846103 637.3436007897841 987.9369384344748
151.99985338490208 820.5918762552891 206.96074639245958
1977.2459633748679 1465.0637585279471 1250.4286931941415
1222.549327002343 1732.0737263817732 443.78256610742164
84.33377825118038 203.76057989570074 503.9855743197688
625.4187379573661 1265.6437424013086 1108.219604058115
956.3350311355838 1558.8179867032852 712.9881186552441
1917.4969472057053 926.835067232574 419.9953505981868
40.72484827259171 1173.2231133582834 454.54207598673037
422.2549339024031 1297.8878687387682 1016.2668460501876
1336.6455910056145 1902.5970652822211 979.0478107526609
546.3114722832072 1964.2351945654748 1082.9321236839476
1058.4344050806292 1748.0841183231057 1357.2570666908834
599.1951468099568 729.7667970276498 617.2117111881611
1224.4730865156175 1470.5188126426908 68.94580647618237
542.9841627541798 1399.9030846246455 1417.7237500995059
1303.034336930049 1678.3744458071885 232.83825151596636
1075.0290807696215 91.40441471509165 363.4328904026619
1987.3095251298198 276.68386239645025 540.5095671342893
241.00924353412378 1198.1006117165648 1351.4289663176908
1131.2109101751296 1031.8222312174935 1187.430351684653
274.15318589309254 1134.6381899079756 578.6034697849778
875.6470050980847 1076.836372832052 444.7021324068096
1098.0663926416114 1844.1373948020525 1186.4937403807376
1900.6160154106944 900.6473694606362 557.0429865248565
1412.9020128531472 1238.586501353533 576.8277997260026
1484.3357778522557 1055.2272067009621 1324.9410134585573
1490.6946865231446 1232.2704779645321 365.38493281995676
1444.3533527864695 372.833110203034 1296.3945159510674
845.9289601011575 315.27052065247995 192.638640853731
1873.3375384731455 1255.8032055530978 164.85038663029593
1764.0206964652607 293.1167264414529 713.9111471287243
870.2954713864715 608.8526301601653 1147.6381339306042
1006.8158364384732 1997.1271311176324 916.2156753238348
497.2505294528011 579.3771129153884 438.08734501661286
1470.3929804037111 859.235149546401 1440.3834974313415
509.80157849623953 1552.3919838190695 431.80613594690846
850.2287854671829 1720.6213483493837 673.1031726019766
189.46265243738748 32.017197113284766 992.392310710647
1210.7772920382756 1621.1556951134046 169.85119973937796
974.3571715434805 1650.3491961784562 82.7635696618016
120.47342486206914 311.74297046027124 1102.0193230945417
1.9376549494778406 966.9146630424683 735.1799177049386
1138.0818264742913 1013.974004374252 1099.9543098312597
1512.529453128748 1526.0597883380622 1164.8761718770838
175.78832105206078 957.1081458119882 305.7393514995456
1021.4382165934306 1679.5028645862562 1473.2510052684443
1996.9677078986715 601.5061721735738 914.1770401435007
894.0224507409336 1154.7454683700712 434.57289244320367
1218.5238522138006 1508.9045827284456 233.7866661706033
1933.8110521048654 1853.9615073053697 1232.5353940323994
1925.5755146729152 1023.716854533573 763.3031942906822
1529.9794773149035 666.795675719483 394.4279811403631
1453.6300766163201 1859.5827427554477 732.4015685013017
572.8247204999457 1535.638911856084 688.1525398958203
1131.0854177931772 314.08788222041363 965.6338225755329
1739.5205508547301 10.579618424942705 1.2527093896246844
782.1940895085253 1775.9309232861533 126.96618371321155
796.2975614979555 778.6227415411639 485.5567953037072
251.63037849463433 939.171134799397 1170.4287794752331
159.1515026050492 239.30088010746076 1487.544023979354
821.012188720702 102.0456998979038 1352.4922003625427
1032.4475070391472 513.5449246331958 1061.976713041256
1866.607309280143 1736.5502617141588 894.4615540225824
26.495584680414908 1739.3943541536148 458.2732993072069
509.79821186099383 297.62998703684593 1382.4086934748996
252.7983162155456 864.3886935881134 1129.1545092517965
1362.43719823994 900.3699991437309 3.404078847152159
1572.362947291014 1472.9960729702973 40.448120905067384
1961.7098753782934 485.4143838435085 1004.2852179841744
322.82828614215185 37.56466691491167 747.6644595897915
567.9335707204893 990.8568025964122 865.458973173526
108.51581324776282 1691.1926307417455 245.03948758917932
939.8201096546321 706.7489746191751 769.4715625322079
65.17256220742217 1204.8249763209496 717.9219655793854
741.3370149137593 108.12014442110774 6.205864000227379
208.80881402110552 1528.430250617646 739.8140180164693
158.06690220267527 984.8871220117277 94.44711401439292
987.9480504255538 1181.1524128591013 95.61748824110056
321.5103340318106 593.5596327091612 812.1811695749666
1944.7073527975917 1743.470661175165 714.9169118356137
1234.6126908814704 228.01933765689552 2.2774886940963857
489.23365663665487 549.9498860254832 1418.0350058913739
441.22482549720064 540.4108377399739 984.4932733797855
1972.7572005470524 335.91166467009145 933.8424458263177
1982.573090868695 495.11129880570934 288.858844021632
1517.482829508638 478.66422300600453 1435.3959888442378
609.5571872689958 423.2671056142088 109.00408723479194
1060.6576730247896 1335.5545602189425 610.4983650717002
332.61386166135475 1987.3240452419725 1200.5885078948336
328.24632705256175 462.9564046372574 1019.8410681770752
191.04712738647845 639.2065230801143 951.9160065922239
1213.2933994528103 1685.2413294820644 1136.6933972073798
1780.8401444613785 44.843277095093505 1303.8190536603192
1416.1844976098303 1670.7020476461219 779.167607377044
1521.2533372974945 468.4617604707397 1011.8979497944329
1839.1112245234178 1530.9671921177196 824.8310820056597
675.1855240423295 891.744004561706 643.2829869701327
867.3429441006608 963.3561309290075 1298.0278664666373
284.993402610997 1919.9344004346754 1059.7065797293933
1346.6738459886255 1501.4193209533894 1268.6087546057643
1891.0632263982006 415.63625156322524 761.4902093699162
242.63147525035734 1362.0401564536303 1482.9880702470182
1014.3941052690298 758.5801483543222 1494.8046191744065
889.8957838566992 362.65040446507004 784.2731606897994
1294.0193556009062 1976.1295031447876 1039.3373782230117
1144.0666831979493 695.3371971932715 338.7602078312416
126.50134820193904 94.04707875950513 463.0121450622996
1534.6802841515544 160.97103261078428 1102.2148804365343
612.4115856858563 1190.2511744911817 1377.8175539276442
767.8646777125538 1463.6770355566973 791.8588161505492
108.15467926410238 1406.5130680871448 1364.2894146100552
1228.7768757232532 496.0774199921172 1267.8084918342831
1449.0374958015768 369.3716646043903 158.25228025117076
1756.8305786834471 1867.9670912628926 795.770014471289
394.51629815821065 1094.5943339385008 901.2763719961931
1105.1521989717814 789.7928298272763 55.310722520441445
479.36310693885156 1601.3702448057106 14.985305661234571
695.9404209169224 33.72768897350675 395.98038442529213
1097.782270140804 1067.945882165879 659.1165090430306
1449.758569946771 776.3945863647597 514.5518963310938
1784.4685899446768 1289.9429769379415 205.87674764518587
1779.6364709904908 583.1012354545903 1058.399252037567
325.07333192268504 156.9485411783187 1129.604472136827
1286.1342952068726 1623.2607997437542 1374.1788611883132
618.3593541453847 130.8353246762406 1397.520615268715
1857.9960157768776 1013.5545611664911 99.25274961701646
1420.5889086117086 498.3700354740213 717.8093080157074
1611.991079576544 1130.0715029517235 159.87938848220818
1097.5861928659663 1706.1684654126404 30.818800643568565
128.0887428525037 124.30203184911059 1455.6856017317032
1567.5355632177036 111.47001628335195 377.3217083940138
1497.3404372993484 392.0329724404448 393.9427623785248
368.6067491123244 1183.6061924850314 505.0983098417663
338.89336936535574 1451.5493186112985 1405.1833060151791
915.4737338749799 1730.8682729051966 343.9074232834287
1972.0464382019904 944.333174911721 284.43139321795434
140.7955589634191 633.9519490002092 521.4773277687871
742.9589721182941 1396.746697707712 997.023220563073
366.8213596334651 1805.3205726687224 633.2195573378036
1687.5009746261044 1161.9676881882503 835.194477811798
1624.3471584514525 1989.2001286178663 24.388557891001362
1193.1385813231875 1297.1819033549536 840.7573567170944
140.52210892100157 688.1381962448727 831.1415943609268
1884.5132566403556 44.42629306599066 319.96871518162266
838.3837872227331 1362.8233191936333 5.444877377074054
818.6353972116025 1295.1533347514405 746.2469132733679
904.1015672752948 902.9234386164621 144.14853623933809
637.9778693914675 1155.4520476750274 278.4346062843083
1742.8154533023676 954.1620936538477 1447.109648712168
1032.1138535803746 498.6487407121738 682.7904237648913
1927.317282542928 212.97326914084346 1097.9337946679088
1358.4068497974938 334.3808901648599 779.9980169411357
1737.39011355365 1974.1718658877892 598.3090176001486
1756.2993642060999 886.2002100747482 777.1160519875793
491.03457436202234 807.3217951688612 445.56071982690787
509.2783364935318 354.76662659291213 730.4428342511003
381.9979648996052 1404.9259551948292 926.0041434242405
1920.4278163229824 314.3858280937279 1111.7103182726767
1130.7386448767832 899.7121056653972 375.01351207740066
398.13311643472593 599.3099349290965 832.2415680064637
1983.3697432456524 1757.6359843903858 943.5655230564457
670.4809681198751 1246.6442240968483 687.5430847978172
836.0356324559906 575.9280704472604 652.9214915742698
849.4315414870343 1096.2469873029956 1330.687257445529
496.8922039396544 783.859753123855 1030.3261716512268
25.84040588468128 723.4894739830122 541.6346946483669
614.8314825486341 1231.3565597223667 1107.7972861088485
1581.9731121639882 59.48900077838326 625.2913557504338
1462.4310354443026 1110.2642628586298 1445.9271250501802
1731.7648283863077 897.7807275257106 257.8282391085065
1250.731557539663 907.6692253529426 593.8788430640502
777.2336462627609 1417.6116894374613 502.51898263352
1122.8319006403615 1391.558990631784 532.0239300767573
1319.1321264638423 1752.821411634383 924.5844489064883
497.8863668194369 1756.7270323437003 599.0323559576949
1550.8372111005183 586.0783076348903 1481.3232778138097
1915.0776396215813 1861.6447797009725 206.73664008033083
1892.9419590811576 203.50844278859358 1153.3190728115483
1584.9657382917478 153.050643792217 672.3520594150142
922.5953468428792 1693.5370862425711 311.7963672621956
785.6767552412936 783.0525968462188 1031.519445161487
679.7246547920635 477.0330019332987 795.197187688061
877.5855345481096 1059.6310941815104 976.3540237840593
791.7309666240155 479.43532706455017 1406.3709966062486
1796.5972464649653 483.2631813978185 311.0715470539453
1424.7649684159787 1072.349227051722 461.95767907706215
1967.0847978433237 1302.3995309821976 52.86390475762048
311.0807047216042 1073.7027444204182 541.0420615991047
15.553063262186528 1373.8677681687884 1237.895735130609
1113.697036570813 379.99098476627125 36.12868602132618
1831.3704943155549 696.2138025368619 735.0127815150252
862.6356272168824 611.5823668385516 733.8960541022997
1174.200552945042 1550.4399844226714 12.395095885777751
1806.8971141793718 633.8017097258386 1116.5741817596547
1728.625649739688 1671.2848487946846 669.9450557627272
287.754918478055 740.3561561759761 1337.2986300383395
1660.1571602405143 195.69610895068303 764.9133146334107
1545.704715305569 1908.065354796796 968.0759377085432
1409.549473948867 1498.2197078426123 793.019993387691
853.4824591211352 263.56602877157667 403.762865701732
682.8638807220815 951.4697486793606 821.1545025187578
1482.8807817178797 1324.7181304662568 1402.8700442344295
67.39860671024567 671.3285437722781 500.98918148408666
1595.8365247879356 1357.2324853804564 1134.1383448223712
854.1918790033538 1961.808970815094 1378.3109032259315
1449.7212500095306 1097.2995892066765 18.120143982050084
879.1592946879059 293.071738173301 858.8873274297341
645.6667120304876 569.2338705040916 1176.4717437081517
338.3442663085341 169.054522722911 245.07551443462455
1176.1257441313855 1306.9730553083987 895.4669177510357
1962.1316925003546 1363.1814448410662 1301.6861128072014
803.8653525048602 1827.0579953869847 572.9527071903881
115.52364494187705 1434.569323008406 1485.5149415185635
1957.689723367731 255.94679280633792 734.1092116710114
1549.8441871610344 241.09360009151914 1089.4227772360528
1457.2913397144396 1629.554620803056 1225.6813510634984
1947.3666946868443 387.48288388528465 1280.4473990997271
167.5999114750182 772.0131020876191 836.5392589820542
1905.2606657574966 843.033626173513 1269.6445053500356
1604.4356160552986 1676.9814620218647 95.43550447954036
1143.0516384236855 339.260310010705 1056.7257517093306
626.8729524247407 669.2514166426457 727.5455139087029
614.0342247144821 1549.667422062815 424.224143939637
1542.9763505702856 997.6360310241965 331.61750424439924
1740.5961382259063 1338.7384106063632 410.3709278277129
399.2578977129311 1487.0193119137105 831.5076410779501
1148.9734745722506 592.3290868028735 454.16588511953006
685.1975195350927 773.0849578074299 1100.7561012927763
1550.2474372774388 1632.212145440381 282.41959403531115
1948.9318166158782 823.0375334189348 818.0991939902495
10.014909099235192 365.59832924422955 1193.5315921076403
648.7171165966781 1461.0543754045973 72.71311477869801
122.31317604110426 1595.658326966017 1421.687915010589
356.3535117433081 967.2165451936745 629.0333131121255
580.6531942923194 803.3038065788305 1412.3120043978731
369.46394940498806 332.4611294213713 1310.4289163099284
61.91735831996481 1822.2933966758746 370.5859687933804
1847.0638174834132 553.572879504131 125.28853699918547
1503.6712267343537 1751.1721674642831 652.0013659395545
1550.8346481329606 837.2386356392308 470.511421232792
1129.3046893923506 291.48130148204945 234.507769023924
1063.2297681226357 1492.70008932162 959.1187338446077
33.04820679214937 1560.138703318475 100.65575646906066
1592.203845483462 1474.2165426132358 106.64954788406672
360.9630149097018 947.3308642303646 1020.3133963107574
305.82188701120594 1397.8275716061767 345.7583189866496
1148.7184228700232 1763.59365181564 834.8563536061299
782.0608760681964 580.9802350732809 1418.9204302426012
1483.2843898292244 1778.3777760693865 124.84753504424955
544.1481918967497 141.09786265250725 1128.9065909908563
97.72930162700533 1628.410720351041 735.924518932695
21.323156522587983 1950.0303599682943 1073.9375316098462
1186.0216358607809 1700.4843235717908 1491.6677698705291
356.53555693095495 801.0927733101179 341.2263928055939
545.4786894358145 1612.6683144053704 1421.2625356177105
1149.115079227333 1056.6280202713685 422.00523027867166
1120.2625862771117 1003.5355130367274 1228.0441491129313
1626.050491763877 1281.7884492613152 775.8655496173003
747.6819846898968 1504.1005176746582 577.679257314404
1033.489978244468 64.27900882990988 772.0437883288707
55.31232046738932 576.9702595422382 1004.1616946162834
1956.216522877421 986.6730089024471 1085.6946996807708
1626.4514192310453 1049.8284366415892 492.039386494258
1068.7621318679721 1959.873509538318 1267.711041040987
43.791703887813284 1468.7092479116998 551.2950180180756
424.3616262500387 820.0885030638201 865.8779591678408
380.82113699700915 560.7695097731673 1429.3261462630398
1330.2804606694044 1023.6784325301613 1216.6010597705229
1362.6081060675845 98.5585775525062 1349.2177644718695
1108.275621033429 1542.4066112578123 41.22797466668193
1722.3885921257724 1536.792070156716 457.9672201737786
831.1602200463948 1425.57432165741 1463.2608224634323
1169.0693288762616 665.661428117973 815.0791614833861
755.8626735385781 523.420082118831 1390.264765546741
540.0930475401777 1696.447649849634 643.6039319109456
519.6404100167724 1848.4591567031327 1429.381378864333
439.97563011640085 905.3533221998978 750.3209060293153
759.257162832 211.54960844920012 140.57453600781284
1301.4336770664952 302.96666132863214 723.0323647296341
407.4318758801465 750.5368342017526 1475.8604488186024
1465.8102946494205 1785.3076244934316 842.7725039544472
382.11852011398315 1915.461052956515 721.8251797827671
290.5164301118659 29.256283504811798 1150.916171303907
589.5235687087732 668.353757131192 576.2187424701006
1437.7079741073399 32.34139848768791 1177.186674156157
161.338929124337 1453.869663983873 255.30215663833312
1580.0647020846695 1515.187201713599 771.7013226271148
43.20265528314904 1428.3079721050385 606.9109374478323
947.5300184967106 868.1844526370675 876.3445236279739
1088.5943017991387 1403.348090435039 1163.511122189101
1429.0924417875638 1541.4754249511789 133.59805985821504
306.67970874603867 1612.901655521772 927.7929740015519
1336.8542808798557 1383.288043220935 675.8334049938701
650.4258916561531 1453.0846508905458 244.64282041607333
1927.7578324506535 276.2295082961457 237.8136078526783
1935.5183675183937 247.18320840076257 867.0159342347038
838.5011860061395 861.695776281284 1130.4262680821116
1194.7918380411654 836.6964598218665 1392.8916797042732
1372.4499114913276 1430.1188426326498 1185.542358545638
56.9519458263763 689.4205473072 420.5819924272099
261.21476651472153 440.3238088183068 913.161429014385
228.2380717856034 1938.9354502869983 947.6811386965483
1483.5577527058947 568.980625954691 1176.0028128315782
427.7210451571012 32.38316346399528 1028.73262534514
1474.8684858462975 1233.3904317712204 354.6351570707374
458.1616314281871 664.3554151528568 1300.7974172991187
1668.2524029644367 1452.361028259622 1317.516209692517
1493.4272984398135 1062.4543300072896 913.1713442040481
786.767443887561 1113.9874859996498 1108.8621681960685
862.1095179579756 1507.6825483951993 989.8934569294053
1252.1467169749526 1266.2836007039375 543.1153397524255
1588.788739989173 725.7357306320214 1343.8931594509756
1584.6950266191884 723.0660023401381 863.3805473994291
363.6732112239101 1970.8673269403664 392.33149679224425
49.00805802884389 1126.8070004380884 42.49901089189806
1088.9474437811252 1664.6163794525983 1064.9977936000137
218.46025608138441 87.4701213321194 1054.4748913932183
664.8721039886696 693.790340423701 334.81932668698255
199.7734313608943 1847.684023354325 1327.620679035913
1657.1624951378676 72.28215811414395 1238.9865391841165
1817.2289292122496 1450.5838006339286 1473.1560681321496
990.5280561557279 52.566579918944754 1340.8313815602025
853.5752659057747 1415.1289161241737 1159.8531898306633
1864.4205366132942 1599.1807165880007 856.6345687893175
705.037757475251 1758.1937083921891 660.817255232948
1859.1487302710357 231.10900853083382 565.8803663942093
1167.4046784316463 208.37426518557643 96.90509396476932
1567.8224899369357 1723.2154716198245 413.59381898206925
623.9082968601155 384.3062896309215 1263.630221277538
1617.9685226717154 1297.5554517919006 1404.6137207840077
1587.3039786197346 242.84639540998887 23.547223850080623
1691.720705311447 498.666123404073 345.712121908981
1143.3348468865618 797.0597038765605 1028.5039126415427
910.8205290402516 162.3809633444755 976.1643547044973
1674.4151434906523 284.38607775000423 1118.902821020166
88.5123424588592 603.3981599397082 871.3750414356865
121.7197217733581 821.3461196427853 1426.5769159401166
1850.025545256187 280.4259813333501 977.2195024267835
994.6905718560035 574.3965692474826 539.4735693894448
1436.347186251437 47.22482095148117 344.17559281319626
1895.7111859026572 1553.134387734246 63.69903094514662
1796.809209560647 255.8134596277968 352.16830313943325
1248.7835713980971 22.558395336124583 5.350670925549861
458.1275075836933 1602.5291027187266 533.5045618041047
308.6782128734289 1165.2634476508617 1464.7625361107546
1205.3978256887913 391.4461872791677 603.1838014969403
1792.4345013620753 1967.3888498756464 765.2274691810851
511.6074484577111 1172.8755747852406 474.640596104955
216.3593673014943 250.26302384805433 897.938342555841
146.6201771616975 41.94640497371105 1487.207525041455
749.1493928176318 878.3839993467412 379.1244078742924
1342.4572692970664 1079.9407969580523 116.93776477355944
595.1815968960613 1658.254794721149 1175.599169507592
648.4197492172168 1042.34777921561 1011.9955083575345
301.57954686015233 988.5295270918286 1250.3032858184965
9.709636429418245 1398.5885752837999 587.6399247612899
717.9939288656905 1796.4494369783997 1006.1565593317206
1703.5713808427956 163.94524773641294 1299.5644340909218
715.9382234535618 607.6412529341957 1310.472539695874
748.0538820164085 1998.082475871517 710.5080997564719
1872.498687334896 1133.0088082460582 1486.8434024050387
639.2695067123466 558.6689784740988 1405.5472602708016
1578.7877189684339 1585.244193510179 1450.3856153524696
371.086830142636 748.9685592132836 395.66760342209056
1833.669695772343 617.6557849607598 483.3154103667489
499.06852932056677 286.21579010376877 628.8630592231154
497.1482542176646 308.0315234995814 627.001295426621
1295.3816773076207 794.1674265829408 1399.7568291739417
972.8835666892719 1449.865489467222 670.2908230279517
642.7469969487685 259.2473444086507 60.376601832125786
130.63462137953485 1728.8426296786174 502.6125362373035
1827.6334630976412 1716.7194910620688 1067.8537501724973
689.0560411993805 1570.7219173715969 1293.7158709763999
1982.1208803174763 1723.3378385137096 728.2847297763798
1698.1091027143239 1284.9804708421796 821.4416521312405
1628.1222050410631 1647.297094092496 1143.7202278143386
1275.4647141209107 1202.2478224969934 104.15213892014769
227.4220695908886 378.1991046209936 479.7988156020984
1961.3959702618777 218.04977781517977 505.44212866036435
204.30440418606997 78.90968680539179 486.76084691266874
772.2069662997148 1147.3874247266522 652.3557874144132
1042.7221923897794 536.9097010001844 792.4666128218223
1784.3698329936062 897.494142662399 762.3952632691761
31.236474514956925 1624.1475974874113 497.62377997202185
1990.5815162126298 1579.2456147859393 916.5865685356719
314.83266301775734 1438.2111960748134 201.74082412227347
1497.1789061693246 1625.6059631174649 630.9452886164839
1411.0076656974948 289.22539433574144 632.3018694875437
269.78053631431067 405.6970361616727 1470.0142102751986
1163.549006289411 741.671096189245 1062.4404264096434
1166.0005227031527 1035.9663746544363 216.8608182698852
156.26872817753767 1062.4898568048527 579.0915615802111
1166.9911198590364 188.07669649147817 804.7450666999903
1397.3879438861009 1268.1688135712202 1166.4926153967867
1998.631299811125 1971.8491882843061 781.8197947194444
1105.6046164533755 1079.129349646721 272.90561100387697
489.15538866904205 1254.8209838388539 1167.333421779043
45.13444459967819 1421.5577878491388 1268.2820543859837
201.7207399500587 1573.861262124202 1436.5363254293643
16.100453087946054 1865.8288680020253 1404.644753280198
1974.481464943457 189.45011406384182 1458.2525017205664
431.655243846909 1261.067465801086 519.1283741173029
270.35249559978956 1517.117188707064 716.7168026317204
234.3241276800836 1420.2811996823837 1080.9086060815287
244.3729182573975 1099.4708259451716 429.0005378400179
1844.3084692400105 1044.6215806639148 418.4228171769684
1520.2815192554363 1219.3783049798046 418.41549812075596
1880.4735463403533 1439.923225367478 892.8573119554989
1303.2416225707414 1907.2085393016919 1406.28967251351
1698.7021308608191 658.4894478939425 630.9447838391344
1495.1154521849437 611.2629150883857 1404.6295786101618
1203.4348232476607 1722.1292726307097 1358.503654620465
351.4673545200888 727.5081088632238 935.1310635554823
259.1225410815396 1056.806954437552 1282.5961104355567
1518.9257000066423 1940.9425313269091 424.15818729993174
1702.7934321973075 1301.934298566292 708.272490833276
69.13040425040306 1212.1897514183597 1022.6352345902587
1508.1775076332717 94.69715441304372 648.2812431918899
524.2545031830579 1685.814477860844 1205.4062960012552
1024.0171621116522 826.0505552695736 299.03558884757564
205.27171060820183 1099.6747326239517 116.0068848118675
1731.4283075393919 771.6035727372264 623.9962307080999
1475.2179038465379 1625.1732480497362 747.5658769331233
728.3624490509992 1325.1804822963506 662.6179215796715
1543.5087480160428 1735.859719178115 756.0929074958026
292.07426091795384 1257.0077418178003 862.2191439913043
937.9295469104023 1478.024690644347 1048.865618174658
1602.153402318338 87.96617485053027 1145.3401208036848
144.35519526482454 1378.408282337717 284.05097406498635
1423.941957267655 253.80956410826693 997.0378435843733
1961.994428007094 1153.7524602727665 236.87503180996904
1657.8324201995324 1959.1346165297168 1433.3016955512992
990.7947803139654 99.43768513608231 1065.0697740680214
1474.3646302148684 836.1424878647965 1336.655429420517
264.1891210725493 604.7175479387092 1132.1462397167038
446.1012224389691 1552.8116773625588 932.6793965974998
742.975340709019 1090.6359125347412 1134.1267971821635
971.0076779630658 750.7853731716984 884.8215102907989
745.842054148933 1570.9860555806786 125.97742591652327
1926.480516300666 1109.2589909569515 408.91445448175443
216.8876342468642 928.7146617566962 1308.0000773508775
1759.724699386824 421.6411666691431 1315.8422207094418
1039.6820904236142 1049.144039712374 308.0432232471255
1684.0874699516419 171.65730111885404 797.880514715904
1404.824146692586 1509.4786926808606 909.9680285790733
1157.4676472010456 1842.84126767549 627.9745411731651
936.9589247361672 1449.3340780378674 604.1260198601001
1131.7540267766253 414.7626067270824 992.798743645487
982.133779290985 1617.0799743694165 471.2156315816147
1783.8860321562545 866.0834006612625 1.4737148288296864
1407.2212765543375 1968.6798028108487 1188.573505894297
1649.8454815223618 684.1175886166654 226.72084035861766
208.6932604055518 1733.6917375998876 124.34891602891507
1840.2374540135384 766.1340031998222 1134.3615167671517
934.7092291500792 1302.1447931499981 1470.5416436870212
506.88338410756614 142.8841678453856 644.2023275817545
1308.0510250490331 1266.952870939415 727.4066116443889
236.4856369739199 426.31314466058143 1395.1431109677058
421.2242233082824 781.3107333443305 1409.0793440844798
921.969113581955 1328.4115255242075 234.35189819301095
570.4670894442492 1715.5582772374355 22.17313141511873
305.65423285042795 833.1827332938284 52.154383830674554
812.2054675048888 245.05167294309427 1146.0890420556534
1338.717834841764 485.52749856374834 527.305580644928
