1000
376.14697330639933 787.5581164084759 946.508100533498
1608.1258507313328 1869.5327450372042 746.227107272582
1483.2883298986558 330.95428824504893 268.65021693632013
188.23132036468238 1825.7869132592705 1284.3800177618677
57.174414600066115 110.68039371006755 840.0464965024147
1751.9353586532811 929.3312286906062 358.4220161847173
1788.4226838778582 1738.8669411119995 1126.2455201023818
302.3480305489008 223.8529399636058 64.99059965913945
1312.4761730718346 1858.622632363168 1107.3211098431427
481.7579010902615 861.075188348096 1254.7296827106666
1319.3186732325935 1199.5717106034042 143.45542585622033
633.6167550283956 1535.3739746210717 934.812391241692
742.6409913412142 1240.6072635579396 993.3172898561679
472.6112681514196 1355.3690361687889 210.55427915139984
1315.4603529212911 1273.0425989139296 54.84895632116543
1876.9201956992204 1153.371985884068 666.5619971168042
288.283963658458 1434.0934612714784 967.4295648751353
1315.65388127631 524.9208276319273 1118.0952790153588
1351.6911994303534 812.0730082071541 1414.212933573188
1210.5702312322908 674.8190992677193 664.2139363708912
1418.935542360909 1735.5148241253048 1038.476908032002
1223.9410136315673 757.6219409869344 447.51428626190716
1427.9993214907686 1233.1380296734244 1216.3952668701797
19.67552180280996 1276.4119500845704 849.1570651765588
1784.9733378132466 451.95978460955354 944.4460077490166
1830.8403732881986 1700.5937737598822 1256.9581255984901
1818.978672268483 722.6861317187338 1373.5348638351359
132.9744670284445 1253.8446376937345 238.35126461828966
992.859132855967 1511.2888240959428 1339.9499285170157
411.8713595155905 985.0763542623704 1002.8842618033632
1976.1143979333995 1323.7251757338063 1116.100662325802
1599.5661393047124 825.3752106031025 635.9694278658019
469.0981813363424 208.2635107010058 353.3040936126483
915.7195591295391 1203.9332143494896 90.59754385733659
624.0914597228424 560.3500801735178 89.08283342541817
1233.4624704005141 117.64963877413437 988.2767846442044
965.0334919239945 1823.6321254658212 1264.3691632831217
994.3021891281331 333.5237923204579 119.16723988991917
1669.8502748003818 1067.9332005125445 1103.5050348850207
1569.812154277284 1761.0918352383624 1330.0594296087725
1862.5843219929075 166.34378744930456 436.30460300904986
1910.9981251578085 1424.3652938694847 712.4672629369809
356.3140649931278 1148.446882936437 1398.6898403638315
909.7313568434145 319.0287701784891 1170.6104363166955
1566.8931155776656 629.0499410768442 30.69429076264307
189.69387035611928 1553.700477741261 331.68447716928296
477.466036636252 284.9809740716283 914.5284738318361
1708.9606997124697 1118.1148954021633 880.6724397602441
1326.1771999297641 1959.0905892131905 235.93086591525287
759.441179263221 1218.5882649943062 1239.4894748752201
1822.331011107829 1739.5662883539987 214.48227601878565
230.70722660370092 922.5263713704703 1335.3568650586908
1104.2063466323957 1488.2976722712547 1101.5966950225593
807.5877126143575 369.2934007336706 891.8778751823919
1611.0835814431314 17.10846661153509 890.3794733675956
967.4390838688336 74.94649829939948 381.09058877122305
1304.588274580696 65.2648396939759 461.4427153965232
319.895332552949 390.0570007546662 730.1071683700106
880.057859650043 510.6719407339857 134.13305798004794
652.2502746035002 1615.1557986210357 182.01694246705375
1882.1459916757099 1883.8675704088548 565.6278823704189
659.3800091195152 239.9601931364057 203.12059069621668
1696.3879220694344 548.1521018884803 1009.4384787303726
1447.7624182137843 372.07417943167576 456.43244829760704
227.2469609340737 509.5621937711645 1203.0122236122643
1311.7170182327038 1816.297286828467 690.9960771020226
213.71577409949148 695.3559709673718 568.745294260281
338.66779077748157 672.292419734851 1430.4368589425853
360.84753364693347 1046.19280080319 37.355887524363084
1136.2764036130047 1421.5002775646753 478.83971017062515
918.3571240279633 228.6286039803711 200.11919547048257
1932.1750989295772 235.72316362470636 1232.7249276824527
1288.880166233178 1740.3897095597522 245.12200874251295
1705.9286668265381 1098.8119335725405 351.7850280962156
1045.1458876327172 1925.7972468877517 416.46652577312886
825.4424178547226 498.05057505968153 257.61341858345946
1241.4154693172115 778.6640884001793 156.5127667200111
1704.625178254194 31.713402443791505 395.51260877539085
1992.5271517558401 1646.5182603195894 5.989067182451069
653.6329594014867 1864.5998175456598 475.20117095972546
1761.4717734608998 90.67701566530783 451.4224346840081
143.98279266122893 1719.1393319675008 1163.7409135608254
1668.4171894036756 45.885015191394984 389.8262280465678
152.1594063220264 648.9355587944839 1044.9902651512975
1957.6999563211275 1278.8197143116809 889.8023776242524
1894.6336139560785 1622.7432385207899 103.37142325225346
1158.4004934066215 1885.0761823131159 419.14363413281376
1171.9456576918324 442.8481402775346 865.8921467664786
256.1247125302055 222.77542429848407 1352.7551454579736
157.15320426884995 8.152886480427668 1346.0705188702118
431.70575839236136 318.64218838333056 158.24143909304505
62.3058139217858 1477.1401886885355 558.6584042105211
933.7336642593714 540.9073572564079 841.7104284330542
694.4279248151506 736.918785201081 1125.4050906859904
534.0722977057042 172.67511614415798 95.68675596410931
1210.4126736167595 260.0950201733729 1204.8748183974549
709.6772227172843 1052.5227278032366 354.1929272776309
1614.4218775294407 1544.4840526082507 1029.5711504695062
185.8948426538425 1772.4377917012507 1026.1679789924438
1080.710951659682 1615.6901092214564 1262.6424251493404
495.0275829613282 240.65377393541888 1142.8071641569845
850.3927310655157 1860.4148189708294 1076.1229883944397
968.6021662658337 1661.3492638052708 219.85827495608763
604.0692101761185 1879.7019939546483 1135.8746639341023
1849.5031238720285 751.4753273888739 746.5643158493314
1143.5796619143978 1629.8764897720428 766.1419145522585
780.743329067654 1223.2835787451133 215.8630180133808
1833.051555356447 1227.0062323518966 859.2119210206274
15.762739583885965 949.252342337452 585.2851722059715
1837.0069746252038 245.62263288221976 1413.492707109271
1146.5751399038415 124.51949680288443 366.91689825792383
1374.018899869546 198.1863980791989 733.307749735211
128.81038626672802 135.42139140171284 191.4866026729713
344.590279637631 1645.0919267816641 1047.0943832499904
1080.442658721627 1965.5914798812046 175.16930934386954
528.1233460720507 1430.538903306056 264.2533803712664
1033.3226881660385 191.79219956655237 296.00749814573254
336.23881213347204 1375.1392164542906 873.974871244596
1025.9384513395469 687.612077898101 468.53018462840714
669.6674800684248 1981.130112931285 944.5258503669378
1666.5084476297864 769.9077065380416 1183.6530731873597
962.5557059827645 1933.96458911756 1226.788108844548
1301.4776334834976 1851.1043842976062 741.6153594058258
326.5941740158562 151.99494792430167 1390.0889486962078
1064.3309018115283 528.8551655012832 1028.2498357905902
104.52426767057955 1605.3451391951658 277.22316371284444
1051.0742174234745 1911.8849065882982 1489.7131829387888
392.8735046670435 1109.4198137318774 769.3839607814288
1056.471933906996 1868.0620961902841 1169.6598685170359
1248.002234756679 859.2039723905423 773.1327181606443
1786.3396483722495 1482.451318520839 610.7794147151681
335.1922096939739 1495.8569650214454 991.1625481106275
1473.8667764432992 161.72733277798335 46.72004633841759
362.47204026531256 1297.9169836827941 657.2344945686715
969.6328437179782 103.21340829754133 724.31125590593
922.2237358501395 1436.272227258843 383.02597588901887
1060.7130263593215 38.07217883920644 347.663204881009
439.12139519232494 471.30613991974536 754.2286077302186
1324.6302656338298 652.0231452929497 1390.8153656685208
875.6329855346361 1406.6048918351971 147.68138764782907
1048.483919289728 1853.667496279454 327.8240323710637
1349.9064316625447 506.98821222746335 68.69007097083457
398.7807213476129 1214.0531290224137 396.49282924238724
1747.4105463040398 517.3098655311084 539.0060506339993
558.4647453328012 518.5541051632698 8.822914466704967
1718.9399104823315 1831.411573973365 595.2901374620305
141.56840540949523 796.0715743053117 128.36978936863696
621.2778364262659 1827.2685499013326 14.016529877828477
1349.9577384696686 475.30321507399395 810.0387437532968
1617.4696450028289 1436.1056514970905 831.0623042665179
1468.7337143612494 1384.6157911486716 518.2861400297799
94.28017493580643 1756.46603210628 1006.2965647570744
1900.1322121893809 1420.8226572890153 478.50110519643863
1256.1595233400594 96.1846402004083 1177.2381229239772
648.5592646209957 1569.6028749731342 501.64212955980463
1979.42548726599 1553.0874378144827 169.22505928729692
1332.3787149202515 951.5305856438492 600.0046843196889
182.94993867740294 712.7702789357812 1325.8124936106665
1229.4798612733591 520.7347469368373 450.23006285528123
324.87782776317965 892.0643326148494 1001.1059032068495
1272.5490724397114 905.9260693141154 1292.7113722894057
488.10104426928103 846.0639989369004 14.34578615432186
1394.0762639557304 1584.929342430635 52.08308375452836
1210.9611432928884 819.6674752477469 427.7199671861787
221.2325283028651 1019.7300151167473 1070.1759956511848
261.6863278709001 580.6177700086686 1061.4827308918002
462.00340525264363 622.8652425877872 273.00259738778595
189.28948045255711 1473.0542548213182 1479.5726024994867
1684.4837691760908 1860.080888435805 438.27470436255834
1060.7115224658255 828.8710621022728 420.4316360671018
1586.1339461896744 1652.4826191477387 1477.971827587006
1239.4282033686036 723.5858514081144 1034.792442679652
1906.6970216663206 909.2961430515156 698.4733819740811
449.90625983322195 1310.9053798085956 1330.1254115516012
1030.8763278104548 613.6130762987726 1321.737430695507
48.7682547670818 1179.6179826338425 516.2625784336451
1438.0141692191019 1700.078929964982 324.9074597193819
999.7436795867499 1176.0968821592714 1310.4030601711133
326.8290298919401 814.0285239037943 278.6039035957876
278.8303072882516 613.4979080477472 1407.5996977270056
168.40913696564263 1951.62884698665 930.7577377604931
1818.2468977546926 1557.6425179429098 1472.0904065270527
240.49727498489816 1843.8603343428122 127.17753606013638
392.33106441282814 430.87558873184605 1318.5870394413769
328.65438884815836 1885.3453630339498 293.8599433801452
1693.579372466163 49.89653309647801 976.5527724837431
333.51874468314804 1385.833252281832 1370.6498400455887
1116.5403076985424 895.1207955263923 242.4413436732995
396.0043483133446 1988.162131280058 1200.7270537415766
1181.793363086473 345.83460129449975 729.870361202646
1955.3509287905083 327.21878180630483 1089.5987647082634
1636.2009425854164 693.255345191937 852.7606815208425
1190.5552825320158 1499.3131702028415 1360.4889210891758
654.3324392128725 975.7067639951007 814.2509938561276
33.293952785821816 1918.4279416864808 217.2221105700879
492.32305973482715 462.97436439178983 880.623365674686
1617.5112714428124 1555.1102476723938 1004.4164278046452
107.82319011150365 1538.6575561326188 624.385905081446
807.06728974321 9.405076787083688 416.4454684250112
1000.8681332568008 206.49304196891282 812.825995393359
866.108791454485 1120.2669644156765 124.05510547896576
864.7732618178383 1986.1153934745444 466.0312930444377
12.912719727541822 178.50329501813468 289.6455485373869
1681.3788937744562 163.12521708041072 302.9299241178098
523.3574259967518 745.0105785604062 1232.669273309915
1469.9896593836754 783.7111327057864 438.4289607655474
1848.0997102261763 76.86703628193837 34.364348222607255
1362.1571549451755 1343.9081336504905 200.09405835340604
669.4031017362354 1174.063185182795 199.64036238104345
1422.4880902685097 1167.4946380433873 523.1486253015814
1926.349604552389 564.6781209768359 99.81029394918805
644.6201617196863 680.6162169618442 1441.514898889324
613.4173349796898 1042.0463870624558 288.36755414364706
1144.3092220379415 1879.386515123824 1253.212225029997
751.6525423004507 571.8942516051346 335.88243014582906
1253.1354496117317 68.254989196322 53.20055830219378
818.0643541233244 1412.1170959901576 174.20969665291176
1386.31943643427 1591.7134930807947 1047.3415668277048
417.8640599779251 557.0672832725361 1127.911209694044
678.7022767188573 980.1473558692111 1137.1768029128655
1014.3294578182096 562.7547980167083 1038.9141233916332
349.3484311268169 784.1967736409501 1466.1101602827343
374.10543725922963 594.3149098298051 143.39259359707708
376.58399248219786 1829.4138042675368 203.81028932853823
1700.28839226316 1072.642752538376 782.4361420594347
574.4107948437629 1793.6836923290869 1332.004392676953
1418.1022003703429 1471.108204212546 900.8170797491539
146.17365700014662 1938.885767191663 638.387887884777
1307.3654884419016 1675.3328352586157 677.5859561822123
906.6432595528446 1080.4837049002238 1169.3511063681387
307.21621237312434 997.4749807015264 457.73761810716684
1706.4848635037733 410.8614487047237 308.3568463022911
1432.6725242233238 1150.076135594267 197.58927381528412
914.3927169869639 433.0307508762412 71.14179020729384
1645.8328467533436 1853.6713985477368 943.6841835593627
1169.8961183482434 526.984455687892 728.3139653342012
243.58684695802802 1040.9280474638706 1489.2690610929408
563.2133690469778 1054.0412203231285 1008.4137415235825
1250.849134771155 1952.6584587694636 1025.6589457337504
15.99042827261865 711.9949739162898 498.6197193010859
120.87820780213954 1376.517218218271 1228.3193129658046
1995.7227574741455 487.24427712260245 343.7736338260187
381.29192140789246 1249.0190947159263 580.9289073447301
1667.8109803692096 1835.5506052468206 1258.3171795122103
1980.4840226701567 54.66645857335295 1112.1286456395576
1661.8939739573775 605.1548506807165 1299.643795008056
665.2358454404832 911.1192557869763 1195.4257915223627
1950.6788045343148 573.1096277073738 771.0776469328893
1092.7289897363205 1945.4483064272376 432.35190690736334
99.87561627692165 499.4948285707088 500.5600818583433
342.98023129952423 1131.116040287322 953.1773500467199
800.0380212581238 1297.991544589995 629.6775046192163
1942.1708188708678 779.0743048845133 924.0038519120947
611.817400274578 1396.713262100578 1247.0922822333189
481.8272696021182 56.55434714855056 8.621771837845959
1660.0609145043984 1765.2053492064995 86.71068595585612
755.355918564107 1072.511440678959 985.4304766147574
575.8141167431577 526.7555210594535 821.6148578427254
134.62026630115642 1107.327065752821 1121.6637344423725
1657.19213138742 251.59438302991543 951.5097748260213
1004.2351914905647 155.8121045072316 195.055535845914
1206.2503644297053 1197.2534969708877 1498.30571216261
406.57651692694463 1896.0806208963324 701.0860825840307
41.715316242642245 29.196003820247675 1216.5250641038967
1320.0882970356895 1515.2116533486624 1414.2725556787898
106.41569737062962 1626.6332217135168 1485.8220988729036
586.3799004416917 660.552765297665 1397.3897300827944
1899.785017615502 22.593859311479836 1032.0006069295914
986.9384163115675 556.58371899124 663.1927028690362
680.5634351671516 868.6385194810047 200.22397511987134
1479.2156443654312 853.2411792246801 1192.367648435468
729.375613053753 88.44353678187078 164.21429341203435
998.9757986007975 1757.3410281826898 1458.7273966739126
1069.996383947204 1281.5762285850626 217.73858425074326
1741.5270819336815 576.0934172464705 37.41075635278634
1040.8125309315142 516.4070373327105 430.8171744756563
1202.4416553226465 679.1104627597277 774.4775905098862
494.3778583457814 1350.0209884530407 1404.804778929715
737.3078393047658 998.1087779135275 543.8776932112146
736.2007579076244 1203.595856394964 1319.3552326139552
470.65086573577065 692.7769374717578 286.08567944614623
250.62615800665512 1643.3291759251515 86.63709041239271
1903.0914632886434 618.1982225983871 450.58995676571726
1898.5793188482978 879.6214020623934 1155.8610927996635
921.5330529474315 719.9993642053674 1397.492295498501
1662.9385958612247 1175.3466484402716 401.69748524463193
1905.1797103321876 1431.8325016924493 262.8121814546064
569.2657821017606 254.88682385528483 640.8251178208303
468.2912197605202 191.45572978683444 520.0967280470616
6.009466431047938 730.9783799969758 982.8238704944581
801.0296886821562 422.93037684089853 1229.154250662234
104.13494165853221 723.6818510286174 1278.930910944666
1845.1774336757885 1129.2775797982677 734.6155736290151
1754.0298929492326 1742.2059637240054 1023.4385890470592
770.291908335818 1062.6553787553692 1459.941895526157
575.5379203534832 1579.3629685151575 356.3360463485223
949.4543393038867 1465.9575684471013 1147.0118606294373
1378.1189326443402 1644.0719031929236 674.0957403739055
765.2841389558924 341.78431123748163 1257.5094990116952
18.68186204294875 728.4277776489856 1131.177919210522
674.4371393989579 1270.9828330485707 6.496056120792071
847.1304928462002 897.3887596728694 118.81764264539352
1510.6964850636143 1199.1652965159528 738.590055118244
530.4250879678714 1688.9966630506149 697.7524398752473
1882.730519642307 1239.3938056106108 833.9154497131617
1062.1986638759188 826.0723109054728 811.0069113810314
684.6853995594264 957.0828146736445 894.4355154623549
736.3801309217693 1949.7774047712946 84.50824537091356
245.13841254145552 503.62412888975007 29.723186406227565
732.692716097201 544.307042562165 526.1161320392474
285.93841241643105 687.4983242285275 347.1864671903597
1969.528902024341 1724.9348970115414 1093.9776613364586
1726.5370250628184 1429.970798326448 588.1482941863628
1229.3072976933934 521.5514899237295 834.0521473207065
852.5128198441945 1012.0437973163789 1429.5472718571514
1437.628389237919 1369.4848229655347 767.7252206011148
306.68846453715594 283.1699419759912 392.95507844972127
226.2382584756959 215.39019977838802 28.748896088584218
882.9115736253173 1187.1606296812563 493.7911609394972
1733.0659272374453 400.2515908234823 162.78859359350224
1496.2131359319862 1419.3867190116507 1223.8843563572036
401.8462450089439 632.8192190238864 1135.309603255911
290.4119033237802 1004.5974821490154 190.97473185949048
374.46123822763286 705.8042047510211 1193.004723275847
767.3157402341735 908.5007562795724 352.71384078574596
1498.9693877651866 1245.9872668004257 385.7445721855196
1677.896499257784 941.1412067575933 1483.107571463379
152.09556476584507 1056.4841344903825 882.7872994518882
464.674193250189 1619.0943759638062 1311.1941099409985
578.6126628341189 1945.7645152559169 507.65348776220844
925.0440689198007 1587.5234817365902 222.0093361179516
1672.8225000777306 1833.7856658230096 982.2701653982515
1494.625939565622 269.00776453590794 1141.32854893986
1590.504719116278 1531.0437686079633 1004.365977677474
424.74906530682864 1071.908268140414 1435.9070143122199
1233.4605880813524 1635.9934320178534 1203.164558465657
835.6710637017701 1005.0932685162039 1287.9312030423498
200.5385338598109 1608.3848665605083 617.4856368638947
1928.9898918774943 420.53202905757735 629.6032989859352
720.6104783703308 1746.2438139993335 399.83259287593773
1819.4567130944106 1262.3624499511934 1063.2108335318076
1890.6584821306938 1378.791872306665 440.8571959616037
564.2467616833238 1458.2166786057317 789.3332948054317
87.24769209329165 328.86548818492423 357.39795415825074
830.4480286110776 1442.6822538724218 629.1152545383062
1662.5935006224024 1783.3598582016098 769.7104932537798
604.1495920032964 1323.4634264675794 286.94436919146125
1855.8438027199675 1767.1052778889587 339.8269892025644
1909.3913762311931 288.68974611748996 1168.7810692145968
427.8481253804649 1680.1465704416744 1030.508133471597
602.1791488849743 795.1518249968152 1094.4060053376872
262.5946430946224 1132.4457611196076 692.7291775842467
993.1383467501638 1060.042399618822 995.4695783331409
1012.7978056417302 839.4637786214911 518.8894911087968
1795.1969160645428 721.209703931873 964.9466669341658
840.6422469192349 706.7149722931994 1277.4441003896206
98.37437907582314 1213.1035675756002 792.3537716054731
571.1663831961382 1488.6835702772084 782.5876833698848
1138.8319731949437 1915.7155247667583 322.62256313963644
1681.9432087507632 1351.729365931534 1018.4503031624611
1419.065089341648 1417.964001538282 115.09222780719664
1149.0142913262243 98.28770030208811 433.82226035114155
970.5738775535282 495.63476656198293 898.8679680404692
980.1901453466332 1602.1449869709443 27.744193160736508
1755.8702546776578 64.35128182836624 1210.5838761441075
1466.362018447871 1858.1240930217753 519.1113416967967
1049.9723011672097 1517.9198287667712 1452.215577786523
370.68518525921525 1661.2360779414892 683.3913476612727
1144.1168853443287 657.4512321701553 1170.131595449771
189.2577628778831 1085.0709921446878 1349.9807164263802
1614.277326313885 1971.8238406794687 1199.2997035226106
1348.5069677518084 1475.4863010194438 1018.8904968296727
1305.390509886099 909.7033112309905 170.71585941129558
256.5142343661668 579.47790977041 231.6281429997108
1077.9245704069226 1202.797351440498 174.20294303751817
535.8130294679206 1456.48990655262 1393.370032976
676.2972398343825 388.2585740566769 896.5517007474077
191.35088104327892 1130.0499839613237 22.670622844865317
64.31379426357475 1651.8551845273755 1241.4586520823957
349.5917923566441 986.1053567696905 1054.8875551093372
690.1312638325938 1417.6535396092859 184.5164402110187
760.635447066917 434.81559577513497 1136.3182382440766
1900.2138975574505 1171.2576568221032 540.7324330682848
1522.5189761872577 1538.9075468392818 136.24886611973432
1976.7059780171112 785.2387886115532 1256.1451058352388
585.8318363514165 62.0962825473661 615.0236560257616
1419.3913963520665 493.98834997433494 532.5340015874513
567.8562643347389 1109.5406600183417 1138.3775714381345
157.92210364622883 1162.4720252058225 1033.8509324703402
1934.9715908758117 879.509953505321 99.02129619261113
302.57880471104005 1220.057727991166 636.3528883242643
410.4868027111257 1081.0966249001128 1224.3217000128236
1846.504095195572 1335.9289892730926 330.23040572046955
657.5080635877715 1551.7401930023423 1026.9564150495733
1491.7685140118606 870.3599319588695 357.3721789880018
1039.5296047015117 663.1629734387366 897.101169991874
579.3320328098052 641.8106054773456 803.2610050117071
1909.7008877994115 1080.0960315373284 474.27313680374425
1563.1000908733429 1936.9634231964496 1205.760540070513
537.268697103355 807.9675136019158 458.75282527023137
1036.7887910898266 1273.3568511659523 213.9305326813135
46.41317726185123 739.5137355418589 1103.530529495406
800.4776174833497 933.5539982051662 840.5157903729644
1192.8852320615367 1994.972538105148 1105.9393653818797
1423.9807639635383 308.87508313253466 366.25385606860704
1226.6077814959451 1717.918278878412 8.690525263063353
1160.5347686823186 700.8745249434645 1395.4205958740608
193.3001920715398 1470.2742237078148 896.1429862506724
759.8108865577402 46.30283232253185 985.2985764740514
1650.4046980844896 327.3850582794422 348.23618700061184
661.3461222032142 655.1342423236243 1179.3427681907992
1953.649497196331 195.60912053556768 259.1122437365642
1819.2978003457213 131.5749960687822 789.8180327280891
1839.2928043242077 789.8431434570947 419.5955723247418
641.2126546451016 1900.5393985168218 593.1238499491445
923.280408636342 1755.0610877230333 1081.0752945844995
524.010317070122 624.8202885730094 511.73865164218745
1048.4697974277738 1237.2983340245844 1388.247266652751
664.9067872344525 276.90076831917867 661.0966303927684
1850.2262983502667 770.1661448984627 1363.1663709214968
16.314289936067095 1127.6234126362156 1071.8511329834294
1171.8526453354764 1039.9966126032227 966.7851920683672
1012.4594338987887 1614.9979254245102 523.5560852576754
974.879029013217 1559.9890271445086 1075.7362546302961
185.86195673707962 1771.0446214020856 938.1107586265874
1819.2385162018231 153.91973865135444 669.985417300257
36.39736239945268 1866.5403230473703 1176.3371429364843
1433.0717185674007 1452.4584126024022 290.37254495130435
703.9731642181075 1985.9729847211547 976.0839110036945
1632.5095333378763 460.75341535247617 1137.2503802686442
1715.379755766863 1674.1670940960057 1316.6007147902508
768.073293745825 305.0301970346838 363.0585760260864
1426.738964400945 798.6933042410598 900.5711419267512
1918.2406847363188 432.4626431531957 134.40710593563094
1723.5095796759608 1529.56376757728 1154.5031688739473
1284.621031919721 871.1471662903975 805.1848388058173
855.9188004856095 987.3496173785252 1298.9814366404928
838.3914051048109 930.5299384486898 867.0005094828716
245.60215675803622 98.71427408588862 892.7624235622868
2.760508883061341 793.3196287525102 480.9693379876753
1384.001486926706 1678.643871909816 1351.001196900455
1377.8968017761617 490.92193663233587 1198.0766550554963
902.2860328565101 1905.3529143056212 1185.6001298318606
1476.3459635167678 998.3271681234933 117.85985157147661
1898.5888291800645 795.9740296746489 643.778425064583
1063.7723360994423 935.5213572140198 754.4251987317438
1928.117374869755 758.1920232954571 177.8618227686856
35.497124681427074 706.2874995544281 366.36724061561443
1462.6769153155228 1911.049056208391 1475.58305118458
200.03687552606442 1360.3562991599144 1088.7031423218777
370.7055471524225 1161.9843791304452 320.7352953611599
62.995070393638386 307.42186675211826 36.09154787136204
559.3071187667986 332.86760847159513 1400.9144936565087
454.0242045467968 1457.2376939576375 1319.2024307823406
721.9509274294767 136.77176349480914 1194.8823536044913
822.7861244634549 1167.0849415254977 50.3603388004279
1462.520954084907 1735.3040858562317 1377.0295959373532
973.7430631396584 1540.2733891753933 284.1958186356857
1810.9215590867218 515.8550473921297 848.7405183580289
752.1563621466223 1398.1466557909982 507.87188881153617
717.1261696358303 435.8957398271295 1382.0548783711924
635.808910586648 1274.520696629128 1435.2773087991861
36.60667123245065 321.5313151634074 887.4916318658959
1656.6689979419539 146.836232402332 749.8141312380247
253.96923860272702 1872.0545487760646 1281.5698080501506
854.8554210674292 1950.1501899604013 112.44206666147716
1465.9032176548883 250.97547392712838 1197.2300263966931
1358.2536472528777 626.1752195855299 362.20994443978407
1494.7465485760947 568.6183705013934 210.2433890547794
156.05023925424888 1428.7651996804834 1267.2498599490577
1066.0916535368888 596.7538787451923 562.6623925660793
1552.7370260001994 1438.149164921035 773.7593675625084
1408.346318186067 516.1701584909799 491.9852190747642
820.7808921138903 169.32514292041856 954.5724582924651
1430.041642184289 1640.6973467344753 1044.8697822932907
524.7464643938793 528.7645851206415 987.1636414525141
243.55951712696333 132.71661679239543 981.9665722603049
933.1008441295496 1276.072069736598 19.92950504108815
771.7647994372985 1453.9993538335725 687.9525859499219
1013.079607509429 1201.9146848631199 503.7559375369241
1713.323710202184 77.99870849306933 1218.0864535829412
255.2387998797714 884.2435529444033 206.76184492193784
957.7713998242006 1124.2745994355516 1060.081660352618
1398.5785000107285 1950.8870757596974 616.4877440760747
795.1967944036988 1324.2816237170603 771.6264699269079
1279.509254498076 1754.9739891286717 1048.4244759291528
450.7198142695266 1039.0408412189083 218.27080127386816
663.6874961339144 1704.401951972531 261.6458566959548
1222.935046930213 1671.4077855887695 1147.8436661175688
445.7241043508557 1578.2413693660221 340.4667598657009
879.196597619357 254.4362442743362 1066.2821959681826
1957.109111291949 709.2076591571686 1487.3834146381482
1452.0371149862633 1152.7733818865854 542.2770222590806
1024.436063821634 951.5096773669318 433.2751611192742
201.08005648224304 369.06493619623507 937.2158446939329
1446.0494722913108 1830.8842044302764 189.1126974550487
1308.3075841003938 151.5300597368503 481.6610864449948
1860.4350565791692 1611.960525095493 1208.892131004532
1755.767159173051 219.481653072217 1210.0123248919363
870.8465250903239 750.9107509778053 882.2537987906753
714.1227790779967 588.7203575089808 1253.0321004773084
703.4465203175301 1097.4157071662055 742.0306627844993
780.0038539671322 1014.7575285115018 1207.4774803828293
35.056339003977975 1334.2545636366972 377.7691306535393
776.0888670179149 1822.4227022926968 1175.281346663752
123.84100553118738 673.3298938387746 34.826228920660064
1248.166587470529 1726.9894374999556 82.9911692496822
405.34959622146795 1131.1219360568707 135.2610899130473
410.25186457997864 459.6799584862008 725.2864077020689
1964.8284354142504 1270.4142941314453 595.7103753687456
827.8434719962833 204.13745841994935 315.9702980546409
1141.3548733596092 730.1783377126985 680.7729588089919
1775.9866608228679 641.1121672195044 1073.1941308553726
779.4092405405604 696.5385633514123 714.3373364008614
685.6094538515151 1355.337977894656 453.6842095629619
1065.5549777098786 63.61457283790095 610.648360781802
147.03435635589958 1793.8487236418039 583.3899390800033
1032.2280810535283 1315.0485461134276 23.042190134217876
1397.5418258635882 277.87648587495096 1086.9834869587526
58.528025262970075 1966.33059376832 1398.1859836614956
1119.5781797856414 1817.8330395799665 1040.41206105106
1721.1080065266794 1789.1412317398967 1165.7020732595954
1643.7593376505026 1276.9744593399398 908.5250461307973
918.9731900765419 1441.64779824046 1088.546249025404
557.9086963474598 705.6294725504102 878.5219820862686
204.40414535991525 55.18551594695964 1462.7594679589024
318.7005624320536 400.3671746954969 1456.600183062223
696.1546522380884 1348.3422049767519 1126.5378265875793
664.9927708703991 861.1632139124367 91.77803305273885
1131.6249603304927 532.6366942768354 1482.4054023096012
1904.3040764337327 1757.1117987545324 1036.1073518030285
190.0059386205244 774.5757160526416 4.8824885935272455
301.45976102724313 1888.9873298963553 542.6169143098181
1571.9944339869417 1743.7836428279654 1036.6917421210405
1959.1194052415976 1976.467340197597 1254.2191024658468
674.5358975512277 775.8754293880694 467.9324892979306
1712.8682990778987 1333.9255519388657 1014.3871116403994
1382.365815229737 1804.3395963199928 1087.8203112873546
744.6072477811731 1230.2696295997812 573.8028550751454
48.80755653481672 521.293473822231 742.1256503456142
746.1284305805782 195.06195890443823 395.4362394319551
457.65557079844245 1567.1489729082232 809.9934595811741
1291.681257319787 612.4430210367118 294.7531214196426
1658.626645597721 603.275480715696 1339.2689781896536
1772.4593969739894 307.6335210352203 1002.9566771234284
454.7902959168333 1601.4325329553546 83.65634992787713
491.7474812154001 1417.6029117811488 1156.5166537757573
250.97970913578905 125.4153091274115 822.5806380971813
455.72680158390597 1230.2411426616038 873.1033713926781
1758.479186721874 1034.3550130213362 667.5501121804868
1385.646984444184 653.9064887705555 873.097128932428
1286.931501855822 1525.26547373468 640.7876190432199
1810.8096311468732 1110.1699823557562 1020.1103140067776
128.38599294817277 532.6521690662369 563.3199351755529
1238.3651202674182 67.69504109137081 346.5820280026876
1838.2945232168254 820.9356817380864 454.04847945367527
1406.8163965606016 1624.4569016133655 1271.0812438792987
362.15784897302393 1990.5722126228975 821.4143418300977
1721.1951212793692 1141.1583832068848 1336.3988316224165
860.2595048424535 1103.5692090675964 778.5121208359503
749.3881899950144 355.9894972961088 1064.2428410750063
1465.0145624053027 1847.3586681211264 395.1852953644974
1426.5263984934218 1379.532090942095 308.54942743569484
925.7518246618663 856.679121665821 1443.2849120504075
521.1755508198836 1908.350729420747 836.5607501488622
507.2766370758839 42.01555156276293 703.5855929747227
1951.9314665668928 640.0236093071192 288.97156832945427
1802.7771342456415 367.6152663159229 995.6514054218961
1861.416264973812 850.7195454094418 362.2511384208983
1286.890506180573 1003.098834253124 1457.00842729091
786.8954189624524 1329.7137329246855 912.0091552891273
1585.50862230413 1709.6285697869969 882.1865223764565
514.9732305089982 965.0357562787566 1006.7551256770631
1816.8699165762544 1906.4673802291948 1212.340003094336
106.98691285969342 1829.632541710096 65.19699374440286
864.5123045059071 63.13650405648574 898.2319495570508
1447.930445949212 512.5231890479449 756.9830143203038
715.5084124242233 360.0066189315232 1024.1705151805197
200.46269298360886 1023.8258574417046 233.69545775628208
494.8914061233041 1595.5231470843917 719.641926948546
361.85753769298736 1694.8906000045122 1053.6110741206226
1057.0638477884218 1767.8380246235479 461.7527834382025
415.5385604291937 1942.7338650140266 1159.6788395805067
1653.9091597426298 537.5659889988975 716.178867275342
930.5430898721061 1483.8556504765222 280.3346457016337
824.3442336450131 291.44670578579365 167.572588394994
1947.5909608044853 1425.0032481449973 1066.6095198914788
202.37013950824579 264.48883049083395 700.7539553554985
72.58893444652603 1450.7434043595815 995.4331903239594
493.0767118200021 1033.73140824391 354.630818316918
1286.3326433570953 1909.7673083898744 270.51709016780114
773.3816265696724 1590.483328439738 437.6849414459569
1143.6443073341954 1202.2670412248976 612.6716584492935
328.9348739786706 22.204098282626596 1063.4450017555364
1208.6106619283703 1937.4072960318672 112.53444203627544
1975.4462225259533 805.016326340466 372.1396142933838
1593.1077570127009 1829.7268818061739 1175.3336595621092
1512.6796983399352 1000.6516678023543 135.1992992008732
1209.0228111087392 546.0515976814675 527.5748453931016
971.8868293031479 1572.7482239384806 1427.1350754014622
499.2436194448071 673.4071751438245 869.7693132379767
725.7251993222623 904.5037352415033 459.61720202833027
926.0592950910966 1357.770811758519 821.6270507164317
1038.293731874642 1551.2258584358776 473.51176212926504
485.3514243124597 634.5067977472326 77.29836117492268
1151.692810104498 944.1724198952148 493.01700995881964
133.74260627601853 997.3479866017916 212.4026830996417
1443.838065107663 107.75272445611006 506.49613426154866
32.08067339145182 677.2676823794561 1242.5130400459518
1856.2020450755695 1886.4714323954258 730.6547791484184
1592.133365334223 880.0632557816497 837.2055971862312
1301.3549899131958 952.5631477333341 1086.2732070417512
844.9471892947695 1538.6364585121614 965.2062606107153
43.63559076859502 1460.9427618452091 1430.3853750351498
1461.6976273362875 1019.3658660612899 479.6056570483164
1133.824379712118 1996.4552264217584 639.0413008526054
1417.0886954783998 1818.211862113448 100.35046512871065
1025.014493911833 1851.0149112044141 1252.359394271346
99.6122597675546 1879.1351616607856 974.6801695179545
15.031994458403641 522.8761923300051 1200.2402102998367
933.9243847750258 1863.3026126614554 1209.4876190501006
1764.6055807090092 1498.1536445636737 786.0199126397458
804.8567952603831 1194.4532688841346 305.2369701734718
193.7325992879957 810.8238516561656 908.7655841332286
649.6102404780651 1868.74318907067 408.38234137213203
680.0229247694001 872.5427991578063 950.5880674154124
1026.849950698091 907.8887533781233 1315.435044173276
422.1611914936991 920.8943124572742 918.3252173799342
802.2106964740019 130.73338360137666 402.10963009879526
1705.9822990142864 1151.2569134773187 36.38759736437247
970.9130526959871 1877.5911018732695 242.85267757591623
1465.528844100111 1999.19066114262 1311.820887512304
431.7614680071371 814.9942945202142 699.1482319897121
1621.3649393922065 316.66654240879933 955.1045694766319
429.82908338691203 255.61358269259495 122.6865180244382
1462.823547232541 1166.2014298699878 1306.7354683519513
791.9542044614376 960.1118985452371 172.2902628823057
942.4434965458031 801.5047568882233 1030.0889636692075
1968.2252372650873 729.8558118129821 689.3372355355741
1336.7800369344377 942.1286304230847 585.3180249050722
892.2147224255748 64.81880267284134 353.2471027671273
1402.2547914096722 42.086669180880996 1146.487303491652
855.1557436146145 1212.9275614986695 1362.5161780896117
852.4390322846223 243.30276791118789 1244.6886440415312
1583.5442166664736 1552.9115579056327 1217.9055600086463
1792.8132041470026 931.4716707028227 207.13358312961537
1430.723151382914 247.17334387611766 447.9803847551169
844.1992512691874 1636.2209824851445 194.814391740736
1156.22713542037 1139.3899363926746 1091.103830545046
1372.2456891624176 738.3244681956907 651.9160890178964
453.39138355073504 525.9158061866993 1487.3503683537235
30.847120133846495 93.09356112667678 829.2773769367359
1157.2848991812643 567.9289082580226 200.7503290422032
1993.3709781594919 1553.3122314451066 362.9183074456974
1267.2479480279094 656.5627633465742 1028.6914960454392
1804.702564806584 1352.7594175120641 808.7794103532423
425.5766099135867 1331.7945903985947 1433.702208443737
175.48233854401053 579.7381593016122 65.01011672862766
714.1143907371838 1010.488668404451 911.4603088460445
154.0382680359993 693.1682543929611 1429.5017152640855
1866.957946412017 1359.6906251585226 16.326367062034443
764.6062642549463 763.3587754470051 830.6435012727652
1209.731633488545 1311.8719857608226 692.1518699776992
726.9462325431259 123.44343189300355 95.54026134911392
396.5924346053946 841.6453847701492 1486.368688492784
654.1299856530871 1114.242751602002 322.7894965014532
485.7865533940273 1364.4320083230023 1247.4459467660977
1868.3316085171869 258.2211849058753 163.09377537989383
1589.7790434406015 1112.5052557439678 1058.3658417946915
871.7805694525708 1406.4276651504044 212.76298600321047
357.3274267096038 799.7269006721268 1122.0435254861818
1750.0927218475285 699.0946065958121 620.0708012636051
718.8738043909033 905.5892768791545 44.69361146417189
171.9748540326642 1062.1157988633354 1048.3105094410603
843.8842691460795 1900.9578731200072 481.50577849262567
563.8521050403577 588.389542983594 182.8995071750172
1412.0501501288038 1417.0359911541243 1248.5591694745735
793.9127743447439 944.9955024667767 353.7460835807859
971.7962037365435 378.4439398918937 475.48945828368323
146.0847335694928 1954.1162066225158 1059.7897981761978
91.87231362940862 680.0822370109556 796.80447477053
1523.8039675308878 229.7855064123737 959.5396610419313
660.874324063538 1730.7809136723072 65.96161237253928
1724.8342520315643 1555.6916926793472 197.47927533944537
1466.8185824254344 976.9666080870087 401.92839026267814
532.6004373796882 82.7004146661725 355.756757274183
673.6171764981389 1760.9029737113349 1131.2870583669153
1875.944389234458 1416.963070089139 488.91946409639377
1237.380800914624 1405.0152223929797 1263.0001557312564
1218.5367222287452 605.3532134483048 1424.2620246490376
437.18479484468696 568.1357804531624 988.7710956086245
886.086903499061 185.27316535015558 783.3589658352101
1562.4210931049686 1529.402063915727 1231.2023181095085
58.969971488841864 1299.1759421085233 236.38358323390656
1507.3166888390451 1881.841304233449 854.9268484996006
1086.9024732762514 564.5639883218076 549.7288935395202
145.04183303064087 1164.7524945252085 1080.1130547676842
127.66922173774108 1799.3830997773302 1086.3769075795676
1759.0596213520737 1299.0505014642986 932.0288219347025
113.23723113915052 1481.8404458042144 1273.2587701136292
1824.940191256891 661.9166609143208 1294.7722943936951
417.1588573327381 1476.7994481201165 27.940762302354592
1209.8232013808843 900.471674377858 569.4630927581949
1861.980548454179 1000.9580557390115 1276.676099292482
588.0140158110491 460.74458084423895 446.23728697514133
921.842555470313 967.9667155705658 1299.6875731896434
1818.4133743059465 1783.4045314198365 526.2367477523219
686.8809923698009 393.21546916666136 157.46401709622054
197.17172392331685 1380.746691474836 1214.7110086350826
131.74795412906403 293.88979960602836 687.5837924178109
54.35500841576513 1565.894922321673 634.7193066609213
929.6284247516655 84.97287929163977 967.880710625413
916.3642787779653 558.3042465859133 529.0634282172371
650.9807394948384 1026.013236484544 1391.8012667150115
509.5005575495139 434.65295037254714 1117.1551142938292
54.8502391765604 616.7221732281363 593.2915806688796
1317.0847096952646 1059.0130654020932 107.89337678771366
462.2697677553753 1431.3187606826173 233.43217089076163
1513.5708255846405 237.9350783315084 1498.9119388740214
1083.1667041186738 578.1920597796455 44.52910941987298
1223.5084620476061 1034.9859376806185 500.413615455602
1172.6474504409161 1928.9741165704288 1042.4764803542369
656.2882588454833 1362.0912362743522 294.8964191656418
241.08520165566395 1427.0047249409618 200.62015177303215
972.5516513267938 927.6764154930419 1257.3546867121956
975.2814193051831 804.2689433109831 400.8309981986001
1060.9225961000723 1020.2942023157644 803.8010514014803
147.81193845312092 89.49730096800823 957.3641847822914
1712.8979777033685 1240.403389476834 65.30428811467598
1763.0416783496548 798.9259834884725 1435.1877735718674
1921.6825993510406 1892.8216938253872 1076.6505377672102
1049.2735453043067 1741.0465822583817 301.7054056210056
589.5802630603389 1438.2308804124884 1195.6494048909162
1647.7117910479426 1396.179371472807 860.9152196064564
1097.646875402536 432.7962664796521 1239.2476103639472
620.5435020187371 665.5434379777128 1034.3211039245007
69.89389704362448 1211.9074343166471 1279.8591828699819
1993.3191795319556 747.7182535425355 74.05584636236622
812.4188692171541 1563.5338894389135 366.4400289558203
1788.5291674509335 855.3975640249387 1182.492343476383
1413.83885028491 1695.623938501613 1387.4448295958618
904.7509756944065 537.3406223057233 714.743470103319
1325.906585537995 16.105050996920276 168.51502534840373
510.38671229203555 1167.1016303085282 1094.6134157066197
673.8866922359998 1171.5661406459403 812.5401338513236
28.154169748206392 407.1803627042652 652.3757774612643
1724.7015056786345 586.2660025335409 1250.5021116093446
921.1457088642047 1810.0762827554884 279.1127425607075
966.6948896959651 661.599668780156 702.2038602613549
949.565388536495 1365.1702168526954 636.8930791385021
1746.4203963503826 1348.1295822970553 208.57262586967352
849.2299092092028 354.00319922670786 746.9977855465424
903.257535908534 1163.5393310399315 55.29962516931042
1068.1764207813494 580.6647012012172 801.1852485172922
1815.1526276763689 387.9654594413773 9.668968556902636
1324.273024306919 310.520157664403 323.83098247204407
1345.7010499824803 1167.9053609257048 24.165651223466924
196.63909899816966 1125.5804670081088 323.93564569808467
23.22459509048236 1007.4723148710294 848.36790587729
936.52962922221 959.6738961391434 245.1707718901997
1181.5142387056235 803.1467082997443 538.7925589295321
1040.2673419294688 273.19422835291516 434.4629523445593
202.99933140030402 1727.4751587748096 1056.3452978966125
167.08373501009933 1911.7017148547404 1129.6029859231783
540.7388662611514 72.87434066468235 1103.1368033485603
1634.591705539099 1737.317028796443 1026.9896859879989
450.1477435812777 1991.1576839684499 330.353817560316
1423.4118048548135 1356.8374915004938 958.3916103424564
624.4074706305422 575.4837360373577 864.8141159759057
1739.4905621316316 1946.2591763565347 458.7229590903405
1229.5468255376877 293.7786469390453 1406.9336016236591
1395.6805508333566 1574.3451527611915 229.77701949688105
1957.746712974135 1179.936340295669 61.73846606849565
1062.8836196174177 484.2207105667022 1385.3741509523445
1543.4209223459477 476.9917134861055 1495.153245420249
1585.5622755673712 1464.4240610018824 898.1523067645562
121.87942478051129 1099.8999216666725 1255.8331743954823
1354.5280964867275 1875.7272796018958 529.5555856854248
305.6072470736433 948.3624046163366 1309.4850485531842
1548.6120412892392 1486.3697360287133 532.5995690864208
367.25372286714554 614.0835926770038 574.9785372569817
1159.3221033987616 1667.0468385565307 243.91386142618398
1131.577763229376 1059.4163535429016 696.3759144305052
816.8809663542562 1592.392937606889 942.5576271433208
1435.2883781130793 582.3501676209141 90.86331444715096
1960.483871751895 1003.1795641419578 1047.123963800093
1343.811128322204 1910.9233711581278 758.0628456432254
1889.5193099638816 411.08069919376544 421.54624711913397
977.8374401605621 86.80888650143982 1420.0401954982785
1860.9857887789824 387.60647110836464 1312.4651188267705
1037.1079779666409 478.78083315620665 1395.6563348477903
475.1408596649935 284.707582370733 778.4931133333273
1748.056626599588 722.9740101008841 763.2320800967601
1556.9801713981378 1749.4502425141475 317.4865162072683
1090.0420836448068 1719.757126524982 800.599765661264
471.66017246529776 906.7153932520778 1112.321758251151
1123.6658238770526 1752.696856656016 675.3935951650582
137.9742833769837 655.0098739931229 320.7950160067747
1547.7995787300401 1206.6224136905967 376.1075617599246
1757.2830077120407 389.163310187755 632.0217783939698
1907.0912107349234 1395.8425060559723 877.2093163513185
1341.8132708401852 1134.3086816489879 946.4137916671075
1852.223541069094 1649.1156647951477 159.08058608982367
1502.7072046614985 1330.1293612077868 239.70678170390218
140.75886217995316 912.8469016710452 139.23949972104765
1897.9142005484894 685.2724884004356 608.4730095661627
51.80364554036632 236.72321045258226 297.9662136392905
1132.117082025483 570.8811645367163 1055.8416974487022
513.8483905971059 902.3194554722496 1462.5959433462401
510.9516458772665 359.28979305254495 954.7452810845368
7.5688335611407975 826.4512013475922 21.704641323885664
1707.4309206542546 623.7668550378272 912.8920390351957
412.3417575704209 357.8037049820837 303.0992810727562
1585.3475706811494 1663.9235888662372 1476.1844459323854
115.08402367049841 1903.416911838055 962.9605197292495
1303.0448044622028 1705.2518581423774 521.5947432552464
190.89431167285497 1769.0941919822876 374.5250249837953
850.9485798653358 463.0790359012915 600.6984739922841
1693.7176692351688 965.3048648506524 1468.341139385625
336.4107918746406 299.59418672215696 1403.6829593759524
638.2075002791612 1541.0408187790329 677.917592840933
1425.807513698763 551.4818035198501 489.4983025097685
886.5119008818625 1252.9907332858118 1244.7262828609275
213.37947350615605 509.2351288529953 316.8063636315846
610.7973645550353 992.4577583730705 1404.3184946235788
727.9535929021467 1651.7087866554252 1417.7715683943334
1578.869023949239 1346.324873152811 915.4652596533302
677.5455997826425 284.4858525218428 1224.9044555594141
1020.0271502023274 1166.2485817587674 1124.5250254792184
1976.5625520103665 1049.9338848717073 1140.273785177152
1536.2337456851396 1804.3073889424884 966.5191154545081
1137.130545534764 190.16524563122127 238.02153473529742
1988.1222580984318 1729.6192066924232 418.8482818297774
1207.545981360312 1447.2859783156498 1058.9392237022437
314.98206886866643 542.6918294841116 816.2624029041986
1075.616505460801 1162.5629192665442 574.5581590686071
1170.3056166657382 85.63908979985358 636.3007270545435
434.10840460267883 986.6572840283072 7.698204540729392
1528.100760092524 761.3986396255199 238.19700818737726
446.0394464721633 653.5186027408828 656.4813967159417
614.6475459297443 33.41670249589534 1202.1654581722255
235.14479238109632 1426.9565917298623 1156.268693066887
581.5313293903856 475.73833822322496 1429.0337590916943
948.3254968264632 292.5305080130465 53.230132793118834
1426.1613759233855 586.2246762991304 1208.2686500380069
361.6593721925718 763.1141976445199 562.3174412815622
752.5771289098782 1017.7134549300664 158.41385646099997
1932.6806056920666 1874.582732679753 853.7330562264475
1371.0740495780242 591.7211444690955 26.525548906681518
357.053989661108 1716.1272577131265 247.11934315120803
1520.3525507500703 1458.8513214416168 370.7686171270929
648.7933151339314 1800.5162670444834 306.1887818641933
318.6885509776258 929.5513256764414 472.639605728339
1510.8975460606396 733.3461908805423 1283.74584427581
687.2322303634595 1740.8211107626391 1001.7376664606619
595.1715662257502 1240.0964984852217 1267.8757034028476
1729.3200823047314 1748.25458443124 1449.3326912208938
1276.8500205098842 1185.5623223253522 817.0618822870975
1845.7229097337542 1443.2258333168131 1252.2530466122842
427.84880605461063 1898.2559929029542 1109.158636158051
1074.238813913642 1391.6526903379834 1244.105541546124
1645.9208625102876 1014.6514286337987 471.99332089476127
99.94002385354439 224.90372361141354 1434.1289306864082
420.34460101087245 956.4271480052482 483.4868341501995
1120.51979302872 1397.9374120586924 87.70641095067799
266.5929399200384 1906.3397232072632 1183.7400315038926
1857.4435337715138 1734.0444104510177 33.89917867467634
1270.4787043489978 781.4476348323127 1083.8889738398668
1146.813171725257 478.0947027727789 1021.0036257231885
1803.7973389538645 1199.1691379058232 749.3324197018583
1648.7464376107548 1708.804686331958 12.644337368193481
1124.6672255535454 573.1350509492225 1349.8121964477268
829.0925153258357 1906.0468827167779 466.2685584871277
355.75071760607125 1041.4410877968373 901.4016011327452
1562.2709848081483 1045.8280415207519 76.34004809996352
700.1345808125235 734.3168724416045 964.9695366981832
1415.1539579814378 889.9642084629775 529.960446745824
229.29404140696974 1973.054836341155 611.1125850550219
642.6180098024679 1070.0304016182815 1094.8206861243461
137.36578019691814 710.6608154817407 1459.5801391278349
1649.8677517226479 1814.9768218857137 240.17592172496055
744.1594472901645 183.03693755864091 1369.7065841277824
406.5803514561865 1441.6254811595566 892.7006637615243
651.798637926774 143.1440996424209 535.7155955247662
1153.7559490411822 1052.1270810364865 1149.7947273529674
840.2187291905574 253.19201621695987 793.2595018958026
1280.7351175830454 1412.0237611880516 867.1528698758069
915.7430867349108 1572.7762305929357 84.83052776741779
1708.3526846415352 1386.4314522196962 1382.8443229528784
646.1324586890979 21.871378535030406 281.59647217516704
1822.0725701494598 927.472733345766 43.25397190813213
1007.5566520480983 1443.1151743685741 993.1523747067068
113.8087840623121 838.3333194065464 1073.5827813479073
1049.5418217906372 1428.49929699281 295.1093220009678
1276.6251733048564 1511.1360133076219 160.39266966056954
605.3630510990273 784.9018471888953 227.60600479920794
1141.562128764803 1324.5404823239776 252.32936003329843
526.1426465923408 712.2161230076857 258.2139983790831
1332.9611161588343 1905.1196868018174 116.99973273294728
1597.4172943177205 1656.05461513969 1328.2679772814706
43.533478110077795 956.3738285865613 991.8823127851072
1901.1585179955093 1805.7862114046727 1285.2540451674079
451.6446027612315 1399.5762461191441 1461.2126848710216
673.8932058936368 626.0986947564437 1289.3664593212836
821.9343430705335 1593.3874624138932 525.8875762064421
28.993054509502514 842.5836390522632 833.8322742226953
409.18450174878984 1373.0744743475614 730.8690061106381
1875.90199990695 1769.8543853195272 934.1683076872815
1591.0264921914481 1075.4680510097105 500.2246070918773
589.3687060685628 64.67523150726451 252.38979238239034
1867.927081481097 1765.8625140134147 1389.2119910087142
1506.2052096999118 472.6251383893223 863.5787579081132
1736.45460965078 1607.9795575825926 1012.9307436006317
1252.111127804122 405.8014418112306 397.9250483566362
1327.0113994672884 1645.2472340334912 804.899252645562
1567.4783174391075 1043.9853312603364 748.6474868644533
392.25513115190023 108.8220741973569 413.4268926450531
220.10458607858175 1251.1772614745498 1301.6727353595977
1592.9750764147789 1441.7538272128995 412.6731727125718
77.2548639719206 124.12965559446887 340.70931462484606
849.0254322542261 728.1917626892181 166.38060962656476
1876.9611738333251 1595.0654435212357 295.8918311971046
16.37218354233849 779.7392273802084 1282.460469524379
1734.1304522703158 1604.4744934473956 1351.2631367442116
446.83569488995636 305.75741085667363 149.6796071806515
422.1856942130364 520.6893200573835 869.2593183152056
242.08018530263308 1278.3296610953564 350.70733574225665
1834.3991649775278 568.0970162210359 90.18865288032634
699.4639854924364 1490.7915512885006 18.348439429869856
1686.4486995514712 1624.409525930827 7.196760524743495
565.7578240366719 1853.9983213007029 47.00433249788061
1360.4242964757555 464.42356012330265 1282.829370938168
639.9135558162199 1277.9058476366708 98.06913453078403
207.33308780554327 1031.5414776510338 253.68146925045036
59.96645060818717 613.4364676867416 1073.1616068192523
1764.3574535575635 364.0176941677564 353.2855941117459
771.9722824861306 1044.6780119922355 982.7061515130415
1033.913966515888 1762.5520850080497 125.26463938389432
456.5526188330604 951.5778107632891 1225.5548897980036
831.3675100989633 1877.7954975716473 789.3078608871895
1515.5450232038518 60.82241332739669 731.9804982481675
827.4787852457611 1901.0168135601489 1399.8189207470136
1884.5852680546827 2.0497499303833155 815.3106217035239
948.9316506302409 973.9501133760118 389.77373187629
33.363808469932586 987.5718760971488 651.1789718014528
918.287764248567 1986.3972656230287 916.4721166372748
331.9502614901899 40.77759334647935 816.2023054687743
587.922082498512 859.4268829338363 339.9651866911059
357.90908155559055 743.5017778554669 31.839066561727414
1872.6737007758109 106.70600195206714 823.6994757200899
1837.091468277505 1486.7734821808072 1081.4779456242622
631.2539648098534 1261.8524195136945 1400.359797904918
1005.1195471409416 1944.280663039257 261.2029481917126
61.849245955829076 177.93409245857438 554.0842797387162
454.73487708879355 951.9981647110336 930.7141701146835
1050.5338938912696 1988.5552752685176 1138.5661684952977
550.041524114835 1674.7399997778132 1239.6042742455452
514.2031384153518 731.0065137957899 8.181289165629547
667.2414888946631 1583.093140497354 319.26737983378126
1343.2871295710008 112.98307957646702 286.35610431630573
1916.295952338095 1630.6407169598294 274.72219969021234
1969.608797634007 1017.9156171776423 1322.4343348234092
1309.6026248643818 1289.81421692486 501.0559416494201
351.8086166226739 1937.284529981359 33.11045522280703
994.4553332656114 588.2185012115053 97.99871140608978
1909.2334841264421 1131.597286839918 562.6832838302014
226.5637283870825 366.8512949648295 585.9587270766356
1031.8853849861725 751.5912949212551 1145.114589096246
1832.0167087670275 539.9757994056527 752.9177089774646
1517.7795944030443 1710.175603285621 1196.4248577214298
572.9202789681129 374.2970775137473 1332.3106246232937
889.8048072144921 1181.233374790364 407.66501347202086
669.8086011172619 672.5954023273941 1116.217730271726
490.5287048956477 105.68081818471819 932.4110998794139
790.4312925513503 1231.0852815103674 1324.8517282572493
1868.140699888286 1563.3879114468234 739.3625444047213
99.79079413935321 1844.891007876308 361.1009657479087
1132.492646828391 220.56072136658722 71.89455366921554
1666.905866431065 78.81217648166717 1084.8180207331898
325.082323349507 861.9210002266833 492.70201086605454
554.7531531963364 1069.3848304924804 1222.3499048284789
47.78241155349172 785.1605725534805 340.51945888045424
1973.4093399508215 446.6365333033051 7.829228051032255
1986.5279395236662 202.237190057994 407.1123733241802
309.40891019740644 1573.481167414265 1175.1551036822054
131.25511596315764 1752.2212174135445 675.7914082221663
963.0158152944746 1327.7767019635526 59.704790069512455
1680.453836403952 638.0558604438497 690.9683495077661
21.69689628054816 1946.2970844339177 738.8125715997497
1911.9443266642756 1426.460912008778 41.01592654467123
63.64991901261652 954.4724458962177 1045.2543124064498
1873.587504206748 1089.4837601127933 206.64676207241033
102.89544703442633 171.1359753947044 953.1068732772984
1565.3710814766434 921.9405157931109 914.480697366423
932.0553523690052 1501.3811807537115 446.4459106239733
824.7347511910073 1610.5516285958188 962.5417585703783
1058.9335148779628 509.8783171368644 1465.174497339673
992.8487624618383 1464.1760638238768 1395.438540500283
1173.7968168775406 559.4927233547218 1297.2335028327886
1496.2431597482241 1312.0950981480516 804.8926190202433
