400
42.21303104833646 100.01386931371741 795.9715752649823
264.07442900552115 329.3404233168243 955.1014494184747
225.9842383541457 220.47232456935438 1428.712550120858
68.67489666318991 108.36055752390752 886.6675195820018
365.54675994430363 85.98127983824376 1225.3752551360794
1482.7883984278242 21.582759032652326 1127.36139177892
418.70460598246206 95.97358566561762 386.40575612578175
419.62189851287 204.89676214082903 105.26705384931262
49.96070781566079 89.52310738978775 1390.421186270354
310.5043579914047 11.458369033210051 121.52641045846163
60.946038438619766 165.42175772202492 782.870124138064
456.33348264281216 395.25987707985786 1070.526293369786
161.5646963226684 161.8484546122017 830.4580253287753
74.73083242997308 124.03822453512736 56.17471549237335
209.8922696333147 157.56773829146354 1121.2020207247726
322.53003790664525 330.5878619641278 1028.8145954717927
60.87825038561099 130.5644346410947 917.6240198832621
215.56059843745766 216.19519210708992 363.3253541095886
118.37855653498966 487.2931767483837 1063.020836307007
206.56798862945783 274.7293302893494 824.3449211502382
190.81288816805053 14.164135687876264 1292.1597881466412
41.79124371315857 144.27176188602985 557.3569651353471
12.826952351725465 152.48788110549395 1477.4121689456413
43.864825304098055 109.22455874967996 1194.927534308752
2.7526429154353265 40.9575352584879 1218.6591869820659
48.92307763477846 105.24049930272415 180.12970447346945
293.8600873517889 161.67672204144893 559.8688765536676
155.15581090862187 188.98956583577225 571.8034678733915
195.45713648210676 22.198093453461833 467.41368102856603
10.492888059504558 398.103670682793 164.2347927648551
336.73162168161707 74.03429243479036 483.4431362066409
276.086222928991 183.52783405035126 128.3083816605473
51.74983875310007 129.94637144962167 165.18983212727616
119.6224920279717 833.0065647219765 937.7695426938728
28.074325585363784 181.89783989589844 843.9559635046714
25.392055725383344 261.0205368296111 271.7564050952026
482.5340713919414 346.7382825908159 1459.563040654674
81.63362942768399 52.46719973261703 424.1642211323821
280.0751950799268 18.121645169073954 345.5583872283622
447.91407685317336 52.700412091414684 1148.3983992233711
54.58116506880014 159.4759065868577 1332.0338403787512
297.4732375398429 121.89050502470245 909.9890119966017
30.91092260697644 324.97833962589044 805.7084049901911
209.9145121761004 325.9079327454735 846.1220624764653
133.5984760946118 210.54606845044427 998.7170217495068
36.39199041605903 83.99141568820532 377.29120477814575
414.5606749643381 38.40153594316551 472.12510031828214
73.21241150552027 28.93546167612341 52.35707721289495
263.0439429652711 35.017574829254414 526.7363217948488
129.82932082781457 761.570243105841 997.8019684550453
15.287383041724075 91.08191363782646 694.3795902933807
187.34125680014967 356.77015305869577 557.2189801603892
60.56853090274284 685.8724445540266 183.94266833020762
25.812649791087534 115.08456140565946 481.6713280554711
1.8954328420822315 42.66047197200536 1139.6007058763853
49.16701686909816 412.4350874083495 873.5676471287878
47.669122288699306 23.643365597427 718.5981948002615
55.78797682835356 2.5988742026299554 883.9679111604544
231.36630015204642 230.26868804369514 745.3284800056863
43.37361907384996 517.0334067835456 1096.0788762376008
95.47888542227432 484.21440209690223 152.88042864751733
118.91872412806221 2.627407120324768 1189.7643552935629
137.41892632425328 109.8842267880312 553.4271714222685
108.63579320448476 161.27883446388492 741.7415500234175
31.972722523620188 46.02583286987622 923.2096477959914
144.43670113366963 281.58678672570096 1218.64044268785
500.1869816456705 335.36562007540624 800.8462213938674
8.764786256625918 437.0124291924259 379.2045334566499
96.15521426715176 337.1025301755304 1035.8143717730534
16.575241663742368 56.001258284758585 958.6922000894697
260.9177225586301 122.6762464974361 134.73635729247314
144.22219872213907 122.67496465526987 907.8898273693268
286.7700037815415 883.7695569786879 1071.3386081031913
120.92963913270857 121.53779198438319 860.4044570261863
55.741099880817025 86.85412093902504 568.7162803138202
100.29504070381677 51.73656967929517 223.23150172596135
294.3169952580386 140.77102289579645 364.31327599367705
312.4908580803002 198.2257270828264 842.295372747044
77.92976592488638 247.56101758004112 729.4087604230505
940.6401553823208 36.72877274553693 737.4182390607211
256.05023714629317 91.35363126364221 792.8422080416489
30.723815393757853 148.60788408876772 1080.2014907164803
89.69517372194609 248.10370120633758 850.9543328236294
277.232898756601 460.4984985800761 1082.9324448319833
171.6608558203021 51.929261149004226 1269.5466586673817
19.809590140808986 91.81850412991501 1437.6660148063118
191.6641531515639 34.39922291250583 86.20485055459332
111.81067359150391 170.6895421625818 164.5246445910581
30.59296618946102 68.03122287668744 1288.1712087945239
79.41128735064535 205.363579588399 125.12281247776802
36.89639912203316 339.98067114946195 955.8337812150454
10.357715184422233 113.42186124068225 1137.5962432272145
127.1349433271919 103.93725252278712 1104.6556490248684
306.9022712076588 4.0305764379976905 1088.0138597299629
7.897437478819838 177.5698821678149 1140.7173244286505
555.6650716958981 85.23646615891876 677.3103807121611
723.9639287398516 147.206482978375 388.7797303997655
161.9001225611913 1047.1618480185646 1274.2894983029798
23.487997692472796 68.93521346019863 684.2491588501017
208.74676137395133 117.33626319714412 1294.3583249658336
377.10308975953933 104.02664817855027 331.3877525287343
7.494638980202581 76.01080564345294 1321.4912281292993
59.99280293527103 451.02474155741766 761.2951391792151
8.001787007536864 10.051096272685708 695.0770443133835
92.14124611518305 183.70371101352768 192.37470361511666
463.70862723697456 55.504157027475486 681.6651293371929
375.75328349610754 181.0479781868911 30.372904120973153
293.4624258318521 518.8900495313254 623.9754154263735
49.74723446948628 30.74193724347389 299.7710822482599
462.021510462615 162.89189079969037 753.3442976182799
227.43444304806619 176.96454467268651 1116.3257612609887
387.42717084828786 3.232979270028718 1414.1381115791244
64.93200971369919 30.370814717654433 656.6084304092094
185.16387671771867 124.97826063521494 198.8308320414087
466.72387489087316 28.42193110996002 357.1403135675082
366.84965934997416 93.58256539986968 710.1428021481548
0.9706419467453091 208.297144111191 1449.749852815524
60.61884774330268 486.3316503059166 624.1959224489284
147.41712796408885 326.2217363253095 52.79628847999851
761.2898599419237 280.7851183324367 1359.9982410448365
186.25428614867866 507.7077112644294 284.34069320949476
131.0212346037759 128.69196684833733 108.11877529251113
184.08461015734656 216.4724458264196 825.2904292384848
214.86241036669674 318.11509982170605 1080.502503265334
51.10263523435391 736.2500355245082 1060.854538002235
78.13282557137833 62.979644352770414 854.0758954707167
374.38575724257345 116.09794048350288 1446.800675046571
62.38797163387603 129.75309691605054 1273.191946274661
150.41298529736727 471.22911704295973 967.1817509160885
37.344110137998584 490.0919887739063 1009.1686740169715
407.3250577412149 192.0867917722382 1300.9373287996677
40.757926196448565 248.10000924522245 621.3261898637302
355.09194570771945 250.258101109881 1458.2295194475444
55.70467865674845 159.46201358197663 1159.328190019385
127.42178885590383 10.378695501174406 135.24925110797037
47.09181808304617 400.6174363993204 479.82501917233367
331.2018453408925 305.34404371196916 770.4604422869816
70.99836589139086 13.961844437175305 513.8367090341
175.61273261128562 163.96039326476227 307.75897780923293
159.01752659431273 209.52584640036383 754.394216081312
25.607464470486924 11.85814908286525 1140.665012885603
14.22556174674409 138.77652162828375 159.01927983242336
214.84623351679403 374.9186049689727 831.4909572817185
430.0205836270525 96.82666766235059 892.8511096181282
407.0533874941974 107.07827437140362 1444.7463247018607
156.71194305206413 241.1562650860748 365.40695930965126
12.50523295904592 8.104368184922112 789.2185138049014
174.28392257883826 182.34751970126354 720.1620636808381
124.85810717166623 33.59890591377889 1054.2049119911114
224.61818354151202 246.00708266359615 210.46868509411942
134.81278934131527 277.52420828110695 39.81732893492096
354.24540426703317 130.0782334552782 1008.6193189495035
0.46401508739019437 35.49966798977069 1055.9163112754632
233.1198086884953 109.75157297270866 1414.797745757739
16.483548852801135 147.34454564416234 115.67169226987394
205.65095569109656 308.4232884630152 888.4070571854271
125.5481289424201 287.14017003404535 913.4056721812157
222.16789784426632 172.58174600613853 295.31915000638577
320.08800421369705 214.91531056000622 48.902402134481434
70.63669069889748 164.72478070216624 1071.3190175449627
152.35795118353008 159.01170408218772 36.293048192193254
358.0334248599106 131.98260992494312 1261.361498035673
105.49753124185233 246.58711012413278 1019.8505160181523
238.2333867828073 64.82103918787885 856.9634966433479
42.7426232903016 114.64756222190915 1198.8884870400104
80.70588301451033 333.3383510177029 211.54956931759094
262.3913511890439 147.26803325761458 622.628100339282
404.3061191892085 116.92618280127813 773.1625977337055
325.7861326563974 386.8013694596752 720.8454936724786
1.2445302582711502 80.87884577202968 1008.5030133412737
179.5630498224862 424.392767310814 371.6420703096705
183.6905591982042 577.1625413461157 288.6412512725573
568.9963934765738 30.985355620674465 645.3525773297883
146.22980847130304 22.642557381073555 1317.0703757923256
308.7589315015116 201.29216178079207 1146.1910169640282
55.913117590792325 219.6251804687458 597.0630170811047
50.74032425646268 146.45517319493098 1338.357301689715
71.13261782858191 22.545875076879437 478.16294648449474
157.7893041883158 31.409768053323013 126.58473666415348
302.25495075154174 50.77333570578455 1048.1244112596855
262.68734459115575 194.53761056349515 650.382314759369
405.6530895296548 21.86435193341344 1157.755919551794
146.59463958526945 59.51178619639491 1317.812838337694
39.86989101761403 908.6813590866594 920.1856506160998
736.0446914927105 116.12343710789634 256.15694721036726
53.7352513961181 174.23955704388248 130.80900559269233
440.87917027391467 160.4519941709933 1474.2617979356817
177.65249654177228 138.05715448916544 1370.7690615332658
159.9193393932304 482.3313309762483 812.5060823894199
313.76977938218783 20.512355292778643 560.4404504789994
114.23353034890826 165.51013411224153 1026.204602895236
30.096457621675064 451.06903152359513 1027.9298641381238
95.1426086686671 344.186498396008 769.8306334423504
90.94983047892623 302.28615234084117 390.8633178070121
144.79603056317782 17.872137377894333 209.92631496434612
417.0768924597802 26.947990762250175 894.4759484550688
185.212845148193 120.18099530737717 1322.7050034686988
144.8987194529801 246.80904972301096 24.949078399025048
8.33277033481735 6.852254024457836 753.6505842744594
6.517316662501922 86.96119442791111 489.5284023320861
99.91948100868329 572.8905233492005 1123.5847240547719
23.99672972767732 175.4006935826253 1274.4161123925826
112.4377040327327 0.0490535217914095 1201.0978044975625
358.63430331246326 54.11808107976631 894.4433195919642
77.4374693842962 8.367437524327134 334.92298171489006
5.120733350635654 233.54096993382117 715.7531822788447
177.11119542426766 27.914992821451754 479.9208587532258
135.6156195407313 119.68790623592322 165.01068661137148
42.97875086960188 57.98993592325799 93.37094973837611
334.3846247321355 519.7908197736253 91.81657005682587
26.894658198140913 111.41957493783823 58.200989175308415
182.1666243019751 33.0941453460852 1373.3914789460655
33.26708404739874 104.29573140352335 351.5813787669887
282.81431953336124 516.2942398494715 426.9638274659773
92.94083236361493 113.14512140729067 1259.2787994499395
15.5678522039579 145.09096358717306 340.4046671183503
313.86595057127244 202.95456090925924 116.19815702341569
112.73059858855963 244.49626092140426 665.6072354087148
110.71696729483351 9.231789970616592 244.6670992593848
48.206924950117696 150.74156250526508 1071.9247875083552
48.456633455706786 156.68189984611774 222.2005580963273
41.40523813176748 110.21072652612058 1204.7884446981266
854.1117692133961 4.2902188262600225 608.9883516817522
1.4306671918272895 121.43736376567287 1095.6691546290062
67.93574036486635 161.9469276069418 234.68593919230696
331.2311632610002 14.558105014360107 1130.9305271862274
144.79061357406167 57.031415542200094 856.2302972062853
145.60696247622116 122.13892997313766 1255.8508721857424
7.200222481027511 237.27089315020038 1168.3981489577955
316.1679265973148 141.88265824596087 488.12424088945346
437.81372891438997 170.1370708238823 1283.6663491406389
575.5910328796875 36.7959230640901 131.75311630417536
13.121349755051018 68.3939664981911 848.8255884289797
157.67155780446268 190.46904689847318 1167.700197503382
71.63035121963948 128.87434342672063 70.47217555750235
31.64051193093599 26.70923052052722 1051.935115732695
166.41706394471387 144.4866884094964 1432.144330378787
193.10196608476772 184.4904137823665 721.1362401960197
173.8796697230937 81.09027014558087 183.57744857638008
221.16686687972287 182.23173181341 171.44329020007194
519.0294116210853 334.6061776669473 838.1494922672208
45.79304525664074 41.39472827663207 1045.9273544692132
248.69664588734284 29.379704823492936 762.4785730393993
111.27653370272692 197.27146309861453 1330.1784388907113
62.34522524192199 24.323399799689987 691.9918715411982
39.9728199523877 130.38118486699582 856.1060324330367
254.825922023631 255.35111935504457 258.11148092451896
675.2674080773616 27.986470368258807 569.102517103322
0.48632638709125414 11.328638291493355 1050.3492927997834
289.08662423632467 80.42824863934995 954.8980820102798
202.28312401539466 286.7133319243019 0.8710965552543026
21.749427442541943 527.8427951682957 526.8004440493088
35.74928312796777 42.08159909404706 1203.409370006591
276.5421655454142 3.6435002415027222 1268.443731265312
207.23222309512815 229.36258310169995 724.2916458796439
460.5184333319086 3.9497589547357763 81.27118085243535
11.713213292420527 59.557492001288146 1300.0986681356458
93.51064499997798 391.5847695063433 1251.5073284001573
5.070637564877346 26.62892347443376 22.561723094670693
84.90260721586871 6.033818015208709 1184.6615073287671
156.62310834255624 36.88988046161667 1229.909766840204
315.98156122528917 14.473951686423442 1388.325655697614
150.70375587293574 143.84278115159196 186.47090347230554
883.1419336485549 97.32319518940446 792.5090247040861
209.87440312715324 99.40168459235046 475.50660929790905
48.134911986087275 146.79663624561215 314.9843821219894
123.8537982314798 836.1071245605498 938.7692151811943
63.551325993393206 135.1323831741468 241.7793729466633
132.46423166064523 54.01655368808292 8.316996678630783
69.42255565889639 150.87582680129606 163.3835062632551
140.4994317639449 18.374476796143817 1325.296874121236
23.45014741431952 184.42243972889642 176.04888438003402
265.2281396710381 258.7584932352371 279.4055426227608
707.3364117113765 303.5774874365042 173.61339139217418
73.6488954622983 18.459877604415603 178.6248648821649
227.33995542891594 307.0633549493448 1245.0869902597744
40.79516100629293 367.8172177232508 521.2113760822166
0.21019641404355074 484.9824393741894 1336.3296790295929
65.40966843254327 10.196814856677513 1281.7008587910677
179.11513817926334 338.8788994826614 372.50161029146943
85.78964022476922 432.3223690045217 231.7672105906972
336.59188442575754 163.20507976253666 521.6653240147864
62.08173072593466 185.79710718813692 1130.3516129792981
6.139665442222986 175.24015182408604 469.56815835280713
88.8408231666041 370.76329683520686 328.4862831630583
484.1815321533542 213.59596243469022 799.2020024619198
248.8843818431253 805.8820738700999 107.02849463928749
370.42859187316424 112.41095783690189 434.13281945227334
16.122140133153174 789.5978018480805 1444.210316583966
48.94458679012737 43.809026126432684 754.379782996444
347.03054493557295 70.25625660868758 1123.0398767155805
125.84035831049178 336.6413326214857 1254.1200920919912
103.60663934663738 140.97456907378827 872.2196947854467
176.77598028466542 24.026439410203373 1121.1548243958473
238.0776417052258 238.82964307863878 793.9918352124482
252.6988879044452 168.16177545098324 1006.0313479856652
69.2127467299819 637.2745651258058 534.4919223803854
135.77211062655027 13.258931265124199 1133.1096621442568
198.35416460261627 100.75592659941466 131.05961909444235
273.1125133840274 45.81560342942584 542.9198661603203
138.0679596238413 255.05116587094597 1130.617696442034
55.37753337052439 171.84626219619145 1308.54799987909
278.02070753628567 147.2951224828585 163.4979707996862
208.4608723315181 80.1530303510223 112.32756540246625
66.75183213385306 307.893839324041 657.8495555285385
56.17424040269006 82.21538027940517 1380.9697574911447
156.77395586595327 4.630956314199955 342.49697978109026
498.497765188426 87.89943427992942 1211.2159532939693
167.66096557138607 47.25930476176411 719.7248784311244
225.8239418566414 247.1423930110662 1283.646589155526
376.58010044425447 38.47139468623951 1035.3539158000535
656.5811219115521 213.87418076747434 745.0250996178945
172.0896488123904 88.82898137835214 1206.8848390805722
12.200708008047084 478.8210348135209 143.28095901000066
119.44368742566314 22.575374782840683 1063.3584589524226
412.3830337163346 64.74746626046148 1236.4601830499862
119.62999050661229 134.36259471144774 841.1250944705935
270.2603725754658 576.7148410795527 424.2915073151494
212.93147343834994 32.0068519611713 1277.2437144937046
26.2524572931774 311.3148744948933 946.4558625285546
168.92760007699601 118.25634205093196 308.03632907572774
357.2209015695777 10.99596843448545 62.641639944895246
107.09660720180013 230.75225015583936 423.1378759547841
220.480460791223 56.6526721702533 979.1232248197766
191.6527093567992 67.42210763198685 1460.8302612206992
167.2668850941847 294.39541316742776 508.3815706070096
121.03889313635345 104.84064227503762 1380.5503554117272
34.670607647161795 179.77189440123982 195.48244836307694
117.53903133984403 457.61225857988796 1186.9810664311378
301.02031439733196 552.3856760234394 891.1287796529672
523.5295996218279 29.679016160281428 460.9421150250161
62.843470735369024 713.1712305252629 781.8449321663186
293.4659910232139 163.70818281297932 110.85620821905978
630.2706821309808 401.8413349178365 386.26240460031954
147.85992854622648 34.97973013745687 667.7986490109101
85.66146626327243 70.60552224614773 495.56500077790554
53.32922721954635 159.71430113321395 527.0357782488975
13.119673010961522 201.87400223285042 989.6682267081709
119.2965646103209 129.4643184203261 115.3138895307968
883.8508863776949 7.3636593532367245 1164.2747939422463
528.5240525271752 3.234690090285582 95.71596859538745
58.28041349023548 99.23638262257292 558.1909561404331
120.19601966489087 13.219654981851903 333.15510058168644
366.015402234404 252.8469192072363 1474.9264887764293
27.531262337607743 480.8357071524937 1227.6486772799094
71.02374202880836 337.74751037660275 780.4114565462195
84.03087625259509 6.5561029312987475 273.7016647594964
173.76147854669048 265.5475764686572 886.7509478539619
11.15592882387082 5.3079226055238165 737.7052635772691
119.16498083608971 112.54247640723275 919.283998203704
310.37557577296144 64.35050968479149 1273.8966978830438
211.74717408541431 248.75593325010948 1020.6793168331526
201.357906268467 57.169130958668134 586.205701181178
117.12689776658827 161.95936335548143 933.0362347550696
230.6174377649388 110.92051753687909 796.8245340554811
901.9172833740134 174.12842434938585 180.60638131542333
91.10991040098149 355.9899830500746 209.40140725987573
140.24752932136192 107.49928171517995 738.6542891656502
107.79767474794527 279.2984117402407 1002.2186455247261
110.64500864487223 42.23212298982689 806.1527744496913
65.1724707460878 362.7580342976496 953.0981490475888
143.46015331572008 251.390117631731 320.68089304384625
137.63315086535457 93.80081666092718 1046.637915803495
391.5133769010524 587.486322867881 1418.729145808709
225.36381615054637 50.940310004962974 1283.0046781555172
66.78305793549595 570.9830451829939 111.0556413369445
198.75831318183486 210.4357510059875 579.4017475615341
31.0706803824377 473.8230057557007 256.96891795624623
31.302932011961147 528.4269751630097 961.5127229032847
321.9080384237754 321.6721098195824 57.460571689666004
157.36232202216755 153.06572303531237 1067.52746337548
108.76551944644997 72.93937855800867 939.1563304741538
69.06831286730194 103.95943312656159 270.48394929345665
402.09697026784914 582.8298064218762 1403.6321540989804
161.4259144754023 287.88411242726 766.4899959522285
298.991836413415 244.4846543430852 817.7422089003861
143.0438319348846 14.794272115396328 991.9651044790913
484.43163732658377 6.673462597902921 965.8044587044689
225.94997029503386 145.88522624900475 427.9325020734518
232.32480907485825 131.98040940637716 1486.5426834371608
301.54416830970905 183.9063115417003 400.96514365989424
151.7103757900889 35.782741046370845 1332.3808808594172
80.29625868395502 463.69454890256856 757.1906398732966
614.4144689358725 72.54884287282667 1277.6620569600964
457.5425812548182 262.69965907092956 1344.310969941241
230.85116400844288 54.65037746253739 747.2014442159503
271.74125200288313 181.4040761609068 1221.017864028934
224.33190894827183 66.57866470567315 1398.8169898149442
14.159389339664052 640.8643003712981 154.0499894372057
255.1340750316245 299.25525056654715 1304.69779697286
107.3960474874639 57.10532383949602 357.1562333959489
21.24444797945207 41.35524800620154 1183.5728032496932
99.9940713427231 380.18905605089475 1487.116852667862
673.7888266749716 284.72990224363167 967.1458468984102
76.455176429733 15.206170485783288 684.3492203472823
51.32450113437319 248.20333468249532 1007.112614990186
187.06537336654563 214.2376357693791 352.4989907861297
86.46446374239449 579.4950668731086 1053.4486497503494
203.88466723199562 108.28727550822288 1239.2291768437162
29.08721179741109 205.50947893268528 998.2350712318184
