400
637.9194559029484 31.80615930886327 1435.1876024712758
8.840919430559541 32.71639444131444 151.0683816413449
235.16108336182234 388.26138985591666 770.3516058817212
732.1821649926867 71.29251167838262 1379.8398704167703
85.91969683572115 186.8739021029986 92.15308979819781
166.9042952153205 240.391403648189 309.85190543358124
190.2107695730314 106.77362160222718 1133.9820345355404
49.40347994507055 212.24306091024948 1034.9707620790505
343.2067171475762 257.24449613959604 1343.624690209389
382.96180956728136 554.8103381417936 534.7443884933717
113.83733763418029 261.8642984803973 426.08616187501616
714.7792761848345 51.03702570670826 1107.4501956533352
149.64608950132438 160.49049540343526 1230.0684724760047
199.36961712505382 177.55741017491502 385.5979451861864
359.08812520200956 55.45475093308073 966.9319711238213
167.13145530801842 87.00469767214378 567.1293757875816
158.1377787710585 348.56488225598275 205.77363111095553
114.0774939167097 48.21828446304563 34.33085115338186
7.51244490514309 51.114909481374724 833.3632165037218
91.61686557336411 270.087405351873 228.42284841580533
105.93593220194582 220.93514784264835 526.6832938466753
242.97966761893477 175.7930973772858 928.9363770576302
338.1175907181857 89.18382167050713 731.2971135412582
105.76816094469483 204.99026057738052 238.05361403083668
15.995284946942395 130.4317911497598 863.4171609285956
23.666821528551743 175.2167194620176 1138.5029014838763
110.5730364006478 228.60668470114987 398.75778989459275
221.10687061973096 265.6071144860667 1382.7101712964457
312.70611043040384 80.05504045389151 656.1803022656094
54.96640503479696 60.191091458894185 996.8731386303668
327.6204305274269 112.7542808751792 94.95852380642155
133.53717912070547 39.38893284400615 362.15815924284664
269.40254947251094 428.2811716546843 1078.5396330078718
35.7159553879191 662.1554583749734 1053.7810817371787
70.47184708248008 135.5825012551972 1212.3287040886162
270.944100777078 129.82983648958398 1414.6778353656478
30.85524060369892 32.84492714366612 1096.144001736612
320.6596597141704 68.02527926881721 540.5442270567567
24.0207417528236 261.10549804764815 286.3482705043058
135.0246332314198 143.17390606834712 1276.897936185957
78.6342455992885 446.5646796225185 1382.227043897314
52.49882590071087 282.612976961124 37.153144095241565
426.4268115252536 286.8755560010148 524.090587288094
436.45381304703903 294.64621505069346 1413.2797830415427
213.5309775247138 168.80959561695616 1076.518096567363
97.63203319292545 348.92879911594304 967.7302144399918
253.76789379390226 284.27779853922135 485.72274450941615
137.99508437439076 368.8528252234555 642.7083814616233
240.28436149461066 279.15367757120407 1175.1030172165933
70.28642243202562 17.876758813517892 432.7624836611105
221.41249145832887 75.59245071432092 1434.2575862550755
311.591191537026 144.64551767530227 155.70485103189984
32.396332922662786 27.761746479308318 1368.1008647972096
119.65208240952543 85.91637636711413 1189.3419965161868
371.0479055759394 370.07736424271224 1464.700680351573
40.6349801071493 268.8709982473172 632.2751471345533
603.7551466511865 490.8546941300705 1049.7180800665801
152.53998194612987 717.5803835067051 1026.3833502528514
6.733182289136518 8.016409874515036 544.1018626701917
107.83023847938861 87.25438368569979 1321.7448121760215
99.87681926767618 29.768295164966812 856.2382719399803
91.51560447343782 41.85450153914277 299.29487992424214
300.8780821703797 83.92117939434127 220.94712819136174
121.8168028069093 425.72113490521116 1230.298815965228
247.8362508809445 244.73373111656005 312.54136077236643
110.87823633722591 56.274731040214654 929.130707295285
144.59043594966576 48.182469526783144 1330.7124252263832
12.921486475090433 37.32731396008324 329.00609873570835
152.66509316677897 150.46649709868507 361.0006792969136
196.32809466896876 133.496845212586 1055.3230311749953
151.61165240920883 154.88057684596504 437.99031066907696
405.2227894147221 113.76619300864566 1385.5467011951534
296.13035387286857 103.09082799285576 1206.6494144041815
19.407049961596517 164.0507306945778 43.018446788288145
55.45437320177196 91.78096313486019 73.1854845799132
82.01978115951202 336.2396174282703 755.8797918179054
90.34216594024363 50.180879836465095 104.92395338444688
182.74216881259792 250.12268664375958 1347.2038728055793
62.37263595067082 100.557565775901 1089.1137082424398
193.3541569879037 232.24682176736496 44.71416333935074
77.42087749172558 350.39482368555264 846.0486362154213
320.56808815660867 30.70092723424473 1329.4183160233827
88.16444945620974 411.6415349858403 144.0945714308854
37.70854830392314 235.8953481615588 918.3935270139972
105.62560473378167 88.88828862261681 1442.7402765578643
450.76934605558574 165.382001725437 1344.2793193149512
71.4737146694893 79.85239972426623 651.0001520078596
351.97586938820484 37.246059269961734 139.87043907225726
632.0428685047592 219.98742801844244 35.890846420296995
14.509759608920236 195.30519410880353 1081.8415271267781
20.626311319160703 571.2795334306384 1039.463989924945
342.15833653109763 47.6555432170111 266.9405720357436
407.6003294078764 155.7157908872044 47.38922833188563
72.81752777411971 166.3962090383216 675.1548882498462
454.2121965638831 206.10733164693363 1355.2433454271484
129.62148161205326 424.65100793551994 224.51372898303333
21.416217396501278 12.927402023912657 1420.681025313874
506.12638225569845 713.1620253062275 1399.5946354216355
7.358718781908786 59.37534291629814 130.40978703744977
37.349262052298315 203.80791413526003 354.7284464304604
270.3794843922354 7.488224240918906 71.45964224675599
594.9573215559383 417.1963907007429 359.63389222632264
109.79995776222582 252.11371928311007 798.1229623733708
48.717816553429 184.57083851830777 931.8075501548301
588.6954899135225 416.16450422720834 644.2861525903945
114.50468202037423 50.034198327242706 260.74301992414445
30.73269826028413 84.19315881726952 1270.3377067962601
134.33587288408538 102.29469008860043 1181.8649245176214
1.053028584791723 31.044635018822813 462.2346581156656
194.51217435813598 340.447583545115 218.1909303120118
448.7224023070651 384.20829921424644 875.8725062145032
532.1497576155574 96.19599544020694 513.2457704268201
213.1031311336755 38.9049745750983 345.9866728431799
54.109901307600694 116.88581345059444 688.0964274292028
239.96112611354368 17.15928699224845 502.0621792995319
179.73266220755906 129.68831876405886 1387.3050950247912
312.81351869817627 65.79929460170894 1164.2263606330616
130.56784601623238 4.20697828761593 1009.7528701905669
69.07934473815412 95.18720050292062 95.20188305149458
380.1285843968659 314.4914214442319 724.3766074195986
24.122145487135374 187.53837503655097 797.3443790884927
30.41900095029723 78.15924406453904 229.61056537850445
66.1944044842091 279.54955152016737 64.9949037332792
3.780843195510656 36.160801166599704 1259.014384201348
23.592845226358445 47.1007514780495 1471.5893385454613
348.2253246854815 91.00462140854287 1383.2520255000798
307.5487903661506 102.68079468070614 697.4831117573706
61.934333040665855 822.1739692904547 923.3120157311735
31.068240336649648 19.953740026214202 683.3546249759362
251.86864881114087 8.958415470015273 638.6099624215257
37.168389288147075 433.2163158472105 1230.2524443463335
149.68762233127723 80.32684786520116 1431.6351365228138
444.9668554778136 36.47004617537198 665.9545154191453
130.08469574986293 216.1677408438266 478.2454517113179
54.15985738092694 434.51026747269594 741.5743271339529
693.7181765455714 11.200097946993044 1339.4733763305617
77.17007672659432 641.1846249692752 868.1652278632678
252.43801951117194 21.437113328752158 1012.9997380357788
426.69670052095523 233.5530174198973 632.5401735007827
187.82639829221924 359.49898295763273 1359.2704976803532
4.6173456602712735 213.49525713172878 1011.6935962420805
634.0499084427869 623.183701573539 1361.529191605753
724.5996848169867 140.0987082873957 125.47854455849988
72.51652777533035 7.8711441948148835 394.2706626530676
175.15352613162372 76.10901066193064 1293.5593107734828
77.37294900566599 141.0510633270258 266.5167041488348
466.97911736750416 473.6847374152534 396.2119096626947
173.97911057699517 48.0393246880374 588.5077565332615
133.63498440226297 25.079016161329115 257.49194083152423
361.7568647876507 37.48606960835725 457.83567018696306
142.2359310309139 100.28960564311275 294.88310667705446
194.29008571108477 513.7062435683213 1110.0415324887847
277.4062301398158 56.8837014703483 1415.3801630100268
94.25525230607751 211.9372250777322 44.371376445801246
25.99627663101623 44.11165728462907 305.10191436185727
156.47633405464433 45.56948996905963 154.2772001547692
377.78779880406296 230.5321863996383 296.4042506242582
169.5510000347352 472.5438647950954 709.7188631882191
105.33549016207829 361.77031462858184 843.1790479245777
19.80772704646655 59.228362505316866 491.0724350266102
430.3564552010368 47.885613507145635 638.5469995529866
87.33630232410908 219.3049641235096 358.0372044777984
135.78290765867237 389.47076527755763 485.84406705184335
46.31244595595211 397.57595971213357 360.86061387947655
188.0654820334966 68.38614267581073 1203.976656968411
41.20690136613522 54.015695482009484 94.1733129708539
181.5335022631458 140.11602768803516 1457.2185198818459
133.29025440349784 86.0753779400234 1498.688038297607
42.38441058818099 49.4088699535474 841.492527576626
56.43366773802237 12.939825020352934 1136.0057932002226
248.64438420449892 21.78714360311224 76.66309368810481
18.865669862291963 51.86553075346343 1245.6748509662414
21.36064241411256 249.48048406827814 886.4510501364296
205.23643396736077 191.99521880395756 1433.1773742473247
64.00825352953682 38.82574117932054 1349.0552263415352
324.9246272586486 367.812130904355 269.30038916803176
143.45496659852992 14.015294305250613 1059.971193398689
103.42440166052735 52.406197872581 367.89981058649005
179.77388389190574 289.1920544299083 238.45993401864158
250.10631919013338 750.4693541347817 604.5433015633516
1035.5867063111696 110.64615792121305 318.705157933327
534.8586476266336 679.471307384832 549.5121218709733
12.718063291214602 199.4724947717562 486.6471347792915
92.68884584513926 800.6185774700334 925.2839265493083
114.35168080854432 141.62907302141076 675.8231572942715
214.53403652396648 110.87350882950065 1348.7151575849393
266.67285961700105 72.15990184562342 217.93785849529252
5.246883846778882 69.58058252728067 798.7076962759415
49.527549522412535 268.2199472553509 213.5078358368515
58.56920481945313 445.28903833861494 1424.0726568518057
358.5430879951473 166.03152341467074 268.8185166571636
44.419207429297124 86.54157568404078 953.2226077189305
4.629960904846015 122.40241608952557 241.77822629955304
13.374942334088246 33.24529081359164 836.3333541912638
242.40878027114138 156.90537717873755 1222.2377779790502
502.4127216323437 264.7417759412248 412.51634891350403
306.5612175618521 23.27019310666018 1304.981577670428
26.238391413544733 1083.3417739225147 904.4298364692299
835.8010814384427 256.55504301037496 171.19982197521537
169.99911902859205 128.24457977232254 412.9959400848789
47.6265676136185 118.7844467637037 1085.274719193189
34.629977477431964 27.13311627711547 1436.331457838916
129.2153563147014 322.74780401436163 637.2835985759242
63.352750771618574 3.8139086385154974 143.9199524219849
256.81600470341664 0.18799650653665315 571.7827570835365
86.55467253008214 151.4591130523872 124.68958644945988
129.1103562681781 174.1462246390163 862.5922069715026
89.09372956110224 684.2100243662671 1261.2580499090436
137.0323029468478 135.95051249084565 234.55959761074314
98.78368402382806 51.665716380524785 432.88543230559867
48.988049338339714 218.76748215944178 774.3247654110655
66.54027213543993 199.58772173676266 963.5135309782004
34.88794214903538 156.58171873416765 705.1985552854504
294.3996834110422 231.2678491170224 608.7118732248216
508.21118362408566 74.22318297222493 1018.6579281163483
644.2486566811691 222.8190496111488 920.0202798347001
322.00344912210227 274.47041563332715 1258.7194501912245
157.9490108243141 110.54006942574284 1041.1360639217942
382.2248010896598 334.5998162527629 420.2378775723863
150.29734837053317 80.96636915323481 1069.2025551680147
4.248030720066226 349.30821068296 1010.9498416672125
84.36396633426256 55.53950061379137 1027.2003006341365
480.8468276481558 96.36909188954178 975.2308124483255
521.1239513999851 43.8541900134891 1098.2164741525346
7.194091927518677 151.0966454091862 303.82006653722505
257.1760769554557 116.91007092709707 727.692969573801
398.6769885705679 38.83026528292776 326.77329210644456
207.41972950048986 103.36831328351856 1426.578796136303
4.843229710469411 11.11321707364146 465.5737005617104
269.0341376459517 34.72775494538381 84.21924863895065
406.7029023358764 355.1763309311792 1128.9210146983241
225.06875257173462 53.70083832646048 635.2187680155973
20.001005663664795 296.4255978506689 259.47092137244505
1059.888127727565 239.88267891315593 41.44648581359972
6.956872558942169 145.923180550467 653.8081462238364
125.81214969695014 88.35198494602503 1298.0335008373572
604.5038832408632 405.99989438208564 829.1668441949233
24.146994554182967 532.9615819265009 177.41913565223805
276.2326116721221 16.39955488642415 1216.0249606267582
159.34456493423605 176.09521355926404 530.2154099283582
314.86100564131283 885.1419331668144 959.7353553934126
732.7158532071248 346.82576172006014 63.708069509270935
13.573607780632779 147.68139641282266 812.8072572019225
223.94136727935637 109.20868566403905 1113.5439142020718
243.94626604026803 21.977395584313168 107.85247761812194
48.885420993688726 216.07617385301924 405.22176407023454
625.7662585213335 194.35243892262878 531.2648761538591
343.8999536112858 39.17213557455008 86.77151345801931
19.045227159910823 277.9892073546875 657.5441556631959
13.784167001535216 555.3436542201716 746.0706641549688
89.28837498518988 311.0064943192568 639.4453174567219
897.5247915287371 421.1960316370862 1213.1027458350513
38.23942329365202 104.47541203838826 97.71236307292946
6.472402088823145 862.1619427366207 203.55628656930836
156.66378617862395 156.3836818123319 786.7112570430302
556.8409328420793 4.9135902983420126 368.1216947850847
26.375855103433786 64.17591894570376 496.7797719841722
169.22717211624797 184.78422360006454 926.2234075099111
27.438546081979847 76.61855114851541 955.159636623569
246.92481176412363 101.57549209839563 1117.8529086986198
1118.992377977132 11.021193162645872 407.99790081173035
515.7351089053307 476.2791276451706 455.8299252429651
24.649231450894636 111.3834950192675 1040.002372556734
35.84592868055644 8.513145765024383 1069.3895481336083
50.45345306167959 43.94982003667926 1052.9338281123569
77.26219334808692 231.81834464542638 486.85019378040323
29.303223661762285 229.95670408045913 703.7462936475691
376.6143574377082 158.54175564732012 1321.4069126402399
105.65724561318824 201.10877928891426 510.00385988977877
111.57834703507031 283.46989628703386 1449.4086804502115
52.53598434448282 127.20549427946534 869.9049514065629
96.61398210639447 19.161577955237437 52.30159596458722
26.908454690469757 76.76326032815798 5.842997116884796
84.02032331211191 850.376022608164 1484.9964318331242
723.0201513352591 215.0010806774947 1433.8143424886503
8.540512441685674 184.92892600132245 1031.6717901708876
29.75685795235353 235.66037603770474 1439.6130906853552
123.44651453419802 25.61020784521697 492.36923743450114
8.498356616122182 256.1556510969515 81.96269762257735
223.41294946159525 99.93624817909199 916.876476665055
30.553125379305 36.2185401742386 1082.017395053613
208.14081181786096 210.192690524768 203.62533848651637
38.20593366478407 375.1071390992033 88.18271900229496
13.974271870165303 2.778589043199602 1316.5070794082021
162.86245333691062 301.56487023636686 762.7198714904749
316.8058828613549 102.1990601455021 1041.988921262333
305.55263721986864 138.10167571224636 78.3342639730955
38.22885912575533 9.633379878588975 1218.8715071429117
480.68328300782355 10.890094912125884 507.1686711368264
592.1602106366645 107.75793662390394 1416.7386543022087
185.00381547987342 70.81677156817044 1271.0809153826772
64.4111117012931 138.8022287084131 198.46769633998284
134.32743239395336 189.2052526572512 1459.3551014400366
156.37168991511595 326.3481211412367 1388.1221259729912
10.625360585432853 59.95601571461366 644.3980468438232
170.86539411809682 336.29766947342773 946.9126042751324
228.16298310761815 500.150843821561 249.6200633324321
168.31320811282035 5.254094021540172 5.379499418878386
80.1172049186897 162.84223828512262 1276.340406318164
340.0146689762273 64.48908559114682 54.317693318777785
164.46057631274036 8.388246831832289 937.8230450870446
255.83539175573682 183.8778071446765 234.11447312292532
32.17723405360973 263.4675131373841 184.07439815443666
11.114420990729714 230.30148793404973 219.65921885927526
202.37280356237744 138.25040016488197 438.9069478220403
214.60574884128576 266.3234872530229 540.9977535120898
298.44076675270736 84.15933605830294 1156.7755405199687
178.03289479224088 113.96215612269745 1105.2728361735553
71.18708339665699 45.84552479467832 134.5632160076156
257.8030844442201 18.209080719799246 1336.6712089690736
53.784045352751484 58.216027716677374 139.70429370440164
20.154849559657393 84.19053600172094 12.946504124939473
5.077863880302028 230.95780924107729 957.7463009333383
137.45783590946016 261.36616655358716 433.36932717972155
121.13713205892283 133.82435519601432 1258.174225120981
250.63888598995197 339.1521772094457 1127.370810876933
27.188932119239382 390.8233517657886 1408.3200254152423
72.23785775963246 278.0107904049555 1354.8832300973193
129.1957220238846 76.43318969756389 1441.3313527860582
403.29040815706526 224.4302476713666 1376.5168729206634
22.169829431683993 292.52841545474064 521.6256780208929
131.17673912826027 427.02297664944876 1137.8599281811453
1182.2349679032648 70.33703831470655 895.5308855535966
186.4168039677841 73.64009815844959 880.4496855365678
206.77523899000647 536.8993437375182 1093.0509005644285
94.25241810693188 72.27299304409225 684.7041705597533
785.3836604787903 92.81174335246551 560.0251705703138
18.501769854591238 49.86572522972407 640.3025786017711
17.59908094671492 103.94347868323351 1237.3514769947556
870.4971540668223 123.22515004634451 350.8779192490655
122.88236217327584 60.044146406553075 1047.5008544556124
191.71896430962792 76.67138187106411 650.514105473976
38.94963335041234 350.7992933917353 644.212190879152
236.2935728219023 477.7632818220934 1144.7594002595617
125.61278632995538 59.44171874486401 783.2085677343214
590.77021559535 95.49079340868009 800.3189221187716
112.41494913422339 901.2759755429917 725.9930626712644
53.90973846856295 136.29533378812462 1220.9625407431045
235.96515325867938 143.7003280095795 267.43497612602994
83.17335081364011 77.89419186901347 751.9237509500418
183.82904363566232 445.7303344051635 238.89805488679983
137.4365706779475 512.4358591762795 1036.0609755405135
362.91958336062294 274.57210332799576 409.6940979939834
626.2873686399104 260.10383910323293 738.5100389690454
452.8702868722274 158.0463477091228 858.7785810284493
321.21846132769514 30.89121038813366 788.1379297311279
95.81728992931363 741.5190975807884 848.0850680635521
102.02201333838192 190.9563989085916 370.82544307679024
168.52740648796936 504.85013855701106 450.18357489431247
29.244939668768826 321.37235808163473 1208.038177260674
268.645326852133 40.09626040853588 773.4566168692328
156.9374258473056 471.2986559847628 769.8253657838555
196.8715262792437 154.53306567252446 726.2503679913164
151.83789968413606 321.83891335329344 730.2197799712086
218.90168884022185 21.295632503628553 844.8191025262404
797.8585749635729 141.96659294552884 847.0982782593652
624.7577160676035 269.03382104858144 993.1688305850503
94.88340681837985 441.07877206230927 719.4445829442557
27.9756166144853 117.92718417404411 1222.7723794096232
200.06847416434957 244.77412441811202 249.62459154846323
181.82167613661295 164.97903416720564 1229.5333572238685
411.29270405904686 57.31653437761508 386.05362993860564
130.00436425017347 190.34397351710942 1466.3722777584935
77.81819250307731 414.89862880620547 1178.100681363704
162.94347276351053 115.21269702864517 1420.1335707513094
661.8673334737609 428.5182618112305 91.71038007286214
25.76100997535159 427.7391545084151 441.86769662129535
252.5717961343183 28.35569121276344 1123.7258458305225
84.58791078757007 124.84110083756259 964.9576077309274
71.24573891500378 282.90789080134454 1024.9841238231354
110.59095916838623 96.22015273572617 598.9760026128938
101.96211326030406 236.20895404196216 159.5726060346841
286.35631129881176 205.29712245200625 683.0407572363029
245.42701718136905 75.50906308211222 823.3601560776536
339.67844188037986 46.706901782850494 41.19687239524461
171.01785220853455 140.00284412675572 1273.3872797843535
108.71092722635778 56.30694773013257 511.44662046910315
17.11806118951908 438.84451951474733 972.4296944234561
73.87367530422866 121.0520314155892 969.2941762524496
163.6285032505981 377.79068501461876 457.5435012839316
372.24403746700114 271.9941900307293 640.4540612877519
217.38994078464705 132.3187982912813 1400.184277433296
200.02580925333805 249.22128443114832 451.59056435156646
373.6251721067846 157.18003680091414 247.9084776022657
150.47762221667273 169.20900526352068 378.45450339914254
313.66445289232246 433.438972671285 1148.5764846931193
565.9445747335242 93.30157447601881 105.60800975856543
21.496081710716396 251.72602650942113 685.288040470141
93.69142892783502 241.02198810899367 196.87474765997908
24.203342590729758 72.24692474790075 1058.7034775183513
22.814122728327476 140.94753968720957 570.8571067086183
624.0093128685922 690.6333444206886 96.3883364994475
397.89466338425655 13.966150421781142 358.1957401882335
265.0663197810946 96.08755590230956 1122.084887170707
15.12803401455127 191.00518558973707 811.7144818430178
100.00016415765849 60.24968453055121 1412.0494496765982
53.27057002640385 24.255458617667276 1030.6724980504084
535.9468206100552 322.1679318431101 457.1209782362844
631.1942146510797 342.5298962486478 1308.9997712198954
146.86450315121886 43.54345949317095 1472.289229189704
