400
9.367750470393156 190.65634417901043 383.123632171247
208.653446757876 428.7578272046476 1081.4450926925454
603.2515978518373 225.97848631272393 789.7128167714313
52.82294281437907 54.82459576780735 383.1800688544879
204.05608026809534 44.89048718626453 539.1849067872782
437.02498285781684 296.3304493044296 177.80945488954103
147.28416074300617 1.4681819360800132 1242.0570354654799
426.2509212510485 164.9275791383459 646.6265021080768
183.4714746819174 281.79864890142466 1103.9025380321468
470.8405842529738 83.38344360091085 931.1324807880609
146.5149291239024 34.928812143340146 1491.1024313759078
21.919820186524277 130.78087030746704 491.7809487636749
105.12101055337368 151.72712217347956 1340.769457292021
82.56042897153768 186.4824972003979 353.9517820290295
464.44906491731314 118.6593891955997 495.87199125418005
8.405433415246682 16.949339014312702 789.0490054478322
406.4743892942917 204.02509140061608 185.32492677571577
170.5943017517912 231.03334732696484 648.2403192705978
96.9133737664066 15.372000469402519 219.44012516978694
369.8913796687899 117.4795217058529 21.444578565559592
143.06729328893823 315.0175388147084 830.910909150981
44.274989255506 29.51593236417646 1367.9573845633054
282.27678986676955 70.44639997214365 366.1012122131916
353.4966887830978 385.0532145579918 1409.004871577132
233.45088115336063 378.60526208575305 469.0071722301909
351.0289012761709 221.7949255085374 352.2140139450028
41.38962587656497 55.642843000789064 1401.994881709105
842.4296337388802 201.01654065815873 1468.4884735182914
26.01668448317531 33.64813820490921 377.1206411579871
279.88983404461715 609.0270350851355 1420.9860862742328
193.29969519672957 299.25602955493724 1099.9605520958626
251.9885369687318 102.73916270066825 154.18122613167372
1.8717357122330553 64.43991674539674 416.2412923297663
188.88718655557784 46.1334480828464 1454.6062218119541
10.110434254272214 130.92541737253003 959.8303960547261
125.4938597732139 52.84017935846719 519.5594571231818
35.25513055538097 350.7325565421614 1303.2171030300103
1153.8292016619478 250.1449097371268 1484.2549360795308
210.12267629627638 296.73212021280267 1253.1037453159738
32.91240236329773 219.21540097875933 665.529501729759
5.56702678136345 23.75522725939243 1372.019935031671
136.01970968123865 239.98841097175415 250.67499829147022
162.39196400137936 181.05490566097393 718.9086013768314
337.34397119468696 40.5149419573971 1479.2983305762737
87.52979080198206 208.11091321828124 1272.2053867573638
215.79018180157865 28.966683296785146 180.32878905193382
112.80845464493927 285.40229540859184 1004.2791532838617
97.69705146859471 331.36485335907196 552.9351387899238
128.5681549906631 139.55812121592209 550.4219404607311
76.5835775195737 742.5280392789464 182.61515882303138
217.5365413190045 110.25192224574283 110.40896006240386
57.127995328259175 211.1613294405043 1483.8768683521707
137.84786723564935 328.55524136209084 890.6136016494114
39.56295235997786 1196.6600902382509 202.41150072607533
189.46697593260046 1076.5002794834188 1404.149560063924
23.709346313433194 392.1875773165541 55.83378154109714
320.88869644799536 388.94640759901307 376.98263471207133
139.19358848812746 113.68337376704194 1054.5434064071562
140.91862583755136 28.85927788696339 459.2058394495228
272.40395806759466 43.87184194336054 1188.556527933702
75.55671674431473 323.2215956368607 68.15364570828125
381.8251835813546 5.316142443305584 188.57723977195712
433.950540030368 126.55410372761227 681.6366980783876
13.298501722527018 269.08266314578157 221.8986109579425
0.8722073710872436 37.144404401701884 1134.309876677052
39.79334937626249 129.33813594947733 635.4530697822042
123.30550971984648 14.783873819587113 1384.9906466146213
345.9471207195799 245.01244799264686 996.5485861715948
48.503856621920946 81.68688988613962 75.71804698218997
137.17670774248364 770.8326238857089 1086.7018698692123
280.0285940767829 408.3896527362673 1245.344104239858
362.6035269091807 29.381497544246386 1383.6072758984944
163.03895407518908 20.13747564946019 819.0277161495582
232.88099057669993 93.64306542703372 1010.1325922776756
65.78296496481973 495.6192609079895 1436.7087156820116
62.2788710197492 197.7969493523875 993.2894663091718
43.95645329707814 131.6078693043948 991.2121777570237
206.20954099485354 198.42893882420685 914.2234618480792
622.2510733332 87.49545141965052 1422.7528948517217
263.83288442628265 69.33232419711541 1498.3080030870651
264.64580847500446 476.7501975854578 115.71363946554509
67.95088678678441 172.71386163883997 36.92289679820321
454.0536305191823 54.98812023835594 3.097686433969904
851.3692231800803 12.969460065897168 372.81986045538815
25.14164249503233 466.12559097363146 999.1688381175594
382.5887582675535 23.992507407143574 281.0500808199293
182.64975814219545 171.08588213882913 815.87901425093
33.41211189333279 300.96773173164837 13.239119073717553
3.801806784892444 582.074937233212 1497.9157038579697
216.13846007360635 6.196808898924085 559.0921798936284
114.75073875461057 131.17697000108615 694.9726097831025
70.48646176448864 384.8321598592888 862.9994750433516
155.96763302697622 305.12455279754965 1255.7254343306981
489.60966073774915 159.15074249701476 1000.4077276683173
139.7079668447002 21.184118885471776 73.5121815787726
100.99262974125666 110.059198594411 1444.1652156166513
298.23464259090474 324.59075416582397 1298.5528768189024
53.12835262605987 30.643220838035855 145.63591624465099
45.84676552684756 227.461928354889 260.19277727439203
678.8927141115302 732.9627374996691 1413.868550750659
85.49429655802136 114.14108429215352 1101.211707012985
224.35606368581566 74.33409497785058 1381.4640408396426
535.4261748637066 305.60568407562937 282.67418747901
170.4645833721723 29.369752097577194 460.11795812912004
175.8776447887525 253.90589794281473 1429.7007142562707
301.7120398089447 40.05296526257613 39.93752053507599
404.3590021384522 9.818680443290384 705.6345782200859
40.67636835790508 5.07985419790597 765.9734861046356
293.561866222272 129.7235965758601 1141.365042624809
252.94989627524646 236.13866335598215 905.3476245095609
26.071392955955357 153.22562382623323 200.9261052931352
7.627166723182135 19.911046836795197 927.2473224849474
83.74999213757023 158.16389973249008 155.92958162934173
42.74640500765988 221.5021330676483 1170.8318043795848
226.63607923382588 52.19300793596551 1213.8924011338843
884.3202897685476 742.5846255538447 1168.6719948290595
482.3674819623539 14.566786185555817 1220.0189738351792
75.56854141174959 114.20150639629105 1.043107540902588
60.036239622945274 237.7830321607499 1108.6695311405208
29.756466469153075 400.8639927933575 1338.6457441554246
216.6206735202852 346.6916222281849 1219.567467357452
14.402024136741359 366.2953847799952 1124.7436799033217
138.53476511782105 1205.7881642829693 622.1868432220178
954.2632996001253 376.336544744382 1461.95755921199
4.62739300321437 360.16919875942125 987.1974894844677
230.52828532348647 308.7391465795839 1136.0382455646777
482.14949296426016 269.22152012585036 1106.2831697184995
300.93680296916176 68.81319005139069 610.6067364924136
143.2559798818913 148.31439696655897 1475.9292829741505
46.20853448254002 79.18553805990358 792.4880487825196
120.57379829710437 538.6505068624624 468.3728199078331
748.1350923369268 96.20757706789004 74.86336854250408
360.92866373179095 185.7664022746539 871.444061270367
119.15455836286164 153.32280129566317 728.89272167288
80.2163737157949 170.85662139679684 874.0127448173913
84.44250097128827 7.726709754878714 137.96042734774989
193.07571029549692 623.9471684865408 262.14501406971794
229.52804875687463 0.6978329584275762 539.2944715241583
395.8619920560225 50.4548292824746 324.59217991044
13.857206563439886 29.78498640807903 43.63259624945848
235.28684372788751 635.4196450966183 635.2615995775043
265.4055162983486 86.9390349844525 803.9593991870963
73.19423932057417 98.91191097004044 1111.4974581924698
140.95184530999032 98.05525583600914 402.1460935298673
200.77919371495395 174.74293145753364 12.345691978002172
18.593101447796208 178.21111854603976 871.5026808238844
436.3653449261044 7.209712020783493 1065.2667867184566
100.58629917510822 147.3754522645295 404.4058980254335
266.6236570219734 42.087149701225776 374.17223551728983
190.75809709330522 136.11427473925474 1312.9962992883018
634.4294605913548 163.88400905267764 168.95474273468403
216.96674071483986 49.55692184014593 792.5772669612033
906.3579564098939 541.3025033489348 941.3342403619572
373.77600236337986 152.40148076070255 956.7809519295143
106.46282667109975 81.51101150068185 1318.526924316243
462.61707967748197 40.29095783523936 860.9642544731023
48.24546474989054 217.1929240525059 1278.1880406125545
173.5611725765035 11.190908211938567 417.40041640631193
77.68612174990739 402.0164464184115 646.0370891472022
46.60091247683733 350.09164324219375 1153.7578788740261
245.97013173650515 27.580067554184495 1165.3583225732764
35.739497348593474 105.40266570365047 1036.2098717314427
33.52365887618229 332.8836000122159 69.79840521236319
70.25527230157623 306.31058836422255 300.08391508683
149.18035186914892 87.34495507550943 1314.554276567602
232.46785866434197 93.43357376898278 230.76570021019484
123.573207780352 81.65158894618743 279.34301913693696
193.80950221712934 231.6079469827077 1399.3191340482267
215.75664667180178 22.001255311579325 879.4102477067123
73.75296037240207 655.3039568661743 1318.513430430886
132.8386785334369 241.37754586307435 1472.858477950489
35.72086229876212 189.2216339043326 258.4179143671226
168.3229956398068 26.064040173192204 422.69953416947857
78.4251799227761 542.9280584549265 766.4325945928914
17.419417579958914 211.04180382063657 1134.4107007958687
278.5394232437944 124.05394950694281 598.6730239029927
337.2253035299358 305.6245127148684 1378.1473945547475
38.82238219182284 556.7815377545978 751.2051469951141
7.476370844088642 401.08330275240814 273.9651401672331
622.1661469819119 367.33810518247367 290.3417572994915
297.19523592828335 70.65066178734192 1091.8287029277242
50.43449874222677 231.81102810142295 1084.5486742933872
27.121180297178128 331.73768583271146 692.1610528642339
54.77373232934375 121.77048901905867 250.16641224639153
289.2381788704249 11.145392813397406 1096.136679406087
217.27260700801585 144.5430001079579 201.23312375045717
27.57375849895405 422.0157743017226 556.2525350206786
71.26570387401969 85.87702304558898 1141.8750911886416
254.42348127811763 12.552582550254465 578.5342651648076
871.4808212887633 202.88777876622325 37.92134888701387
138.82520456167438 349.96375618609085 1030.1049402367687
21.100536481846884 123.13539270501599 1456.9672090669014
730.9245333041499 78.97528843702672 315.3671198985322
515.8162033700761 14.503299642188793 981.3063527851544
98.28385279343289 23.716559666587823 337.8338802737676
351.07747902921346 114.20694262791231 103.969782470827
30.88191790238702 197.73097045823295 1392.3822763610422
472.48523865549083 36.0968487570074 1126.9766408987132
523.2298764207969 293.4803255461526 982.6492499277217
118.67699438122547 404.3465210304048 1279.9031898236788
114.99010262772194 361.2183956137478 528.4689672186786
474.8845314511 35.11712320319082 121.30817164449337
72.04090528281876 222.20930108248763 185.9417916917191
17.922011136665724 303.20589631370706 1248.4164697629737
96.60442277957371 80.83432291419204 846.4589953945215
6.334769029467038 437.2986585345261 844.749583964403
489.43670745491517 33.448023970392086 250.58262785464413
120.80422129938182 490.93090876405165 893.9680095531558
262.59290508913267 10.160448707641637 1257.5200687168228
18.805249302081734 124.92708806383143 1297.525019031271
4.496682505283396 36.97750306562108 8.1715837237199
116.28267180523414 2.953156203747546 253.32780997812125
58.981288284388846 294.0973172833066 1008.0290093844338
131.65184078260899 666.444628500611 410.0682328343979
119.50362719603798 85.52977400938552 1269.509997528245
385.9157150571064 151.68768573133602 995.8951361404474
451.66338861914494 239.35990648334342 798.3874569140327
157.40324751423773 68.1687130230568 1056.314275217473
102.72293859494323 227.76335196506255 809.54048324868
354.6815201123701 176.5851801241481 1279.1779247064826
103.97207244754844 967.5271646148939 788.4628217835296
416.33108025513604 57.21816734792766 1275.8004624260711
276.95754202267256 120.73346471243576 1268.931572230395
297.6129036548565 646.5076955426515 535.5210103489193
280.18633293018524 51.70884585227851 1022.2928081469662
26.366271479612855 303.62209367460775 307.37944868170445
15.268811289539496 231.0940050612975 79.81854976134616
77.96975527462195 662.033365244175 1353.0973019820337
138.9305765152675 56.4647431151384 1487.2074409652685
85.22117926094043 49.41752066828616 739.1265681077605
8.410288490799587 42.000519230405445 1337.739575821502
22.918042127556344 346.07809677906005 1451.0322201002218
42.77021402378506 36.55739588728844 406.0250813511214
79.29146501243761 45.66751963244016 186.13669403050525
391.79479761393924 163.7130188175016 189.70272176656138
77.34368329694689 54.72048220725628 42.82202567020932
231.6853974284031 63.01345957580649 1470.2939177346454
1.6203704531687395 185.91904171386815 163.90659407830665
233.15209155071665 161.49422435759948 881.0488588784415
54.65521408864018 36.690193189137744 1145.4176526015285
49.26661482945982 85.4910542694477 1024.664646885017
586.7457471022677 36.5744081491833 399.6978967323244
22.188411887207458 226.38240316024726 1382.316839119326
190.7745096341054 90.73762812695183 531.0636956503688
151.781695943331 256.96327729853465 1059.528139773877
84.83430755712473 88.8149680336198 1126.4325484747765
152.98084319879158 69.73844445648626 1165.652318356803
11.397343441988667 347.42659624031626 76.66803499173075
243.11521298099197 46.06947049829376 953.3075542110505
114.64810835570472 181.3816430059361 1296.5051360848436
123.27372070683877 210.85254752996212 1304.8665104495963
335.8400243296131 115.50906350114585 470.7074018826025
48.84127731899258 164.41015231133025 58.52889055543686
130.85064654411235 97.72876515961636 724.2906089285499
289.65584050127035 69.5923502399076 606.5792864737641
166.127094142712 3.0826533724192533 1407.0909673913436
67.14460262582047 106.56526767791021 1276.741208828314
158.9646858933276 168.05268239597834 403.7814623247878
337.65738081110214 136.04971879287964 80.88403411360513
230.32577357888377 106.97271964806714 1121.2212361778536
363.8770785969453 456.51091209773347 615.3385599263912
220.20075166534752 125.11651847008191 411.5597389350299
4.672746602225814 295.75399638479286 1040.835770502667
154.6204033563654 551.3957949418959 1055.9014923627108
616.5009797022268 720.9209345688911 10.346460158758564
230.8569208186852 490.4479649720367 5.167851921254185
63.57518801972418 73.42349482027414 1008.9123656859279
457.460776781185 164.97825173248665 350.26077381694165
12.893993223499594 143.53389323225534 117.99491700055847
90.67363278355232 257.04639249732077 1444.9405978177656
74.90196254312161 46.20757383099599 1028.2133826248241
243.63457864477476 277.19217680705736 1406.1285200133932
225.7656735087325 69.752107249156 894.3176970115438
69.46887396439769 55.82921997392546 1063.032548857433
788.4807416219613 91.49552801928374 836.614117273914
87.89484279262908 130.31686184065228 1016.8379415994306
84.87616377503895 165.0158484347257 879.6821338416796
15.293483598625606 82.2205156341813 235.12863129292262
180.3799104632835 138.6488670364136 971.708182696557
118.57490681159652 404.45459207933715 130.94657665094283
84.42445876918401 553.0886131690444 132.9128104938592
15.59618985952298 456.4487366709689 1387.0630988906096
368.7021034197432 441.8989915068116 994.1481159233267
391.55933200165236 36.67140032071405 1046.7076647400568
89.34089604414311 99.40972506788238 1144.9013037135753
133.07901422085985 637.0691037037469 46.340817505046985
271.46967388701546 677.5115160168087 1224.2257605907314
47.80721732442012 73.00982390910244 532.6437622461218
160.9287038691749 222.93138908597246 543.0960947644382
119.0955566976374 213.9818823983172 1018.8520821577553
675.0013996709644 284.25717694260925 542.0971017687456
142.02192361833133 470.8443758414466 903.102554814153
10.98785032315805 62.45245012979608 1353.815932091365
958.122297227 1087.8256225776722 1333.657509118527
54.311817049390285 19.702098823193207 1107.5303637256293
50.7006115354127 540.4344615578369 1150.1575525431697
431.78711963602 60.17515767914195 349.9207730737138
41.15445297626682 27.066634027272436 73.74623102731975
10.431535126764595 232.0119368011877 1148.927714022954
18.537828425157905 30.145066396583243 300.6419449212708
69.74119816281043 409.4194265803674 1016.902580076849
1027.5416913610657 12.038247162719024 845.8891608946501
496.7175689098732 149.14437768232776 1344.647803414199
20.042345730322612 81.09593409060156 1125.5225770105726
490.3646284934731 133.79822825818647 372.3279976600963
8.164911688424771 19.540924451973886 392.69844589244707
84.6794030028766 73.2961041149664 808.6561591300307
917.5049927505459 7.373360257489893 405.8928087181727
489.59680699840675 66.75387949794506 1005.9168487382939
11.313919651052236 213.7641713422488 190.7899984771604
131.52309334836497 23.091480946050645 4.140938631215063
115.48522441634354 43.994862886638735 685.1346527640047
187.10598313026316 184.2322124981466 374.52824233017856
19.43425066211793 219.84835383294046 1247.0754315565634
63.761125683028766 130.68601714864775 756.5072489841556
285.90006412568744 119.07785849835288 645.8448111160012
176.4180214079867 90.35751749139338 541.2829563132699
87.36754352246714 64.80640580099919 243.20429584805464
40.07063246897452 123.7821392817064 346.0564885644544
40.194130107472795 356.186972929763 1259.0326342361666
129.66421291312727 69.62938405224864 913.3865119851334
31.27134017021238 10.254446815687048 1188.1430330622848
149.98887444905117 80.65585075776796 885.1035247147
201.2466213450561 371.62334979615815 166.85135252756356
921.8629490887839 51.80284523459574 125.49269755992437
81.03805617343357 295.150807238885 389.72790787123967
216.47119520040033 456.00296520580315 49.85209151811104
39.55164998524981 54.14247998789931 451.0780931540232
153.58204428405963 191.941850694711 1332.7070045514715
79.06494452779779 126.09146767089192 565.7298146265961
210.4445918590691 799.3114888843228 1222.597644392166
115.10728307675264 268.5849848357332 1405.613416564419
277.29765969587714 47.38785848469157 1036.188951820232
168.53153100500094 58.58138543632365 1499.509890417194
12.624804928927578 104.37219663019863 305.62286556898636
431.1093371196206 130.65893636858675 1164.400198070737
7.032939624976936 767.7541236012027 226.00005176494676
294.86698181474856 765.2963770464403 389.4922930735422
546.8775575446402 285.3320222195244 379.77343060580654
97.76499478780632 33.59412663407336 1054.0880589051278
185.8109588143932 96.43587973240618 106.52962179235342
61.760402479238316 54.71383218981328 991.0585748256655
51.009311406462075 349.9965793111063 730.8745644310609
135.41976117231724 34.22258162159993 1270.4022101141059
0.017546104659219557 60.78879193925104 53.01717088101437
100.35314064043914 288.0605789234499 719.6612970712
277.50389255352417 143.37092657692583 612.8626777455796
146.52834893988143 254.3642570932966 129.4035318113771
120.89961162587912 106.02172974040987 1359.4501463153965
68.04551245214112 437.5773085795855 267.48097986353105
29.59043253011499 114.13534368998384 1044.841794463747
80.2124443017466 27.034147231667728 588.2964647104143
71.27903006711948 203.97835277379497 1287.1761359651218
364.5736579053005 281.81360699782704 7.7687545297944745
316.75309746250633 14.171100527032632 552.8243836752032
342.27872067280737 71.98670474557 190.5806616133523
142.19561906224624 159.26981265690202 465.95532328060665
68.72774213445751 118.50631311343255 863.7915789884181
184.0379215601523 85.78055628371432 492.1763385333479
192.9917110997911 36.616548374090925 230.38724281994294
60.245232021671534 53.16788115806905 1313.7077844071466
28.43176536970246 84.23554978218085 155.41057574354744
49.64030742728309 34.57023530232913 563.1570494673846
286.1235175489864 309.09091052478686 1202.376071775238
37.82066898645116 394.32146161195124 130.83667766818817
73.16932163553345 99.50206491309844 1397.462659260325
280.7441948494761 579.5307000874454 45.25350105859122
159.28303492887025 18.682304610468325 74.54535310957533
724.9304697943764 124.1965241934907 606.2719451797831
56.57682129265211 245.03665221716614 727.8763087940115
79.90301236372969 287.97610986634436 333.12030121700144
354.1450661114903 116.7818066622398 640.8774132646639
111.58242666111602 116.74234831956211 333.30317051022445
90.54218267603501 940.6649036814729 139.52422685770745
150.22328095028973 99.29050341813698 1179.6843218402714
244.36595429753183 83.44617489052996 727.4459269199137
226.72495730111234 3.011837162842788 823.9389842535412
134.64267681433137 6.527618094503398 1124.1517878058244
141.7451378468215 111.3861088528597 585.3054136738074
167.2662925409392 168.976929173412 101.33435279775993
429.07119866494156 323.74137070436996 1066.5001846653083
30.098479780329946 82.22498725221116 1175.9830659402878
744.5557218656496 100.1818158740741 1492.3009178148695
9.896267978017814 826.0714955619784 862.9141805819995
192.40133849655413 60.688451919084564 978.2347307632267
307.2638063130266 28.64036571963844 1464.667306393501
137.9257729355736 56.71845882531209 1366.2320542645864
74.62750263435747 75.89299201544524 1278.8154250221476
217.17473329109237 44.724375409804956 1266.116637919973
315.6421288049981 115.97832069622977 111.00993598036175
207.24207962475938 108.23625710455956 1142.9216248983544
110.88792221585646 171.6188378198093 33.239719146048344
330.81456959146817 459.4414118050071 1252.3387230680223
46.338363468500695 381.5169783379127 1014.6374984105325
102.37851475026393 433.64066285543163 991.5502725180247
244.3895375943603 88.1806061935854 687.2679854668618
24.486714602925645 224.22166030278385 996.4071855698178
36.87109016285007 397.9983798795197 296.6193438108459
577.0141144691955 428.4293242472264 775.1277185399371
90.13827096670246 61.61283111095537 571.243776417294
