400
354.12372080038404 22.697582313406038 559.6124227336178
20.70484861813414 328.54420362253546 406.54132782431066
194.65263720881575 26.04333933771067 1126.3636139919815
125.28028453027405 85.03075918965547 626.4936583030767
27.643944469178756 327.7853549795251 1470.2546929864993
45.41341302724161 28.72953568454177 251.5048746863069
27.83757523994861 401.076349105264 1170.384315455324
40.68995359409743 54.214669983310515 151.5009959824092
178.75628895513282 193.51989416026208 29.84341964980747
139.81424929184635 360.7998719880776 136.63522673826768
112.68164825745022 138.0603136980971 304.6121529904366
72.13211728599912 74.84941866179534 304.61621877659286
34.721526635855824 16.322339028541517 567.4030752271083
366.8244545351043 820.1699309857986 266.1305273155806
91.62052211504039 50.26602484131506 657.8179122205789
494.3489146803226 107.63032419744647 206.08180413898603
224.26332292859624 3.137649069501147 1346.0736318547276
10.356974584730345 109.5384278315876 83.42792741491095
186.44807591851972 5.9372109037886815 514.4644467499268
15.257184409369682 166.27219274804867 665.4147444092232
94.50380968434362 824.5468229482728 513.0243295774084
31.03843090930662 917.064017000216 247.77103363877455
96.0167674070933 626.8790828207328 810.6859037112547
134.5324449062268 25.609023404203356 1072.8156419651418
46.36198349918319 89.27704645391596 860.354799704126
103.24918957222766 127.35422602509156 1184.687275596911
137.05702128956523 161.92729551791288 895.8393452128885
123.09471240166987 15.281830179973714 898.7997666608279
59.5191711819796 18.37583279083791 502.27419137628317
209.51104423205345 115.01917592339099 1430.190392352723
26.458744195761046 213.5891221578 666.6043999155221
180.86850669893911 78.28348349637683 1294.6297694837242
183.1898446348021 8.777547829737141 1174.6914901592816
130.57450067772436 67.44674044257452 948.757197628774
23.33917650240828 349.0684130014169 232.29149686136418
175.59052970706887 169.94746345067776 483.17889443330694
218.02163091523101 211.16652555026766 218.45654783798673
30.583661244423638 169.7179109539955 1487.8768330287337
105.73541108059771 184.43703358277043 271.89906800259064
57.22448589396758 456.0901443279036 281.8818522040856
106.78146326232142 137.05489971839353 384.7764827960562
133.46993384856046 260.7686704031237 1016.6702076474489
482.4673900474237 47.647561356988206 539.7517799741023
110.60249160053559 340.0089608647431 1009.0527583358574
64.93800666166904 155.38198362871475 790.0043839119727
119.40486761027299 481.349012159051 53.35756325447066
308.03380184782253 141.7227298538887 536.6139562654151
198.41176496536656 138.01159791080963 403.7142844335112
189.31379251438761 142.01201061791326 557.4678621341592
11.179188647973799 249.09252329239706 491.8593796835973
80.18134151086613 71.21143460480656 358.3819318100803
26.157345672688663 578.866241513137 996.4265466369435
414.28472498773 6.5372474362130655 808.0083842444027
389.17359735681447 115.98180186373624 180.52442702708032
25.22720768473734 156.55842994339187 470.9750900759879
167.13501884744588 40.94844916350354 402.6436656319775
120.34548118147114 8.069554810102856 599.1142493753072
679.1264135016207 860.5365393498457 730.5811699009738
376.6693065096828 399.0606619023413 1151.0512036045054
728.2592435637399 300.9712802772711 1258.1312214524032
127.70321732215275 174.36199461400363 293.0766955073762
74.86494390089601 109.11879014038483 1090.525965332821
17.489535580521455 218.96281221161175 1118.1861191783332
58.414451424357836 16.427652358054377 891.2699445752858
15.90277461708359 86.96398844594576 654.1375383877693
191.39182745480258 27.13493254358793 417.2596743236052
46.14616025401412 264.0375746008912 695.6327388730377
249.93933878430656 34.589788750384166 959.5559962409382
90.96183298710284 91.7966481687339 48.662031017739025
56.64181281571968 248.28302158158445 1047.4025411728187
556.0215830907738 37.84838777800806 594.6332505505889
236.888858292735 18.102434777726998 290.22897514551744
116.15567480327582 28.82402587464355 1346.6333912010405
82.02501605384536 475.72457570554167 1139.0061785498233
99.42888145478116 76.68050421864086 1000.3743645970601
611.4379735115862 338.4049587692123 1382.793483325288
482.472521680043 142.43294721844282 892.3271833325811
85.04676085999286 65.0560281543069 1096.95221251227
216.07734037051407 253.9643367029604 1032.8149291648413
93.62548204484285 203.06692913297564 1259.0366365774119
197.60828108542583 189.90258847520388 1376.5691187004786
28.356423475174847 38.70596927275089 850.0220620832165
188.82481732939007 85.34504311699177 896.9029405692969
17.55696205985148 89.53980727476753 895.0958005902881
438.0023294913648 605.6423887840493 390.3262497664175
402.2364700581218 86.20547470371027 505.89228243556107
288.28142757558976 85.06158138682271 1116.8156643914062
123.86657429370227 126.21169040856073 674.4480703171721
492.7851935930966 199.45945358082412 196.55896842093856
281.07249490674246 172.4326344555873 813.1127008494516
172.82341621377805 854.9122898728095 75.72183659889976
144.93141703100213 37.43031522818247 1065.0295554274621
100.71439311020154 266.07014816196664 1282.1857965436257
71.21436397122426 144.8711818693234 373.710391474299
91.4959547820993 5.676378208148507 1370.0597978078183
97.54832029612483 470.20659984716957 249.30953234376852
585.3926284164376 204.2873134619977 672.1025691903251
754.6235144269417 40.49834072393448 1011.2304825576126
138.6739480121605 3.077107846524983 43.08413394933947
83.8808616367124 128.1818532821391 971.1997849870988
119.41553892134526 125.60099315474021 182.49263998508536
55.76188541432715 192.31040333521412 1318.4488832745765
179.13284675783078 97.24853777211192 846.4006779423302
433.31016627797095 120.61946626734097 499.264664632231
447.8190750771856 375.75263205196086 374.34646397939156
356.94209703091315 101.00981353896961 507.2663918833756
138.79736619045363 171.55944323686788 546.6017733369744
1193.4033863033828 22.95656815809658 548.85864690551
391.80114410927393 558.8338878924006 321.4975538211664
65.1440503792135 86.1800676498587 173.02385813845245
1.4690918905360966 66.69860245025208 1156.1472261686886
178.02363075823345 30.81112149633109 840.399909411665
331.1015657350019 41.542322122584615 543.6199036257809
226.02382126850102 128.7248169424421 1394.9701256243407
308.9858427732172 65.60248335562493 676.4082603540841
4.23025025761895 77.82633967352245 1465.7065579443652
421.4951714860874 217.50981013739593 1123.6099769066134
144.66034886250995 5.656464185185193 559.3607633459369
4.632879526197958 105.44199566288826 208.91010581261622
67.529234598856 113.13539469108791 912.0428985485584
134.68007173112736 29.884802358237494 99.5772782204568
18.591061562354845 49.04870754163929 946.8047284932658
5.2562391156355766 55.68731809897138 1310.7893414627158
55.069514738667166 0.7960270375008519 1242.0345257706076
17.694608072882552 111.21385512135944 359.5677006518608
5.406400880804564 109.10175782969247 883.4684227152062
432.1454166852901 26.465915257959217 625.7811042707976
93.30890169891396 209.30826947316544 1186.997318741383
534.756041062026 31.17976276870594 1475.261456995576
127.59249592665502 11.943995510725493 489.81470992585605
109.76881358980076 48.90946055996485 640.6218924205986
15.326074097938037 127.30146519720316 234.48532503604346
101.82778801137414 168.16875248195214 1030.7310049771788
55.252685987231565 99.16885210321202 224.99094345221582
125.05814065066726 618.1279935927909 893.9096457497254
417.8109702700036 65.15725361764304 451.50590679200894
507.55087403708563 186.04161183373077 241.24366717616158
94.67548875204912 8.198008299495479 128.52583072195722
448.98356250070117 146.97270968130033 1227.5650978767196
496.0234598200534 58.92150835804628 871.9976113731122
120.35795036390962 229.73617223148773 610.2495009187605
361.3645132647665 559.1528362026341 1311.8029870709604
495.38909125482763 17.44193531314614 1327.0544640040926
334.57050638408987 16.282975747499645 211.64635209851878
26.601670986058828 4.154219751268761 856.1683398914022
268.6279231776324 617.7111429108937 105.2845884060612
61.44351150578511 21.810279131458092 527.5522793412298
564.9137054227517 23.07589714604883 118.71720590751316
167.29986186108994 287.7654988710405 1008.0491240159957
530.1279954054497 231.04603200882408 44.17142667281948
325.89326261458916 155.86519881508616 1395.7862693391576
500.0407540565094 11.520461149740035 173.58376320315415
143.80051360064903 559.3283072091382 22.554498280428824
333.6387830439626 192.99039155925797 198.37855784109004
292.09363552904165 97.6995754355409 941.3854296980959
188.65343125831882 29.509188765478328 1280.8313658899224
35.51237435566946 213.64681876628458 1371.2728412200283
177.69493136988748 57.72183520709855 996.8015131626279
492.35196627260007 43.71846609074829 76.74253346597581
18.442583955944826 336.97618572805897 1051.7663600376204
114.65862296036711 225.67065611529463 515.5014282139344
259.07082919010935 355.0883236694056 895.9087233677895
131.50869619226174 71.6570521921748 994.866392711797
200.45662075435672 67.70908478727108 1366.3146591361121
400.49166730354466 396.355672009104 69.83242866329215
19.6780453795892 381.144098322226 1452.9905777873048
23.79925613284043 1.231339786777545 1484.1015203573686
65.50265825292357 65.2896811758191 1083.2772266294385
307.8502222318554 43.38089920072461 1363.490556299508
665.0084229868281 142.57196656589858 745.228719049958
911.5012485117244 258.79775963234863 1368.846032625117
362.33181410264115 272.1845934746713 1256.8810946460828
61.97844318923982 85.72706369202933 945.8534716153073
75.08111046338706 270.4515793695414 1403.321798260451
50.86840078554835 541.7123479297499 1035.1730717743956
10.036348048025914 347.59548278904225 845.3500280810068
101.09989647161922 36.29747862399551 1355.9649228239252
58.834543162999545 92.36907404159966 162.10705268864874
193.18721044355726 30.11335862478009 1180.5546533116426
17.31914363757681 413.4768757007513 429.29090419125646
277.40199769708914 292.00789453812956 560.7164560388748
25.48177926428446 177.772589768881 1179.521128103829
62.6802442513852 113.8912792737391 211.2082652339005
228.07065040930615 114.67077305397477 881.457457461502
108.83170398824038 128.75555660403833 176.74149564284718
157.78121235192512 149.43665303610317 1026.2863432340096
100.92756188804046 285.56637013408 607.1384515428127
94.84977506406953 759.8684431366734 929.570974459508
2.2511210787502245 125.44615593474957 108.97566132824282
76.52910242365611 289.03857173828084 834.9501501750113
88.4165057460462 75.93646868078682 1398.8598956943595
400.69026617392973 59.22987857346798 137.81243608404736
68.78404977198534 14.880482464208566 1213.6661983631307
40.911692144211145 366.72737657864565 1124.6514510882314
170.51274802309612 2.4262467898286464 193.27274610981553
538.445266017949 161.0781086583433 1422.797763466314
59.05322938470599 205.4682347465997 739.6561688032381
416.2162403955542 174.4024937572435 75.36604899815063
226.03223338377728 1.6152189717558103 1064.3570733037961
215.76325856678613 65.53644438407485 1363.0881594137272
125.9654414582998 90.63728939749392 743.2195442111135
226.78774015998943 333.24714534925005 1313.6121681723841
786.9992297673983 254.56642547926108 387.5751277738856
135.7294169754922 226.25378231111947 414.77472131887646
21.156506568611317 42.6202806982427 1462.211811827846
25.061077185967235 4.169164488942472 104.27328346278398
483.9606355342351 830.0435020838993 673.8309623995535
68.97673438009396 320.4871624690006 1479.3173415185042
44.64769693468355 480.2101451077917 253.6756093060653
114.95307396064236 104.57708741516565 543.9835672363096
374.4165743653494 64.7833036429803 763.8095953622552
200.6682500121853 291.51927733869434 911.7222359523494
19.549930294661515 201.0148092101519 158.5525678858956
120.36183059844423 313.62304240151457 96.45065935791864
49.422559196466416 70.8173902735336 561.1456777779655
63.13401614959495 113.59868460291129 788.3868791997244
110.08460877902726 723.8256597833382 28.329643775483525
79.32843426572624 16.014740157550442 526.1605967371654
285.21473996646773 90.89099424895191 1450.486602787169
172.43715769531545 182.25574644814307 816.4759776868242
124.75560266888075 105.6864195262115 1365.3358504263222
65.52624370226714 31.812169085427737 1191.2471488526114
6.218972346695936 109.87686967800971 562.9417336537988
69.47330326155331 5.61143044092897 366.6347299358253
186.92140327948857 76.7009907936479 156.10669539396355
84.60676470359367 29.217237079306933 423.2624408201684
102.48334897866044 8.138273790504542 295.2030732952894
203.35207691825713 8.78430117956245 1025.0058987501418
20.885843816974845 918.2083058969571 1301.046207142286
106.4141754500099 358.8352713304283 773.007477261672
518.0575367672267 146.21380558889976 501.5552898251531
309.49990904639753 81.52028151043329 1423.8347910436462
21.791746402482996 986.8144067053574 764.0425064777885
69.67249845925045 224.57030414065537 823.0705501155034
636.7398433228279 105.01646196389649 217.96583018204984
344.6468440464582 217.50181865969344 848.4035015508406
889.9121182800686 15.913469545057948 1235.056656515778
219.11713682487854 40.03304273310743 1468.1643785877345
43.76395763133311 72.19709376167523 416.08223950516384
164.52436502001416 288.3029820720022 138.60999551725578
66.53481461354406 41.713178471580036 1434.9730803055224
32.916179675516155 618.6943720990735 707.4603430588218
413.8065649816827 84.12290938976989 726.8619186784011
455.6050345428656 576.8226212936512 1237.0052280012267
484.47838520072696 900.9501739390132 1079.798435767404
133.47775844589611 199.18036714032894 9.40370204881713
413.0728850716306 622.502657010804 476.71990406250933
19.430489702170746 97.43450446906024 411.82162671801535
77.6169235279711 58.62419161754555 305.27483477334715
480.6770374631499 48.9042414197727 758.0272671379054
26.37517415136751 3.976244934389623 335.4016485094685
96.50724215151439 170.43918961702488 623.4482133132732
158.43566309079546 196.14927976076012 238.5761399148915
59.050719636334726 131.5354872606616 1492.1567149039697
45.81863266976442 29.101065012046835 315.80677385276755
33.82758001684034 201.60468635958347 1277.1314229255356
23.811135425243158 108.38925662449145 1452.508274317134
339.37935477330456 130.97783555552547 565.7651324069217
16.886120867265593 14.338321948462433 1027.591688069882
316.05960688711446 137.5439116706153 1228.8623026788653
74.5414691533341 106.14754260016124 780.2037840920376
145.85338538207247 42.46829808405353 1345.343899895752
242.78737744004974 329.18136949583345 578.6693391247256
21.399920067684562 216.7486163098872 184.26768070539163
24.704535593278838 158.22575027085452 361.2121916001701
106.75584852473708 57.01975534127472 1360.6248868622408
97.5230188243781 32.974966093995626 1430.065480241056
577.568713242116 4.488597583629119 450.49060960892064
797.5138520531907 36.87502672642838 1289.6984972406365
93.32754301144361 75.45889119100974 1143.3055655454204
39.79268689128643 77.97178830399523 909.2536080363722
153.6197627732628 36.110042678183454 1220.122750778196
744.2987475226855 357.2787970738575 451.5687702021403
206.36096286005423 182.73310284481815 521.0250696092952
1.0471919006594363 153.06187535654888 313.33695703566974
393.849709073819 293.65431893747717 1390.5100844399683
223.9112711171534 111.384489956929 1242.3148999726914
229.481188713378 286.5530021142727 1481.2417520109148
625.1478018682525 246.13947239419588 86.82554964082378
168.62399509377002 56.49991894326843 1388.073779240074
136.7158550436441 225.75758315188023 530.4190699619581
267.3856397548368 36.74836504327591 150.1928608049553
27.525378786673222 272.41851554503745 781.0976819469979
14.47702587783342 386.20073254048935 139.3395173301738
429.29108133296666 589.8472692351088 1260.147512269546
8.33125443868906 21.568956066476762 1212.0368465738948
24.765635679359306 370.11624498105465 1455.2889977427826
54.090419828023485 534.6117923925069 347.7008570111271
62.85915941293283 297.02629013334695 991.2458035932303
28.530666707537222 581.0289088158592 657.427254871227
92.7251143050997 32.90950723891446 758.383001172062
946.925569468647 48.500902226192174 901.024646230914
140.0495596085962 113.7177022404263 1180.7679675126
0.5587809249683172 27.041171794636327 1423.0114618611867
11.01994463750629 11.249718458412003 489.9763852034386
63.197312759252135 147.57520155943453 1433.772642521044
393.1048804300001 361.57656033760304 1427.8464709485054
509.8006229488755 208.66114195657212 628.4352157697272
413.021191387843 16.37036042598984 294.01640491506646
128.68541903747925 223.85178169643706 1020.4041246641212
399.45901502383754 193.65008650198763 878.0888271273049
17.150983326278443 74.51504338839506 62.10187088706526
477.45966940345437 326.28429745613914 1419.835749485161
621.0082649326347 93.37075980446934 1429.0979853602246
133.38759760298333 9.495629641603296 861.3828946406956
587.6270131242402 27.255649491983004 909.066310065241
67.90842623241727 206.22232858741546 1102.346535288609
579.834546367296 353.7810134033724 143.2021377246535
72.21511966024524 185.15730259244634 36.87293732692126
88.44068827813105 123.58071591023727 540.3001883159811
149.22672666860234 13.319750716554903 529.6941127310757
169.08159116982722 26.680596952233373 1262.0465519561903
168.6237273232536 103.55816290331074 1488.3775197096738
216.74072856717413 97.01302347997117 454.23118460439053
66.56838919841931 298.35276896155017 287.36360938631407
53.596603910451044 195.36075266089435 612.8431444896701
354.1148343198372 115.1842120910349 385.06645960423947
777.3513538952494 3.271410291039384 956.1863301721171
35.92738708320422 31.095157763187853 579.410273008999
219.83446953669423 171.22298680433724 1297.162470447878
590.639613610429 259.4214284782757 198.66279541382724
78.45763310066242 126.04002766290256 846.6454655438791
205.71412232748793 387.89238200032867 499.27256492390285
37.37315247287322 94.55648497554479 833.8723536449731
19.816605616414527 78.09148834105116 119.62408570113652
108.73548293977768 230.54483448369302 652.6343593259656
623.9054965271042 234.14295508004517 1138.8707006528202
32.38069438179816 112.89649509735635 1359.5681741600345
133.50340745601167 216.94214163589237 920.6698934203587
169.45268281284154 49.175889546234295 1247.6167792118626
290.05551620722133 425.5836011382245 325.2589645595758
109.09046694410375 16.729857495164406 605.8738448776188
95.08225469232517 296.37517334055457 85.92681290409237
61.506135410325044 247.28078489204756 356.41930861294355
8.818845314103275 63.5080404731188 676.6784556352883
8.853846065929428 524.2248909947718 1256.3319094055107
156.55238913183186 40.12213571507061 1467.8370526670628
15.195664987061559 465.96294014839043 69.3644531504763
126.63716770695743 70.21399396138939 1105.8144337147191
7.45800562679982 134.9716439599404 52.29796161324618
150.5138837011747 150.1239755709564 1077.4952947363838
20.006149661282137 94.12591447462553 551.858944676291
562.4304479910471 105.43860622732086 585.5389128776418
416.7875067636252 26.154493660263828 798.2909168116639
46.324100728167465 192.04490616541608 327.3816725214836
1149.4883102017861 87.58123402694747 1260.9612940852464
125.62050747770218 108.76872754100593 402.54036105424825
10.572954024174917 820.2330941079877 1466.0257761834864
169.4222174155261 189.12098003581104 1280.2413383238054
61.429006841421554 271.6335844298478 756.6269956894283
285.1933312308852 9.906357460762704 34.24344674137014
398.6729009057353 23.40504536770424 1330.7023068338217
51.20165537093809 254.2609420497738 1131.9673913439435
907.2217393270508 217.0749090650259 674.8791756181139
553.7275813927394 40.16978742227342 498.8069245501145
145.08188894635998 357.2363226973841 929.4505928671579
54.91470296661872 6.526476532259198 1276.9961633951239
106.76873062509684 316.495389282489 112.10409780777991
108.7813128478732 62.64943683408495 28.450016340195393
35.05741246906145 415.5713113167371 1028.4678579213721
65.23821482906739 149.7835713721726 324.5798571022161
106.98573578360451 7.997845856571846 1393.4593243178128
224.41496383072365 582.2166923651423 442.6876971147345
317.8293320379761 170.1930515943226 886.0342828039659
116.76144253420364 198.8800408223335 1287.323432223045
531.2203524200922 384.7718857832992 944.5538722380161
64.74094353817881 110.0766713915829 150.20399654238415
18.85315569612787 8.477775748167437 1435.93023418044
236.86205353004098 226.482883989621 166.78713982393407
231.20441881923043 171.9042882383141 276.4286629015248
9.228970384190905 56.88592551861328 91.20461443040607
150.4535864274397 285.2369944636375 133.8589170994251
225.17470914625673 280.0445310930959 1180.6451765282445
176.54862707507763 190.71092153855662 632.3092409382168
221.20416603644438 23.975297084776606 7.657558982162527
123.74796604228291 229.44981254809304 430.7269064260875
236.8657857113648 11.733147668776805 90.9852581455195
75.77173583832693 2.035036715128438 374.4263671254709
204.78928671983869 351.3380452874306 1118.0809390538427
266.37131575987166 81.62281501869207 1426.9126982721195
23.046698610387836 271.51750889223877 1228.1780915471309
89.13950310341596 454.55607951789796 265.8974197355023
14.485750792543497 34.668993349872586 439.1176629981122
65.85225029692685 207.71207276260208 1497.432057204298
201.64440330414615 97.72065548442505 1227.123209762631
261.8968853403884 89.04517673759756 570.4127186541085
13.357731462976503 254.44003341833871 1295.2085769594928
191.76269126657786 191.68510028369084 1212.3048068810626
277.0303521538984 153.47021210575676 883.9756392353539
189.225959259232 38.92848556364595 1254.0470434311678
113.07962191715748 189.80346939609345 1311.4388713241765
267.505432429505 46.694779083245145 79.89248093769957
68.59461350066314 361.44126263720915 406.79435208233343
26.3443947231629 548.1588025890139 714.954103335587
52.822553266192465 19.90706014304472 1423.6526099708046
291.1074931751794 322.27782544716905 914.7881190829045
579.5183373557276 812.312043124603 1308.4146360545228
395.5525238091845 3.919502572299452 60.96963716509246
604.8387972467112 339.26792751385267 745.0743324599574
205.73205911776918 60.04032675155526 572.4405538860342
