400
189.2575837851214 43.21985934742482 701.8645009009534
58.81248078355448 229.59321366338105 368.2059049308709
13.602419107662978 410.2343412207273 776.9962921070771
296.7665407135629 324.2967885776595 638.2594010106451
9.331084809445139 118.16586921980159 49.55581805568177
576.2184284551488 27.569260594163204 993.4144382205252
44.14764216176241 23.349651983851267 604.2381074346994
629.0376564130282 325.1782921513468 1460.6095697958463
79.8495446435267 58.48658476801797 1165.4183708805986
116.9785895880983 260.76105936275667 600.201336676511
260.9080670814717 128.4117692733415 1277.82634257674
518.5652542781138 264.2705396762075 720.6700857699087
23.540378920815357 124.30298997000205 1046.0230990733642
77.89482847376786 91.64201400519312 231.1169363665201
86.95902121043227 713.7788709029182 1011.938047203029
18.140904689592777 128.74755068687722 315.23755484749023
14.910125502150006 104.10762001078848 808.056449392724
160.64962496924383 50.550447816588765 1004.6100544093285
108.42545158032107 321.4431152399306 11.825153727076765
48.69508262805916 631.5731503158642 829.275031588898
341.6702278061725 10.74191864268694 1463.0082200186089
101.68222005205905 36.37376155552509 492.6833955396199
317.0241691629575 73.56654588868923 400.7506051573975
90.38215817587388 89.45075289747125 545.1768490136064
89.17535606144486 151.74853336728802 1413.4051169634004
87.86038240021551 2.701771318052625 311.88368692726596
130.43355454162008 490.2085262658442 306.0268524118592
451.8914648460722 17.059100211673762 329.8797626489047
53.53275044670942 32.95939530355954 1192.509648078154
90.14061166965118 93.86527090751031 294.4164126300699
147.8883153246954 231.63961047191154 991.4186192687117
368.1335519399268 59.21679285723036 428.34315665348197
316.0108518826669 50.27189123695158 1471.327199931105
178.8570527089777 52.0817143797098 135.60893884735586
119.73554177168447 118.14407789371457 54.719669647835644
159.29737742920724 264.44876498750125 1140.1027081504515
30.89808540538822 343.66246790925265 270.1149121520789
294.74087853383395 9.65788659303412 461.4861822031629
51.70119236406103 112.68754892179429 1478.9254671751269
289.91491335076483 395.24670039719246 247.5105319060878
11.31728768547971 170.98325169662982 1051.4424910150065
115.0637208373066 495.96046661182595 334.4454004924643
22.22822066752785 43.89884690681303 33.43117983154048
357.6639235515524 46.4886844648593 1080.3499414782052
1339.1517857970432 311.36914490036355 152.77287603577582
144.80883236383514 126.27669494465827 1209.0386883057963
68.01297187323954 47.92355379578791 799.1182831033932
26.2752647622047 2.7948091435587656 90.71710035326291
336.38235025428867 84.36034447243927 531.470322630826
16.63079248595044 172.329725494746 498.1700965280566
553.825364693739 399.4597551395826 1227.3407024659903
235.44542232320774 25.86213047830448 1037.0996967070735
49.53574640333899 167.96778007412163 802.2369457667544
166.52071947011092 149.18388509886748 625.8996621977457
173.67744163607068 108.67692442571513 1316.8853288963323
10.499239345801952 248.8055333363969 1486.693785402648
115.21938027376028 220.28018033561426 1446.8994809267838
17.59456774926221 606.2824597777158 1339.7118948177338
153.87853129806487 263.0198660775754 1408.9967531199763
42.013464417565196 51.40644642579457 693.7702930270243
219.35859708533886 141.2873087519712 1396.135407015054
185.88761929033336 154.2577465555488 980.8671616290284
36.448832340688014 0.7696439644330705 1361.9605359449088
21.746943592996583 20.964717326918556 324.4718514264762
16.23187404390395 105.21403595977662 339.44529284081915
92.51410183153477 119.5931796958502 76.0037519487936
442.4992758956432 285.9815517401376 229.06073167956075
424.96391725916067 3.2445667780962175 192.53550772641725
116.04603286797237 6.48559705443844 368.48673133167
38.62489581751933 12.495572586706007 417.13397901627167
232.2376476167991 297.1111689900496 761.2600527729251
516.8486982866759 208.75259343782645 803.6129501847391
364.17283798176106 71.09171663391241 748.9306569210873
70.46133656450806 184.6563758299189 601.9490665043978
331.2895285031374 17.261437988410602 1134.873369041726
475.51295472491677 64.39003153608542 973.9401942326798
150.4879556257429 5.9290901985480575 663.2722003241176
12.155827335027261 399.41017478335397 830.8815827534696
275.7476703289818 410.46366410808304 1473.324009841674
859.882334395651 177.1822931769866 510.8505159810234
119.81720945251348 339.1593469529929 157.33318744915164
158.2598181932562 247.02366711224352 556.4946953749125
140.45949507348553 422.91738458168 369.0349039209735
50.761511237515165 199.79657942267514 994.2998813466929
84.22862018439672 97.87410102326312 741.488399670036
220.59507504815176 54.85787795979494 1100.4328130246367
377.66538611567375 23.572214415936894 1468.0522974356752
169.6866444110311 80.98872818425987 1179.4888856911653
308.53965248214087 47.645060169303974 592.2771781370741
72.61421971168998 328.3904724704013 1130.1897152873423
34.0626326092231 27.669764267149716 794.522125794971
55.87572091994502 136.7355018218402 262.2822925192431
72.86042463614272 705.9124689485956 789.2552861263223
379.42266244018185 57.8756515947352 1408.1178929341852
78.28764937068608 81.72079143262131 614.2280955365821
68.91089733660544 988.5680880039845 157.49355545224387
215.7934840327854 46.03667209919257 461.25263208116536
55.28655405586528 40.44758021042863 266.9097615813297
131.67077230577533 413.8838695755335 378.87246442659534
87.79652170649203 52.99520997718113 444.7587719760663
778.3750787997776 204.53462043365082 1439.350312262801
40.996088313205156 676.0934386104092 1317.0343355643327
1.9374824537243869 91.06795098774032 1427.0502518112678
12.928627192568918 85.01019039260936 282.2921490702641
67.36790491628022 132.05456785265244 1212.9624021808393
5.208218500032326 33.640273319990555 304.53688747988673
169.91577364873675 310.3090192044953 615.0664842795346
910.780477686776 236.55080334187608 842.7647720651095
129.68253293233377 144.95425590185877 753.6927675858599
328.4927178635454 618.9224656771754 1099.4591474052097
111.86047430050013 20.357106858256717 301.7498125969625
271.10102243405845 601.0747900182869 215.57004887750725
81.5960573046529 178.03892786570853 565.6883467688714
130.02177963493483 55.94512595504087 940.4134442112503
173.62882468069466 117.07090996177148 687.1734944954337
23.32796477906694 331.7526192277286 778.2700767718745
81.59250737487469 564.1365220045725 579.1607614450669
89.92982950664636 288.7239522234117 883.7031589647122
72.39930421478759 15.272058004597616 631.4570861563599
74.037148339842 23.29180125462632 813.1728498151524
37.128163063141535 28.065253156131426 1486.7543968783903
241.64061767910056 1015.8051185368082 872.4793713864958
271.3580976611654 5.25314248542513 892.3016171742602
371.7518630044471 289.04769281633764 1235.047437002912
103.55422863862044 389.66671545238665 141.72001520926952
140.42139625592213 130.9406031858216 1063.7694593525148
404.99347048110855 284.66528217936957 695.0941197101675
753.6242607176828 206.67547719856137 770.8154054335822
18.22199847384981 186.12047938329545 1455.7906173755107
15.09627647164202 81.87969482217 103.57162813896603
691.8903073068919 153.1360563898835 719.447988002308
136.28337345775233 11.388473362241939 1122.6358647613538
88.71084782270842 271.3906728014595 594.3624343350433
60.184104680164594 288.3290992073803 485.2314530271688
362.29118963397127 110.8032802293351 691.8121806455373
16.718619007671098 575.3395075899006 1334.064299660877
147.91402690993516 32.23985208375401 151.84027075208994
101.27316777860425 275.73515791999273 927.1719179508266
160.67142249175714 50.18101835650891 1062.5255734003297
368.1983127746985 57.44940880027958 876.2250675369952
385.9055682262102 73.10348037674119 1221.9996507849205
276.2205874558413 578.2771863414133 649.2005477831502
233.9457340813113 286.8539320841803 293.62182104331805
98.05290640932 85.77499022604125 193.67462150047194
172.0728335236877 11.166740779466023 680.4507986899436
364.31334605354004 346.3086709427124 217.7391830991373
188.42933563846864 498.35019977072 1.7960849740999985
111.11205127578818 137.36705040781214 1353.349421477804
204.88724834202313 473.28782334732875 1114.1676661051379
48.820342704296095 457.59583193941137 930.8332488803367
361.3105407101993 24.672317174340368 1254.9593265902938
462.294825424133 313.9219232437609 989.1778632633069
32.72756542217359 99.9553581244753 105.36229915550061
214.93875721338043 391.9994111020541 922.128608130542
21.119267923324223 285.76346100618736 460.5103520108123
97.89758480709988 550.6424304762876 857.4500255082896
1.496522042350213 222.66170981196413 777.8401815143328
0.5570111439610248 59.74260436582466 20.32328876782863
89.50426043814745 375.34857311476657 133.8315696674791
191.81319207951253 122.6502510861346 1256.032993988614
94.46313287720362 283.22735139481597 714.9176020538663
237.4964155543876 138.6348835046286 26.22602247269895
174.7448931512854 298.3715608008459 136.92702753340424
195.97970619572746 319.4396430136878 1455.8027617259024
449.6530962214159 563.6837355065583 274.250314161622
102.46408459961462 213.8912113620075 832.4373573810536
80.56316925214024 75.72124366171909 981.7648027473673
207.35751533238425 100.71492928792762 7.247422340060538
27.521935856114755 382.0454051899488 465.9695455221671
716.4023810121687 255.16889004314316 936.5244193007254
607.9512069929792 557.1957070102675 407.5232228545491
429.65057469874546 581.7408947415488 248.85337917269123
45.36501841586116 50.68792993851537 38.97685440193322
97.02145417817938 102.18293383461798 1257.3935063680758
34.10877010084018 206.2794622398774 264.3079518380384
187.21593898763894 431.6334063998039 352.2639568579883
675.1610112481991 153.00628926586023 467.7896547600063
146.50003042543904 1.5031282726374897 342.9634094398612
71.30883089425878 71.94786376503298 1374.542892408602
62.61541631723379 102.66375993282688 603.579568105074
144.41928362363709 310.76149603609997 1404.6718154717305
137.3893228007245 92.7173891136361 953.9113311560109
284.93036620039186 94.79082460406279 1111.3866844584459
140.2935590970928 313.12385275971184 263.0963613616107
45.11262230489486 489.7553894231232 531.868198786073
29.973139914025744 370.73690697544146 760.4479978947561
261.0277321392097 29.036871058283324 319.39015006860745
39.425583678926444 161.08670774073667 957.2797423308407
76.8234070306917 128.850123104071 1297.2476492698586
5.055668102436848 382.6530972370529 772.6874987007907
397.4608212665576 159.5130975447637 362.73241716095043
15.594022502750432 61.55824157830967 284.4090454202461
7.682670862157857 120.29224664065572 483.83784021204394
43.82818396613039 36.32389705606564 742.8478495976701
196.90344139538027 82.79150739997195 1043.178249206612
93.4886087074193 14.451226871484804 526.5439921334399
137.33256780180884 257.41263065315894 872.4051100322802
82.52552263705881 155.82732097125225 1359.8240519300093
21.052059861291365 267.1154925820162 1048.8136125570554
20.3481746595727 57.79926855168436 91.33182953760071
11.209425086379577 331.85791287480123 425.3454614420318
122.16102235916664 135.21903675024535 602.8787394879537
48.6035425074177 37.303517013256624 102.2983544728207
25.886430189246056 467.18785474969104 197.4031659350287
466.6401693605931 139.53815752739564 1369.7906129861822
107.7334776037798 260.4112580083526 1140.502675354473
275.57724652511627 228.47764035646333 1343.7612605638333
305.21074872224096 59.745973767055546 369.7811177536784
117.25698704575969 235.27565900872273 1270.6938247443811
157.84732064776279 12.888425743464179 1244.4025861835707
129.15942085812085 46.36147140510548 692.9984330009318
247.87831124314897 170.20587779879108 256.05237738648776
335.03164382493924 114.43910664704046 369.0806667260887
165.6254102756101 37.41109216559001 811.7949758303191
23.651396140016946 109.0573978034937 1236.8782948106825
400.2789264914763 349.7949102172209 16.46355988573661
80.81633947312284 483.59418645882516 945.897032674043
10.954952989835903 903.3726889343282 978.4208529553739
324.4976041985294 38.477247854111255 1286.021683110947
51.44844403050762 49.80761688648593 970.4571818815582
217.58429795918596 129.71601992833376 1303.0251877877886
537.8711420842884 30.82227947935852 319.3945989899962
45.5896046641434 467.89596863755554 1312.7325529684738
263.8133227521286 177.12575136861543 1210.811794606629
25.13231424727888 244.3882198428449 963.6149267839535
550.5302085538012 60.64889341384186 1058.6752986483375
97.81482038189976 227.90303676510098 883.2371078474173
52.32708246264792 28.27783995913063 935.7728865700843
30.959302468933053 307.4887649180231 1411.194140282293
72.98162557660743 316.13066829871576 885.4100367211216
208.26917580836528 140.24560529740737 199.736364350057
33.500126346140156 47.84130486058971 1278.622316063228
79.96610249565373 947.016637450504 835.2305558121171
78.88584530626966 259.56298045824656 1417.1733886268985
183.19088229141627 4.777977165071304 353.6349161606641
960.4877345814714 15.784702544626375 1046.0756540212842
40.716589217836905 523.0656329043858 1194.4022896487022
17.586105554090167 135.63152928943407 365.36470013803324
555.3973783984126 15.264591325426109 636.499710738231
94.58169148192924 370.7641385598075 1397.664360669967
41.38044012405357 100.05923375711131 953.7873898347876
152.93256206022127 436.7197911524198 830.8480573866934
139.5433407628638 47.05701159224978 261.79622951798706
413.7524478447342 344.23769454971176 1256.5102691591937
70.42899868285146 218.70981715264696 1066.3270040550155
5.099610988017763 136.0564876267014 515.2884334292602
1.6100629765460177 171.61526352742453 1314.7677964124211
229.20851103555773 779.3143821339451 510.1569284982531
101.29659369197933 49.679478803954794 1.9908691295756897
220.3441897390234 141.6461514746532 612.6313300536083
36.85969832324807 79.82952181368643 1006.272531895162
33.02063148237819 32.9134775027659 1347.7293163431161
81.55311405934651 45.577856824207494 393.25796606043497
20.80133658473187 103.22070649150825 224.09383831672818
6.79063320384588 106.69030704296014 749.6312419342217
556.4177506759261 549.1783665413914 1163.1834069344409
115.26959698647232 68.8626794732093 137.2312153684631
465.353061171489 50.45274634734206 1013.2825682435181
75.10417494705328 306.6999985390504 909.8911724211785
220.93746546086942 111.89144004853976 1376.0066287879954
110.66050443004143 59.20006487952739 1162.69415755669
31.6911651832739 7.569340666550578 1085.2603607430829
60.20658690426486 203.79540382114888 809.4120646655542
2.407423866334946 845.7909126601979 520.1922172944213
135.94065872854927 81.0102345712801 1040.339217819215
275.3789739903449 482.89332353497673 954.8882321573108
147.20628679963602 78.73001238594067 768.3297712156179
14.625711759729002 599.4369641658568 943.6438485588972
67.84596453876983 438.3775572179772 1296.2297101979932
779.249739227824 60.95984714088702 1314.8271041457563
61.10471275843591 100.46626190467451 898.5294584804009
78.93975286762053 21.77341564777391 1253.6953690361513
185.5563074856644 84.72089722315026 795.5705986215876
26.853470364769755 9.9906034243274 635.8009336123993
83.58993521154726 5.476894091735116 654.6750871918118
64.61587294517601 368.68121397085434 274.27422910667525
195.20929243093786 876.4194438052879 700.1680230444455
300.8376092174275 121.68178899956462 1028.7433518710252
117.11417237477733 186.30462205925244 1090.7026040449805
188.2501599007417 162.04324850592576 569.1958052684412
116.10381941431652 171.73989952850638 212.71466838272718
124.60637250053264 184.80394427017336 1253.5014360008554
946.0995672766896 212.6653418244045 1184.3539041183508
71.32672762108093 383.1388932506937 557.622510397735
211.40340224655327 157.55990734588957 1039.3231407724431
584.9649718076449 193.5538708684846 1174.0037767576866
111.47472995191848 94.59590764177759 1281.6185089023497
574.1538086240985 4.851328571573988 435.3363071308568
41.71241055937427 267.6272001782263 1402.2470998058388
791.9597882829987 306.25399316863223 1354.918170138335
107.9246604413633 203.3812981183531 943.5833122492695
226.16415937789105 104.27333378587815 1266.445083678727
437.2582914307134 49.406871673724055 902.3414765395844
158.83490989487348 57.39316754748778 759.6901870065273
288.8258850193274 315.64763357500397 309.4209565072651
140.13950467173674 213.99341423120512 282.8157273008528
606.8188514779724 100.0727884885902 1243.9430677634261
344.69494278659585 120.18161053038179 1144.5562932463183
289.7983804940968 111.09308973493677 843.536005381754
266.4048437015445 108.83565924248137 69.30445066417707
169.18581032431996 397.4787953572175 489.7639860146599
42.56641081881523 35.297909017796485 414.5769855855283
324.63120400478715 27.087051667945016 397.3544707697886
183.41382305890767 194.53981031064137 312.7915223216082
336.71523381249756 203.2352962118587 40.33516151160771
27.17892372538862 304.8174640116089 83.01918292853017
61.88244320640962 81.22670833013032 430.0683016714684
406.4475600925012 59.03454873558848 953.784303939547
119.01248086996638 260.2711421784197 727.0186171974403
177.89760951078486 77.85609538206145 535.9513716645697
37.30739442923534 25.04315057818157 672.1299473663105
20.397476863736514 358.3921623284896 768.0830660002879
224.51610107642725 176.44339229271955 1091.8137928004505
394.4890863979573 162.7557809032139 565.2527412494231
4.36995119551047 428.86785118924126 1110.3501788678516
130.66205771703272 94.15526602447514 838.7995920462241
285.3463497044663 93.51051912331164 843.3875402208101
765.08509784249 792.0558663336857 935.1192033471492
434.1012757321212 57.93942099126509 1241.5049500170287
394.17578684605223 67.11768609191559 850.60267536363
251.77412982601206 49.26343110574702 916.1049709737773
68.11487695345872 114.5312270870135 1301.1516172096137
25.33296284473257 45.87051354065562 91.44249881158817
60.25295968450044 78.33240277781256 380.0435754169167
236.21294050985932 235.50954615075074 519.5647541168433
30.772342228049176 483.1927547868757 1053.4339606673148
137.22433190001163 171.36897684587638 567.3562398667233
524.688599187651 45.95245678620562 47.44784043412847
21.110589665097258 93.0565269142986 1060.7955065565657
53.23755072512566 211.24190055082445 972.6592597735046
50.838980829192046 188.09527960473355 934.4766751428248
481.6262794808946 290.78606684137975 61.86666493228965
147.63393947995905 129.02110007523783 125.43553308685756
182.445900134373 238.74617613099346 794.2573208859427
132.68196407394092 13.566753049579747 1029.646792329257
10.037420842260104 158.69089605105717 81.42950693428497
110.282507625022 177.00279089651804 625.4168888223992
103.57580149582861 65.51755865768898 281.75514436690025
52.287922048066235 50.97171499124899 866.5829092097403
114.79669103995921 8.85546580704218 1414.289965629255
286.4104192258723 150.05542180884848 1200.520323566274
566.479207639779 134.95402087022802 476.7131735701707
224.77226114687787 175.13617251538147 424.5517444769544
500.98127705074296 666.1227345238138 103.08233823669343
68.11090045303584 244.9443227390438 683.4504255707092
413.84123034729294 309.3922076803288 32.36128837028046
62.86083026201457 185.78593613347405 635.1509079397138
665.1482563104912 156.6421808118948 1247.6998057637395
138.32171688513617 21.698637592644022 1492.057756214829
170.72297535176065 258.4590914576575 423.0005592350645
58.9002576761938 460.1537157388448 630.0040154966212
255.52715485934166 69.40651077235144 527.5831050760107
151.76118269580073 9.34938526547032 683.261754958676
103.44006556358207 164.49261454505117 316.8897692496335
230.05493070768122 206.0267850792581 381.4161826889495
58.598532341818256 1064.5963004761347 165.46196952205628
68.12524882179454 203.20328698809988 902.8627178015657
348.28683246922253 64.61570427583297 1242.935133043574
195.19744380961845 127.2801080233425 1.8246512438796492
366.8954784893817 45.470229494289974 1002.1277111981328
11.240797640914051 206.05941453276603 179.53386260131938
54.65979159583656 533.2309451265882 1029.1639003263188
33.61079982521369 34.754120835289186 1080.0309277797235
53.29086296869373 96.9449652074981 101.76538306057864
6.868026229693876 309.3754725049743 76.79780404459602
1140.4802850920607 155.19793316118654 815.2390228993495
146.22751417030312 236.73541065815607 1300.6753469385687
40.62943109721653 192.60207957912394 123.18868394232152
71.46901856040554 14.437291209867812 820.0597159694826
221.8897175100124 262.53317318817324 512.4197114564391
76.7651213268595 11.339989208618695 376.9007459907493
65.21768296060205 154.9739579612146 356.1178276551084
39.50721705679195 191.6211066045989 395.52766985889485
41.61684112020379 12.009262518002982 512.7020718440108
79.397976450395 533.8602134785214 707.2610643269351
243.8591550695084 126.33707477085778 26.739290349806875
129.53262264534547 78.22686478165457 1176.7013506371402
38.617765256297545 468.75510844037257 983.3775952758965
686.0441210427676 2.8515638023871652 1208.161086033647
330.23645092562515 232.0404314075932 1021.6955552079771
29.642068089468097 224.6566087619944 351.8462407876028
84.74640142722093 575.4127363893188 1418.6047146666315
203.6889602114356 53.38371059742945 747.5391065907012
195.91530563860954 18.053867117506446 1125.4212201344255
239.41125661568142 62.15890860300463 235.23340559820406
514.9376048023661 411.4389558231548 987.8183746712007
356.5703495695449 256.46453393262095 347.14198863058704
110.90076468169418 254.7235086115591 283.66244477426136
17.439357758593196 79.90559869914419 359.51206659991664
435.26586946366103 87.37386295635845 1127.3331539379058
542.9844492359758 316.39969942648685 1461.5100119523893
38.34241356379904 337.44670865810684 238.07929050845812
226.49381672957722 38.975812035667104 914.4834448569699
14.49166598829511 359.95749920733766 257.0865476270829
285.1235090220153 77.48883413497629 1356.8928692820018
56.43464658897602 74.25407054404435 891.3480284551554
638.5511827786818 39.357204502220945 215.19100493064573
55.934825516719265 377.5219720365348 1091.2540558374212
9.100428604349592 33.692271155630856 523.1416902576827
275.7342405067669 118.63632647262543 1053.546934756346
