600
1119.6415124709536 1081.8568977893358 731.045573440083
607.0253087495967 1429.966612518177 767.7795965492816
934.3043765033035 1077.5170875965703 644.4823173067572
1126.6981980468638 678.6643828664407 369.072437941283
1069.242503901479 997.7535914315807 971.2769004886594
1296.4091434421816 1072.8595407394387 1336.6945188083496
1213.8334288084775 1194.237358007459 777.4648950299966
844.5991042573888 1009.7182738110574 13.622540446410369
1019.0279843605624 1074.6930977955483 1120.2630287182374
1563.4584538016666 643.444435622986 877.4496979978786
962.1040355396401 1079.2779288553738 1424.8341943476746
1035.1555492628372 1275.805955809038 1319.2348342677806
742.2807479210849 1011.2441703415167 607.207148048821
1203.90923563564 1178.8833602499415 1245.9722242447451
941.330580362358 1444.153096711023 1186.6820271071
650.3321962319405 815.7032851457766 64.66456901161033
866.2170311474152 654.3120407211615 368.6947762815977
970.7930941920446 905.0582709958298 325.8239268586708
829.8039255591069 1024.5785437607085 1022.3392186587905
984.141977054674 870.1692228370816 562.9133594388142
1280.1515496328211 962.3639927490979 425.4356773971707
1099.2587360723057 1128.0751011776592 989.9562000395292
1349.1632746396033 1021.7949514449186 1181.7276549100002
1175.6233306407314 879.697097437073 1059.2943343373838
840.2005359911315 1098.033287124536 487.77226839005317
563.0887944379646 1137.471635780921 616.1413855550588
1348.2260189305873 970.6038024810774 904.624374761067
1014.2440839554191 1094.2233479603617 1419.3661604088613
841.3425659231973 692.7365380981774 1021.5643706338019
1545.1317740508962 596.5899483543416 453.2574596318148
1078.659077777719 1311.7262849069384 61.47102721757503
829.8979812640432 974.400287876647 1278.2771943977243
756.3790442861884 1187.7700226784727 1213.465838417281
769.9558999269201 1507.9015306800147 1000.735955750294
936.4263751358296 1091.009296084605 1394.798880053194
1114.119908177998 1367.2975122810076 966.3168862410197
857.3382297854137 1053.3232801305137 206.25264830086803
977.7851888992557 668.2370380413963 1143.0170345603892
924.0032243873499 823.5484514343598 190.56872735433294
548.9488375700156 815.46147633107 648.9231084204774
1154.447600004458 757.7623027579427 1076.6373101522718
1060.7757029408383 887.1459552382216 159.55427866721777
965.830542699269 671.012433528062 818.5600907088433
1015.1832747590475 1049.5093508161674 630.4195805312371
1123.5182321483994 952.6234844165605 931.4433782899342
1065.0255942278902 1177.4115827654466 71.11823498235609
1403.4544244170766 786.6506900882712 224.66972615762376
1090.059664918113 751.3686751281049 1288.6688184352877
1418.5789941445657 1080.9841505710915 531.0301042663922
887.9360417730607 749.1166511688991 172.264099890077
950.1300605756975 1033.7988212203331 765.378450364054
1076.7415350256992 802.3995961724671 78.0109687785695
658.8991893548666 937.9997556568228 1119.0747627299115
931.5121227939354 703.5257429114104 127.66003021284772
824.0854519285881 1192.529436532593 124.9370548272758
1089.7575192871213 791.664657801171 1378.1959834020674
1062.5874537128998 817.779135561369 162.80996141319488
1193.123947605933 701.6352283870175 208.141115056254
1330.9951342879172 1001.4291283566193 537.5528560720775
651.7442535854257 762.2722400576749 168.75155738812768
1025.2171434130255 601.3269444156507 256.9803055323208
1100.9125081078744 697.9217294536343 1268.1718061217061
1052.7580445769222 1253.5029379460261 643.7765722970373
926.7828032143836 1117.0721619265355 643.6889100949181
773.8247109457483 1028.8610671973634 849.73967604072
1219.869958773834 1342.9072219632235 12.642774769350662
745.96742171456 667.5276184665787 381.1087143273372
1273.3955654016697 952.3468795337667 47.7976452777677
867.642407132918 1155.7019275175553 1308.2182757795829
818.466978513678 718.2527708233499 1167.3098308764074
1386.0836756276408 477.25540258162516 36.34186565239067
836.5035627890499 1039.8761809677571 234.13615351768829
1034.4231916482727 1546.1893414686879 1208.275529760749
815.6280483685493 1125.471878171941 1196.3788965964864
526.3726423276235 626.3359871737118 116.33267447532941
1235.1274588408705 1060.3142420285462 836.2508720280473
1078.357799314416 1080.025442600137 1307.2078401088606
1130.3076710776115 945.5283636671998 776.6912998606073
1106.1509067427098 834.67914047528 1157.212752032591
566.886598127858 1188.6784938988942 214.0575577937456
1039.755210489099 922.7744917506609 783.6244520051795
767.9857966583718 929.7077198507976 384.5971240839766
1168.3161756268682 1104.0731170791576 1373.1006899312508
919.4573420877666 973.6528696289145 154.75240563363707
1002.5879933951572 1205.5664936600892 932.2756251451822
764.2083315108607 1025.4204965013516 1173.4917657371038
1456.260172932203 774.3126895677125 773.0546525702766
696.7291079873257 1052.8921103973407 1108.8515596246032
1190.5915346367892 1299.6333577624455 1313.7546669913843
910.3636975842705 886.6485753852936 1063.7454499573007
1129.6622020611978 1477.6316305690657 646.8232225430261
786.5284588769347 787.7241241349216 1425.0877308060262
645.1085712435238 905.4453867441612 650.3123247743907
1138.0648640037061 924.5620141507026 1452.5309463158853
1090.1415574477871 1199.4664983298317 498.47206737100777
1089.2265488528992 582.062468770234 376.67665636581967
672.4309477628891 1225.7232776391584 733.3980400410226
1677.0626275524673 985.4926345148899 1379.2691370469838
593.0658397108685 1354.7356002529039 1037.0211622945026
566.353967326648 897.0689780528617 1254.0750595839504
1375.0067549572775 1371.5940961327485 1430.1342646192172
1075.4357488377238 1140.4562859730236 1100.100670419531
886.5614517935372 1144.3164056457504 104.52946310217447
889.3045468658986 1345.0818201918069 1397.7078416283155
689.0618231954534 935.6353293147611 1279.9415571445186
1007.2786558607136 988.813466184239 1490.7082277304992
1456.5625158691635 1043.5639512604287 484.59187822736715
1138.237103298142 1184.9569350019128 479.9211838213134
1279.74605623685 1075.6623711406965 209.38945042612212
965.7630176694832 1103.0186674221725 1254.1782318596227
977.9016209711275 913.4181943376841 1216.2669164595868
1550.20413602765 1257.3246415391654 142.4999135168738
1200.3654554996751 928.7629281251093 1207.6149865836855
1376.8320346908633 1232.5623893981228 1272.8692166227056
968.4488296551953 588.2920828772515 391.30720016762933
1018.4238848844531 1134.7131423412852 854.8809037159185
1013.003086313596 619.8913363795351 1172.815756877804
1124.0986739119742 929.4891041201643 390.8955458178821
612.0044319440353 1295.259439909333 1112.2381724865504
1364.6118652780467 943.3685685209906 870.3085041864975
778.4795646481189 999.0548735221731 174.6897268443799
605.8629951350235 1366.1014989103533 430.3533183342433
873.7871757770913 1084.6387748297436 184.31663034576584
1030.3292482498507 1237.0420789445743 443.7372371420256
1719.3578369055062 330.4731544673658 73.06514620385873
615.2374592070519 1299.8910892225454 783.3330138721217
1296.612682464673 1019.3543236182047 762.7008916866126
703.5393482764822 708.8994964790345 1305.9353667298292
727.8009610197339 980.8647046757186 1209.105599791315
1023.8219659946496 948.4947325017653 1396.1344129617476
1366.7873194721046 1301.6353811014558 67.30932125671474
860.7683136812963 1277.4471711323195 1498.126936441731
1051.2580355648645 570.9529545241892 814.7663899985135
957.9764785014522 1032.530502696939 810.7231340650862
625.602049823797 644.5017982413588 1451.8851687080537
730.9395147998157 1017.6702883169833 1070.6651607501212
833.4010348302966 1389.2675399657985 1360.1301892143706
942.2920129349656 681.212843209935 898.8330486994187
1025.420069131571 1189.5464322276082 1023.7418827218578
1259.4331720450973 1068.387862207145 955.13423711405
937.0034829604342 1043.4622270557622 458.499897609768
666.3086778218697 908.2930875384293 633.4147971088768
997.9612593084486 1119.304867206604 1178.099493778293
1088.152473967559 703.0771403507077 430.1253661563139
881.1929733735014 1231.6960643342231 87.32973410655964
797.5207210540717 1016.7219330391706 1173.2496910352509
1372.5323264033357 1402.0335878589478 963.8218847516995
775.9614577087357 887.0410710244095 192.8747492454994
668.7538446099225 1216.576226073319 1033.651025125782
961.0904345751209 1298.125362069016 762.5963445386141
822.3782970103064 844.1868713744099 315.2869751421322
841.1083158498865 1035.315933379954 355.31601728948993
779.1797714479305 552.0027338236279 900.1909057302461
1478.6021758682389 556.8584347892752 284.723389333212
767.8085055487311 1210.83999060118 175.90755139014547
1116.7495958376505 1050.5599355363747 646.4824010245766
1182.4020731535331 1300.9309091808232 683.5487704425741
1134.3614599221632 1295.3616933028718 104.29363367958084
1333.3337653443975 1085.2014789122968 263.06817065689916
1302.9364053918598 1250.4103656305326 121.77487479551962
1330.7022908478561 766.913434104247 660.2608886282859
1254.8520443958903 1270.859193175275 178.6059180417991
1109.4677906438856 1212.0684070956227 1349.4191573907146
606.2616124771384 1008.021968594441 1218.8152073336516
1176.9553418752616 1146.676678786702 104.55692154618751
1068.0540379867605 830.5543304251028 1083.7314383668356
775.1464390330057 1353.4493147951307 172.0026069535246
1043.3109850556539 1072.1701842009177 1368.3604671971486
1015.3130430934614 826.9961436141194 1465.0431996468728
1460.0515458651246 1118.7100761731376 1490.0094360173264
1143.4108929125427 1126.5901722026047 518.9121944183855
905.8022146590339 1016.2115534786363 572.3820920740067
1103.6496949077614 1066.4264529131574 1117.8401130816098
734.6753165516448 795.4595141566001 1321.7389763621024
682.0141879792741 646.3682331254512 263.98702922152046
1060.6731019457006 1338.0418997531306 1368.1267742224466
453.53863817528463 1218.1278846234109 902.3041970913725
829.2522505653305 1114.8639875241322 1374.5045098140238
653.1290074749849 1009.5211709413759 463.29227241452656
994.4504807494346 1217.4542912348215 343.9508543931703
1131.1209906192107 1381.8715907495487 788.355342354936
728.5778501879574 1018.4276145130493 454.4331345913621
958.3909512325862 1055.8821080935409 620.0306336510239
1158.354948623229 643.5057076409418 717.1027984164836
1375.2401110580572 1372.8401277806377 428.3934665858584
947.6668670619349 702.1771420798611 328.36994128980774
1157.5111763552773 1025.7566664805906 544.3343026712917
960.7064955818636 754.6418536902961 248.1684516817833
1185.786008133868 843.3651033399034 197.7105613927101
1450.527152194775 949.2756711679921 253.13749090291927
785.1676883298506 986.7988802503173 633.4571253503426
950.442527836045 1312.5208033817262 190.73072262282375
1363.3747102711104 1071.644202822675 176.87218372553036
1282.6038425642505 1091.8685735827055 778.1652978701893
494.13671510085186 1431.46481318925 772.3056978086865
1746.8841509966915 1357.809749867621 337.87097571043785
715.6143888855424 1105.9234089137153 1386.4531748232457
310.3250785383234 1756.1392537615004 324.0362943810703
698.3143377796046 808.7792344519505 664.1266420300406
962.5202167755627 879.7499676430901 1159.8219188759103
1005.1659320394544 1503.754545612787 1373.2588005855498
1140.993253818907 1100.5713178939916 450.69213053070797
1500.5470595569197 1067.3820842399891 693.5718014696882
1226.5847416141012 643.9668077977042 513.4004895882897
666.8475530096316 865.5641809777853 1049.5625160407042
1328.4851370045571 1270.8988214127457 203.76306596707116
792.1192319165756 1273.2887784916902 199.88273299550275
895.1331881959435 973.4199552240675 361.8332585048394
702.6006694604794 984.8004227736755 1239.0857163398432
1424.3227254924511 589.0477490164567 200.7350599882793
858.5492082975371 1101.9909124603396 1420.699258944003
1468.9063555804846 820.3363091251995 924.7899570489544
1326.0834722474042 1280.95745813248 308.6541109807025
613.8536547725043 828.2856719184547 1068.66819536488
1144.3424669851913 1023.0185259649668 172.81851111285818
956.4982728213927 1292.6425259406794 1197.0394403567632
1032.9855702240923 1115.5474783586374 1113.8697235709178
1113.7888524090108 1073.4037108525044 508.77163891089157
862.5869687702864 643.9950406963565 711.1525060022511
832.7914719754751 1072.8049108208668 1229.8741988040424
1147.226610004071 1240.2097208801583 801.7727292828217
1126.026291245853 1422.1273780441459 892.33322198746
667.0040999148052 1745.7961687830852 1099.092680171536
963.9865108345665 991.1906021103354 749.5053732460523
934.0919933672425 977.2556738138276 1350.9883030077976
850.6197955375346 717.2636953521234 1263.8117202498418
468.2995715643614 1072.2337550619818 1418.9416553182705
1263.2000337200839 1063.4324396754812 1141.8783954577684
475.2350164119762 715.7984121943803 1287.0938171127195
932.4691583234327 1051.9143743192906 1160.9285219197907
1018.5377772580536 769.2096770813964 1380.3500834713234
1198.9984425815603 1364.505237133449 780.594717806657
763.8194641547514 1108.183019517564 1408.8692853299817
921.1444872589208 1307.857919952557 687.7758699919231
1088.373706601683 1001.5699118028643 1217.6941627438762
1220.5953683564233 854.40988276909 892.9521397607075
860.7620036778228 930.5410159725396 1334.3276208719199
784.3253864993462 643.9363804090444 230.2298893478737
1020.0058996775866 1561.8595342862957 265.0575235293152
1327.3087523754853 1277.7395610768442 1490.1362230892883
993.6977172252612 1105.8371697290036 353.741215513222
1250.3215219704805 1058.8235235888105 1179.315930635292
851.8015007382601 1204.8230536709386 1228.0390936826857
1023.3570018074581 923.0396111835441 371.9145661808635
656.7183989909678 1128.590105915544 579.1844501276449
682.6252212379661 1259.746990226581 1051.3018305212113
724.7678806400124 876.8144850870481 456.286695859986
491.93885805732407 846.6898996735323 1020.948886858302
841.4609588359294 1274.2482062173967 77.9372056245145
1643.8027465863634 671.511655005143 1486.6818757403055
1141.3959544514537 1224.0364634512882 1465.3295040169935
856.4496991469339 1219.9558274617361 306.7724666837436
1151.0494517647996 1168.192671617394 1046.5534417307697
1169.303591281441 971.902077775155 799.5868821876849
970.0301251793621 688.8660783297489 1141.5865708715642
1655.5825254952254 1112.847932162651 606.7198884213246
1273.7079566070015 1311.9646619598739 1113.3142246915277
919.4449386056184 980.2110617991308 1188.026316453445
999.5376493155458 1586.3685804757124 1138.160997519832
1359.275255025122 577.5734295548577 721.550638531702
1047.8842774766863 908.9604056423295 232.105129953205
1514.3271256232397 1131.0756033268444 1030.5984173755382
510.20439645155955 907.4523650332203 708.9389691952897
1308.415008473512 1176.0481533025852 723.1632546020921
697.2522434870375 576.0599042153119 969.5551065307291
864.5289639278944 1016.6638273844134 597.1042262505651
1189.0659032664805 1178.1868575375506 1326.6884212318969
880.2379877161748 962.9996576379336 132.31303237152235
1209.4610686715632 1339.2443997318649 1125.621560047349
1372.7008473016258 1001.8032925940342 650.9058003611532
614.1393928627433 655.6941427903417 605.1112582411832
953.0341302425561 948.4888207563044 735.5034196531201
689.5913420624429 1653.3969058011037 406.9778827388325
1279.0279517328352 1457.3059427762262 261.2157829488016
1221.8623856548074 990.6605417737143 1424.927723964465
834.1911272884666 1370.565175357926 1232.9404765674478
964.7351506877035 698.9219430994872 570.9060700918538
931.5450015634246 846.0354595075588 157.04188594180934
766.0330347233768 960.5309467642064 1382.2094826015323
815.6089753437025 1271.9098660467728 13.43390663896521
1269.0080742155005 1001.8233867832006 171.20880366971886
1134.9202657484889 1273.2354325403028 623.7809755204751
889.4601487218254 880.0079344389309 1095.6604806653515
1436.8604746283838 1094.5786089487547 1491.1120425377649
938.0576484711446 1086.1393492822924 32.60233122460093
638.7211704877616 974.4455062610496 685.2916784523655
1131.307192694478 989.4992690652678 1339.9235921660666
1127.562245864179 1283.8177942633292 26.260737585106497
1104.8294072436518 1405.599379133232 1412.005752067814
1351.742589308611 1180.7390461058487 239.5224613904149
1004.9833053923061 1398.2965801613186 791.4418589354477
1426.4245881615632 1312.5842198773553 907.7052219406247
1295.0612569760385 1081.8550219083866 458.51453747750276
1307.813269214088 1214.2817458089964 58.48602458376112
1357.0604861982658 1158.48853372805 969.1073027353899
1224.3385075310794 903.3463146413939 598.8196740376783
1338.4396867908272 1254.3922909966413 666.0179487576969
1001.0486254315489 815.3101579168952 222.61028449494762
1019.1241866388315 1060.641023759988 897.9866081477461
563.705100966053 940.6457568830741 688.2980015061091
619.2767294651692 644.6220665020646 405.584080944035
1009.8239137513162 1211.7349097457245 871.1990278530398
1080.2069839929932 650.6965464020143 900.5603049233503
853.9784880748063 1274.8537407714687 1008.3723638364389
1003.5113889202855 1145.8928233734239 370.5596219550955
749.1598585462962 1046.3278664153452 1379.9674202030699
752.2733717828645 802.7602971609975 1038.0190726973246
870.9573078279003 1212.2513731653487 713.8282701557883
1021.8653951685088 685.994766977868 1141.661277030689
1359.0142336908666 1640.6630717330736 1364.9832025401236
889.340092781454 902.8993353151868 1459.6224526640467
1053.8183683996572 883.406078718576 456.6880562362338
1441.7949382298511 1217.5095004360978 608.2869019490937
1051.289294093485 1078.6712882943996 279.174633407533
876.87054875788 1010.8690976998179 1093.2555761195417
753.0627703812734 1113.1693971404306 202.3079190997966
854.2918380010752 1069.0924634344271 672.6752225835368
992.7743195944308 770.6511990593262 1293.2459921212576
1026.2571952635944 1171.8400128830376 98.48261581550022
551.875873330896 980.5605702218263 1220.18854405233
1147.068237563264 1405.0904693346436 441.723113945592
800.0131282949061 779.5433278998089 969.1295957860359
490.0876086328272 784.5925681811756 339.89546569774836
846.5421336913943 528.1068562281678 436.05036970390194
1031.7110551736052 1160.6466970307138 561.7732826286233
414.44975952341053 1058.5679231251884 656.0208413020325
1219.1550252054822 1456.2817276216874 676.1540621318657
1600.920572101591 1257.283663939546 1013.6220598086215
878.1360797721713 1234.498473632481 66.45111771488416
987.499234331121 694.1232869800816 715.1647365680855
818.2325075874311 1100.600838829899 957.1940535319308
734.8760460333592 767.5671634023137 487.1358225234874
1009.9537693218942 1058.7617536337352 173.32094624339817
1081.1736948478701 1476.9187982596336 286.0146791628717
1194.1923606970931 681.269676624054 347.93270519749
980.1986274814778 1004.041449652807 66.239947066552
868.099380510961 953.910165025632 769.363200451578
1140.727051731369 1118.5501685095567 1007.5504363939434
921.5840038344842 845.3267861802256 954.6438313934462
791.1717581933373 1771.817451332266 358.7462951933232
809.7057040170016 990.6451651600089 728.2614304811972
1515.2297405888817 984.371115014964 260.4341457291333
979.3124538493116 1148.7882574612797 1429.4267451635103
1049.9110331392562 1262.795761207879 11.304064155120697
1061.483869860263 576.8190826329499 141.17561743247376
742.4570868430847 1215.270076181303 678.700095379652
957.0022664559965 919.2950281212245 492.974026011671
1028.3330449565328 1310.9987031187675 991.3177073107256
709.7213287919927 1269.5820288015066 422.8064508816351
903.2640623358036 1122.7468956191917 1032.2551312907503
1191.9485977907448 644.5979399360972 526.962893505049
813.2307345328953 876.1009945930456 429.18723710491173
859.1124359715496 855.1218965322773 749.4291221249166
920.462727240302 760.5981584053459 1141.1537902317625
937.9991916676598 1067.4272757461592 856.0947906476623
945.1158860381007 819.1070195635187 1.5318693604409739
1246.8573639554882 1252.5121710023734 608.1883098358128
983.283520019486 1096.1761235190547 757.7559071823047
1578.7181189412358 1226.5069912270992 607.7252723413334
1093.8524984553328 752.4964083307275 15.712880270260799
841.095185815699 903.9607800748088 929.8653573113706
1091.7975755485804 1228.5548479856416 660.0637922680221
1201.886644203812 1098.9816230456806 1253.1735236493878
1128.803071171212 1171.6285282843269 764.9376038102616
852.6577420818786 1281.666942009007 603.1414022915653
1520.6166814584062 1291.4184049367714 1338.1010151540502
839.6500183774567 1028.7824280789198 1053.176581069254
1081.1792670955938 992.1360357563684 250.58932530163713
1351.4072407943372 912.7715729074438 10.825903849507046
1374.149221614052 1235.7465187819853 1113.5954700360182
676.7473651368877 1283.7627178726361 360.360057762837
1216.398214712539 1297.3134118440944 899.6907590293283
984.7277068370136 772.898111893452 530.9889377234554
832.0653127560682 885.5789468124019 734.5794126897459
801.0060594793372 933.0256414693122 258.3359835304708
1362.819457945372 1019.0025555055432 729.6997638127526
999.738020586883 1319.101561063546 310.4802835183681
822.117205476928 513.8415572633181 734.3440374574818
796.4040928320208 1083.9162388307825 1051.163457001768
1195.9935784465108 1084.9602808183392 161.83217505605728
622.0757041281595 1089.2276337084536 358.0587030602775
830.6168028569035 1050.1516039062728 634.1251581397329
839.8557177130835 1093.8405427031796 190.00234853599707
1087.8835229757901 1163.4226018344834 942.8425916613952
338.7151261712397 1191.8541746488238 581.8001520340945
807.2226933805526 1068.9784443863552 334.03283280181483
891.354679719647 779.5468131996239 463.0782889605156
757.16882806161 727.3844709997327 881.1879990272901
1072.4039756440088 1350.2945587086845 989.8793889361154
910.4939746473818 1257.8337095302509 1073.0818687485066
736.7557287659697 1341.8731233559845 1201.9877068822288
994.870483370335 1152.9450169501988 1268.7434687574278
1361.5689616773186 1565.4103280480695 601.9471374265514
731.7115386378346 598.4284603326794 712.0988142905129
1073.23542843798 922.4161841829113 500.8838044421648
815.6269828122258 950.5031170526415 613.3457068443062
607.1086766826736 1439.4347873071133 1086.3065673616777
1414.3229627052372 1091.118669381113 812.8832390388268
1017.7529948264694 1441.7029205291035 6.735041440767143
1291.92725012633 1006.161481616765 1484.2349230468703
963.0211821559724 979.4600635132851 420.2742444083839
843.1081151885866 1251.6160175625605 83.56362500800412
839.7524618773421 648.5592094912784 289.98640175005715
1261.8130782160351 1236.9072190849288 10.995282941662188
1600.2307190592205 748.9204830401671 737.0193371222537
1311.0372694994437 1279.9746484031214 125.43280322533774
121.35695786255917 913.6022389306465 274.04195063176536
830.6059404454193 1431.5842596619575 1412.694021931617
1308.419083769758 956.3593294494661 969.8794877609462
1329.0323600192999 561.801139528121 730.7663028287393
1470.150217898905 771.6964538399368 119.62788586530604
312.22112938387147 1055.0602797562499 1.078111125716097
1398.4260078062835 1300.683489318376 726.5840539785506
567.0239284683048 706.688399673829 88.69745988474692
1085.9593395438699 1073.6556968589302 1062.077630780643
889.5111742535073 914.1855413437941 1080.6776161483724
626.1002498121534 1118.618308077198 118.52526818333564
797.4110700537146 681.5686051804655 157.5089060077629
861.695417741365 370.1766562600494 907.9306680071409
1231.0728482254892 734.5187274142631 848.6096446588004
819.1602802211476 991.8228478260648 857.8245617104375
1220.7748743547986 893.3494784793231 831.4580136385573
938.7601155684939 977.8114393817298 1181.7346607823736
1206.6192938766994 950.5740508428115 544.0774103078415
783.911070813932 1081.9725094246298 236.0702170928155
1063.700015894669 1559.9283553796538 490.94591437995695
898.4441803987289 433.96717506844084 533.480784850069
1157.5857906587448 1186.3082877132001 331.99186723495365
872.2892149530323 747.299155191705 1466.48371475456
942.3563264979123 1121.767188278261 1265.4259577683356
1211.755119801543 871.999450069914 429.2501880907215
409.4003924070257 1372.9026319118527 987.1989251992536
765.4507611921742 1416.8883856161638 27.391535101486507
1168.4997553479166 959.3451594453248 622.7007167632721
1008.8914829587886 716.0970428566428 54.74179536485868
803.3694449052741 1054.2303932777875 642.0220190597456
1040.2565835776159 1255.0544525094137 567.8785799605062
932.7188935725068 986.8808404080978 671.5297657203391
1494.1073008924386 618.8156988072619 889.6273332289983
1090.9900919098025 952.0924357233315 302.2491127684205
557.8907318835935 836.099405341685 1318.4584681109964
994.4049080215381 1400.3356859684914 1375.3763108076057
1128.814664331509 1175.0350648438177 8.87847035252437
1057.8008018543767 662.0868880983173 394.3178135324012
899.9123959453689 928.0992016190007 207.9496357574308
976.7693419386002 793.3272799508887 235.44465300177436
920.1243786475327 872.7768770656869 1324.4524287261956
936.3164556945643 1522.4122528211983 624.1418034726084
1059.5036177557752 403.98337392227313 763.390989835963
859.5944263594424 1174.7105922632977 98.31789938211766
903.3879320783049 930.4813960247557 1220.5580884610968
744.4033012818312 1098.3528714663719 591.724295102777
756.2266050871312 1102.3428672705802 1368.2982231274045
1214.6102690146147 1102.3855638238756 1447.2031795083353
1289.750288153296 1543.8628069255765 552.9986202408033
1014.3604201706347 1016.9939365848519 1103.6576784218948
1097.5589016671977 1035.2638826065227 1292.276751075729
1072.7370456820577 774.0656349401247 516.8124050233912
1632.1760381735385 734.4165884873519 1309.608502087761
516.179060988024 465.8617760110011 567.7465536959095
1138.530310748607 733.497098200528 1176.347893507398
1128.9981835138797 569.5603299001244 88.79746085427604
1036.5163801737262 741.8402999888847 34.12376045306448
751.2933235305209 735.7486500512507 1355.3503859314387
752.118868313666 405.1328767715545 16.528891515502686
492.56332181341355 975.6928149360024 656.4539060319017
1517.7004345396704 1132.7106139394893 13.043402614266341
1008.943079724424 1128.8510363693922 1091.0987758646024
708.7145344905734 1015.8335881993107 5.2301079310015925
973.8331107370058 588.7254834559542 978.6973533684477
918.9370902783284 815.0527983208239 1464.3400356100765
956.2893650151291 1119.025050376542 378.3281218378052
466.5077673240654 933.5473571758167 773.0571152664593
938.9605217862669 601.303256184266 1121.5825657432306
894.027885535309 983.3102882464386 504.9484647869613
1116.4391963475025 1202.0583734609747 185.70354712261783
1494.9577803764082 989.7586222918912 1383.841605024814
1603.2798758397996 1218.088309890834 361.7878096072162
1063.7615485365775 1619.7383340715314 1208.49417182018
1225.2482790757829 727.4398973259651 465.8110477093405
1240.3129689483897 1005.9220485103182 1101.0573717068037
1208.28726119213 1225.5720109257732 758.4426807106337
1175.2708030898496 667.883000690757 900.8557330956633
1036.0861426148028 615.5910648842917 1037.655730589673
980.5684204821255 1039.9541347502407 810.9898560585359
793.2650612506084 1047.012094493082 1189.12246292197
1205.841372501596 667.6768102451099 381.1138546802376
698.4114949764224 1008.4019263357751 1413.432082885952
1092.7849421921615 928.2783278208992 489.24753796635997
1318.9866382880568 1051.9371620770382 28.748169950455594
675.5466377109581 685.4326998907309 1360.8030307413867
979.773508097111 1247.4590782746127 389.8431548962219
1128.8245353663528 979.3961828053428 46.98115747646936
614.0167470959625 889.8233603014877 1016.2645734742492
886.319111135871 1538.0843203656736 487.81840172672116
1221.9808366848038 1144.7737531778237 615.3567703178084
1368.57066574403 827.1351703301895 110.0149875075917
915.9356876427845 946.4736194020617 755.6581831027901
1026.6771772944019 785.2203238880413 1116.3320356518163
720.3953357421358 740.5336495889107 330.80358864925995
1036.537254535042 1292.5591237388812 1276.8700970727393
766.7359029271862 659.7258808155893 1363.478691475634
813.2308695334314 1079.8197834501348 829.7753731229806
1122.165714937502 796.447906820848 387.3271796827198
671.217168976927 1232.994306902579 474.8170137952653
1094.273050836817 1041.5456037638846 607.9853605926654
700.1793458658524 1006.8479416376163 821.1411543113817
835.6765941177256 1252.3540071767468 126.49411877000105
930.7267872281096 757.0683733456733 1315.448520505903
1230.4998351859529 986.0966102852369 726.5022484270593
1501.5076808214385 994.7835274125646 1434.994613192821
1158.797181113784 906.9163260908543 799.8157967645674
1110.6932484118959 997.2414418634704 1390.6840190546181
835.6579216211175 647.3841039390597 1250.2507514526887
792.1252050463073 1013.92620019527 1092.6273575478351
477.1439311990184 1099.0190677133623 176.28498085255902
736.4205971537829 960.774019572169 284.427768947407
1190.2904538390476 1172.356822274338 799.0441322273772
1414.5431635795944 1222.3734113345045 200.1673493807523
973.6865247050097 1123.193803088271 506.53499109687533
726.9203166394448 802.1538529428166 1432.0009665436144
1016.4164394388824 647.8681470400049 1249.4613290861355
555.0875231987156 1133.2384609914272 68.05692708762318
1288.8324627920247 1084.6133199814249 106.64886339766817
705.0585720323961 1142.3210619959211 567.07437171295
994.1873500193809 780.4705819967434 871.810927492378
1037.9602871513323 1148.7965267344678 1184.5988813726824
1308.5673965731364 1111.1743378237793 481.9932415597003
891.682369279672 880.1725059223187 793.6254599402736
1000.4484990490272 934.4167424482267 796.2075885734629
688.134357090677 749.9514348623218 169.21768723158303
1334.0280970760723 724.3843022851107 222.93772388119626
927.7290371001416 1100.2387105214423 1214.4678070933016
990.9668603882716 1044.6789326522114 1221.4799224027897
696.6325048172502 1040.2133744829193 33.367948432751035
1006.5509558959061 1008.3168858583467 210.00762014460284
796.43079004617 892.491218168746 74.42514447906117
948.6609997190201 1089.647924933992 1051.0876477209122
1007.406854507804 893.8595302171583 1064.5877005130062
614.5868155334896 961.571789080933 1471.427169482779
1008.0282729540618 836.9791868216539 207.98868621796268
1357.154365216631 1388.6864251665515 170.36316315491212
902.9578977688914 896.6613412455658 1213.8096054170462
1227.311568685525 920.3222699731292 163.941760141593
285.076233118818 1137.1035418825945 1355.2045408076083
1525.6698072445809 924.1518207471468 1315.9039727627696
933.5905004432846 744.7848780169395 251.93913379288296
1330.4516149648175 782.3350345540888 627.811114480807
695.5207494726994 1382.0451263090179 710.6112208644893
632.0760130199183 1023.148006448671 1111.4424692085106
693.4725944880884 953.0466377105635 243.56942360791655
900.6884398464579 734.1058723997031 899.2806452939069
982.3522204610797 1016.2340058406404 256.2864103128653
1006.7318854988142 881.8012360733151 168.16141251887075
627.680138757461 796.1077194575881 702.173371519943
982.5795003157939 1357.3641264577416 756.7919846043166
1469.0694135651856 1097.6601964664578 641.3641873479432
718.3855776845111 1133.6615331212397 1103.549602392333
752.9471660189552 1066.9390522398126 1228.3646251776602
1102.579034440655 882.6671404568956 158.42187404603953
903.820534870866 845.4160631567752 148.03629380980104
1127.89836015485 793.1126735404846 192.76055420393322
942.5744060465252 804.6130424146937 1258.4316184947127
902.724822541774 1151.4143535599342 343.2641382285038
987.0215766917936 1091.6264126123956 1001.6135382275995
821.9774843818009 619.0704680075706 926.7551234498864
1382.8622018926833 1137.7560080402952 573.7333754146314
907.8735883285121 1293.8464601292633 212.09201647438104
845.7441071945246 1043.6568095644193 689.2937914124236
1014.61945641499 782.6620542932279 141.84094354189907
1065.3316897291838 1158.8807278203742 1081.693789009555
781.4773999929986 738.8903836619215 99.10343262395416
461.3855669516822 1133.3905817837103 1446.3424832772369
1162.4906583195877 1200.7649976627795 355.5129216645637
607.2793092946304 914.1250460756928 948.3152071953879
1326.8184857468868 1037.1122341329005 150.9642677856578
925.7710268993993 1127.4524469130092 1168.3506700673202
611.4588450413836 610.5164124696391 1454.9559553608449
592.6378367515083 1145.8669528127223 1132.058748117188
710.6498704040882 1281.6705820012605 638.5888397793614
908.1904245047109 821.9647173714219 1466.7829380425108
1067.5699020002412 1009.102281126324 371.83553198724667
1233.6836534019635 964.3720874898169 450.36567719931173
868.520259440973 995.3066899731364 582.8028710677661
1151.1848783605526 988.7940004946408 1108.8968885534978
729.2122309443193 998.2302997425063 467.05520625613923
970.509603822734 1106.8300218326167 1460.6073029522288
1369.8656522474232 799.9356847193434 1157.221121534056
1103.6186144313876 946.6292082537677 1034.8739391756417
1462.5504086930164 967.5092652061411 411.1306875917541
851.7685537522036 722.2689684856307 117.856904577206
972.9269725360302 707.2505924940378 1360.3850953351632
1044.7611265967369 1134.175500853069 713.3545306423778
961.235143309161 1121.9635661800262 259.75567319535554
819.9943621922255 1164.1816856910941 1124.0192468554283
813.564278812818 1105.6320860777153 984.9155450513055
948.5544320424466 983.2310734182585 708.8239880237651
761.1786700482344 997.2515257438524 978.7555329841505
795.5663541439762 1041.7887809236265 295.86445339147156
1411.5831997751113 712.493175635411 145.71398599363417
