600
1110.69193537084 974.7189761936248 15.375461305119076
1146.4592180360796 1331.0485532908917 1433.9432069541595
771.2744947895682 1253.3837613810038 1414.8084436340928
860.3743139674082 649.0880416382913 1230.8157317795776
824.2062276865848 951.4545153104434 645.9992030014449
987.0743757355248 696.9696440853586 1368.8179512534725
1007.509816434136 1273.0725997987015 356.4163791531145
1003.8209703297327 1399.7790524666743 217.35834936000825
914.3836770489384 975.497095769435 95.96078244935646
1058.3668424844132 972.1089424026751 41.880275262605124
724.815505293222 1095.114913302616 961.4805501654271
980.7264567368212 911.5235431409615 1480.4750515641938
1278.9115635679796 1616.9133011160948 819.4958877312333
1190.8047830366547 886.3007604319515 259.5064660324307
912.9228132104726 915.0933400330497 1148.0099199756437
1153.9255087353304 828.5608211595504 1009.03433973401
930.0070179178712 632.8956540265397 259.8094473051114
876.441635950133 951.1143972196741 1435.342389597589
1257.971214493656 1379.2819170680823 963.0120606643262
695.7022960657183 691.9531292163342 353.37864038968024
843.332731134353 1037.393219200327 483.3722447920941
886.6718909052131 1103.4536256395313 245.24126927996704
947.0814540460309 1140.1683715393538 1416.8355264283286
805.9697380103289 1024.2130501652375 1410.2003507626557
901.9413231821479 691.967582358372 31.009103059545406
834.0517908442839 959.9156924705389 640.1154244023564
750.2379594345538 1170.7961052556482 505.4736035375798
1046.4030786744174 907.8245700404661 1443.0283529541257
876.6133892604284 1149.9911539912025 1300.7742409197228
933.8591088021269 895.5460417435282 1472.4000840179574
1260.742294029582 854.8519897995986 595.8568706751943
853.3931460284514 1494.6295519367268 691.382944982031
903.4264451778408 495.44778031919236 576.4521164064475
1237.0387849685071 908.001376318203 299.0959893465372
382.16999213318127 1137.012231825166 796.4548030674866
1023.1923668859752 1026.7463991581355 1453.7892199189928
994.9359729146547 1165.1595989024581 558.5064379485334
1280.3295524993396 936.486413695451 1467.6177493311961
1302.280337611767 986.4662226873028 858.881969589172
1174.1907913974321 897.8433511387407 810.7602894346048
910.5549753774068 1402.5153595731304 1493.2230710012232
1217.019708320227 448.9668192837245 804.8932648642243
926.2417448127118 574.0818265741287 902.0967666877422
989.0638732575616 1169.2179527255346 1143.6174427425349
768.2680973194749 823.3300280874021 544.5746078830822
708.4863690781642 721.1775120481029 337.95159337359365
683.980449151489 830.0890857233688 672.5493042812358
703.3424334559425 1071.100893092877 393.17943374516983
1492.8846943117946 1309.9319525366159 56.589150552541156
1397.672806432201 497.698600793938 1333.936879141117
1094.2492850916105 1050.6539481487666 223.07973450578282
1100.1285700471963 1291.8645691038005 320.28647015306507
1291.532402011392 1008.399459896546 116.44753579065691
1481.072287744747 1228.320833734981 497.59245798991867
594.832328236603 584.5248214840713 498.92007617999496
674.389430157964 929.2895706503713 921.9128031336743
1063.900625578887 729.1360381096404 348.15751792219424
1042.3452386014642 986.8372690685574 861.6301272465523
1130.7415947547445 1025.9320147534336 334.3117835942745
1262.7306374430132 700.1878475398564 846.0268009652078
1190.6558482495886 701.3675678545555 965.7174382371903
1158.8261545450296 1229.708825103603 1229.125590504377
1010.8362932385947 854.1228570150862 1254.1346124314132
729.3443999203342 949.2254110920937 491.221637667183
863.4666540646111 750.0574726015652 1371.7483704665517
1380.1840871296256 321.390056434062 575.0474986665749
1204.5855420925282 910.4764797796154 594.885976702149
1140.178236074292 1175.1495046409561 1072.9129598761137
1038.516713935006 1101.590736581706 0.7444321031834789
1348.7331898350049 1097.3154978681603 1064.8317157432768
1453.1304337031215 1009.9594708503901 931.5206260867526
957.430849886896 575.2316774785921 658.0493550081422
1116.7746947851579 983.2642976547978 104.11493502004487
1290.945999523185 1148.6479410544491 422.5567664866796
1286.8503289704245 1146.4360660162195 116.32576864961347
1234.0448396637623 814.8305745457733 631.9840509911548
875.356878789119 950.4032546347561 986.0809007841701
613.7124083653299 979.1490574846073 770.6842757370622
749.8691590846129 593.525614856947 514.7148378578212
514.4855294066838 1194.386911690409 1318.1267742175949
720.1504075392725 928.6118456130015 111.05554155212727
821.3046012044217 1197.2734375614752 27.901553662536383
552.1778294119176 1267.4334577278837 1242.3112514476704
1571.6387424136042 933.8989888248833 1350.2645112447863
815.9331956878011 623.4228145284621 306.8618111752187
1219.4688162897592 1183.0662102048009 353.2935422136286
1275.7069359580673 996.123468368733 979.8233775402169
974.8684092692833 858.940318411507 636.1642552058343
790.9313102234203 820.9089205331779 967.4234538812518
1116.4924159282357 1097.024616108687 781.8000347247531
1105.866609790178 1238.5875888639025 1129.0615180688637
998.9725410036461 939.2986368427856 783.0681570429232
661.7456433291809 838.1342246622601 444.4376755387433
1121.8473796129547 877.2150702167861 289.0987682093796
870.6494257311599 943.2400752111602 808.4873834978171
1063.9816749998115 941.6687967167053 1171.5137030710234
959.4703018868432 1349.093980159285 1058.4577638048127
1060.397959997874 615.0371833118843 357.59957560534565
547.7608945848191 727.0325174732611 608.9240255378774
1088.1985285325588 1198.63614986153 1409.0483498439926
787.0213624549868 1161.551480691821 1086.8344825894117
1093.2481248721062 860.0440044576468 854.4400802025543
1149.7681914596149 956.925337574816 229.5605762901702
1481.6952908812734 1073.467405294074 1178.065560935165
579.8807668683763 900.0483131585272 67.32722687026943
1074.5824648772277 992.541077439161 1485.5855757261402
652.4068798064724 1030.5263707535942 507.72367319713595
791.4234891459912 1018.8140198925964 960.98287447699
1216.9884929043658 855.6213577501712 329.46773377049857
1114.1287262054354 533.8811124680144 1314.4315884964471
1095.6990234970563 788.8770558786209 15.427481216651607
1105.5890369347092 684.5502176423915 733.7618094057713
1239.7199757809965 878.9748187094375 283.2679128335101
976.3397302096752 936.3061067595196 694.9274049757155
902.4659605980512 957.751941159376 914.3967574419648
1571.280013679917 1167.662576546136 187.8468777315505
1055.006333322173 1116.9676682032666 1281.5461495574154
846.7613887042704 1211.8046003368588 1437.227436985716
646.0586799955387 1274.8696463034737 1290.0428928711792
1153.2341531232587 1079.2218132429798 1413.6552478143917
1127.4701333065104 991.4811097258734 534.5664112735269
1350.4753715581942 757.8520150091066 606.4925882186736
966.5240089243426 983.3437091825781 1134.719806691135
876.9645994107642 602.4026095501054 175.03794269920257
570.0471593687656 1181.1876273944595 1456.5512255933118
1358.0893672527031 948.649993229343 593.1175653305389
664.8619788206352 1110.92026529307 1256.876710608373
1136.1441916230456 814.4386164191145 135.7161146522911
950.777350182543 1336.6853712225916 1229.9118183224348
1176.9432542761685 655.6828809692803 158.24688949089494
1071.335971095708 1109.1502526966985 749.2511292210243
1121.902271565373 851.9925998504494 1399.0589234991198
824.5881205076626 696.9623371584544 885.8429146288141
931.4068388561731 925.6133217519698 982.7906954754334
571.9590205614891 783.9409704192856 212.11554410092137
1396.384232565608 839.3615417793778 985.0309943233909
1095.4080232737501 1264.0280112653998 1172.3056599638865
1294.4208168878342 1000.6476047092935 994.7992044076366
1263.9014669276128 663.0514592534607 277.8975173402852
1348.7937841111063 915.8810575587792 665.513897726791
1131.039428801282 1148.8209230835464 648.1470679713182
950.3720662566143 1049.0119611424993 1150.2769425075976
1112.292507833679 1085.8365969515683 66.12231871871855
1176.703460218865 887.336829445219 332.66200162908535
1106.6379823342675 1379.863855491812 1333.4396555029273
1106.5236266306913 846.8816740490099 837.8539782705643
912.7899511356317 916.0848496579666 702.0069921855838
1040.249276588609 1184.0920210287723 3.4227068396018856
728.5319376453173 1351.8235603020703 450.487933888109
1236.3703571080073 1497.1460760039963 935.7699744243397
1008.1486540183845 998.2534653468211 1012.553854380312
1220.2148879096624 903.7708054100461 139.03677429822858
633.5074829332718 1130.101119027073 574.628749229969
958.5567799604345 1384.2596795081006 361.6475184958202
1265.7897050237273 743.50371548504 1181.9441767981828
838.5149407245059 1051.4160129050354 805.8928706464815
896.5347657126754 545.2288367381245 1433.8690364362942
1007.6160124581463 1169.0547556420122 830.5048617559876
869.9111821548877 719.0333032661651 1221.1575366128486
1130.2933983323285 573.1569052162998 400.93603684894356
717.1443275926399 1014.7583125010193 1230.2998140065433
1068.2427648593002 1556.5834760912921 434.0369396091658
1128.8990937528229 1129.5652244577109 1331.3478099186686
894.9035782091332 1002.9417279204696 1232.0237356616801
1293.7693131307478 500.64374250927216 516.7912738795651
372.5698927255446 1313.9513014161764 1228.1008081316495
1160.152995217161 758.0803903120113 1426.1681234801604
1117.7453617928238 1153.500819775026 396.4202991247879
1169.6832090260089 1110.1689857837277 21.950373035273252
1114.6622053469353 780.1075226314372 1419.0607952395126
504.02488148043835 1407.6371761433504 1025.1135877757001
1351.417563688894 1410.0992565917495 1180.5864617980465
693.0903933776901 1083.8387889863102 1451.2470761435281
1479.9146190200322 991.9337259153925 405.4872935709887
912.554497260151 962.3076973620223 748.1932724446872
875.4273109457458 947.5450607339415 921.0073146140467
955.8076693615745 671.4034194590438 180.64421774596252
954.4781933802132 845.5329381604056 226.41530634286323
1187.2605478922378 1131.7739519819063 721.8066794266955
760.097079450716 748.1822987527323 1396.68153166317
1037.8464565811546 885.0132165631854 1309.9335287149631
1363.5201727288731 824.7017164195788 10.51537544435055
812.7020788686893 1273.3788676742997 1138.2329852447845
1622.2103361737381 780.0750305541708 748.2276496773427
951.4760357341263 443.6192006402471 678.6766120707414
760.1472078192393 1194.6373721137986 230.48454306162054
1364.3173415005 790.5228047547721 675.7945432378123
839.9917177511411 1075.0321660916204 641.1648608721342
833.4419941810313 1177.8646692787129 543.5979665798646
1126.3009188841609 1127.402238704408 696.6575710708929
766.7210320273737 795.2850995891083 265.6941459692364
874.3735587380115 660.3815621780727 1199.6292256882207
916.9275483608261 861.5218018972665 1480.0837644468572
799.2363687118332 1285.4653137709902 197.96844664194197
952.889300894662 581.7120268343092 629.1712277592788
845.8334271424652 1341.6663907327315 418.4593498760248
682.7921260734522 189.73166946890274 983.1012867203023
1091.5090038034755 955.9159248515973 59.68435736934197
840.2647147775555 676.1291742282592 651.8640766403685
1129.4963519818052 564.9039342952547 1263.7971529549943
982.9317194650291 914.2871921234914 8.21271540873536
576.9560722886648 974.7362975649812 940.4580525346041
1267.2902281158802 1539.904290394649 603.1697628660168
1044.8084977362014 909.4401757580608 334.6889290217816
1027.3452490761238 738.885018369429 952.644956760145
874.8377470970111 927.1929860696657 1476.829201398111
1073.1043144424768 849.2293844975201 1007.2424397342552
1153.8438234670778 914.4410541621974 646.7424581576042
793.6283643122265 559.2458989703471 981.8478542703709
810.5002213845846 774.8794123643739 133.00304413956027
1056.1080297717936 1339.312763982194 1136.330938830613
1036.515689807296 1054.2152446948066 886.7911858418647
766.7339286292078 797.0459775294107 509.1875755383119
762.8609407650781 1210.5399223070065 645.2669848387668
1030.0271098935254 1053.6727458267806 1143.2940390458318
853.8183995226497 1219.5882539601712 857.2377069236328
944.9188263051594 868.1682371557052 927.147781539299
916.5119631279543 714.3075630415783 410.09414364805224
1146.8639011067582 892.5055084082306 864.8560187600577
1429.657211400718 884.6060959109394 136.36803646583817
1173.8175215411493 1265.168999221976 20.969372894832027
1240.6028019228688 926.7161355453802 505.15328957903034
1169.517454975468 961.2664362731155 240.4050602344468
537.2851855712827 959.721406880273 1161.847174032709
640.834048485621 809.7796278003983 101.80783683004502
1078.9097718445978 854.748926275764 846.378972797547
1309.3989727763874 1247.3033883222472 844.8878374853398
684.0896572994035 969.3184653667586 923.1750745418353
892.7825644926863 1120.9801306604288 936.6625783108494
858.0732805855962 1127.9346609074657 173.19129948667262
1358.670655702631 1362.3184763755148 11.767170241724301
1166.4979108887385 1409.7118110323997 792.1731893859951
891.4324702618463 1001.2088785402304 1336.1780137981516
665.4241810708018 839.7307904048395 1365.2204307586699
962.1804669953419 890.7054669850038 952.6828453551011
1069.1473233216764 878.2951362835568 372.0924051410599
493.40319538352963 1132.8034926773048 23.35047573857596
1738.6424746738699 976.5330593047549 1248.5792192570023
961.4103101007377 1250.4318678959658 168.46289028607913
1163.8493971615205 1499.091529127554 744.0652260560363
828.4163062581586 1200.7744804067274 411.40532304327564
1216.87153562858 1135.6676391377737 790.0986585070393
1333.7097018997351 864.6805965221151 215.96044009766658
857.5789752970747 1451.4961161897636 319.7226534935673
1285.522101608232 1256.3021440021373 412.9549251811254
1172.3904524656925 1288.1762243352641 609.1503476996966
1303.9291099492175 1049.8932312724367 559.5276211642379
1251.652670540435 822.0511860302147 1456.2855849192672
864.6053439535671 1002.2480216786113 268.79656339147544
1278.809004612935 1101.4310235195471 605.0247759280115
853.6198038134501 745.6219791463514 994.3000800676061
539.2051732585817 1203.0335554011308 1488.7943545786673
935.1629027400825 1003.5062418534958 1483.8734601805504
1182.9648860267491 1154.7461202363954 1008.1060786921909
1001.7439858509205 1228.9754220141826 615.5401589150592
988.5623294824047 693.575375640353 835.4915550131531
1254.3909481604662 1231.2485339290374 139.3260618170834
1225.811393060668 1478.545515611816 125.87361606038239
776.1083092978553 1081.5684535279981 792.3867049407328
1168.5083771200207 931.8507910851704 443.89425447543243
840.380957283817 1242.350049179024 1484.0575514551795
865.179043877297 1438.6364577650475 1112.9338041842757
1010.6967769879575 628.3675802002828 798.0667524767106
1322.7650097003889 683.7422457947841 1420.0257933066491
1081.5837386296234 411.1630824441953 35.06438322297728
686.0168831671781 1445.0164151504703 1389.6939087740623
995.1768571502154 509.0001708091426 1355.9531592506396
1018.7040451597144 1097.6189157976476 954.1073152065395
1114.4940449880846 1069.2789130221897 743.9149772475021
1205.0550557753543 592.9057482259468 605.4585858807156
496.75509111250483 999.032551870619 711.3236497227573
734.8545756793648 1037.754517726759 416.404841972992
1284.6319399212384 1131.1914768294773 1210.5330226752026
472.84406514512955 851.4784031225075 722.498720657549
1119.9523129942017 1150.5780019112574 1021.5183509589386
1341.6171552428395 1418.1630741683111 1166.3300174044196
1026.092164631915 824.649263977806 1198.8847909716005
1274.621276664779 1154.7568529400223 1194.9962403387337
1195.330611373343 1095.8215097348907 25.78923090901436
1176.8436404077136 824.7777633197923 1297.1652393071276
1103.0237377705325 825.8850314004114 115.43212506147377
1188.259483224014 945.6417267750237 923.5911574136204
964.3601684560936 1274.9046071877913 1107.0078131164519
1392.7309919817408 794.5444637947919 448.1705400428507
933.7492409449819 944.1458143271346 144.85209561778967
1128.9517929987167 905.6208202502759 414.0459441254928
965.6980027129201 1212.6788053306511 876.6660986380243
715.9753213146033 1320.1893291301506 231.69843899426846
861.4604228703531 804.5652375307046 591.4104724505645
1142.190501445768 1417.0691239136602 1225.2005035268278
1557.1803695847443 1478.1622646872913 1347.3792756752932
1321.5026688996381 1170.3741634017647 1185.677004121893
1102.727984443252 1195.1371044792008 366.69631661469197
716.0936090007652 1158.5935341373495 419.867546660281
1035.4975111370445 978.4545734355971 688.9344956511658
1193.917891183409 1620.0391347859518 1054.711069407073
780.6588386615324 800.5266208895408 121.85382045409632
943.7385639941929 842.6859495546043 279.7880484177763
1123.5920475099347 1334.9425628241904 1365.853397014237
758.5579557556977 608.5452825617318 1464.1955786905864
860.4217339434399 954.202544780501 755.589542752261
842.7910608553357 1218.2363091911527 1490.4458536110847
1086.7023796024475 739.4255559947688 840.2561708699135
1450.6766489451843 1001.1637048711468 1338.1953121072263
645.8456131338886 1205.6418816821083 835.3807607689495
1455.4798214604125 1384.7773651282166 916.9602141824058
839.1814027470784 1189.8061977974648 625.1384005499443
873.1080203634467 912.2290601971652 180.68389916124733
1391.5145008318439 518.5888783012399 741.553864594942
873.6294947779511 838.7498825706392 1036.1326115496993
977.4581019571647 976.5909154053207 905.2524405733822
1302.692449392584 982.1060428489742 458.80418701617936
1044.2596985040116 1080.3368920645426 553.1125318523509
662.2476343551311 1243.2012651744765 1338.6733118842255
975.1439496519997 738.0655273708614 1416.6642258524644
1002.92456583115 1088.9754289070763 374.7057387070313
844.9328970685151 522.2104576450135 1120.8177620718816
1063.4557673320003 1473.3654004780535 337.64857926411236
1015.968806189789 954.4739512275403 1036.6752893607595
814.2693454950744 752.6103032855366 241.78209912430376
717.3687717085239 849.06739457547 685.452218580115
707.0596175823405 868.8940931066254 689.4950813661998
814.3802928412501 999.4535846884833 391.39073794535045
1199.2628678046465 835.2956135000655 697.197380195959
1154.2862003231746 702.51256353187 833.8799869729189
1178.0687820498988 1206.48366111449 787.9869699887537
912.0660506160134 864.7839591314441 1168.3686250950223
1275.950978455419 1027.620963660348 569.6410474321299
1184.4153349318276 453.27764901892795 447.03995257395826
983.3650787882195 892.7395542753503 453.56235588188866
1061.3567448390536 993.8159479885644 1398.7741925903786
1698.7211632186595 812.7899478299327 512.9918359966844
1064.711001076509 1295.5085105536814 864.8260806930577
1415.3981768660967 1320.896123424929 98.15149135982465
1018.6705710749367 1365.914443343222 797.3674993820887
958.454912288606 806.428348995298 1498.261777892264
943.7024491658386 783.2602659548927 224.4391681556946
1504.0581961328442 1084.0537197537285 497.6734496981501
1451.9025115489246 1398.3244640564471 987.760241020255
1193.1225887652624 860.0766762607689 1176.2615594261536
1132.907612023151 414.05415621859834 35.829751334395475
972.251857908092 893.0372449522038 702.7977315101471
1125.9201358721243 1198.2704436437684 619.035669199252
973.2814312819852 760.572627410129 1383.6772992804829
956.4113108540655 1049.5540782198193 656.0041536732438
777.1125086060011 1412.4237747637349 149.41760908095543
1401.7823990414527 741.4347702083322 877.4813175613314
967.7173503595161 1050.1994334292924 559.8336039213067
1205.1412418594948 890.7457688227672 836.2219406590026
705.1496492281756 1188.0900312828162 381.87869845399445
971.4940381871709 1302.698452844996 747.4709839291326
1325.300691978577 750.7750922912028 55.62118268701466
1046.5643122158554 1181.1918451991135 1496.2218352452428
1238.389537530629 610.3983503346262 43.75206884874866
470.1471781166167 1226.5894360943687 391.18100359614493
910.9178327613278 528.5427774080888 464.7812969767646
956.022501225306 1095.8391207115415 509.0894598232641
967.500192537078 1100.979156984933 1375.403175769362
1009.0179018318345 1435.6481291083035 258.90767394847995
1008.1425865212826 1310.6560204354616 1070.820064428523
829.4606148001227 1007.7924678960297 1023.8259899722395
772.1328640855194 1504.0075279275457 1212.8756856550324
994.7545416126771 719.0381054683066 1350.7955809304674
1247.7262300120608 997.7739928685143 433.5875467274284
1090.8666834984274 1301.8810302653824 1267.7174661317001
1041.3404014190708 714.5042658124669 1430.7292165788497
973.7258379083548 766.0099423401311 1194.011501146214
1097.4748613328013 919.4586779184145 1327.9930247908544
978.404500951591 880.8323568139062 201.11013103138148
853.3911945620404 1149.6332988425206 393.7365875907229
1267.8277093578213 768.054210936035 466.20759848912337
790.3504282041271 564.7949238927629 141.98518703896073
876.8456695469355 1198.3022714078097 526.6086360289074
906.3578607602763 690.2255335813913 1211.583641430619
733.9860978142391 556.3050504269866 1247.9787015729337
890.3783201664631 943.6503157447563 1131.965866808042
968.1303215168231 1035.5247878075006 930.34855320394
974.837340382043 1256.2321014390154 1202.3795878611547
905.2485371674421 1126.7743671406906 9.415107709353165
693.6391756102404 1283.6167688847802 0.34644233148151127
807.6055773525972 723.0577829650285 341.0208074282996
862.3317022227774 1217.1098818195458 676.6385859503665
1228.3473312927247 895.4057308605994 1133.9432436230802
992.6986624951373 929.3722366588524 581.1904473487601
985.0382189063445 1139.7499643524243 1226.4024053996209
880.2357731115461 1257.9461231802202 144.31993799190707
848.1742172887896 1444.8888613904462 1051.7075652608517
849.019879376888 798.5718825362992 693.0364090751252
998.7393268481703 763.4618491117866 1315.6216524172003
1047.81350052146 663.0559715022696 235.2516991171104
616.5466564998392 1144.3584067218592 126.54653362933888
720.3041223240552 1273.982568848879 510.9575830400056
1218.6881138518654 1092.0878183921245 687.9701100911673
999.2251057672534 1139.5877968529078 1494.9725738656662
1144.9918596084333 863.9716401330247 382.05177362665074
1083.600978777151 1235.2054722679798 889.4268153592276
889.531898183048 946.1331655729683 1413.7418810265287
853.923560102962 1113.0031766636096 106.13167693416902
1303.311560774388 589.7797712030176 395.7713576412851
745.5811856839481 1254.2858857769909 223.43212894990876
982.54419845474 1218.1456123330531 578.4149987517894
951.7714118656381 635.1740499991188 22.368907609048307
936.5376517584538 933.3484308818851 973.4496823648077
784.1103917004357 969.7957700564614 286.681338048231
1253.1948423474003 1072.3357482037889 336.4883862173004
509.4731077354112 952.5873273148054 645.400702430829
1133.7850215085048 899.0631802636155 809.3560532573601
1288.439010432377 542.5627033142374 1053.8120279719558
1195.676474403208 1054.3840424373227 1108.7924674616936
1179.0320897606473 785.4313747387741 565.2672769027104
1307.2969951008836 839.0401651719989 499.2923543986666
746.5938376082416 1242.9283228310699 421.66641694445104
976.682185530605 1105.910018725394 1064.999409290706
1434.7588570679613 868.6920326335216 867.7271048129338
985.8022076480154 1103.6541892020562 282.97485681729614
1026.133393775989 934.5894527337281 670.099593393152
870.6447451997877 957.0284464799132 1352.4352039518087
1146.2098953979394 906.2642538103979 799.2978568577624
1310.6955350324713 1037.1215115496614 949.8889141694076
737.2628680420662 1159.1214792993658 96.95879327901724
1016.9909963037494 1222.505924335404 1224.418539493326
1136.0414875848403 1316.184930388426 1470.0510230314308
1080.6802584144511 782.9058937301149 589.830915558545
1333.248170472073 1194.9908329761754 179.90196569703048
1000.0112538276554 1239.9892227727487 211.6386895014441
529.7418758069107 1110.5802255753995 994.2420617584919
806.1261420127787 492.84498149655565 23.71633323380068
851.0395818979409 928.318072407932 428.26935218994265
1284.40136663608 694.751208305358 51.345381194740916
1203.3973251546806 743.2700827743095 269.3208712337408
636.1918222059874 922.5762348340543 893.5852852554913
1515.276250163002 632.4704886196155 1433.1257339061342
1068.5166083353438 1149.158080797649 1410.028265612797
590.9073318392302 1418.170562707236 252.86380736756826
1099.815035434231 800.6028987619484 1055.7030059911312
1356.7006144224615 873.7874433803604 1131.620601041821
1274.860270238799 795.9537723304118 222.60563203807388
871.2335419160574 1417.353112050927 1486.8731470546036
851.9779477660691 838.7506395717464 1199.0171829560547
1053.445711438327 1215.1754796040668 215.3432247479009
820.7688877004884 879.214264424213 892.3857223298739
788.0749551363258 717.883988640878 1465.0593428616717
1358.2232236437803 1019.1559133763008 351.4708992722989
1015.0100545626682 1237.317357952355 580.5040578784555
1266.9091264928657 991.073021803109 427.7975034410644
1113.0701742264914 1141.2036145693723 1374.0983196199588
495.07545961155665 1036.9633401491512 402.7205538617912
707.6336292411349 1059.2046331301128 127.98872996835465
1145.3333091601344 723.3803088214925 295.6440049605389
1013.1450615154721 1170.7916705222187 823.8627542814012
920.5622551211695 1241.4562997876683 1220.681436836244
1392.755814990319 1074.9404265429641 868.2547151563557
826.3565657059553 967.6604919393307 563.3408118934038
539.2574764814558 848.258991129879 210.31994610855614
798.6097941425778 1429.6345689661564 985.7211468461682
1216.823072298579 1124.840953639651 1472.493528143568
851.5194601202727 1355.6801544147668 1428.5492165930928
1187.2183879659267 942.9709976624941 837.3026445454719
1091.2065191092752 1312.923320516337 566.4191847788246
1625.493069084745 927.6357425350647 850.5354209883657
1075.3372486904661 1196.1105580606952 1429.4133377437759
962.0393222610148 1235.6130729331276 1304.6827416344063
1304.3374760953518 803.8252675867857 225.979209377072
818.9498887417415 1492.9284074373354 1082.2150994902368
651.297539519707 1198.8930046748164 1008.4052567987152
1129.8649996348827 1011.319835988699 1101.588678936846
994.2853222590992 1122.1419386608497 475.6403263772609
757.1308306822423 700.0935299061497 1492.9429054818404
1296.5608515010804 717.3920746611134 228.77771234271654
657.5545703715816 1212.8081938218204 25.8358844122335
805.9892597708313 1059.5933332969996 597.230250771414
991.0708617812943 1036.8171600214068 1057.2307954390046
1350.7060865435285 844.093587918358 207.06930457302713
296.19377390032344 1189.209632987278 701.2003258653899
1081.9710971360946 1024.9424808159417 1178.3303473753424
901.7193320303234 807.9925732379181 1217.5147704655183
759.1108767138228 1144.5786998603598 1096.0626445778814
1199.87428162865 1008.2233017402333 880.4125644621656
1092.1040230620986 773.2228157861653 551.6748259938153
1076.4950184779223 1057.2848268482765 822.8709803842934
1533.0911901000559 987.8232974091279 472.2055068737171
1257.6354179958114 695.8509335298041 1285.6374161879073
824.507806036403 740.5367628120098 242.6252130769307
783.7758658773331 917.2293745226053 23.11220601118308
747.9169841651037 1035.8994031157952 639.1636648120165
1323.4283561204893 728.6567452763773 21.0389595395713
749.692604566962 699.4968342996643 1164.6100074530361
1266.9777814265353 1173.6368617417404 307.67635381648165
341.04779499088625 1052.8382746821703 922.0728848315293
993.7412748762366 1483.0252758923227 837.2547830781922
1433.6305186514744 1085.1323611219675 655.1196251788425
1297.9479252059755 1346.8593197745936 866.0171506222015
1287.0711644133219 669.9358741484712 573.1797120473017
1130.4317526247544 908.1935729027094 1229.9269069514141
1088.9682894921855 1138.2673370270786 659.1335738221456
1433.6107719569457 1133.1989280277862 307.30269065571935
985.6441539700887 671.3692522203245 1088.2184183405582
1009.0789253953986 1338.2318070125261 413.0295268813649
1349.3203714364163 1177.9679587121982 1483.747617352372
688.9029050352208 932.1815993406976 94.64807752187288
1103.2633226936568 764.3947926685219 488.19074243729995
993.6342210200143 1160.188457148386 1157.589164714277
868.534188031115 797.388241409092 663.1191237739888
877.2739496064418 692.4930467579024 991.7844470641975
1074.1867033659414 1865.501017899834 1294.5655465650095
832.6410046684493 989.0077239558218 713.9902846947567
934.1002328797048 1113.452562091439 1170.5139062151552
1342.7780168247532 681.2209569630693 857.0580275278918
1121.933094169778 849.9943338586176 1411.2612745771614
880.5780717805002 1126.6840426522513 695.2363498538909
894.078907200392 1066.0817923420825 867.9907189860006
1014.0751516505546 827.9872737708065 229.10349023315425
1097.6635126217814 1331.235592499465 1448.0623567447396
817.2766901800541 1036.8526112403704 764.7815688452378
731.5547195809576 975.5385609885906 681.6567435804512
931.9517467098397 929.0362039124194 197.53870823016007
1229.2315898949794 858.5367425963591 754.9723521641766
916.1502602667852 1063.124052204386 209.0880411740566
1410.9858561044912 1316.5182497044193 100.69543468121806
1140.4188631341765 771.8198244210262 100.33840307466374
1076.6343068935253 1132.7688344365176 1256.6526833289556
1017.8241167353073 1027.3327549909689 862.6284607126508
1395.759896435619 985.6552922808368 242.7564092788111
1183.667329191589 1059.7643071927503 1340.0548553690828
1226.9432629701173 1064.9192897752396 910.238433749699
1176.703981267771 810.383758527463 1334.5917038977739
886.9038972386151 1166.0020824729213 108.6402810185304
1165.4580187249817 1191.1815864732662 72.27572363125961
1150.7840625969338 1155.8056126986721 456.7716098061678
1256.0746558221645 1129.6190006965546 1352.8555085854491
726.415867263896 1274.9385294863105 393.56509437981185
479.81569332378524 1466.5186758384857 174.25217316536927
1160.605875240172 1294.9292014347532 1206.4033911526385
454.4518425764594 791.0683019745109 1194.6185852724402
1283.7230859607052 577.3296340699262 1028.8519895822017
1733.9535103721423 1190.2585510951774 885.874046364487
1314.508858029395 1205.073802398024 373.19695789305285
887.1177941397234 936.7770459603421 162.24271614888468
858.9496224566675 1083.6280551521293 516.429838711046
1274.192753681673 803.3019646778439 1264.3972156816317
489.94793032657134 805.4742254730241 580.4580425491183
1162.0049607429976 809.2118419359924 1109.0642166145803
1438.2716649928423 765.6415198415094 272.21547807340346
1094.8293854164338 1064.2385586067435 606.0669177191601
258.577216352752 1095.3771015209481 1193.5303871931221
1515.260817916441 1009.8391104343838 337.7050969660425
622.0513169536192 874.3449201141951 736.9819318804191
1155.3110319936652 684.5571861265414 1271.0331765506048
1008.3705394131591 1344.1219681531152 74.33591708811716
937.2463254362211 1292.6948010977974 788.808581905539
1156.9478307635047 743.1581896245416 444.08407958729356
1092.558423572013 911.8014277298901 1326.725807197601
613.5351952990513 1075.3606335243878 246.33381944080517
1090.456351127249 984.6984989061518 1371.681614632137
1177.413840886999 757.0702478283818 1143.9627029546314
999.5252411089849 881.319200635653 661.9838699884832
744.4258507074952 935.7199413949032 1377.5365194235285
1286.4423369210217 942.5710562087427 173.20514196159874
718.0159712482325 937.8957515093083 855.1532256284282
1178.0960683251262 783.5030466506986 674.813103053717
1420.8811563790557 481.7667235209989 181.9712504061239
896.5911782977048 1429.5450286407108 579.3359196185351
1029.009029059365 1206.9974110947112 19.28246393911781
689.1173174191936 1052.1736822575667 1435.2483799932559
1272.9008595942948 1274.8892304012647 623.4180925624463
1147.161838882291 1196.7976843271551 1121.5245645119548
1063.8855928271344 1159.4350456442178 1412.0102850720164
826.0139409594195 851.0150250579516 986.6729052251757
946.1869498244762 1379.0818057701083 741.3056856534945
844.3414315888413 1079.8550887759552 1436.4248756410636
975.8511302534876 667.888173864336 1334.3297697570185
946.4994337785432 1066.9743332415123 711.8195764896573
1275.6234544835215 747.9082019941934 357.35719715769295
1367.2007825662554 1268.1279889676894 807.6581935646399
912.4232443412842 1449.3198180341778 76.1254508857545
1091.2231257068863 1096.6852768876054 970.5978516412298
828.1338991519224 1179.7846202463786 864.2220240618736
947.7397257173084 1164.438226798636 980.850402939798
1223.1322095909636 1658.332843645098 1421.469061346048
1028.848720912929 1348.4715549753896 1008.2765920106972
947.436847394408 845.2076618396381 294.18197375195314
779.8698442370403 363.2548176901373 416.6696215743324
743.6195447801161 946.3568865333069 313.8849157173859
900.5268160138439 879.3468646422643 71.84711434133672
1235.5912237810912 1235.9957927542703 1308.5645666132234
1091.171509002917 794.0202216468267 893.3594319645681
1129.2166533858913 825.3323030694708 545.0286083895293
849.8825208407409 1173.7990312068137 1362.3379152385696
773.0810491678358 787.8858061852644 765.0483999462655
1325.9638197842319 1122.8130344647013 14.114962880698245
589.4007786873216 839.2926732838945 1236.9210009351423
1418.2360808834756 1207.6035171983985 953.688260869635
1531.9356165749555 1403.469163366203 1472.957610935071
989.416111038274 791.5950411106809 1213.860409637813
836.1907255445133 1435.7902617542345 1326.9922090541347
869.8356756086796 1135.3351758197787 1390.5386489183577
888.7670683955694 982.712434510073 477.50166728481275
573.1242432382429 1082.2707883095563 342.80293872522304
1075.1105927779156 974.7275391924877 938.9544982753299
1460.6693283182458 1110.2091594392532 555.867236163209
