200
989.9541299345257 632.635796438363 1162.802417937767
1081.0120035351163 1132.601405868117 1388.5271694371684
1137.625659279446 1187.0540903843748 273.79808769290133
865.8759482295407 974.3791523407389 1276.0334065002137
1038.284455877029 882.6456059749539 731.0450292733286
654.269152740475 627.6871005968057 784.5607717902153
518.3516385173812 1243.380962881307 1251.8801667350572
953.4557961670761 815.2466415341172 1249.2098917282897
1136.5610896140392 1087.368219061873 467.0486424483464
888.423491149217 1296.6287076698322 961.050139230334
759.9317138031148 968.0116917266719 1447.4473379304495
668.3958830290874 724.4785868168444 214.23512672171825
1096.7659838788204 1213.156899308299 215.78982089589144
654.494816410127 1316.671181305881 11.816661296684183
738.4284926236555 1080.681369902535 945.42023092902
922.401764202326 735.576984868449 1063.5095440987134
1311.9381990609152 1172.932474030108 1234.7681144798723
768.8110737738191 689.7876751301931 1462.5672844704688
720.4082654195599 938.1591912536138 1295.3855534602715
925.9666551358247 1020.9655142453292 755.501927004752
1009.0572625193894 1092.8810500716759 479.5315229609196
1168.5039591432353 1149.0227804790206 1037.2172961233025
1524.9402811117034 1297.7539388475357 501.129594696738
1356.0557963386227 843.068807032609 255.37829605933848
1086.0786418092052 1189.0075444048261 430.1316232905193
1094.142560918704 712.5616544410543 708.6194501924723
1063.470938010954 980.6823488463315 264.7028175868545
1344.6180004300552 843.4259477049682 450.4173723013673
896.3300152564958 1561.6448317671482 18.88962612622025
1369.320930807381 1145.8716091727965 332.40843370701845
1089.143125390914 1152.8353420047247 1186.6304638159259
983.4719693344981 926.8577827157843 167.35737901340187
903.272136046634 790.0576010510443 383.0832205357702
1173.9175095108349 817.0682376146767 226.20292740847836
780.5901595484257 520.5080765825375 604.816214038801
816.6936312156313 898.3744633742381 141.66777428219564
1100.3266657773659 1042.4224312812057 1364.0044222228125
1098.5364671032403 1082.970352869999 100.52617320404484
1144.6434747305448 1053.6859543973692 1459.2537744403717
1210.0644423323597 676.2266984182585 670.4676013103873
508.1261229211865 1175.8413866749443 907.5512496748363
1063.6946099294191 893.7265592199703 783.7148723240939
1617.8337609744049 1248.0798609209571 776.6940361316699
713.1472079108855 685.8286772492654 1092.1316335922072
781.6562374268717 1278.960356838418 615.5894791055078
1254.1657199105264 1127.4602527042523 1310.0572622644072
1320.6432667976849 1237.9805766876511 1380.1044382840607
816.0693751222332 1136.2323044853779 1140.5141817689275
912.8094761247527 1310.9893875702357 38.11919510289913
977.7590367168934 512.2817605750151 59.071469591339074
845.8446123417223 1236.9688728823357 28.168210336279643
1150.524950154715 1569.398379367712 1102.411986730735
612.9490745704923 855.4386628926875 1212.2750950644102
1020.7488974000397 1125.0577055036847 748.7313073158729
1021.82947970643 555.4039719173643 332.2323522598533
845.772910866259 1278.4058006638088 1308.7052664626267
1226.3427502976404 1008.6963661235782 115.20835858536749
680.0193080908336 766.5633089986958 739.7540472868088
1096.0763925878332 1073.781142354668 1115.0381370622933
1029.410121284891 830.7172801011945 464.9061742548117
584.1388839747804 1272.2774319379569 1092.2696958669299
1113.9580290612873 1496.8117037568632 300.17917251190937
927.0138953592675 798.147481943218 1383.910051405213
1163.2005723193463 1421.121797289258 1338.3170642064713
1198.7219591015357 1578.607571316013 1368.938353469481
1293.9076533743257 1166.3074200823016 1167.6104907019057
758.0398719466255 1033.9983701361602 487.21881296601464
1002.3811506205174 1061.936617517805 804.889834428492
1213.046698751544 735.1806410779586 913.8755805063793
1097.4810795009694 1399.8167962634086 1128.7353945227485
1177.8313420629443 996.638397166282 702.0265728368303
1064.0604002458158 694.6890697954436 1495.9767359179932
883.2840143447052 1002.8481983172741 1079.6694476979824
1203.19799151913 853.5133648874692 278.83890338346947
315.56638129605835 1120.907246098193 685.3256811571653
873.7884827898225 654.401386087346 80.92470891702003
824.6773606202926 1036.4066859431416 1186.3593449293442
970.7341004062375 670.1396149563257 302.22424079527843
1195.8005557821407 924.4212718679553 1232.6091838515567
381.03099541876634 769.4635844399136 1404.5340335868407
1351.7333006082717 1039.8048316337545 211.49825008454016
935.1085852397044 1400.793933287994 1468.5108764739277
1072.2549669477203 1191.7627041449093 591.1155828047429
966.5118376098044 634.5305401144178 872.1692967359442
676.5676942857838 724.0450708605358 1213.4257751589166
956.0200583112172 1304.3061190242888 824.4741080121647
1346.472944938801 838.7899783952813 1371.8036068219035
981.2185608653899 828.3300584736616 926.6558476371571
1282.7504237355754 688.4553730552905 173.29532886916343
1048.938121546691 875.8123847031828 1136.0948533543176
1165.3505487918576 1359.6970428142008 230.12235268456143
928.0486083794018 1065.7721205888333 1127.8362415942402
1087.8818034975807 930.1403496629684 504.3726187423194
1164.415759576057 1194.8699505529682 849.1713124228261
1080.9910870101592 1141.8559314177521 185.44141816403553
954.8013531163098 1350.943699401923 1059.1244139770602
1091.0802585146873 809.0095950569665 157.7706188577538
689.4532617091052 849.7270938235263 217.9080506418135
823.2489749725792 1088.0192406409085 1104.81369086295
1039.2068654959562 1180.8020379903119 650.3456679842703
929.6403638636122 1273.6307676755948 209.8803938162237
1048.2912886367005 1265.7120788396858 356.7221360472206
905.637646176946 1479.8404878116253 531.30048543119
990.551521232454 1040.2329394803355 715.2119144469413
1171.3876266883879 1469.2035062011132 207.9451172210171
1050.0930501427163 838.6212617602989 1332.5510624066462
677.3366804128351 1028.495149144891 302.85144135695157
955.7235606535651 524.934759538357 845.7036129508726
1025.5491499272234 1025.490348563504 516.0531525588804
1172.3980088096991 1185.0787281736298 1450.655405788037
681.0558719852284 1495.7811797126285 738.4069254677114
596.2433828526737 1329.4715924922455 1337.0346048996657
950.1103147386316 749.4494709568175 426.79680523195935
684.8524844987535 694.6429926292121 789.6201795142712
1141.3573863354904 1119.670609436014 876.9514249692564
845.0870356627997 1030.8701193226534 1316.1375799832488
869.8029600375322 1049.3645272854956 1351.8946554112406
1093.318597057009 1257.5140341354172 830.4771412233147
1037.2059111705842 763.6643923610198 1197.6848666169649
1223.1110167541738 862.7675826049586 174.78850686497321
1091.4361417608768 1204.2227556169953 877.1120132328881
1066.9725916317566 907.6210216461482 348.12011731738556
1281.3065398185308 1192.5352502891342 1347.7048522344714
909.5358587708366 1066.9236719750747 529.8581534976524
783.8507366954816 569.783855414089 815.9829462111448
945.6771399810478 1071.1793735997423 451.6145386158231
981.4574657760843 874.0996159961561 846.5243159628651
695.9479221525178 1025.2126024897975 1175.7058355518864
988.0870518264849 644.8999378912654 1175.6036994658132
1144.2917133619271 659.8348438160444 385.5853579342999
1247.3553975644568 769.8655530448914 442.56827720307456
677.3648142232189 1011.4287387815507 1034.6952729665022
1191.1504637807805 1182.8520602027825 1236.4044174391497
1031.9633941984953 1131.3037332572894 1092.4721875873163
885.0116571456794 870.2236963761475 413.7851800259036
1000.2889855228162 1218.6623299933383 708.5356093118538
787.815491410965 1054.5204208054893 578.1562720244413
904.339762097203 1076.031096634688 310.9005593788753
701.0361647982188 890.8367261353457 86.29415593311724
1072.8451909938904 1111.3359216700935 752.7426719918356
1142.4231738666904 1038.8973063557614 1140.3152355547436
1029.5269493432788 943.7124231359554 1102.1652299959817
872.7138349700658 838.0210175364242 844.7734144683359
1066.8761997457314 938.9029558285539 314.1602673825642
1175.512078860972 890.9064243445079 1322.4443520403581
1110.3959055829264 950.1221055054082 438.5560866605744
1498.6187630374422 682.5404846518541 1285.9355685260289
1244.883737853454 551.3571331684159 352.0525931024663
1389.573464217156 1593.0489682466923 214.4991795500975
1078.0120570573856 1665.0603646366842 417.25989097021005
894.5893674977817 1507.7367494367336 376.49441453995
536.8563930220957 1190.378560077207 750.5961460303465
578.1430066454303 618.3149628709472 1431.002816316405
878.8752625445201 1299.8159574624192 118.61162225948341
1107.7722290598554 993.0039891242911 509.8423924473595
1009.9587060962837 1041.425743749807 1093.0061407968894
768.9476408974176 1237.95125267929 186.73044498558465
754.3118188473021 1076.712860356991 389.8489188901837
369.667384325453 1223.6144872273533 983.6441814222773
945.30264182778 789.6493350838319 549.5650373432194
1053.5321553703666 917.7758936749397 915.6166478486048
792.1523439238655 687.2639059167773 287.53051086654705
1219.259646245493 1046.4914170621146 1393.3841678255974
358.90097100869536 965.0775568980567 807.7232976718201
1066.9051161421667 808.1421146192954 1190.5540902291166
1114.157368330396 1157.3246931330243 203.34986973645664
862.6697093673922 673.1765895196431 1437.1882515073378
1138.3191077810352 745.283720452908 107.8473856943996
1139.1754592988832 916.5201384137146 1166.6963530925354
917.873418700907 1027.617739219849 143.26350062737092
693.5637448756861 842.3621286239093 1118.7502459483471
798.5242909500116 893.6022422317092 438.57339919119516
882.6154564572503 954.7532593061553 626.6716976923827
836.8044279455933 973.5595805455973 417.06167087567957
1127.4448108187428 1020.260431106351 293.92758794713484
848.8166385112817 1215.2099431375702 514.7635845227754
1035.2666241668808 371.5365446624403 574.7797270369264
916.4005935816731 1226.7112462293596 535.0981849213916
700.2642952363162 835.9290618353693 35.5357851403369
1157.92851281012 734.1307160757567 1439.0922695930626
1124.4194293018904 744.1011907634941 690.2679099100551
985.4175667139657 869.0217959325576 1014.4397697657101
1204.2367959272674 1170.1340897669538 1237.0771696310048
1008.4412639499001 1175.8416384596621 325.683578832714
1176.8726695295784 927.1389245997051 1176.4563143885873
705.8814798350327 693.7961433580981 346.6862998513023
855.6866726767878 984.9658935397101 810.659131268107
1376.3635947193586 499.54702193672426 1180.912037446779
834.7244667232371 911.0013761404559 840.898132520642
1020.4416228159805 988.8771951066503 1125.317939536732
1116.1526784544287 1245.2277518280857 199.51438642039915
1325.020172557346 1072.4813544052713 944.6813715843795
1158.1468271643503 922.5751679009547 10.11147115439992
794.1678807498457 838.647175396243 1119.1109825721123
1116.0936630299184 1135.893820259467 170.12981000308875
944.0677739907435 912.9574202643964 405.9596759851872
1058.6963105383973 460.6962265936269 753.2605535802488
1169.0940322200038 1019.3472929226805 670.4876126199332
1130.513411070463 851.8098472727111 262.0521401919043
1121.1989032004965 446.35404811110675 342.3253854571237
