200
1222.8542373920345 1221.8542898579176 985.1774821978572
916.0322345131551 908.9575557990903 948.7532116033655
844.5318412927483 819.3701314886499 457.28826795601344
537.3824880328997 994.8304991132396 1185.626930246625
1033.538672776441 1267.8072469412164 144.85934739570283
1296.8915749827481 950.0213996980033 65.91015158373936
1014.9667536860882 897.4277040093866 1191.6820666179156
785.9580724556338 565.6021113739705 924.1140227392742
1216.3953565440515 685.9883979392375 1419.3154751159611
505.022582834065 1492.8951707848425 822.5244517893494
1223.6522007014328 919.5467494203997 1050.038754430417
828.6114131372212 794.0423605850683 449.8521487583865
1061.7183914495843 1233.1357585885823 70.11497547893802
908.5241082421401 1532.4663599208243 473.88470463426927
599.0806234000556 1051.4986860036863 1007.8728756720836
766.4772016851418 1100.4886258097938 693.1900238608208
1472.1119541349155 1019.3806569674209 1174.3810789965141
1276.623529762236 1440.4060201235786 587.5169590740292
886.6848230093307 1110.2448073578641 1250.6140193138876
751.8696838039104 739.5645031964278 1086.1804581226124
1126.0219725750792 794.7595672074699 949.4791910060972
976.1810209053682 595.3773758633017 807.1088804542312
1145.6944825999178 1213.4891484249865 1347.8185331827422
1191.0473588116135 862.331496337151 569.9956331928548
768.8756509410862 1217.732869496912 363.10380724398556
864.967459385709 1045.017580502433 1115.88811521685
1121.254365371802 890.7129270540772 72.15349044285863
1447.0642113312172 681.7138527180816 626.5029638182153
1501.785688973445 1380.78417833143 1012.6258104743172
904.1736532315547 992.8239868548003 1426.4461858856007
704.0439416536058 721.9135303288567 1416.2054606337347
1095.264252007707 1092.1738617398726 652.9419505044838
1001.5451490566797 849.2183644687935 320.47470829543136
1394.0844683071464 1124.4300652192605 1238.1948660948044
864.981142599992 941.1373377368686 964.6560895732329
846.9933853651796 795.9586776346193 1012.3025397013621
1085.9192420376075 753.5788440484638 1300.3583744875855
1401.2629140325723 1670.4481323100954 119.42410459660424
1083.7931894567369 1384.678733201345 501.43846313810576
764.7211180945687 1586.6966661341853 338.15174152263666
860.0571657274216 1130.9009072844776 914.7642887845459
1104.0913087271892 1278.2566676289637 30.592356392974974
1230.592766152896 1076.0400565160533 217.38548865772438
896.4116405627987 1269.881066866091 111.80262724402817
972.9675377637938 1023.6406300856045 1452.9268541570025
1247.2947312133942 979.6701445620043 500.12753471177683
1023.9747890246502 1187.6948845213903 1042.6673730492528
1234.3652424523161 773.7519392722534 719.9756171344353
714.9039808480752 939.1894469130185 595.0034905200521
1374.1748620712024 697.0542692044843 237.96412545052604
1014.5699206206217 664.5219852166942 453.30895787553885
882.7934285710163 937.398205448833 854.08639260527
908.9098118092768 907.344048274891 586.876431039797
571.3311248032675 1195.238565909583 959.8676652572015
1245.9781566108556 757.5448833695987 997.0581929143785
949.5085962160729 1015.1017958639845 941.5596720230562
1183.9782075242201 976.5757135315044 669.4327685426704
1330.5083283150107 891.0144876795767 474.53100972921396
1026.3212220262599 859.708990130469 175.43553248057404
1122.8181926966258 1259.1903086587413 307.316812380184
283.6838909051262 1486.0574478820213 678.7712637393574
1035.7212640499279 1241.8787277537228 465.46947501891873
1218.3872532737396 800.5914327091625 410.7871138187528
1257.9086519341067 765.3788439694629 607.3241509217598
757.0750299259355 828.081108610434 279.8807126571143
1095.7854195450961 593.2305089144763 1256.95496334681
1070.263741300114 1067.5374769101934 1200.743965475639
1050.4459619231118 1368.0579815508856 1338.8122083952062
1305.4867778945402 1116.4215372742035 983.0873538768548
1361.1705544591507 853.3494675734285 1229.4539189631887
906.5989869208134 906.891439131772 111.12802644027681
894.2187213758006 1123.4560661270573 1406.1665889569153
1225.649115808388 1029.4701905232228 1240.4908004508536
1012.1736413249841 976.722477943954 539.9865288163157
864.78591049653 828.0361771923501 1011.7258989917234
927.823003986284 1319.9089850252376 1020.832188845079
572.8721376919738 747.7424482256778 691.39109124736
600.0400909767582 1002.0532196620346 193.3325659149927
1104.7557640084726 1026.7769445054032 1463.4590309308528
1366.5620343309809 1237.1209225387151 896.9741678410727
930.6618855000262 516.6349341701155 1157.5637837352497
839.8947570792491 822.4704473032319 1092.8495942374495
648.0699827518177 1321.4132139083674 692.0284212334521
645.9728011488503 1939.2063839150087 864.2991243422813
1027.2418386633992 936.4814138804728 440.0176031229268
1338.3032918821596 1096.7757440487135 1069.4637419022422
954.4414855615389 614.9626366478857 393.8244356005581
282.0238036023884 853.4770547602285 333.3172025357102
543.5527456321308 671.0454252939478 760.1334355716707
1393.6171990873067 604.9790781608049 821.6487731552495
871.5566842824985 1216.0720351454406 624.7484990745455
1356.619002382864 723.4972906526226 1383.8246570559074
1140.03168158738 769.9976185465824 75.72953001972866
533.3117981385731 751.9687173310757 1028.9406371196983
1135.0973354148523 923.5388902426134 1159.8476660598824
643.631858172612 1255.9897806529173 833.1009404050294
1037.3530037841952 666.5979743671433 576.3590460809385
988.4676393442726 1137.2993054154417 248.27611245830593
1180.5630583453312 1082.2870263126235 1430.0051311172979
1317.9823620146353 1374.6764984046504 11.942429242266961
604.9174348960516 1541.4897332582132 285.10040317523595
1056.494760148985 1144.8272194762894 1258.1246442311879
1193.4160649975765 1094.4847927381386 1276.2718373357882
1330.5486991534879 1000.3674463873446 573.2564774764254
1321.79784991918 1022.5288299776395 501.5021079128425
1283.216210186139 1586.3486536308637 1027.8891523187388
714.2330222407021 1041.6851526233272 1355.212811645116
1535.0743064506214 997.1948361162525 296.98568827803155
1078.7060818598934 1711.5426445082333 792.9229068675462
1307.370110369957 718.6000725836057 875.5059703991649
1507.4562566838986 967.4619720593447 930.8887886862893
1049.1614296410144 902.736466063207 313.9921932755165
1296.8035842006875 1041.5262743700412 934.1911084034199
490.48213909552953 1106.2271101086872 313.40901116602197
1035.1907052714955 1068.6115972869002 148.99361132637696
1135.8294475331427 765.2309228944775 877.7095498667016
1318.0358162161476 1060.7930090614511 1434.370125844459
1136.1658912743026 809.6761993740638 431.19127094830884
841.3336920457027 596.4993755177296 276.7495801471457
951.2072069411292 871.535119132049 906.6740058197181
1254.5481578070328 1309.1143869175094 609.1707715062146
1385.7039695472336 1664.5464483233181 2.8853755061890585
1008.0229727742668 1025.5508914277864 927.7385640350237
982.0695138771523 1416.1310455505577 922.4200756689225
809.5325083886204 1468.2673108305762 123.59322058392519
1279.5795497552683 899.9730000005349 808.5075623063357
1256.2732829046865 1103.9787464016056 1341.2648924798461
1282.0648250613037 1250.8466601070945 672.9779208939195
786.7461356484794 943.6305653822476 1148.2653521521117
1329.1345472426988 922.9695580407987 421.9710987843889
617.6005758732632 982.2695308519974 1351.7230665659426
885.1153801244259 1004.4052878225434 521.8111993289106
940.4983981252276 1450.139315712976 503.34113016059774
773.6853377522423 981.98747658568 1006.4691955250877
690.4021894977732 822.8551457206133 1467.473625527494
433.2907689135196 1061.4940093725472 107.13472124775264
839.3096599471785 1013.6056410329784 117.9989535291337
1245.2574071179383 1285.7350019189203 223.9746195827766
817.1705716721467 1362.3787856926783 582.6113292412174
1329.8180029677455 1131.3995635120657 1055.71547974101
1074.7801666834341 1022.7537334949661 723.255453250075
1073.6439235472837 1246.4284019455458 1121.3752307755908
1264.4434972016045 924.9694430945956 643.7023461145109
757.7249927345409 1227.6386622445252 611.0399547118213
1497.0356997100985 962.1991136059956 194.84222465147266
742.755465551841 913.5349326972411 935.168837239054
1118.2610567931602 1466.524175112441 632.9689916811566
1151.5192647190288 1291.4611587935622 1407.3043567061618
653.1474056488944 1208.5714180849147 1103.193521283443
1201.742709732677 1547.2920953095827 802.5189785362318
1197.334059580414 1116.9367632748197 188.9448563879524
1294.2348436192124 1172.680759339121 855.5775094776978
880.4713993775493 1015.9610971486364 523.4788075881648
971.4547113120041 749.9655389232738 1151.0866291261734
994.2807989993705 756.4507547846546 772.2293813577334
857.8207382702526 1204.3776815005085 521.3866294777587
708.2617865241043 1214.0739354991529 1208.4400317933728
950.8033522888911 909.7494181726466 401.42016631763073
682.7118773023756 976.0788481640617 721.46848773545
1098.7047093940612 1408.3056885458009 1307.923384197802
1388.1908790163116 956.1891175991104 1055.8847349287284
1097.6905436908423 1340.8546309820426 463.01985107796025
625.3085368241677 1037.9010063983114 525.180653192079
810.4142457988817 1101.2332921642937 272.4788567307651
1034.1985967647213 1277.5060570676567 278.7352233307239
789.5034132506588 946.2430467608448 1090.4167986006403
895.3218503185383 997.5711249465069 497.4551792221775
1070.8957394822914 1362.7254346776451 145.043511686321
1092.6801558309394 701.6599207430736 776.8843226420059
1103.3346585309287 1155.4082679910953 1479.8499960754305
680.6412083596019 1060.0591756318763 583.530607947744
1140.2927988697497 851.2248428102133 1020.2778124957905
1213.8963329159221 1241.9361159735113 1055.6756014693915
870.8776446422485 742.9495323851752 429.2444557689431
1225.588775691826 883.384953326173 481.4952946830016
1019.3100009834054 725.4676178324528 695.3137301369101
675.5606585977696 1176.4082869978267 929.29743495633
1249.7285192154459 690.0371579914265 593.1093288669754
671.7609677827014 986.0436594155178 500.22998952504366
724.9119853277639 430.21294675425236 1122.124748173371
755.8955138827379 1185.8091785465062 1107.0264835440469
1176.467867529814 791.2880445771912 1322.3911397069382
1117.640385433166 945.4569715202017 213.88994383003634
922.0543497181437 1145.5016751967353 608.5540559836958
646.78878265554 650.9065870750596 917.9045473069691
696.8436299621314 1017.3854223118315 1157.3445740835657
953.5903128400086 1279.788411048334 507.8513419937004
846.6594947408859 884.4634055050186 58.32081295782743
853.8310444900364 1083.8197789391754 16.35735737119831
971.790855082747 1118.5736953566375 793.2773203481172
1148.8066879025537 1367.2836707506883 1234.303767225526
1166.5833320293953 918.1671850594362 1050.2146562138662
1283.9237902176096 1107.1279938758976 547.131151799405
1192.2868274603677 759.7802496834854 1360.4575356018142
1176.0252855090082 1014.5689309869364 900.4686590503308
1148.1477918087019 1041.3157670686885 1112.0501170136667
889.2670990087563 1301.8914010256572 99.69383201104142
768.4927086977756 832.5730711718422 726.3196763957733
1325.88767613447 1184.9921110920632 1114.434241624225
865.4239014868256 1194.4086942713257 1220.162066566761
