200
809.9293288223282 1098.1698616147248 121.6908934090431
1111.6318248100988 1151.4143111616668 318.1714935754477
1134.9064898565885 1162.8368199520964 916.6144212288756
941.5699562492501 951.0326692376209 271.3353990258474
1005.3891106294756 1141.1023082850563 98.19144762456649
1031.31458298992 1007.7702311790354 651.8047930031669
779.0461825876074 1209.1839552911001 407.5691769841338
923.1212669673926 927.7898120124979 254.43226176134988
970.7332269165906 668.986030830562 18.76932206194537
345.83632897008295 884.0010403066217 25.432734607672035
660.992552230811 1068.6938324803975 439.73743699775935
1053.2181747464012 824.9108556864878 193.46946365317103
993.6767459652817 885.4707871304249 89.6386721386655
1588.8336178521508 647.2989567822428 1459.0181528873156
1508.7734885735335 1164.7803556188505 895.3875926560877
1136.2115403638768 970.438576192404 1445.6120838405911
730.9299142824323 1299.0107464082553 695.7442518717095
976.4029941401357 626.4174075888873 66.96275498055404
1106.250561419452 1245.169654970383 100.34842928317583
987.7066757098319 919.4273109192609 892.8316335737679
799.0938228957305 966.5817081157629 1051.2919286268764
1066.742508019314 1020.4153588484555 21.467668080428993
1046.113884435794 839.2818717524381 296.1662414728495
1010.7841935770575 929.8687822725894 1270.9103633353084
924.5482407086857 960.9665485489902 1272.4150369487213
1249.0050157922833 809.2487859867953 212.5915498578314
1172.327339102694 1318.211221660262 781.8796434499466
1098.196663139168 1003.2776338946913 1428.0343582321593
1149.7730020342242 1264.8305515157 661.9760525999583
997.433500136422 1246.2766591933712 84.96244600153568
1111.3094252552094 1411.2221513847082 275.2430818503487
1306.1750477740234 996.0473680931378 1003.7536965203415
821.8760343814922 1096.014675677498 317.83877342756927
1077.4846336950757 812.6011162973607 61.172968315730934
1308.9097336136851 848.4087115530816 811.1095184299098
725.9566694687733 1019.0550973273758 1238.7042127831876
1054.9775460250316 1159.0745705238962 710.0867534627929
1292.8073436542431 1064.26859480872 432.1705129185503
794.1609508321158 995.8833501757715 348.676268028426
1268.1567347535633 915.504674234912 489.72601908487036
950.3179942979864 1031.1440024165893 421.9407142074378
756.3787119994146 1285.3494540062416 1004.8819646136745
1282.7103931157797 857.7926179571924 1001.6799619331097
1208.9204773887034 763.8493110959772 195.25511889533843
1354.8226059697345 533.1540585688967 164.91356119654472
994.3808935442955 802.2297222533367 970.0004942472282
1102.8425635982428 1023.3423224189057 45.920137387221835
1103.755204059177 985.339889120694 461.36753809186695
862.3626138078162 1046.6952315563508 221.79037607129575
1237.0183180067197 1229.255424295093 1114.63760705903
504.55805815829854 767.3474473220709 252.57133382748924
1256.8182516337647 1295.67225883217 771.5404709877507
1189.5837739327942 1361.4457515682545 495.97507372940527
799.3546808499816 799.2886936956886 242.53273693737688
1021.0225860606628 1220.1592045485918 265.93784842259686
569.2245682477644 912.8466899402598 606.3133467383847
899.9754499403599 863.4880973610957 678.4176452615641
636.9516557844064 1018.4230610676077 375.1056982530451
1152.6216117690876 904.2110639752257 1489.3330534787572
518.0221651861208 1062.1715903727643 424.4789063273253
815.2068351036058 718.4967682889355 159.3001757446318
1430.4508235683222 871.3070640899773 960.6374673991164
842.4576713366334 850.3065737986554 651.9659324564988
747.8867419840989 762.1653879654325 94.83707303407202
1181.684504908433 1049.9605694020108 247.9307446086118
1086.1928984964923 551.2123314012824 1307.425534519136
847.4178589061062 961.4466335549234 124.99548760241913
1015.4188762863612 1216.1207321158804 1410.8778306378833
1107.4058047707922 663.4567012970472 1424.9430831489776
1054.4800509560516 1149.8515468597473 1328.622024366685
1424.2642061896622 963.8718261568861 1221.1861600460265
945.1616881008302 820.1302386298137 911.9780183621299
1285.5542042346833 931.3333241628306 753.2367250083452
1119.7960128708328 1035.8131230335011 965.6425271778415
1134.5783728236163 1214.0562989737632 1366.2081470007122
902.9840522899278 676.913823383 445.4787270366707
900.7764427907284 852.8546817217417 824.5625245704913
1290.0623910083032 1077.2240377840521 1013.7925436465055
1073.8679715870908 1312.2236976536628 118.42761256309015
1354.8020279333732 1167.7709005258698 363.7821782397765
825.2582720380203 962.3505441411044 179.85617211507653
880.5025991620805 924.1195413898379 701.6301655738358
1007.6263447200249 1153.396056183915 929.686077800483
914.099795457304 801.4861748869099 724.4475462859873
1113.5234846605572 650.3420032699692 879.5185611575715
939.5240867998864 1080.0118726684657 101.50847246346146
1466.9560769607865 965.0088064412064 25.645062584272072
869.2078402216114 1281.7713905327514 979.2333289153147
1024.548109341785 812.8986370217212 389.0286985789289
1177.7417812331464 1059.1725910538948 1018.2667314318501
1101.7669876434638 1172.3111775458328 621.921103023654
1174.492947219774 774.1519801986581 1239.6499058479117
511.11559337768387 876.9234329313392 706.831412753332
715.4532220032571 1152.310099916532 1181.486468685864
1064.452065172948 1360.956069834881 891.5717492973472
1510.4465599270836 880.6478356706315 389.7720665982069
1235.7121228672838 1200.8230418050102 387.9019068832036
898.470951678798 855.7619366203918 566.5857792178685
1349.3269391730432 321.3531458521985 1005.9118114164805
1274.5664911844526 871.246008921313 929.54319087935
1118.2875979201888 825.8894200742718 955.6802906155976
645.2275516405311 1335.1836921627985 548.2672464740214
567.9101718067101 125.10513842584953 1009.1167363696721
741.3876712282238 972.2838069386081 1180.054166006894
794.0090771411615 1030.9248100681477 660.7819516375172
1403.9467805362815 894.2566659364995 974.7755500371723
1209.9893488213634 971.7408760440328 516.4816032360112
525.8092621874539 1213.3545925245492 782.7211066301007
1050.0948990781014 825.1961402202305 481.76846375934133
1456.521497576279 1240.7019129831363 480.29970176710253
970.5988595812576 1154.7860891312025 134.46445282659852
870.3916194544001 1091.4546310185874 82.78830756892303
746.2514902984827 622.4687128109276 637.4608712848179
1162.7766120632623 1054.9396401967838 783.4318069993324
911.5304600013604 1049.690909016231 371.4442859481659
1147.278808714767 888.0437570823646 1413.0924673379043
1204.8668947714689 733.3377394357694 543.8418789452852
1081.6864037313253 992.2348812666312 459.1845016433485
1055.8626939105657 1440.577158876916 17.90410843855672
1308.7090965240614 1091.499709013202 721.7194069764502
1410.1420236302276 1054.0148894766212 1205.3434400056296
1129.3798637433754 1149.861373190649 370.49536197746346
1271.808922718779 826.3211595222996 575.1314574084979
672.8865500807708 812.2372768425387 521.9445102254207
1115.6770077474152 1267.4926674195349 760.5152990074378
1084.8022322152383 1452.7068033189341 798.3904216361083
705.8919890060083 1201.4027151062671 785.7735929753333
1301.3224501616337 614.5172812606517 943.3228409422157
629.5204845088408 1123.1689045022672 21.428364732453296
1002.232672050979 1106.672679019855 191.175039871542
1241.561882078401 932.7832009585377 681.7333040396809
942.5060753628816 972.8591912708732 1307.9689574884117
619.1385151112909 1030.3772841746325 669.3200726723226
874.6464769853361 1182.6936273373135 1039.9059893206513
982.2991271600113 1171.6850647058354 216.06071606085985
1029.3746329877342 489.75184654988647 1257.2630934172935
1071.0942062766767 1099.7531942224768 502.28633906091534
890.4968974082927 1568.1066949063013 1180.183918948896
1199.296934206753 877.6322011610548 1483.0647609658367
1285.0294725015333 864.471063059091 1344.8054948690428
648.7245478241887 1098.0117530472724 655.7026238322599
1329.8526904514156 1281.8176167578033 1076.1054463250223
1137.0781604346298 861.3031188698989 1362.8555378982835
1028.683628351706 682.8050685153867 995.516903659778
743.1349309214986 882.6346385025212 26.894759216261054
1070.3082627841584 1486.8531288591862 1492.8348860964813
1002.6365998487871 1057.9202319255894 1299.0820939319472
1106.2432451915124 23.702496609589844 769.3333806673321
1135.664528135494 670.4293209640205 711.5088472158972
1081.2978250533097 1509.1778730485235 1446.948594358258
1305.8332806782387 1058.9319733704058 1158.2168810253181
1065.1985728920797 1386.538605118677 1030.1776084420342
1264.3985997378495 1317.4709400793756 925.5115013693121
959.415136995293 1212.0650913040226 647.1341125353366
1059.404774770483 1044.5779730109375 1183.943228354008
839.440008652488 796.8074703281944 621.0921696356291
1379.2425478903756 882.6613329935681 715.3523813470985
965.9204347854233 979.1673363220464 295.03120780634293
799.7741537604263 1318.8393381776755 1039.8381166618954
982.7982258632061 1044.9431837643651 159.216931198093
973.8080001090162 641.1931209911065 346.3562636921619
920.0184919798247 925.5718801515059 279.73769502559475
764.8697312945467 635.5854890832079 982.7480341791324
944.090480141345 1162.1900797482508 887.4008539392516
1412.462865337083 904.8672221068185 321.07307728845313
382.80680210007245 1032.6150577699989 760.0048540783694
1475.1309535254866 1189.6351320253839 507.4366303159034
1010.5851359473859 976.6398344948716 1499.8884592659
602.1619204047238 1141.2706748203395 757.8201696324147
1378.9494472383944 493.8263306456215 1270.2832781926372
1324.724457360018 869.9553375615225 700.642726522362
1192.4386850929013 996.3636886180525 936.3928902011295
996.0367188337286 1186.986629783819 465.35822190321215
1073.2973896251478 1071.2702358409401 1394.8221805286664
1247.5071406268316 1345.4907251403022 301.1526460514326
946.4559625464411 1323.1447298309952 1165.2739363496075
846.2950221685344 657.0549416352991 742.5238636351245
1136.5710310333932 874.0024694839165 118.66693344765933
552.2797022262296 1230.8526667716942 317.30317601673397
1301.1638528449619 1072.410831939451 402.5271332412533
601.0629778376913 1131.3263568122077 808.8099347637502
619.018170263436 1117.2672976183653 686.8092483434044
949.5877199533484 1235.9130116509423 11.895184913634061
899.9332687219181 347.99785556657196 218.57979612857804
890.4460896889706 792.0787894851971 1242.1092687667042
1006.160292791893 1076.1162040259032 833.1538627546477
996.8828780788391 1116.164615598802 1001.0054534938821
1136.1175410659666 740.5025110219985 37.27888294556464
836.4396909526349 1094.8284316722597 1279.4669009236384
945.0557736595077 1016.071485608782 585.0433518436914
1460.220965761146 1264.3649045489697 49.014791500478715
637.0142097799435 1072.050057458923 1071.2668553799576
744.3558520803307 1113.8425542342327 1110.9303271680417
414.12231098359086 1184.2752532502586 1279.8440632067811
643.4730456194129 1318.402257328767 1110.6607774857246
1178.6402244615574 870.4310403795009 772.2154673316967
858.3435947089845 1361.5895806211165 1198.494776199508
1139.2162098232566 821.5615020777 140.9582159327456
1201.0009465104927 678.5329670268011 1413.0111858733085
785.2587745503064 938.0970487610253 1040.879598238708
