200
504.76102962452063 1016.4881578142915 1473.8055392563663
710.6288961406701 858.7978137242048 1221.271547787841
849.3426546454239 1289.65859858942 1011.2768415938641
898.217361741316 969.3232613292886 978.7854096604473
814.589657094769 1066.7917205767603 220.20639689844734
1286.4159897481632 1339.8762613645533 251.68013918957217
804.0073891761979 1072.7608460999302 686.8023286868553
1175.0413729574361 859.2357513012131 1083.4899536620658
976.4485065516669 882.9105727542975 838.6238643853916
1114.0004545595552 1222.199301500838 267.6139065735835
1339.1723369359001 742.6136614912159 1136.3350236085114
1240.3415959952906 912.1567189185249 427.000561353658
1069.9405221223042 783.7872597837338 1422.8414207492042
1153.4219417674215 1219.1038103682574 1210.7358199883236
825.5568749692047 925.2019986556829 574.7219992444028
1213.8737689093603 1080.4812223283877 783.8866821347705
630.6484935819822 491.3159793319678 49.68640499430133
680.0256133389595 645.715673571659 1163.6359153466829
1105.3970671847862 531.7015276552879 700.0896490788388
888.21639328101 668.4081333988476 1165.851262714124
1197.7875761057267 854.9418304548653 563.6436049150798
743.4285988301456 1298.2838530358247 55.24696656250988
740.5747241661852 665.886642713366 371.8652151419347
1413.5400610502206 991.1074124701244 20.779905255977283
670.1384968757832 1132.6719038026304 1415.9445216893514
1242.4819121235162 1387.3322103324617 1001.3246535177193
1168.1890674834756 656.4132346800366 1055.4970374399256
1279.1329752649535 970.2903105630251 447.92743303669226
1436.2142493865827 1031.7356057800882 533.3515877082386
1241.0626766208884 979.0048630218402 179.70785369235298
1252.3897791206518 1364.3883613689304 1334.5333672086667
1471.636648865609 666.9709370074675 1325.9366587098934
992.9787187508692 980.201635011901 872.5322417939374
1414.8759364336556 807.1530918419987 489.3277991101511
966.3984141476911 819.5135212902381 248.80819399464536
1370.2457658923377 1025.037108391856 1387.5328086635186
1021.8353586433919 1272.796824671544 1489.0228260255024
1455.3205692319 918.3558773106633 664.0108632943451
1391.512183324663 955.4121137202236 561.7225797353902
1471.5905450059859 1246.1210468740512 1017.4095693921684
857.9469488685352 1228.744185581041 914.910332414597
1299.3340536311289 533.6118426535375 113.95995939222253
670.075211650029 1162.9461497441018 1259.1552273102898
985.3994666649461 1148.121979782433 672.663665991761
1270.914645167804 1025.1294463456447 160.0299323443906
971.6259524652613 594.6842180480304 690.4814788923227
1075.1138885974842 1276.2646170722564 347.84348127668403
1310.0534345189474 1247.4932054152537 422.7317521171125
1018.5245552664034 916.922049905382 117.74468031096225
1046.5834750247254 1053.627875599467 1379.2720652104033
1060.0388693232355 862.6710538363536 49.96421441559223
1218.2689075364665 1013.9792679822255 442.4460403140794
775.4026678641902 1293.1702489765696 521.7537900778093
830.4256723718212 887.6318338810144 318.27881164563655
1194.985064706759 880.1704733097225 1457.123177118908
781.4511244635728 1135.8179406843901 894.374969949126
653.9057923439805 889.8438006480969 302.2319253681498
1076.788846190423 1227.7278565547347 600.6673393475011
591.9067559394593 1193.450520141625 14.389892380276216
678.7279182170794 868.24122077023 814.7239107521876
1067.8431372484492 676.8963442958135 647.3032695328318
911.2935621866797 650.7344670192809 136.68815453507634
1032.594298441082 701.40423447925 1279.4321705225534
877.7701989739161 684.3215703103094 572.9583056989217
1189.9345277201073 787.6538625385017 449.0338223658547
763.2153139853649 621.6435030633247 1086.6221695471422
992.2919496360173 732.5199298191976 959.8441819844136
844.0749294718396 791.4757545432906 1200.2104146915106
1182.8853009709856 1333.8115100547097 872.8121174994116
972.1420284800909 1190.2857114773487 1498.989661410617
1073.9505780299573 998.0779335290654 634.2135465331958
1092.389867857378 1148.111779312336 1213.7695440495927
1113.2177192843271 657.746858896002 1306.308707235075
1196.2538787016351 535.0178462127308 41.478090589067094
935.3865291404567 909.2145645597917 1034.4593863341252
577.1261725473929 681.7049703366451 1278.0004244674776
891.8514795909234 594.2945442282478 754.8726983092876
1141.456517822049 1279.9408044658433 1482.8562181878892
553.0621175233076 706.4843071688061 1103.1831344058426
1203.9880970700954 1009.5062278504976 538.6949473378654
862.2167924581674 1557.3059071560842 1249.300176072265
738.8408689471203 607.2838701022025 447.0116239623949
653.4754361269961 1124.929120164879 1449.0257285276762
816.597937772482 1379.9431084811745 129.4184451495673
785.7143276546785 1037.3640925956397 463.6305687471092
614.9523627654272 842.8454354909206 537.3038986044763
1025.7930450386302 209.24439110154196 953.155234918786
990.3570626410286 1037.076518041806 675.8933508596149
945.4887167465363 990.845501524961 389.1720330244139
1085.1634895663733 968.3178265465624 607.409483010904
1188.4753795160375 339.6817861517212 350.94215031664214
958.7990782772517 1011.1039898603415 1269.4243726892544
1138.2204455689755 1228.6211277080085 1486.0963945023836
937.8464346143154 1255.3572944360699 783.4913946507556
1375.6678949313143 731.5956033054382 374.6062453525353
747.598720800624 872.882143793613 942.40148123998
1401.6292743322233 1142.8523150086342 1188.4037052711567
1163.2878772589638 1155.0428586040766 665.8344171138818
1155.0063778744443 1073.839754691579 1136.998930390509
1036.8858645765463 1178.1058311370405 158.778972123836
1108.9116238482104 1223.676679392018 736.014278319865
1205.123788762335 1116.775728013019 45.372294344227235
342.2150078181961 1110.7820656095655 1186.6857292524944
880.8376870226033 950.8552923096231 1369.7211714011187
1223.5761313292328 983.092358314485 1091.008266936197
779.8927047084542 943.6320148034298 884.4066353096767
903.3951675813042 1215.521400109905 139.2467653394589
913.2810034729264 1176.2717883499247 1424.8813283835154
1186.1369173784794 1064.9780720764174 876.349643821249
1250.967338749248 551.1895845589999 640.6028399758512
1311.0235191049424 654.9804210159508 114.73562300289869
932.9775966424068 507.4712555422818 1487.6722786159717
1186.7050960652484 823.733777069342 1235.3676435893371
1206.8752523854193 1078.7291729338729 1042.8044461319137
1115.9441116190417 1240.5327337832634 1297.7180695137608
781.5388321800797 918.3068719048583 728.0024801988781
1169.1175801887262 598.0507090657547 1274.2937504512918
1004.2411161976108 1276.7293871097286 299.09956069840274
867.9301481323919 1004.5044079907676 1169.2470801920658
708.1328484551766 882.0890005324328 231.37139305119868
1068.2888809809137 745.4274969754466 1444.2710254664898
1159.1803368463786 1557.3376802030702 982.7711565161324
1020.4750415506368 992.7163378951245 951.1060218237525
677.6379876338542 651.0586131891926 1068.2972949122407
969.6189983017781 810.7885889622252 576.1340804027242
1295.379187849033 1202.970035459158 360.0823614700765
1330.2466475945175 775.4592520563068 865.186081007881
1268.5263638617764 1075.1422859743652 898.475229108753
883.0702720995932 930.5183613346027 113.91080897319262
1286.8284324377798 1021.4409214841606 1474.1478134973995
1151.6717920910937 987.1592647803009 857.7585190081469
1658.9281866712493 1360.1245989145875 1164.4983214978292
1071.472304729235 958.0906915761598 1296.092227491414
711.1044833861572 899.2005889631813 1429.2356181725102
1260.185278039873 1301.1450092243324 802.3536015742709
1269.595879161761 746.5787626461677 614.6384233716137
711.3617090943286 1083.8438388160187 715.6890552360217
980.6755660819729 1116.8849836145425 958.897147395183
1086.4687424210242 1042.9204704076785 143.69235883505354
1058.7571271054992 692.2687270028932 83.9783914149283
1095.635869680671 1435.1359352409127 42.669323021649554
768.9796856893429 854.7592796473828 616.8724947409925
1181.1614433316536 804.8320580498125 91.8789356951843
1111.1996844364949 853.7124064429515 464.18022208484507
1309.941866379986 937.0092659189467 508.33116593012795
1241.4066444201783 1337.5095384046717 56.85064296972303
876.3458359389966 615.8007587902287 316.07342101315606
1518.3057640044753 667.0854124073659 1049.4148418580528
1093.714220467134 1294.2210466434192 791.332496722532
941.4435138841675 1029.8784129985784 1081.5482447553052
863.8845822150147 808.981533973536 803.4558124808849
1141.120037446637 758.416475685729 1287.9434469968617
1404.8968722201291 905.1771456114373 990.9528655792486
1684.8228640793623 975.5965530119475 730.1436679185613
986.4565819018832 1087.6781501082316 819.9616588525367
884.1428402526604 949.4708481312333 741.4097343735084
1313.3546408427887 915.9828498152895 91.58853839133374
603.5809456434611 839.763280213504 1151.8937841440668
1216.200024951479 1061.1477836525382 1058.7835104648748
887.8817654499906 1308.215256828344 36.12451421851398
1412.3805936709389 1329.6269898347214 794.9223423692068
1104.425360537922 1039.1854183197997 1417.9232821857138
1052.0807053270487 814.7469994654243 148.21948206675316
1305.86485299265 1332.8376097679848 302.88733546497224
909.4970500696992 1022.4531497977933 443.58913033914786
969.3879205953783 1087.117753704867 1203.5024652141055
696.8890957968941 1251.6641147795422 1200.3549684468271
748.8511914018994 816.2300761337721 4.465509919311383
1042.2976029422387 655.5670541506504 1073.6361724145345
1711.3332213859653 958.2488994642229 575.4134473208994
841.3920019166494 1051.692931091857 1130.0146936466526
998.9226256944542 867.3586967705683 1307.3470009351204
881.1219205237402 1161.2849702035555 982.0899957854325
1108.88800585917 859.6173036026094 888.7731930514412
1274.5089810358236 1338.4787643698683 109.14118629448738
900.1887903306947 1024.131265242471 527.6331342669812
1005.8277328622114 368.6326167555354 245.85641433378885
289.0529259753241 1092.1321030661568 733.927770730233
818.4017584255876 1175.6004820825044 505.3692425278436
1123.5708530239503 1126.6894889128332 201.21806053530412
914.3592220597034 1356.647767926891 9.260954552842149
978.509066438527 1243.8944656006222 750.7142771127519
897.4379036906656 407.2609848734778 753.0699812151735
950.9732424853669 1236.502735267305 714.244237319365
1019.3542924677289 579.4440784549593 485.52872318306015
1139.199217936789 1449.8166815949494 841.6978581426026
1083.7427409828374 984.6798916107626 854.2179569846587
941.2137236529201 1147.4881175803976 523.5757726750275
1042.0457519583508 905.8701913177648 1311.5145122123565
1241.2824412207897 827.6577573040918 864.6507189792251
700.5098898963412 903.7550388880687 513.876916017109
1006.1811700700163 1281.4118227856593 650.3481090142735
978.0368577259459 1359.4802702847232 882.6748427058643
820.8553359037262 1167.7095534886037 1303.8262695286276
1428.926334415647 1100.2706818695067 980.6167953854846
1484.7289744057973 977.1295521665407 841.9249932519193
1445.0904961251404 997.1662590835119 368.8242001095958
1058.373298809134 1187.0097744919835 758.2986571927827
728.201948616815 784.8953341569123 1043.13610597657
798.4446110204073 955.072184562628 940.1357680315335
