200
1762.735591709322 593.3435911726424 740.3225330256771
1066.892163049703 119.18857719728982 21.99587100008943
49.306797948942545 1816.5238523096752 553.6038618903536
1291.724621933597 1363.4854231492689 854.473220381732
1551.549787194403 1186.9205551323785 1306.775440661488
1938.0363016909887 639.5231425409686 692.5972884462914
327.05662460856246 1466.003573834257 271.5992544096476
1865.8582577982647 903.7439901897568 387.93974569499744
1352.1037464443693 1541.2390701238646 899.2116014936378
742.9752837411717 1747.0885129772364 411.1246485649403
749.3513496938913 327.3309010889478 497.69808318425703
949.1845930084428 1007.9817763624654 544.5228392119787
1905.648177986456 1734.7859848692078 1120.5715690169752
1921.1821370975458 93.4891006513927 753.6715687359855
1892.2512956192174 1635.2190716627586 1396.8778607021318
274.8078400767413 1964.1563210920588 67.9112336058892
620.6117264684052 1146.2730259521313 627.1788369668211
224.2294676935126 952.2307274397166 978.8531232688777
633.118586517795 1719.9137174268906 1454.3886521976706
1064.5734899489837 1937.4169865880535 1410.7596220868334
1978.3431645473393 1131.9150796601318 449.3122178284541
967.828877376631 641.3459523982699 703.6710724164033
1652.051102605321 987.4112650147799 923.9055100453681
1064.539063603547 1375.7251314249272 586.5545276379161
174.20564616994193 1849.6830709457831 1449.866461159392
1878.7427348490326 875.7554644897754 1050.6712624391107
1635.642575379096 1944.6378200620384 316.224629120562
1765.8050565162791 1994.4877422855668 909.5994265681649
557.7149368669315 835.7575692798915 530.8375837077964
1264.6061117961929 1823.7033370878828 503.98954405681366
1334.486169745417 307.64720342995776 1218.0674964126667
1821.7065098181267 1779.0457991689827 215.25688794982128
1669.8759488902735 1915.4001731500894 2.335106616607685
425.1871399969633 1230.6951932586803 913.6198776680911
1209.114701698656 1308.7373200254788 353.615866543417
66.9184374934857 1834.7728004435212 939.1581915914275
633.2906497678288 1578.8552793708332 889.8299534272643
1995.9519556829373 1607.4057195012745 1271.9110881910167
1229.705515451285 1687.8083643246757 27.816054305032477
826.2647778688801 1728.6901198340336 1176.3343512100084
1584.9450186752279 1711.772028159243 1314.356177028684
1282.5407845558732 1671.07670053421 714.6762091348713
1047.1802852958626 615.1125697144182 1019.5515709957648
1228.4753834813516 1133.8757523352433 990.0405015673336
395.7751630078323 1627.815883371091 738.1925401117018
1570.2405689411653 1141.135581573591 1324.50635761225
153.06609021119488 1956.6789805157825 1264.6205114881252
1983.4228275999833 834.4060881124389 1048.7382413432913
1422.8401757341094 1723.7333146628205 119.13544454046954
1577.221750306226 1558.1601183632758 753.2096743110612
452.22732474860214 246.04403595659008 479.9826357709265
1773.4966717728237 711.6837090458408 294.1655273196751
1511.7763846648745 1192.4900136876283 1334.6200473757754
498.5378770635558 546.2240017731161 873.0531639974696
175.91832744773782 97.23484054344955 488.76702378915746
1721.874986532401 738.482354686882 1151.1025135362556
81.69718441834961 1488.0345692811316 936.0976202386512
1610.766590285663 1962.1138062175228 784.077954437572
291.32177585052887 1058.9967214275155 1022.8668181789193
532.183403203394 1283.1596141753525 66.29118697237635
1719.1133175277241 642.3522180403418 202.61873685229037
1492.0719483312212 1576.5345036614387 1008.2054211318183
808.3802999849148 712.1757810997598 1334.3994488636506
1172.9975047431944 1897.1482911867536 1105.2088222784614
1272.1488195858956 1996.3192439706122 697.906702935416
863.4017833111604 999.1698814094364 873.7315826706448
1193.7339075899763 1545.292680117002 1378.663218829134
1416.8574099765322 1230.1984980613106 1220.0497065507432
893.608430683555 679.1582134578468 584.0198421079447
252.86913547523903 275.09314516858876 441.7701228644391
489.80247409331713 900.224687453405 654.106517075818
1749.9018129637636 1803.8504579404812 835.1099092170424
348.8959086476433 1603.105346582103 329.5964487156742
1275.654510881524 1966.4806754196677 1059.897305351571
1280.5618888737934 1690.678503242314 1180.8329636492465
1161.2821767342496 1103.3090480101491 41.796581635985376
625.0794878600192 1507.5824064022252 806.9719091061748
500.2823226265216 449.63764718803145 542.6171931585409
683.0932235617737 1979.8497719726179 183.2319615799155
1546.6680425231832 800.0966904016085 511.36932027584396
1857.94996301131 35.83308784759609 449.3153904447849
950.1295118830799 485.29326460212354 262.76182990859706
1206.2425630407654 1386.7281261829444 466.47654476596307
1943.2044357611144 1541.370069262708 638.5718943952902
757.6237371707841 644.3234794178084 937.9974646359649
1117.4843948908972 39.34603613857757 63.74196589459552
1385.5361742829004 780.1674704067365 83.57233419478888
976.327901227559 1691.7439268716107 1077.1327300160794
239.69443327182694 1508.1706438081949 893.2374112415577
1253.395602144386 1092.4956994255401 153.78329443056492
327.55605027909485 611.9696065542748 1486.3965197987502
851.9614436338671 1218.0737082016083 1253.995823171716
758.0154920157911 808.7383811058797 357.6452454657123
1597.963183168058 1262.2685868502413 535.0989711930417
1733.0691550665704 1611.2951779255193 127.20025627470494
541.1143862552797 602.81729320905 1410.3244921984974
1480.1909257937675 1448.7769617184845 908.5282328621698
982.3003786116999 105.3826605876278 1231.3132270256724
823.6818774557166 255.51834980275467 1138.5190088552204
526.7871998285632 719.1776207091444 600.8665885131574
434.9740877243504 44.690964014793664 555.3365039911646
985.6270545128842 121.81805679320034 1018.4821896164894
1272.282757636422 1549.9628534158899 36.363171462358956
104.45828164261806 1534.6132784359272 827.4603440026424
85.18515562575524 190.36942815503855 1216.9271076364107
1396.802872552456 1639.9830270532254 518.8651639130354
1498.3954738101347 1058.9125856763224 1434.8494879815403
1702.814648466467 1559.9264084416993 616.8111120567579
546.5304509109774 1572.7327156845188 734.5543116540655
1929.5892652890702 41.415777818298196 735.8491622924403
85.1136084875388 581.0683684405831 80.0982416063863
261.7418582179698 1151.9478371594482 453.8776966234475
923.1411280791575 27.07638341377705 654.4156495849779
203.1694163074187 910.0819742198194 632.0271189957112
1956.398822367793 1436.096308989101 66.73384835216945
194.8182546976185 776.7966744564902 879.7290601605487
676.4418816309997 1322.9977104448765 405.31419064353577
1337.4839931331562 1455.147292754099 121.28064678040107
1364.3418872484053 882.2517116532354 1232.1946767197917
1629.8699818880634 661.8639752963169 643.2576942641286
772.713754672087 389.0282567551042 997.5941519803805
652.7860781839067 1246.633043822695 627.8850690351809
294.26998418075834 950.069000317534 1292.5331111496655
1707.4249721438055 550.797961697085 494.9408368247179
1654.380418910837 45.684715858356206 608.7616486741035
186.17784441364816 144.65789388102613 881.5296382193225
1192.1296231954345 1965.2564816784345 1165.5008705102994
1939.2524036418768 316.44877436756144 1077.1163559923252
349.2214104889253 1004.4753563393718 851.2280243975158
1492.858761981597 415.6027223320964 50.7344122507154
504.3154965265637 580.0074605839831 1093.764841018305
977.971074636014 1955.281817713457 723.7194102084301
1069.47077200065 1043.5166605374595 49.06650278216873
94.85034055283026 346.51284781984805 1213.389213165008
579.1568624069956 180.99981343138683 1146.8546980290944
187.6871954608168 170.2902711075418 56.488781084104154
1183.297502883973 1925.0126242143085 764.0184338501886
1108.0768912591768 1526.8755772828479 684.7710260659362
206.3693201720065 961.815214462505 595.7599730455102
1184.2299867132772 1238.2812476305228 610.3553326358061
985.0578361907108 1973.6910156857382 320.89314606343515
1954.5399523046724 1429.3704182900424 366.86409902033546
152.84400338285442 379.4620955391226 143.60177753140542
6.772715560412701 1049.555123835988 1358.3523991196155
1112.372629272115 1320.2323164150234 826.8462302402548
1850.9508461992484 1838.2077474405544 139.57764902344755
768.0968069461875 148.5309137686641 1399.368939316756
79.88541606185385 347.32787681759004 209.97488323718778
1254.9260854726008 610.6038384124568 545.713364186767
1233.9112880080816 1978.942331377893 394.15416028131665
845.4942917665257 289.833296426071 277.43683656945916
1850.973667716102 950.3104338610959 122.83340898741768
278.0379841589522 96.38772714584154 887.6156362239136
1254.3633316385474 1745.6682756955074 1279.8061613796858
673.3468809096928 161.79627897990878 1333.9824559220763
1755.3993743973103 931.0342334178088 82.51391889814596
366.040496366566 1154.8391047680245 28.479896734620482
1129.8005188244274 439.75480792075183 1464.7302789112384
1422.3214858660062 1562.8010278224185 561.3935459548635
846.6855679126332 1702.8210331271684 113.8090490969354
1909.7774436119316 200.71700086320797 618.212786104954
1121.0903175227234 876.9425962379818 679.9972001006015
922.8243373497711 1124.6424980229212 1184.005198879992
1207.3897466271555 1257.041621497459 1305.6254764997855
874.1233179844039 629.6728624966183 170.4013663445284
356.27769665142625 69.39311814178772 281.9347550472354
640.6610850563834 833.9220658237055 137.6185668687698
1218.6281312326694 1526.1527783552024 555.7997826326147
67.278569039398 333.7432659650481 1483.6464707542805
456.2223114913666 835.0152936417039 1169.7970950286356
1175.128278223056 381.46381919535656 1327.2065598288816
1277.3951549215112 1909.6497834863005 905.045801846134
1329.2580087483757 1662.2034133812676 1012.2898093824341
844.4022554797361 1877.337355876492 1409.6799023395392
1605.3957727946788 1603.4889918622173 1107.9327955658086
1141.6992050834017 1279.8775278422122 1250.4288586549867
648.9566052305667 1727.118485137287 863.2061881664735
1484.5479124545939 1999.627804079499 1074.578318030078
1372.2929228553603 1120.8809701677574 1385.9283367416851
252.56354323802776 1048.8532721401027 791.0128101762764
513.0628207874865 912.9643539527711 965.481564076597
1041.149506670142 1202.2155660946667 1068.822611637373
1928.7721684232379 1037.3392171195353 94.16386426721208
1520.0276981451022 534.3962864429058 819.5348906769981
1958.3681715126172 17.592661073415393 1433.2668052973506
655.6219435809587 1343.0397302825093 1055.8414011595644
196.1801523763249 1700.2133457499392 1046.5767764593545
1245.2119101955718 705.3238046057562 915.0447801487312
1235.2076046585582 1420.502186037157 833.1792464081196
983.6249171885687 1058.6774974773425 4.055705716049685
401.1187353875458 771.3735965732278 598.4236076662264
1529.9122283967145 1666.6518099009834 669.5103643616345
434.88433874504204 1416.7494242884022 969.6905981697782
1579.5823010143254 1592.6319484319436 837.5625673028389
796.8679734482 562.8020893849576 631.980307268677
17.86125798141036 1472.466040888542 449.5296327483822
934.0135735573203 1283.5923104221324 824.2800462897377
397.3665983012391 983.1488100278372 1415.8757147452407
253.07378058128594 38.533017515147264 496.1035985607354
955.597381636791 980.553410321902 211.56431448357367
