200
1894.7133851118685 891.8056848625517 1028.183520487969
1394.078626449304 1523.1179214126935 893.7470005052899
628.7531689103097 333.4616550908591 669.899416143327
1218.7671628774124 1838.2315465532404 428.60750743376275
69.41984575694727 1331.0905841540412 311.94616936715533
483.33899298049056 39.871888077993354 1062.0885012884544
1679.0887255284465 901.7866854933765 487.4161978579983
711.586039173941 342.54835793180115 1471.0644765581853
494.75355660963794 1621.2252144568263 342.9636117690491
1122.4897203721691 1061.3443346071679 729.2787807769058
1360.4305798051698 475.84063460784785 380.02326297826
1813.242325125091 827.5563535021384 949.4568645904731
458.89726189249467 538.6673170688488 612.5746093920029
863.6361303736619 1211.3327824127925 1215.4914381786305
1660.0509452724496 266.0150027983874 938.03352259327
764.4335826581507 1071.9205558149906 263.27719587913117
1404.723804886243 674.4092431089466 277.48064226768446
1656.3533629906356 850.8544358414134 584.7878842980339
881.9846239307636 1184.5096712252591 148.9541753169103
669.3586193817011 137.06717681874926 350.0191627794813
1606.9201845538712 1444.1257132798537 908.9114896822153
70.72199033270587 1269.544812655924 142.1365296461305
1571.3782677697188 1078.9672989524424 611.7443403235483
630.5714526306239 556.4621897341295 544.622426991818
659.4586516124194 860.8767974112441 1049.0655737727418
1547.8935473565261 244.843238015398 751.4833980187221
131.39322071450675 760.4946235913301 671.7987811046388
1857.7402664173424 1648.7591581249817 1069.624724526306
149.00657786031402 1862.0125671129958 1115.269102314439
652.4863949084321 508.8881414564066 1027.5850536275418
1958.1794401079947 194.13035400086187 968.894314804122
556.3276862319011 659.3598195281562 1065.0678092066755
762.7172986576043 1552.105362198023 356.8842241325929
1225.8614597465075 1753.0418103976635 859.5475980971553
1031.5798072146088 1489.4540455661793 722.0720826569737
1956.1355732598536 1804.5758708937049 384.31567411099627
1405.450704115692 1695.9584129561579 41.27510619473729
1950.2659144057423 880.7900859691398 1369.8917045904525
255.16612485396695 688.2681538010091 561.248428473781
735.7838095259568 1387.3883735041159 660.3818846980039
1847.955455884108 1597.0701716441492 1071.1936847927154
1378.8513368351898 199.6809523663381 1336.1397618763772
1114.932703054985 41.15509363800718 336.7506407795613
1665.459924744997 1679.9696273964112 145.0710473688165
1589.148791532499 759.6506921973946 1475.9411814042978
109.92385317293318 58.54442729674769 796.6734914493703
1267.8335490544462 1083.8602545332299 559.0980516815248
1386.8836031941323 1113.0765624720414 859.5888493521405
1811.523075186919 779.6437524831232 696.9361322411568
253.2328669502999 639.1472474078586 817.3790415968577
580.3571622183129 1611.0758009886927 171.7491916880945
531.8703676264007 1548.8550482745247 448.47892204704954
177.69132896154605 137.1582221083616 1415.230537548093
407.6058749889941 348.4188167602844 944.585974276172
53.7174185950462 1770.59554569297 48.88806517227451
540.0909567043363 1274.6756101417607 8.92228555191721
791.3814539628021 1258.9837979540969 952.023888410513
1341.7169698864416 21.23862074716132 550.1449984235214
34.8542430973755 361.7907644703968 546.1320755324974
899.3539972435207 842.2999357777061 765.4063843648496
1943.4506537688655 1520.5479813309876 528.5951635758854
537.8984454421371 1649.7012625425364 824.9673327833063
877.8519950834731 1075.669960985574 197.83714112923417
1251.3456623647182 1220.0200532475694 780.4173922234608
263.23972487965676 1045.4267482808532 260.6388136740717
1491.9757588890877 1384.1241420287358 983.9717687523706
1009.2749696985652 1945.6050632830909 395.8789940002364
1619.5395915454556 273.1777641886015 1231.57780637733
1205.4017390466047 1906.52675689979 1168.6145867023351
1087.6818615943782 1334.3542733115462 1171.2103786850175
1805.8839782066107 1468.7928753593262 1161.967724337549
554.7879199051205 1434.5126964669282 538.5041308813356
580.4373113136838 1056.014227664313 689.5750592439887
1606.9912780841785 1538.9007095318073 1072.2717173264516
267.66299857419494 598.4521553686577 819.24331498211
1857.1257301582627 1209.016718602399 847.848515601683
882.8619624458203 1434.0956726735735 768.1746137092168
161.86500916652236 603.8392377892541 970.3897082246569
215.63600819028972 1229.579733839742 238.58595142750556
1214.036817933767 944.1412060172603 283.0886395340557
89.42037262891401 1559.7412709604575 723.2790414775907
936.4056755891528 1498.4994449396531 490.7440280657859
802.0092468025017 366.12103813534725 271.72950598048345
126.14346715160241 623.1769581484483 202.04249450580724
589.6522736277656 557.8167376723067 462.78646847923727
1500.0179810343502 650.1080395345429 391.3471763825229
358.4951509615462 1514.143265007186 1411.6544972535617
340.28931873744784 1827.3537255694366 940.7983557633808
41.316274852664094 1703.8921190443166 458.2257957610064
1643.8248923002557 649.8544316366914 1486.4606851682345
659.2590957682128 1923.2646242663993 378.6353357143573
120.78994523782028 1962.3442297275667 1149.9060362088844
1587.056726266774 1459.342288649888 369.552796401275
1060.6812804707818 620.7589881387312 835.0591741342912
1194.7018350931226 1644.0349879803966 417.91859582882756
1690.037020619832 415.40736938495115 1075.937208209552
1373.412459927401 719.694404697892 1151.8480033703797
1841.1094197212367 324.5768236236215 120.30569712229533
583.875232836452 20.80339508427853 185.88861680174168
654.0989747523543 344.32358394581365 470.5003111681719
1344.5690898278046 805.0017274280592 1001.9787781249033
501.0412457321904 1880.8696904589722 234.6275486309258
67.97956754091605 1383.4942532648474 1368.6371153771122
454.25446504303534 809.1802870255773 747.2389119085385
1334.3678388350777 1996.1239070575257 312.03453213188277
1449.7574728646289 1991.1691125343034 1404.7342808117808
420.0437818394811 1242.7061078175761 762.8857449001904
300.7255765976642 1715.3131981809522 417.54254257531136
1389.5496271178195 1604.099249185542 485.4260092008855
408.6314537897249 1567.379504522396 14.752677176919526
607.8787872549609 1888.231665190163 1066.5391713776573
120.29302336660064 1067.3221384785782 733.6365313999609
938.202863039411 1481.6966733448708 1379.1489750976527
1801.2645614926437 1390.3894937521532 1065.3165412906897
782.4844285223935 1003.5411515665807 1224.1832100204317
1038.728620293706 1906.6627040855346 297.4388078399042
539.3147569975483 714.9803066439226 516.067234247758
1860.9117383245168 489.9814306471308 1282.4264405543638
790.9729837412453 1173.4457107919134 515.4366216216439
999.1778934777111 1685.8020065359865 467.3578416829833
1894.3289217711258 19.2501687379667 442.6171696719494
559.5097751992564 906.0772925231956 33.80445403189075
1227.750683700685 751.6183252562918 409.78678545086103
1074.6347259607564 241.9081141000612 1485.2016646443903
1993.1085284979533 1458.5348827144023 1094.5066910849632
1300.508033334845 698.3232680482186 1166.3470179464518
944.9951941284327 307.0613594780056 770.7825089432929
797.8068387672763 539.7409190844191 161.25170409950672
113.87072901790351 1150.8225146109082 582.012597741858
1065.5313304215524 1787.1442022992896 1365.3467924572628
1172.8046215762179 348.0046684936182 128.606026906752
1816.2072081979043 1990.620081429509 92.35880537106212
409.12882029314915 86.42361150659129 36.481105279141055
402.8850527502055 1623.1657927487609 473.03910911736295
1479.585956636154 242.99979549323658 768.7819351357426
1856.899462063553 50.88464557179928 1135.5987884990084
751.8312273204535 156.94172278373398 326.8997502386823
859.6325497315116 1508.547994131998 1348.7900785809743
1115.297602134256 721.9746608569519 1070.7112419945531
1561.5175322842674 580.1879320655628 144.06796343747448
900.2584272254257 1393.464516815293 334.2814307503802
1588.7898610242703 571.1393739985326 1170.255979661322
1825.0594896518924 839.9592184741189 1113.2834917364485
1950.8141187654758 1340.9272640761574 1342.7621937233966
1248.1399196538728 1429.5988929393639 277.8844673762542
575.969508938337 39.91767390982615 334.67724687405644
1451.600164927252 465.16447927795167 1019.5471269826263
1320.0481675182568 388.02594022889434 1191.3157170934596
1436.150390321687 1197.8905752824794 565.6782431973303
1492.7625289437058 1745.398582101863 629.5723229576613
323.81786946579405 365.50720813017756 361.93694940640495
1759.912726735756 84.33096435586562 1326.275837240491
1082.735149761483 1596.5516918742837 1228.6544093148839
51.90167644306109 695.3095701808701 469.4595166317274
1392.138486468747 387.3324616210516 119.55268062543661
1553.3695918996334 85.05356002702969 1139.9913833959451
230.1025410130324 1640.1335489971827 290.78222865617676
595.5382788858201 1954.692880936745 555.4937161441701
757.0048421105529 94.05309301761733 108.41407070660125
1099.1500909140327 1761.6214101858225 860.8387411136707
1503.7398577697816 1907.1207717739765 1089.497707081564
522.0072367071484 1075.9350386910191 1189.6731401695563
1908.5781296456607 1305.1794296097523 713.2903764070643
1930.5493604636058 707.9535394983396 343.2027414376561
447.7006707335374 1120.464620509559 566.762032975312
317.4843528479214 1585.4700745093687 1420.8539998853992
594.1423458315509 1899.550844434239 1088.1346222074642
1039.064846512452 1152.9585378036993 902.1417653985925
417.62211585657735 568.8769098270697 36.970751776296936
1664.5547725518534 1196.4069284102013 1378.7558078036138
8.679117409921666 1817.9502266976972 115.41300545232153
1879.7565237230606 1606.1675373633907 1157.8773715574116
197.70577149302082 469.5498701998486 271.33183751238903
37.82466777093685 957.4189086411591 826.5735212731599
1626.1047804257532 1138.153148114565 1217.6443747439364
1724.933724566497 1704.6280627503932 534.272372417329
840.579787056213 1471.6807595029197 345.8136865850492
614.2126171836193 1842.8758137014836 309.08263409939974
747.2320254436353 659.4960839054347 1019.3656287103311
1332.6305278230852 1350.6711625312341 270.2872727439781
1741.7787920807311 1019.9765914065355 1198.379553458263
172.2019254846998 309.04640157412723 1426.3726118670643
357.41701832603303 1631.6640186058034 448.3413498632046
760.1187361291985 1583.5129621997357 927.0968656209651
1971.8036738224641 1902.2853602151538 1044.8859293411217
1700.4686010668354 344.35235836607256 12.551351219577512
77.18407108949754 1907.2403528125444 444.78175581917355
75.07466743987412 1057.5192041079217 1458.6472749433347
1295.0385532665846 663.8270468740363 1312.3432954765933
1991.4221202735741 560.037105597087 812.441987663827
1459.588301583542 1027.761500985288 1120.7150757777022
1375.9497993561781 309.79303860376996 689.8959415483044
1123.8639341722503 18.98003613946453 643.3085248060352
313.18925480194235 1821.891189720009 1429.1867232678462
1244.6565283874268 1888.8403335857 1326.867177905494
1453.0402382178006 643.5965057835231 196.43284845246794
1931.5176515665369 1793.6305284217342 39.965801613547406
1111.277705529054 568.0681451303351 1331.164217262345
930.9106766397819 1734.2152936280038 423.88999009264444
1921.0527320449328 1333.7013422313423 1131.280457335698
