200
1626.103031265451 1696.0985009489434 1462.5223072818017
1093.2395500504742 1105.9666181546486 1172.4727475847699
1899.9032474810763 640.4215535060424 1079.8534441611484
890.3856280149421 495.20724288122466 799.783758470807
1993.8179540823867 656.0384107101604 243.8784010215117
1325.2403630017309 1258.2056938440644 233.17535831100216
1632.4854760164003 948.1389171690438 1000.1832918497848
302.082284574104 634.9006482190582 354.67399296369007
484.34759703610644 0.6665471175415494 833.782244617927
279.22073182316143 495.0852513987838 1301.7660518560842
1469.1811276311432 932.4919696365273 1388.7050986615768
1123.3843967616392 1846.039528582485 1283.6233138187147
609.6421581580007 916.1507089385368 95.29242170187929
1891.831579532314 1809.6182368050452 955.4745056491771
923.2479168966286 1416.7185750964804 1242.0346230877324
1866.6814570858858 1821.3094422571373 491.35174368557443
354.7232630045183 249.0721647919445 1142.723886842671
1961.0507446076017 395.69847487978694 1022.8075790020224
1676.851993101592 1388.6083707694786 425.82178127489044
791.3832066730874 945.0971591123136 1423.464017927745
1311.5878632904419 1923.3289199617564 1389.9834024901634
339.5815825292561 342.6446271723085 396.18288038532813
727.4356423778668 101.79837344687459 6.44234200624183
295.64152195983564 420.7846582683752 574.9346603925703
584.0515028460833 1850.5387289167195 579.7851226988705
1112.2858967378286 442.8808185221853 427.22114502107985
20.970862287016836 646.2006341862316 144.6203425716739
1362.2897076735562 659.6165902632782 325.66170385799734
368.5492175444711 24.653844240971836 481.7380799071628
998.8605324454929 1164.3979883828679 84.84186233171175
946.5720231878328 1376.0181956252845 1334.9089916000205
1601.6337857205656 1448.883233449627 930.9432260330319
1729.2442325140537 857.0948707670336 179.1084231721855
940.5821911699628 1879.872592876826 144.61096115471778
671.2366520759576 1218.1632100882478 31.383145827445112
1066.7797435211548 654.6233446814902 908.5491582240984
1114.7860797835422 1353.6638534644105 832.486948780809
646.1566282413793 190.97887849834038 854.8140765918932
1739.1406264167895 711.9134217362928 771.0813726639946
1273.9810567713428 1054.1678377061176 451.5601090242181
138.15135154361678 1720.978295050767 239.60797135114575
253.75262863694448 596.8627050126116 112.88876322829044
1550.531588214371 610.7839330138174 1306.1852454975096
1640.2755236725263 173.00819592854967 765.2815119947887
210.07501809974482 585.5956192453775 255.06870987815117
54.246629481278234 364.22826373310266 961.8537646370737
1526.812656337557 800.9544418431929 520.3139289424321
1775.2695019583962 783.3882531483121 622.8104164489732
723.4842221761281 1336.8070059923236 1080.629995052007
606.8137341448847 1286.8181834769412 1092.6410156043444
1053.2147767908161 857.9345576784854 45.177985156488354
1381.1396013885887 1730.72912563708 106.044582515469
1793.8243806597948 1023.2401247168965 871.3939185606197
1778.6200962162186 1527.2256639242662 712.4028841290143
754.1138281463328 1500.5956139227515 946.4883062347254
734.3424487241565 1036.1883193629449 1159.3545186811605
564.8018664117134 1552.8128947542725 1104.9314743787397
1521.3256061292739 930.4184482039941 1259.7013837796706
1590.462795484613 983.4345706210976 1458.123791949808
1416.5340020954031 1164.8815577731425 368.58580491608507
751.1418001509546 187.79844036594895 1223.2074821051672
32.28243588561952 1671.6803361274024 1237.2957115166166
878.5958999414543 1186.2346582906926 1086.5137396684288
858.2573918745488 973.8044065899616 1235.1140689310437
1364.9244511336885 652.4664588933608 757.7941022140299
1306.1363655922053 1558.5368705420576 1103.4488822826172
861.1696515837482 1927.8051368063318 1056.0022441938734
1643.2487022340806 1949.2752070608863 870.1236104844198
1254.2324253207505 889.9982910662565 286.21437528087364
1701.11866235027 361.8549655720289 112.73817109373307
157.1641291974697 638.1358108022905 256.18762696323824
1217.1235067481482 1573.672263156848 51.53110380452514
38.586122062003184 1423.8670393999103 272.350050149177
1009.7053219667948 1188.6097708580266 29.834737433865776
912.0820181139078 1321.741421962623 1119.1051522725134
1501.559142076023 1418.805148447826 4.249689756488484
898.5809686775375 443.5205944715643 484.1226160145108
555.5448077398933 1958.112231378665 1195.9791032539922
723.5891698006116 1725.045470257386 187.57551497961893
777.9967595790179 1596.9649144569023 862.9908795605137
868.0233855565225 637.5759600565456 898.1148474262548
961.3161685187714 260.25471208352104 187.27744803410113
239.4866020477111 77.46040945240185 108.49070836763718
393.5768491115257 992.8409243519112 1228.7648592816918
1939.5543635257363 438.8044802603561 1066.749755294137
949.0916016770119 1457.2055988968061 1077.5372589007732
1804.6078577921699 1348.5865645748006 1021.8696258009297
1613.49997068426 569.2804788131402 885.0467434146011
1437.4525182340467 1650.617088189653 874.1878119486919
466.5573755660619 1211.893131307665 287.5009479189956
1844.3558539409623 482.04201200064745 1036.1735563968723
993.2140140145083 205.50819258279884 655.8215969196983
916.6395909690899 1862.7599323821323 1354.0097957422802
854.1251358928432 1136.2074498049258 63.80304954676075
989.6395296517253 1418.0416019137801 1011.6724163355688
1038.413967768082 1536.4673228146223 94.83464991625729
1295.2830857520034 187.49594696537963 774.4966620418397
467.4196540042186 308.320539358955 42.908431734533515
360.2081412019427 1270.4249722410236 133.89027697242966
739.8977229776149 672.3462025286384 1363.559433205327
489.787248596107 391.80274928996005 601.1314991861788
281.0913423819057 1493.3504760001651 550.949535204205
65.54489519304352 1242.8342848874904 351.8525160036062
1563.9922196566645 1815.3126620035305 256.87944773637287
633.4185061411434 514.6096548854918 530.1557695289691
114.63661121380953 78.60011153135882 938.4708509950453
297.32337598882697 140.2028162481219 964.9690887012445
828.9244110185143 1033.643235305277 506.28646352779623
829.9939806830705 1686.9009019142409 867.39465667032
1826.7609880596697 1248.7668202304235 1483.718191668985
398.06108701957487 1204.9556159937824 659.2998179649451
1273.2927111040392 650.0667637298418 1499.0741649376937
615.5601022534722 1032.5994866828496 1411.7623514271627
1891.0176997534768 564.3893697221165 435.7569390934948
1308.2049042911153 1365.5522292799303 896.568401400557
1355.2542783658805 1797.1684807327185 757.504449270329
1479.7184295409236 1674.5424036208622 599.0479649572412
169.12202073765647 661.8277903722523 1422.195407322999
1943.133415744338 1754.0701008586757 196.8461252290084
1443.4664136512558 941.9684016709216 914.3079084702024
1120.2570714787375 807.0569525104927 631.0679177996146
1657.3552610877957 404.05182274142317 1317.39414367855
1036.0178488342249 487.5300684361903 410.1408984914728
505.9017014509033 644.068590821969 759.9027979188484
862.3111384849418 1012.1356465024984 741.6256414897246
1455.712630276513 1559.43977978474 308.51277462568976
1035.127160754478 176.26614546756338 681.2991663772342
1828.3519279083234 851.0454793866245 582.6565897262014
1233.6678440584753 1579.66220472957 649.0542229972812
841.693924926715 1329.952148023547 857.8746063455204
1031.4861035205843 1315.5096353999513 269.7581661483994
679.5035448513171 884.9047829296297 827.8158403740665
1128.1236050335635 1899.829198694667 46.766136325417705
208.78441973895144 1297.3077502404822 164.71110354021528
1538.70218680752 531.0357102212306 991.2285450230466
697.0960351479458 1975.0405688893236 1142.0215478946525
731.6742681140809 629.714678877813 1117.8912606253273
1986.19014226386 1272.1122602308296 105.43765099293195
601.3221758170429 1606.8601349566588 1191.4473280050488
1468.7992782245012 1152.9900387361463 240.53614820691078
709.2222611896289 1347.2234195318774 1032.525228936152
676.1632668319324 766.5048559431577 334.44107049445296
1834.8196556297032 872.3476405012076 1361.5300701682493
368.66691489044 695.9880815178694 646.3135328278307
1339.4216567712513 1678.766729852213 1203.0638985324792
75.08797047528559 3.0453792386513356 868.5965345801366
261.56170175177795 1993.3078436132953 1091.5290505844564
476.12443314597954 457.682575480086 212.7903260225063
1944.7258012724797 1354.4398376471484 756.0756928186402
683.290369276317 260.1065114603889 1346.4029129294827
889.9605895015561 1352.7201785626607 179.5368503169741
1306.4128706024555 748.0934794572895 769.7306126026278
679.1418152195055 420.93994062621573 536.2684544504908
562.7094345146666 1176.9368388772803 1492.0951904427895
1066.3985925464863 860.2429005192769 615.1093137521077
802.8041928662503 1072.9854078474325 467.0162661652128
1169.5362904257336 1302.8760450443701 278.0699415140281
560.2101760784424 327.09758842733197 1453.4838769290627
337.1565228095581 901.5091454006164 1450.8417779038969
1009.6992736623696 365.9256949399428 530.1718683994839
1936.0136039748427 334.6877944821152 621.886542940176
31.654548342839426 1973.4711742908246 101.55448586261834
27.944280307813596 695.7208598043974 1328.5513446856864
1473.0496949377082 1503.5802661038233 849.9364795439972
1312.1680489856144 1835.5955804003902 78.88103782785832
1562.8669796972154 144.9102536045388 292.1841623915441
1277.4467145332153 1285.3905917483596 683.0724185564923
184.09753767196514 125.39908611684058 592.9136823653805
194.50194069988558 632.5364402430389 363.3782473576782
161.68578894034292 650.2152952017202 25.072341668700982
212.05406963810302 887.7543740040028 218.99664389083244
1142.5767692336115 1761.443826233179 102.95637989986255
1031.52565860327 1186.5366840265108 614.358314540357
202.438174971032 820.1832988502755 246.24815143719837
1220.755494563673 1020.4290517221757 9.501261446389297
1209.2179228709163 245.2388205666629 706.711162342599
22.279812487444815 102.74887069755523 1339.4082591185027
539.7582562601028 925.1484961531324 897.0927567222736
1148.685179499954 797.8737539230553 1158.2412853943742
1961.1798487758383 773.1694757157255 218.93660203254205
674.4510752347437 1972.9150662438603 182.11015941721126
225.40851531724803 1615.811674096146 127.92856409714881
1363.8954112298668 449.80241929552767 1194.7750241933368
1137.7783737652383 157.26812721720185 979.1300628448694
1212.4069708385484 1278.8538145981054 666.4402224651616
1519.8488060172172 961.1914823556975 538.6927354675036
692.1396725619784 1810.6464201256215 1368.9084729513313
1805.3051368466015 1369.5724418310378 465.0638058075709
543.2220751086829 1128.3845383921303 461.5652840241876
1053.0801635728956 1950.0867886721817 976.9574060087311
1111.4209543288612 824.9013072362769 635.4496147085737
850.2258256146685 825.8196056274135 851.3285742849394
766.3999212478352 361.9241669804238 929.1700222836581
1788.2210728942484 1316.3499222193298 238.45060745227386
629.2265731741724 521.4853541256564 1168.7499647360705
1557.2298568829176 1479.9458238611999 1478.9094195452903
1484.012984696271 1462.0558605825256 1137.5400989482662
80.36020171355962 852.3588071873229 1135.0415647051439
256.93990935361757 1143.870768443036 998.1908323992276
1342.2261041096892 1570.2943832136502 1160.2326822638197
