150
144.2212860464671 157.92833784826504 794.8188767568502
73.10293310778692 39.61195135618568 946.7985780704464
15.688717175345221 2.4590701735425653 1476.7748104329135
144.98096708577182 209.52963733695512 767.1554662613029
601.4865593727412 6.823285512714477 651.2436894583557
105.17325293731248 4.593295779321481 1254.1880628559043
114.04682042636406 1206.5313570112928 848.9598648099932
72.86768137800172 54.602485294831126 1397.2212025325769
18.46531426732769 59.28434207404243 367.54729125507913
310.16037340053674 113.11531897212794 1395.9347033594956
56.627809589961096 209.64243990994703 1279.53438106734
236.24733168706933 117.12876039118387 1032.3545179295772
93.88515896476368 398.9386605525459 322.04624099981606
485.73830894095755 23.769661757879962 198.8729969595764
122.09533410556308 205.56010128967478 310.6458401522382
141.20381920916353 158.20084165807467 490.6090217438094
41.6601439185421 407.8466978313127 748.7282072737866
141.3560212111302 424.62856771145744 776.5039811611346
63.52463904147571 599.44151189971 1445.4586517647708
161.13416437539914 746.2698526515943 302.77851116669837
271.37833878371305 2.997393211033279 958.852997028715
107.64404019629674 17.508124665924882 552.2502462257041
23.107298945308195 509.41625670038997 955.6399940504865
16.25054245765523 268.30750292614727 1357.3576014636176
73.42369342147454 9.045382870675073 506.81268546708424
210.5381520838307 129.01809896574562 1397.9430943067537
181.7940146315784 608.6378700109426 406.7615253335482
518.5348617737621 344.9843209691116 118.82575985599986
143.8360836389755 106.14024409434666 518.8698112085741
30.01129459603676 61.95426005534429 899.8804355696672
71.31890689746298 19.261016938008844 522.5467674717938
158.53060560691415 410.1138310926195 566.6261122856528
352.88086726851856 89.33256207694724 1242.242471896184
187.99712184218225 73.28279134825343 336.49001080105506
456.5806230637132 69.85152244658585 473.11232220948114
370.78988189270484 55.16060018462089 616.0989199371612
314.7288285340976 646.4972553613906 341.26674421558397
4.378398888708281 53.73973487107349 37.056369335650984
46.93510069970743 67.64149439644 1137.4954723325754
85.35943907252579 283.1485861136509 552.5866872560882
155.92733720412815 133.89666227133554 1008.9132223861315
891.1235387180035 503.803000914756 601.2812453216975
74.50764523636427 186.24523411170492 1399.3422096156569
155.26500435905464 115.08404920116683 1417.4339798751985
290.59795626540506 39.75372446265593 138.64698916628188
203.40207565338702 563.0698997584057 49.286939625859226
172.61812512530264 232.3968411261729 688.2989921004222
333.58353808771244 44.0256800544593 7.1726519799503174
313.30013876509895 563.7351715229172 1233.5798208144258
156.6065440694451 43.08937227363605 66.18933417437734
102.23536886058193 198.91130782556718 1365.8155441954095
257.7355773243417 115.52217119282722 1392.0107207743195
32.52750789117836 468.19606618443623 544.9127338132162
222.35768357759608 625.8396362201603 1189.6798390845624
97.27731898338853 397.8357305598285 527.8019487812055
1571.5843149140544 142.11619392690727 341.9546570848667
192.8091473712473 149.07688314801104 510.7758924510556
243.89092276297936 90.80054011783832 610.6668477565505
316.74747681749704 230.87316751232913 993.5963599761525
13.162300890958036 6.307382281277568 1442.2161339884055
19.104170277532532 237.41879597400134 1368.433258610518
137.94134730696433 65.61560119825984 746.5081718000885
735.8133625178776 89.4321817808708 78.59316496573693
66.22238177910475 199.7644000186649 1330.3094312920696
428.324689017616 59.745282572398686 655.3387049565049
25.05030292374918 442.91679726073016 706.2346847649851
153.51297516217534 8.687697175436547 1197.7422452523747
2.81395994754017 260.4534631788598 842.3798638251328
158.048825735992 231.22265653550912 1112.6576707752681
207.6221481407572 98.84951847393133 1041.0053898563424
11.39914198069389 114.80649227916726 229.46972005496818
146.72547746225143 36.055053196618346 518.589236158577
87.23541791137481 0.1613958873294064 802.7341332675006
305.7976786225028 97.79379637344515 498.08164519519806
150.87907233674716 217.70160415604926 772.7326880724864
39.48488946697159 228.968699665377 844.8638016472654
174.8621775195913 680.798173008242 1422.1183561654673
163.99524213757346 211.5155481082839 1280.8252151819013
19.356851966346944 191.70810569435443 709.8772100779779
72.6465299902261 406.15549895528505 1345.0889784230549
61.01230399562794 348.05919461562826 373.45401101845187
1.4566108962361828 529.0664795674895 784.9985043340536
25.212842638907595 959.2099374730067 215.9987322138721
9.235991940382217 277.44120743537496 1344.2688447807834
171.86272821980745 107.77467092810467 1070.474649920147
70.00485026526944 935.8017879264997 142.4965584483403
220.16514199329308 136.8888454707137 995.351428721721
14.266181053338151 107.07366963166693 1199.6679132261133
806.3192156999056 32.61653897546313 1496.6474187802528
193.61188890292092 47.21969051179445 727.8759086907504
114.11638599594897 12.297950226381907 844.5004055716131
309.5552106989019 180.1989021132516 813.5411469593271
121.364657953482 358.5042335917989 1449.6147934279584
196.77776539755212 367.95053534983265 744.1123498880662
261.45169692811834 70.26489189031277 322.51352513221815
420.76887335093767 56.533167213101834 981.4368234191081
366.0510244525623 15.61312495051822 671.8142526103725
370.21132770776927 228.37748002592372 705.1770057398323
825.9743371826797 195.57653985275712 475.1747427372049
364.4697994463241 476.0168460974457 100.48879355841738
866.875113697694 458.844912712551 593.2517654922134
468.89455644704066 119.5187993779581 924.2970077447703
115.54479998276355 455.7011169383499 565.4345787615961
184.11284893161385 345.1598703085404 939.7399558093447
39.93169704641898 96.46155613144441 682.5625477896361
91.61887285079986 848.9572230843329 896.2909132558897
42.45791916350475 179.28164330027113 988.0171378189162
156.27630660618982 431.098199993367 880.9336672484491
170.3701287405114 155.08270679374164 837.8968740444155
220.37545383210698 101.58175561198566 1365.4953966927635
179.10949206875907 116.9986046321587 1064.5015130731647
77.30568611068503 36.15625076837188 977.6306969102342
154.72801526381542 122.55404033185235 7.152852215770611
78.22265337726154 412.11544956733457 1058.089813020768
12.840377760687865 167.0635180063079 162.20520487533918
305.54799834875666 106.21416157077594 403.3611457333681
172.54099227622166 82.99281417474549 264.72602075904126
892.5940881550168 56.8794042316023 725.0856505531485
41.76213603429733 100.29666282326247 1162.5673332288352
9.22464645977946 166.01716221860642 921.6714573866489
22.796338011989352 706.7622109760943 1068.346351348017
265.3916951103869 257.68605078396894 792.997623744972
243.78059413712037 185.7068547026201 1149.875006525789
174.81124398363895 169.80420042484073 1357.4221406304312
61.620500164232 111.47688714759964 630.823076194429
238.39517017273644 339.22925879189137 884.3934157032685
26.970161438609342 33.2396325112086 396.3470822798467
44.80883220984963 96.0349072947856 590.3698040365459
80.12838751699267 47.637857413098814 182.35174864760162
67.84253791180984 130.65304771838663 84.56432976073403
238.21452542612874 162.36409796364217 1059.65003577905
10.314291022165675 87.09147358387068 1258.7945490084562
254.36052744304428 468.20562769902904 296.9223681712275
23.093994425971033 216.94225830936685 121.11051630712427
155.20024183491395 67.66516448343391 1203.622301584663
63.28130196467762 96.66993033832497 74.06398830272565
29.434648067391606 287.1091769073712 422.8386397192751
333.4939217086627 212.38075288079042 354.04213272790935
127.20303167992209 458.31534989432646 1169.4465302764029
142.04892305767015 99.64574579472794 1247.5651111378909
18.477909650159038 523.784098394514 1088.8198862946363
426.99005423931925 356.5415721361613 105.86400566587906
282.54626132997834 134.37862554995056 144.72442116279655
177.36492160368516 328.2006680640267 1130.8395558512448
267.67890280122145 97.06591890478681 1210.557086974915
294.5549767351524 155.44456681564773 259.1999075393328
369.5540181604525 735.7071467634879 812.2795062045517
224.1079661702762 112.63778155050632 1089.7812501839655
341.24764754233297 0.46512655822594795 496.9512545669815
118.4806505095721 158.5211858959974 288.36335051740946
