150
194.195843805114 935.43438736961 801.540361254067
38.61238834821486 49.04307797027913 598.6825219764719
142.34890584460862 35.08149580802786 775.9637626139363
259.42095079815056 238.52861614581187 1083.2956059513212
436.4377116072939 183.69716015190085 1325.939287765204
211.99521852764053 441.5104937889186 849.4472887675347
195.41827493811047 129.47663480359122 54.81637691166108
172.55651282427772 560.0577879317608 562.3077023247365
152.2554711433055 321.7491989478661 152.21461754729316
585.2828690841889 36.92815670740126 645.0926290055193
39.001930568719104 213.803170149913 1375.3419993295643
122.9074692534107 218.04033974807834 158.93220415418818
93.84526447996396 96.65792815653684 461.60898919851434
214.05487737732943 1.7337793133141624 267.85016550083037
110.47891156018706 83.95546735453388 117.36594980017068
173.86324750938783 405.6723745768761 1389.8066396275515
98.62375457144215 74.92096652508006 837.0515109535071
212.18501114725444 199.55140386615912 1121.4570996258878
257.81068869296547 303.32794867612694 463.07982024130007
44.67822367544333 78.8221812660784 1409.72927974136
93.90111662386072 66.90488391163044 164.34359150713817
32.61467572044736 126.41528507965096 529.4985449277584
13.31047154265456 13.885964905342544 1468.6509422771653
13.70536047071768 36.2122364284113 1256.9533288881707
448.8215039825437 963.6708492939499 349.8780527122269
44.9258553136571 131.41551565858342 1127.8232135395226
319.1652421870428 305.74656983283006 244.90932677231896
83.56045877565357 16.29055305865833 1128.262446743209
23.604538223622665 332.8402329656656 136.6960317784664
282.7865189199201 443.86343377651815 206.98303951067155
29.391354850069934 355.84335183168594 495.3937731430941
11.012711484273574 176.77546178862974 1456.029604714029
327.42867264352486 17.52467486759176 1446.5148273537095
28.301892330215146 161.58452088193906 630.0660204734642
497.212538716213 266.53835274276014 519.0300823180427
848.2596181356191 135.41503808686338 917.6491379713202
62.21729254956008 292.3168317270522 1431.4145094181779
46.07405896855206 208.27569569670476 1264.788049581153
377.5597599984337 356.866648037423 751.5499836707511
559.4854943969435 221.6718724329373 796.0101578725964
37.907872767525305 7.589442312616458 135.651265090588
274.62755138546214 438.4569518898484 1177.5780568220803
23.134109278043372 96.80467306365429 769.1414632495283
42.19000999594536 170.99299193984956 593.0656476990247
278.8441243744629 148.3008671157861 851.9415812049199
589.6718425374901 20.221188385892336 1460.0138694081645
342.78185302204014 2.361343276019357 1116.0710838154346
43.37361014857125 160.43959988745982 946.7963234619821
185.2157621812405 74.2086842863807 332.48449537417144
69.58827230025811 57.991618356277286 1313.911614274361
30.28615515788367 376.12784473423676 486.2786228228516
112.96565160421986 82.20953259491151 760.7954017691209
209.02127553066535 175.85724164213178 47.86367059815721
56.59925218603713 312.8671094267385 550.9951742284594
287.2331284214187 205.29673393835677 1420.702572783765
76.36867683155022 55.623330174853514 1461.4618821725787
40.2758918669023 266.8487424031482 883.9270513907416
935.2705862481578 250.8605789830036 714.6559257817667
0.28193613381463245 118.28389027415906 892.3037708033928
73.71132346815423 8.031624917333046 221.27009502700417
17.23235186532162 262.06436339678334 600.5566424741812
88.70013239426306 317.6670628193608 163.79241044840708
63.91652816694054 507.3103691630064 1417.6328731129593
166.63787140056755 105.5556128423125 1216.4587508036102
24.799651519737864 329.5697563380994 652.5234376368584
157.12161539502875 294.73991253833987 951.6546514842819
284.38633363728314 20.747313393489442 528.4548183052177
54.30014890352569 5.088986369783956 110.94748968270358
458.6151847412788 113.17725297325072 942.605726181683
180.486078602848 205.0414943264752 326.0308068516231
355.2130725990719 71.19181648899185 1062.2181157486111
105.39853032395614 24.731233340378132 622.5567241149439
37.06030864459971 1.7414093341692072 1208.5375673124927
34.833202399281326 270.7599413016838 438.48149219764866
252.5253464625977 22.732273597580928 650.0448722677964
1.4380889989257384 19.30820707349193 907.572814681194
503.2356608707828 88.6860753024606 82.4392165192166
12.227700330662127 203.49502851974628 140.67533109659763
543.4549941504245 222.05375896259295 1226.679562693843
68.20135128176105 81.56244607076431 696.7141686529998
100.0438413306451 91.57316180435879 180.63568495091846
149.7849339855199 356.8846369118483 762.5203105903988
18.83085118550057 88.01342399501947 1180.829686276372
99.1153922086547 189.58110655210592 250.95157313051868
3.604803101745574 428.171954773871 675.3210776529461
136.27915160052518 47.03545503983174 976.1708484963389
389.02496268497333 236.93209599456577 307.4488547433288
14.601702482890696 527.3351072127916 780.5637161831421
62.43698070856081 198.0858112494561 996.6197488768267
106.16393045323589 132.1140714215374 649.7735368710772
48.721324771800084 135.92813184210686 807.5899835953209
44.89593200280098 232.6924561027644 1.009369646231939
63.02380163730059 128.12440832386707 603.3588079111526
4.808494082268467 248.53155138304294 930.3927527836428
199.3648072331937 28.91160048672951 534.1245233555115
68.6431815444844 752.0885716197718 1440.3203705914411
125.9320725133828 311.5795977430518 75.25060654518428
4.448501241111444 445.51902669053663 1459.4664310475239
54.643260991654785 478.14018858649644 929.7449488478904
60.86859167293921 82.09250272686556 638.9972900735858
524.9670820106296 88.63719493076748 1481.011827691661
85.7866945023871 57.7280084816392 1078.5262189499083
139.54350399172856 14.535835084917881 780.5868431329731
33.64530629451063 286.84612385283594 459.76939291954955
9.55358134762029 17.126237945727194 882.0138326717796
60.112522289036264 38.31189173919519 408.7074659128834
211.80965115663807 128.18618125520754 867.9315855220714
29.423393783253317 21.260737749814165 913.7253453689528
24.644265487532973 442.9820514784162 978.9978465769439
75.86185231294114 4.507717547237757 1227.2799904591081
167.578185687276 71.31658834856334 407.7814846708743
112.3176242120559 80.28900155183128 1102.5035133488657
24.12661586433303 257.20863404642114 603.8017442811558
109.33682022140425 461.9496211867264 1354.7588148159443
251.39683003240913 713.0154284998052 478.5301222032901
58.314274602589336 328.6279318017504 1054.0191231813983
601.8915916654399 121.89586204606462 1355.2632003798346
85.3477145043836 282.58654081862045 409.4340768828509
158.18448376994382 725.882635751818 538.3940265736862
443.13558769447354 142.80488816664044 1118.3089233405967
110.92055320856747 738.7942973646566 1269.042057970207
278.95533525061023 435.23781240521026 731.2447012698821
56.399555229868156 681.928130383148 643.4100957791723
112.11726032150868 168.41153878691748 189.22166729710966
221.1312870789565 30.55923167444886 1123.304827319478
119.30000470579311 35.35164521354551 1092.2013561484198
57.23237497569775 58.985478861911666 832.3162448201086
99.75041581959385 178.27863829878618 590.7728331329401
15.679604006453332 116.39676518697289 1417.607197898084
171.79230842292122 348.9957068265202 712.5446986312498
10.486807937770148 7.815623453250476 928.2867834658807
99.57677954660466 21.695960474205783 330.0973484486135
62.93578486951124 225.5713874183675 141.7483054618359
73.8600101465224 287.7855127174645 1465.4367039230333
307.99736424276426 66.97906371503717 1356.3059635756736
593.5469192906305 57.33496948361182 142.95565112297382
285.01527339258945 466.0975889964975 613.2969574589875
43.26440156683524 45.0338554574207 154.1137663200276
52.70127905352625 205.32063089381992 217.23435521404116
131.71935596015115 385.87054525990897 748.9611124591077
57.63902811753291 2.0057084659246276 153.87825559722518
154.87227033125626 127.82591761413377 113.70611094414535
43.35096639234337 136.24150242169156 1104.2676066235013
716.5075670012119 8.516285529083286 1309.8023542624003
157.0505807470494 108.31329596754404 828.1393994714338
296.12596131735233 71.99478109099255 428.4720568372919
15.722664008547587 77.66051632270118 20.72261615698856
152.8124700955651 6.937901376960149 941.1274429292597
73.93686213621903 287.8932555590017 97.74054762173479
376.4720442647077 43.309074891619176 1493.7182978021
