350
863.6203014263356 1095.460467514799 908.0865295084785
786.7704210748948 1525.4748964588694 877.8060496575304
1387.8442680217445 1392.633600023927 337.52793936339566
1059.7290687974105 925.0691671892541 524.7818418717633
971.4988332272355 577.2687996092466 443.3142046053979
1276.532581793981 1436.724423423026 577.3443813653793
821.3691692960028 705.3171802306695 375.30086634880286
894.6470920444938 1209.7847224922332 793.953114156098
611.5276609542477 446.42792300215604 1209.8307322494352
1280.187293162124 742.5606182599333 683.4923111676915
867.7544306542022 1052.6822254464385 117.63674620913672
1168.7730099406976 895.6147485655911 82.61225822858542
1099.8661598635028 1039.183511749361 1378.0074106319473
1276.0934660661514 1302.957777067961 875.8986546670483
826.7634031560003 799.4136697427105 628.680063537889
1178.394412650496 725.3464075084654 559.418205324343
1131.3752909496357 1125.0718896898209 692.8449264884256
485.68689373015536 1377.3709912664654 287.5513498586813
707.7232178489096 1338.8490321658967 1411.6578168330432
1063.8792284735164 1195.9230676357447 245.96297149162706
810.3896228479599 1141.4958217163378 1311.7973887037165
967.6526460652208 1227.4527484204511 97.32828439508168
1003.9068700613444 1053.12886409141 652.4687410709618
1363.5355606748253 1340.0567529244847 1407.2709794082684
699.408402199616 760.89353001065 240.93121223925112
918.2821179686657 956.9493450403942 330.90564181502504
857.2229661648206 1157.4014727396793 874.0899199507187
345.1982130291932 966.9581764926729 1186.7791931344987
1294.9063030500383 1034.0657252544704 0.9943931317183963
718.8590445485802 1195.039760298956 690.7393071012236
1052.9724664801365 1083.6692248896027 756.3545565459725
1115.7227512459162 1010.419455339422 488.89888304368515
323.1803115197471 1341.9733205511598 484.37101064172754
789.7527537976453 1105.152575950533 1434.6524289043598
648.4049613062884 1117.3038721859384 1348.4160995991904
891.6861401361673 1313.4090454903705 172.6119913724145
679.2277061634031 1098.9675076141014 1381.8808058498742
617.0390479846956 1188.6960270033285 555.4571618726892
684.9225807990945 385.8212572739127 670.7859247705908
1318.111682781741 1475.6487692420437 809.845116268574
1034.3255287545232 870.8993216385488 239.96938822011276
1215.4883672906396 789.879939171447 744.826931623325
1539.0303596297786 1888.5528654598097 1196.4601144453643
1186.5262026829846 1498.439903524787 167.5031924146738
877.9633263932144 771.2270798826073 1418.0951565338644
1325.810732022694 1300.8285839095267 325.38001203317214
892.1282266921152 943.8544208174964 930.6174217835909
1271.6359097455759 997.4458593714337 1429.3539531859262
1056.1622214665529 1306.5987572354784 1158.3869048230306
1326.4793348051335 1133.7381845393213 1384.9152247222617
942.0695363482051 1191.5889894720615 1388.091514370552
114.10937358727324 847.2173989772541 1174.5806097998884
1190.1608863034933 816.6680239259258 807.2687581177731
1181.5407987119468 1284.95863548827 116.41337872683688
1124.526623803187 550.5074464589802 963.8883958311418
914.9148674539279 1486.6873260197954 1190.1866312384186
1502.732428497597 739.6182765606873 820.9346170321489
1317.6630704853305 1356.9465523790311 23.22587347114752
863.7652240084598 1371.9635656701323 1205.541879558985
1295.3761228128415 1199.476288465154 861.3688903522525
1335.6471547683766 1086.4264472542923 333.1385337947996
1207.1162192680213 755.7016100793369 434.45300135447354
944.0167697208813 856.1746344032686 36.65655550230412
1231.5976622405888 1018.2209347487701 1143.8022918491663
1246.758309783386 814.9313010446757 161.71906881021303
610.3043951533548 930.0813588082461 226.87713960341344
1189.5424258802525 959.2081475280072 172.4309209989258
610.4471046717698 995.2350247115611 67.25894161366391
730.8971772434768 816.4401336166618 1173.3749071302645
904.8155356369379 1059.429340918617 1042.2631903487281
913.9520860498894 1015.4831643361773 401.8189212218004
1360.1398375573863 1077.6112671226697 134.79728887911668
1001.0584047563959 976.0774666863703 1391.9736804395852
1282.267771857585 737.6316228429375 587.1484508269486
1292.1458212138562 1073.0776258873323 210.63348079444333
1187.1454322889347 730.2865506038772 251.79927459379098
1190.6438121934384 1017.9394859003279 1018.4094858015244
725.6755565294068 1046.9346954533248 1369.382028824506
581.9916915773385 1054.344304390722 1248.515530429994
1060.7272857544208 782.5594403139772 549.5611650330889
875.5745981481984 1435.9478481999222 801.0393493354813
1000.2566632240539 1057.615828764603 290.92379467845456
1043.4286302977307 1712.6157360917182 550.2290804730252
825.4825080926779 827.9547128790641 868.0975781070946
969.3915706330791 561.9490322538607 1256.33393948589
1329.107129130754 1023.9260913725988 401.692996023432
546.9909787045357 852.5555064347172 1015.88912427553
1177.8187897218063 1273.4968863415359 523.5055704653474
1214.108169198632 729.5283211385301 49.45375588815521
1392.636301957322 982.9054126427402 1033.0424359492836
1354.671770438389 679.9773292359092 803.9716214245059
744.5192464482034 1069.8746329381586 177.16003856032847
884.6210940037643 1408.7445789593462 854.3134285983544
876.2598953701206 943.5329906234891 142.3636417270403
1208.4961343769621 1148.1543887616942 189.19662582934492
858.8411398962351 1023.1558857432266 306.8961181071202
1020.0253810717761 1115.754720476585 533.2498223765705
757.3135049567261 1125.4032005761196 454.9476730852611
1008.2065143741095 526.4663836301354 313.6620643092024
1127.085801819448 837.1308557511045 534.4441092062913
1152.2260438286226 1386.3746287495348 325.07946419400145
1710.8581887730788 895.1129955435558 523.8577459470702
1216.1831980434279 959.190026692227 323.57552392570733
1251.8114595198472 698.6643949271745 540.8663268734058
576.9592787769827 1035.3753284970444 304.53810002563887
1347.6121201694311 1391.2833327513508 1265.76901865994
259.05446259023654 822.7567048438141 1235.0550809836202
784.4070330525819 679.3599838466814 767.2658003804215
1030.3345232291094 1627.824162501373 349.5363816253503
1120.3380195314926 1201.3656763849744 1311.1107254810165
835.4533540635308 763.6206760849473 260.8802356694754
987.8924650405427 982.1215238351062 1429.8381904998826
714.8198095199914 753.001392664199 935.6724792259533
880.0507260963243 741.7501947061769 345.74292722468533
1194.1768603155217 976.6434699174832 1442.2408658590339
1288.6800317219022 799.1655423783623 483.1224672699352
1211.0769108482752 1046.1869644101328 172.2660399895799
1132.0231106149047 1163.7035391362044 845.3882482442341
814.638583528588 1202.4074535114187 1196.006848799519
1094.8429856411547 959.8361035730303 1342.1904158944087
1174.6905158266152 1050.904449251135 1000.014510360176
1281.4411061902754 1449.993666845918 127.29868093438273
928.4148026256426 1419.09201514329 563.5985757367257
963.1891899904268 823.5542952876024 891.4983183611449
676.8225202550063 1070.5506535244444 1435.676040171894
1074.458100346997 648.5731567244342 1373.0805181235785
1178.849725181486 1268.1960579107529 928.142666056335
1143.7647459472134 746.0403457998993 124.91495951034354
608.8055228991819 686.4832691292393 332.3223164281581
1349.3754244046124 1192.7250358989306 818.6229591526194
1057.3971747361231 704.3728105123603 536.8742390414961
1387.8337604708584 1136.420339023965 102.23704550924812
1043.60025016939 898.8761833475156 1246.3679862332917
1379.598390174928 782.4589754449621 536.2573314061539
677.2593696161017 1037.4798268586183 349.43943230707674
644.6990802639689 1531.13392870579 438.34463343068273
1016.2050510135953 925.6942153614486 1320.607790836306
910.2355382180318 935.599547191521 330.63644506020245
809.1509200745814 1049.9173713041841 1065.4934369119546
1653.546101284553 925.4233105131651 1136.3764932943027
867.2419777422648 1381.7539877182217 412.42846936265585
1313.6819901278755 1160.7630593991346 783.0314729985938
726.1030943551252 1043.5245071859563 468.91580626299714
1306.1896397582516 985.5464287690136 1056.3371976328788
860.1907570436751 822.6433266533625 1166.2631814493902
1119.044405155601 967.4996210162367 48.004644040927694
868.7522251375547 555.6441461028278 447.36284629894976
1017.7134762349746 1174.2232189048855 1152.6369986617797
990.605862846128 1192.903932199334 1102.2514683648508
1154.8695198472878 741.2460185587198 37.064145284030346
1024.4663567141704 950.9456835368908 1387.85357603074
1188.29973429682 811.7495062882515 513.3229015677397
899.4917683424146 1255.400604711365 784.1537032909284
713.5212884267027 1305.3534105224026 122.92538038954964
963.4932940935503 1191.3596497021058 500.5760581975594
1098.3692111881053 990.8881438985699 59.796196608101646
884.3702161468207 1083.2809550023815 286.8196314904468
1156.438327086558 854.708852372932 510.8247731820814
1426.567465426874 1124.488919749618 593.0309722110416
1118.3502055293127 959.079389154024 675.1004420458341
948.7993460205388 783.8229538705048 209.32490036151296
673.7249198367258 1105.5256582163638 1155.0759126848825
1235.9108740313452 1028.574742645417 243.9430155230235
873.2214167843546 975.5326228329653 853.6618126647961
896.515871383827 946.3029300368805 105.17050727795436
1369.9430649560861 1115.871217079201 226.61913956404118
1611.84526869521 1051.7573600305143 48.75580332302493
1104.2629039016178 1133.6337836252196 1095.3475647425375
1365.8675147585475 1279.9174137529153 1049.4417101627173
705.0520081918048 868.4034404440305 1127.4953883051785
1180.2118569002225 1117.5607670168692 1284.0922893038087
866.0202690651479 744.7130263482572 670.9201053960016
953.6625081683106 999.9628569586802 258.23160002671636
1230.794774774856 808.611956307519 1163.5859784835684
770.7514936572175 1146.4115214562803 544.3120058920719
754.5610186310828 1043.4973673246034 519.5589068871573
1405.9248677474218 944.5760354864553 178.75871807978723
1062.6672009588356 969.7068787118076 542.4842035069267
470.9889683509341 926.4567823866433 1054.1106513622221
690.0512783604288 1401.0865240294654 913.0695053888277
1101.2702235803374 1166.194403208915 650.1797680753284
1421.3906199270928 1237.858889717339 487.557155313461
880.6005718128862 1473.2930364160875 550.8241730280636
1281.9747759208894 1092.4243211739724 303.7640626537896
1240.3143470730854 909.5335559094206 708.2309580581914
1140.79373973792 658.3258099857917 735.0941581835491
879.9859743388683 1273.2445749786402 557.6105731036565
984.6018763427924 1047.082525755461 649.4098363111905
1595.1568361122272 1158.1413695215856 782.8731237356156
839.06534188463 1174.0223849755394 1447.519401412486
998.231352883634 687.160810028905 0.17472828921277772
1131.1992015623568 591.6534364400452 1340.8264420114015
1332.6732678569022 784.7124170297795 1102.9285364967081
1060.2291853760112 927.08248236981 756.6417492427062
1400.313880763234 1516.8661441827203 1314.0995954883517
813.7339835189528 717.7309522958454 1084.5791444088431
1302.60685027326 898.4584080141042 688.405683190487
1127.2171381282146 669.8470750183704 841.5631342316179
1181.7592871535944 1458.955749855783 1196.8149858486963
1208.048467579944 1036.0056023563757 402.6017537804788
776.9335026732126 975.6284450596704 1489.563025219223
993.7592307728243 784.9389752544568 406.10449924776657
816.4438405651359 1313.4345519374865 526.0990342709041
1090.8455226707672 766.6393997119349 1233.6884327544967
1385.8247862803819 1089.8891149365786 850.8358557222757
987.6560676849373 1247.6603145793463 286.4290292077865
789.9135825242981 1038.9769321655651 730.5260498044121
925.6073317488759 1074.3399487205577 803.3102714587477
919.8934840123214 1103.7024909220625 1114.1314735138008
1059.9783747690858 989.4754326173884 294.81857666211044
1136.2717090408767 1136.0420645262818 1158.9369891891376
884.5188608924435 974.8447525307452 1497.307364732616
1274.8131594605343 1177.3316520083952 1025.9926992014712
767.7141603633465 535.931109426319 264.32197071951805
1080.618821226592 1540.1827210640067 1498.1729605405526
919.3368988892669 1067.7667119426565 570.2181172949246
1392.9687659570518 911.474478133477 549.7947155223454
1097.653742653978 1341.9245077094247 777.1497618122075
1174.4189252223036 979.6936015814481 1152.174779551857
1146.3923909975429 769.1125727147959 488.5645522733823
812.7823023144583 949.9835557496701 316.02068440599066
963.8031481439509 866.4558939811758 1349.7116838761917
1314.3571631888522 686.4057779963857 1070.9425940623332
1429.4196295500287 1202.481215549432 1341.7978424703824
844.2633684524715 1054.1846549132747 1017.2272356972218
1160.6055883237448 1092.3477553539965 1477.8351973360536
769.7116379228701 987.5770494202822 220.04544086808824
1312.482307543752 622.0561646701002 985.1825063458716
999.2843439986449 1106.646004797098 487.7385838479379
1036.4391300632192 869.4015618796487 633.3266617712486
1576.5274479425811 1381.9782080234131 1266.207002981886
978.2166570213815 1156.7008878074596 209.58884405822968
992.1355614056982 1140.2580493454686 191.13066388619282
952.9659379619321 1247.4570288425925 1484.5493157217963
1220.9447228245044 973.1569685048911 1323.4284786480807
597.8049283716296 699.3883193266967 1472.7591557516114
1656.2207555410691 808.8399104185993 649.1008147540041
893.2816690520331 1355.1366123766925 446.6206853398756
649.3667241633436 860.4672734621194 1133.31517906798
1246.4712611255181 687.3176812388793 974.7667580365048
703.7170348716904 1083.6917204418187 1139.8460972757935
705.5543712907862 1210.0276592364723 721.7219696839687
1139.1495314355273 1343.080052265079 105.55434251362506
554.2852789384349 1251.5453205593597 697.8391117663524
1152.8764605050296 955.1084760071952 146.3210161372715
1305.572965525368 579.0405145543061 160.7946048827195
817.2640965214507 732.6917880719301 846.0448066458722
1334.7085203190295 1200.784071767532 842.4138446446808
1045.739297290989 950.962751894016 1373.1926551026888
818.0861488844602 1794.4274040697728 734.7214572292299
1074.357900297006 871.8358463737145 309.6944007392936
963.9526144534386 1485.5828620141092 1226.5791695650098
877.6344605098805 691.439870119721 175.6881434388426
824.2554502487081 1465.181170721819 88.65274116890193
800.4667244125642 582.1048074811332 1017.1443468918586
1151.330882532985 1188.6122930079196 438.0670313852034
944.881457205556 978.3709953037627 1298.008649624995
1041.5527830925494 1063.1581226322025 561.6805235016944
1098.8323522758399 827.5663241853299 764.5943635776185
724.4190481018563 1246.8772546163234 1381.6437400292293
641.7936333929919 1123.2762147922633 1022.7779057621983
919.8092922056833 675.4673799575227 1345.1412540341892
956.4273809670177 1414.7144761326474 35.72496113388307
1765.1671726792626 1102.3210230922775 1056.3816663520065
1149.244699797445 635.9175173764072 159.90374380214718
1152.9251583239488 936.8776363477341 40.88399857037051
1349.6917990739987 873.5228940175903 1495.8369365066746
1010.4678488367083 605.681195137648 351.62237297963566
1214.6367537057024 570.5199620505571 468.70592352146184
1287.5502344556096 897.6448327115837 635.0530067072933
605.6457654930033 689.0064419068622 1197.7786684498826
1165.9838592680906 1314.393650305792 1084.7851248539826
1331.9433620190957 1013.9342468215207 873.2438744250471
861.9946397703868 1199.7105040477256 865.0362872805675
1045.597286488525 1152.5595921826755 475.298900615942
742.2012595702616 1592.4702305963622 1144.1262593656938
1064.6910063513428 1325.0756548981958 583.3975882698869
1237.473525320682 1185.7336881869744 757.6109610319812
535.607716734834 889.6147537724881 1188.274755731133
909.8870512481936 200.06516045948615 1329.3023745801363
713.2993088066405 1337.571119936416 1386.0617059215879
1138.7743192619082 586.2694569727096 1461.4558002809333
797.9837266636007 1327.335303139431 493.85024840570406
1268.0753010922388 755.818598295797 455.1516090541832
1202.6531000540635 772.7789352259881 1090.5231493731515
1576.1576051439065 1388.7978887734748 1499.006475274547
1044.5972234061296 1198.1667455994798 1170.8768857924294
1317.0466537308982 1123.6494945330576 345.7326425640407
1179.8620494689694 689.0219868551899 59.2110292537571
941.1912825403779 792.27783805249 1250.3358353546744
1209.213093406418 629.6602610487034 167.0579371674427
1132.1222824295296 1049.9296132652482 1041.608451466477
474.6549464983043 1243.9324820885606 679.3050439501039
1110.9121671692735 988.8955360442221 571.523049350012
1347.737186410174 1032.0456391173334 1203.3480190925457
1609.6067182374336 814.8540970698559 132.8263416611054
702.6897515870703 1402.9869890266648 629.6865228682647
802.8575544649859 440.42710343993326 19.70330845816043
727.3057836051291 834.0714915253876 863.6685421451558
693.1303052112544 1345.4498775589386 513.9048485079753
1357.0173150594799 970.8689982554279 412.088921933832
959.8210913020591 1034.622778934523 988.2702197238705
985.2214538548035 1419.3244046207183 933.8841062610696
1649.8578021518606 1170.7657326599724 422.92003792322424
562.1380696067059 806.5390659655538 1461.1183682201574
894.2284338842272 1243.2157481061995 319.61878153438266
1613.3426979369551 1067.714477580414 1361.567255441361
971.7068509530716 1063.7062446500818 259.47499565711735
1242.135416234861 1001.2316157209656 435.10222699573404
1259.9416654658778 1279.1195550088282 694.4028769494627
1179.7038780742794 1342.9623406894243 1062.0071576211008
1316.6437966668227 911.6959839777929 1002.6882891697375
1064.933158035541 657.7834382578563 809.5718434976213
782.8356317360082 963.0635804094844 1187.2094037827587
1026.9500952890196 624.7157333604752 341.72148788404144
1003.5064651336597 873.11641011441 132.76980178225827
521.8521218801807 1153.3933548151308 482.08739065958855
865.7841842475522 1136.680566034008 711.7130408701714
858.1112065756066 1415.3767265167198 302.4186407305553
783.2028326026316 1276.8119178231727 1463.4412670664533
774.5354877929402 1175.9235519863905 435.5161125697636
961.0462564137383 231.65170977135108 1076.4780977785547
1304.8759176062022 483.1518369514283 1436.1844952774775
1461.942308984435 687.9784496848184 1403.5588352552227
1335.351294244054 1034.134567810163 1439.9747461318295
1183.1457411738447 1338.8148850878042 808.2919299897071
1203.0637794024062 475.79841005440994 1284.8855707082341
1817.5709993406972 1192.3596885142135 1123.4404586248122
1011.9070481439372 1163.1472859234566 1493.5817803790649
658.5204480981364 1085.2136339595345 772.7879102689915
897.001503704413 1045.1547034938962 1182.1857163742068
822.1106286570229 1004.9709759007843 426.4010355953443
1313.8496250261796 1284.1356578512589 883.1120777979721
868.9647557876065 1022.4775130979718 920.3251961295249
1408.4927510924213 950.0180983956449 280.34237101831303
1337.8246867142868 1215.5878049559697 1470.4709727450352
1022.9647330734706 646.6690968776829 1382.1359404238042
1055.9987984987624 1316.7520375893746 1488.5948807528268
351.130190814152 1438.6633482953732 425.3899266644484
1147.360013100023 781.8923164219368 324.3228075020725
1258.6494764110514 889.3266280986616 161.19338092199186
738.7720755522217 746.3238781274847 1271.818758209408
1311.39987657575 709.3441089635762 835.3463839224631
1000.3579907905352 1186.1335055433105 623.8780114212406
793.7051546931854 1052.4327978665524 1139.8472945699202
1180.4917941610556 692.5562951982803 1271.5923355280624
661.1089632370787 905.5722654604068 1089.6496431777248
750.3427747452142 1115.8301933027683 1180.0370542209628
768.6431513638933 1569.9905058096915 522.5083029617101
1131.5991485398313 641.1661917527651 713.829728283296
