350
921.6633615127155 676.8104884966431 1310.673530416667
668.5232254452455 924.4640520571927 599.0415001936544
1170.8388975969074 1223.9950040845845 663.6100527258792
1117.93315578817 962.3408499694577 515.953359397849
653.7283859185109 1117.7381527732466 645.1404104737582
1024.8993708802398 1137.8459222669517 1087.104928048058
653.6158654555769 1166.3983635346772 86.12385657317245
706.8201623566038 991.2205063635078 1348.1795219043418
1157.001209690939 916.0804040538846 1433.5447798688065
819.4403152313832 1134.4853251957466 137.36675498807332
1380.9272638378968 858.0057876676004 994.0454607348212
1089.2142128243377 1151.5071459454934 333.0514044423464
1065.9961690476655 1091.1459507215618 1280.2324269040498
1384.7004529086369 1098.3013225347136 1255.1742779472506
1167.2140194476442 940.9032400649894 775.8584316480486
737.0287052421886 1157.24529650787 1267.1202701907055
1117.7240627604535 922.2822244342658 1461.3463739842177
1258.5143199445422 1163.7043841391828 43.62944660927265
952.7381463948412 947.0991132802499 680.291373471211
1261.661914036284 971.1421493092498 871.1732673430894
650.7258055053095 718.1708236640386 1112.1627971370058
1270.7712279208433 804.500317065336 547.01063389385
1089.4096281600816 975.7291233798603 357.1047270749924
1132.8394873125212 645.8726581755216 1047.8799069543463
1302.868050941306 790.3105262900013 944.7060890278433
756.5189105808488 699.7859824014956 224.10296746658543
599.6802581537972 629.8348545661717 640.807646452134
1194.8978983615682 1116.5523065288091 1339.8375596735261
999.4466003275335 1056.6727921836818 845.4620905170461
1210.7285509296166 682.1634538146899 852.9676131571796
844.0415084303609 689.5116586638717 1497.1611968064099
848.3691471454335 1107.2385506329736 804.4450566344631
1219.4411288010103 1156.3088345597032 499.9031113892613
792.2764021333674 726.1507998695309 1403.060028262882
1012.3614658923104 738.5622204290523 544.0816197258823
1441.526556534617 1465.075157936609 1131.1962111814637
1042.509048885175 1175.4023411612886 267.94632835298256
1017.6525670471171 888.8540490470141 1321.0083306193255
820.7237054743119 1092.070234909006 957.4099653079943
488.02731480343755 673.73754222875 1081.441064421279
1363.6533224243267 1136.6557890680788 1321.8224494945052
1260.6706595589312 448.20278547638486 796.7137784034867
757.8358861955006 892.4042961723455 1203.8796155072175
544.1166042692221 1002.9404521527741 1255.7307625910926
835.5009930418712 873.7749143859937 1128.8368406168208
883.5919366070597 1147.3601912828155 1487.510864137446
885.1648943234638 1088.6880956059422 859.3839653933819
925.4373198191632 411.57530867694015 225.943347552176
947.4385260694028 1282.8463592978223 94.43403303101228
624.329637820941 1269.7598821895972 559.6331328511775
963.0510962930975 832.113183433547 1069.368993552731
1127.1543983966799 702.3208880898492 150.1584645020309
1177.0427218802556 1165.718176738698 213.40577848456448
1281.888587461478 595.6214605133249 804.4707985467438
1010.9694419422116 580.3700104524069 1487.421310459979
414.6263612926242 1095.7917819786428 524.0456402113344
769.6965551457711 916.9839005988683 1084.0605670483465
1013.3189222639635 776.5803347367998 1170.4796183722026
767.2264602959104 886.09175308426 1041.6811012585476
745.4178371563477 942.7500454967982 343.60186361854943
773.6180562654836 956.5161052947542 1042.4273479734202
1222.0949870273143 1223.901153438836 1141.1409850196405
657.0848378664945 1148.172172921683 131.51182415702684
1080.770642452894 1343.0556256434832 1419.2223016052808
1090.9965344624666 1300.8400523620066 651.7896457407786
627.3706873107336 923.4348678752117 1151.5942539644136
1007.7615366624768 855.9587443877058 1443.847701105676
1009.1352891196964 905.9318085011766 1389.5936240834592
1225.577004800737 880.3360338060518 290.43114315186386
1277.9952252681433 701.1622279970388 1123.2399388669098
1132.2762249410582 1124.1196179847586 1234.8875347409237
782.1166445754958 1010.8008579139307 820.7138060055272
1253.8315270984035 488.41251173697685 843.089026654768
860.5371016352159 1120.1007388905473 817.3699148987087
604.3368060456878 1309.9203595068102 20.507412817557523
897.0935784119988 1217.0688772414749 396.83260925886077
631.3866016362907 1046.3859666539333 810.3478918215313
1138.3453684260464 1276.4088635759313 22.047829324017442
1275.7764554279263 1112.8280050029703 700.9642544354831
748.4148969415567 1025.689141177106 968.4428643924176
1147.5661418961993 929.0831128395496 1212.7242541694682
891.8159978467933 1312.5144898843362 1311.487236790359
1368.7959857578467 635.5159641048451 206.94661783042795
1202.5633647015363 840.0350106706857 119.09718585594709
892.232535347595 898.9671480934192 679.57166381743
867.5653696943448 481.8621938965032 1384.329524522484
444.5873919989897 967.8043815755451 1085.6136357250648
1228.3526152080035 918.1695858460969 170.76953985873138
653.3833404140769 1155.923795901221 704.6757175192325
831.1056880176498 1050.9710779536663 501.3736541200313
1266.1929028760567 897.4253863060892 225.31457876515358
1025.9179298480433 907.3731528146358 1349.2460022279904
1266.0871590047102 875.5253094746688 243.84140425043614
564.1274327055306 1037.8655929340691 450.08618503097466
1026.4378452426786 1090.122906588262 252.68675561112119
1052.3075355012065 1325.0768654605772 1273.3034804308193
997.4136918008913 1124.7047927628914 566.0751828941038
834.4455630536686 316.7044020015502 585.4932720682492
1124.0628907008781 786.1308449403784 608.7261433657529
865.6923573969652 1377.0627016877006 1221.8160885555176
948.076000740992 1124.1244767599276 1231.9132432349804
655.1781796306661 742.4851737673546 713.7343079528014
1265.3655649483103 922.1193592313907 208.52858505252837
842.6286151687891 1287.2479268613642 76.64082333298578
1078.621827631314 1209.8078629880063 475.0613743365689
1300.6686890128321 776.4456835900199 937.6628707506358
1048.7791195795478 1043.9681990907488 30.567770538034054
528.2976362186215 861.7245338610325 329.468955462066
747.842519139984 1388.2544603124102 1433.347712272086
931.4710690107473 969.5143451574795 735.8284418775784
847.8926365707431 1046.2685716430428 838.1710735114367
673.0473958764276 936.2659957662968 915.9186321521667
1430.9217859574753 772.4467400893267 1208.8849365904598
1109.3035999950387 1178.8953319828588 1127.559188295749
855.698369090886 1016.5166786557292 343.61659491705467
1006.4598102779851 1186.609913421161 1227.8401750238256
1556.4071610458404 1383.4398577265536 397.9810666781335
646.1233233284188 754.4578699000242 649.5720668495011
510.08873427068596 980.7660086177253 528.2018423626242
879.4728713245064 1058.4616947460045 216.86816285601046
813.566443132838 860.6898288693603 1039.407781877929
704.5485320299027 846.5949845801991 7.324805554472514
1044.1028868113578 1212.4888671690724 234.10614734844614
1260.1599397643727 569.1506510755482 417.27547116036806
717.4097656403778 674.1285390495896 539.9099363974146
1369.9398272445524 1493.0306038580748 846.0233450105434
986.7145914498134 827.8203004335107 508.48140373811924
1146.2266870093408 754.2669603614665 1448.191046465585
1536.215177620552 802.4362344654616 203.24972406125792
1166.822340699518 1047.8391191155754 1297.570381242798
1292.2732874643661 1208.9422371592918 1079.1217537736284
764.274253911158 1202.1990061947934 657.0266152523186
1137.1562906612453 1027.1492850220523 1122.2389621417049
767.6005850702553 1131.1198494494101 875.2792143150454
1301.52440643744 727.4026307277979 1168.8856099432505
819.1039029993395 1369.766248274504 765.8787122512032
878.6302624570694 783.1967093571882 1232.129441272439
1151.9143357706726 977.6886051027277 344.38361600147584
1197.37264304585 1262.0218224008051 285.8889602350248
892.160190129415 884.940199888105 422.74325649953585
1234.1381501340493 730.6897367286887 953.6397365715609
1328.3527254659011 1179.5903693316486 1497.790887077654
691.3210045724622 1142.3235233304745 197.41261541025534
869.4170781484811 1253.2154511960043 1436.9203322410506
1073.4286340960916 861.2616232415808 86.58558280871232
1043.7035719886094 959.1454604520017 1081.5451148517475
981.3847103694401 1155.2532632863113 273.55211605016495
1256.5510662850863 1287.4462627304708 1020.3218498994651
979.2698444085239 784.6404194910913 41.47700154528261
1090.9487659182562 918.9107510486403 524.890098582602
1308.9283481986013 836.2284842970732 298.34307506236394
981.3058227777639 959.4233485469821 996.2426334198683
1005.4041746224597 1242.1675768779269 116.874129785076
850.8892368628223 1333.2689212751702 1125.3234215708815
999.749142089862 1808.653038674314 127.21394893312821
1095.762031172077 992.7414091746433 1187.311112420904
1010.2273638180692 1267.786432384481 883.2914089927004
1207.9392985713146 1134.2748008469696 60.02698358838643
726.7060608392492 990.6112921698947 820.1550211095579
962.9753068987461 1243.5394462897807 910.5483741306177
1046.1770089101774 1326.59961314202 268.89273787913805
1218.5937733192168 1037.4127422064053 892.3431611118712
908.9781574177099 1118.812578104965 889.5120135195272
764.3107380208044 959.5132750570143 800.1292534192729
510.2344090623558 703.0102467026895 1228.7192114827953
1083.6818544926757 625.7809296709157 123.68471565386763
1057.0295117843493 772.1178278141849 1477.5148032097597
892.9921600082408 1208.8834003245809 873.5264004116559
860.0465533902272 871.1640879132187 1404.187062441451
911.2450695512341 1023.3111236607302 937.3241821770372
978.8643289257308 712.1265625918891 761.108598929174
976.6011507263084 1019.5507978325791 829.5725571996
954.7799741818208 780.4558388121766 595.0287685985639
1061.3595869544588 1114.4630854469524 1245.6929313905457
1129.2818734453924 953.2087727810059 503.2552183635999
1339.1382689088732 998.3968843186113 1174.8263499300376
766.39795284672 826.2537158834598 662.1052783993428
1385.6584326433176 906.8447418769806 1149.9240243282634
1355.2296647362577 1596.2125437868872 623.4971289456724
459.3181814046378 723.3673904614723 1411.096178040237
741.7463796171398 1017.3870063892361 950.3364407870002
1344.4671215082576 1011.4768227090202 61.58792838196536
1093.1546340345374 910.9760021142608 416.56325386940074
940.0358773396734 689.5808411592959 667.5917631808192
1118.3959685536752 726.9315534891882 791.2980406468449
910.5172418255747 884.4957713671267 297.83252280636384
1134.7410253849303 1267.4656659881716 1041.4749510958616
1031.8280466403999 1293.919949340391 219.2696668040463
911.8988681346917 706.5165464079598 208.528211413679
900.506374594855 1511.4072268307577 428.1323117363855
1154.5038888518068 950.7942473662808 979.8045564950896
1124.1163678847126 913.7498755183342 966.4218931152953
1219.965531528701 1268.7275020735128 1445.0327778601434
1639.437010658869 1165.4339875628136 1308.318791076766
967.6306826465596 956.1076624406772 1442.0416488524684
985.2501469953589 888.2937454274236 111.51259492800342
1042.3726602840586 976.8312341064977 81.2424695896381
891.609373161696 1206.7896390445517 1106.6030092309645
769.0659678625832 1226.529150563174 587.742221736094
874.175328559241 648.7316008823936 268.6989895400182
643.2569243396063 1180.314725770047 644.992415237993
1072.3409653695353 795.8708750934127 1208.8664754248723
1205.0001578447582 977.0773204309543 900.4914019596292
1148.7865489402582 1061.5892323169026 348.61053310615733
1040.052276643973 1251.9284597430933 58.985828716016044
1865.3927016394018 1300.9652788459598 431.9511918183827
833.7091533892014 1285.6155749346378 214.83455981726064
678.823787714359 918.7767529008743 956.5057606348006
1297.905032487886 1209.7231402486009 1.5503938844562137
1077.637212955401 714.12782258998 1084.7351611625859
1076.0941925922577 937.9072588695984 733.5355248181553
1140.7744471725728 1297.6840395941033 4.644647298500615
1010.6975796599537 518.5964347180382 1126.6470175038942
1156.9711918694813 665.1541998592686 1340.8331048661698
1094.2712061999518 1465.853531984791 325.8262608939828
1082.2683835424511 698.014351147935 59.074054162269185
1128.8800421877334 947.4104368571755 723.0457124372298
1216.0834290386936 1345.0359997012074 1017.0037057354525
775.9825410815215 729.99516631824 1090.6589402930394
894.4209670146615 798.9943900534745 315.4093391302857
967.8542263890917 1181.381817823318 236.81923779743897
1461.8195470290734 1462.7699360991182 790.0021301604704
864.6811339002394 809.3981036008489 906.3861337733272
877.5258954330139 680.5007477403834 1386.0477836429054
1056.3359795442632 821.0316281815972 350.2361569783438
767.6300001743742 497.63895070185816 437.16911422714224
850.4306446658861 1095.5662256466687 269.3441273267882
647.2810439039004 382.092892032157 1065.4065164213719
686.7983230125467 749.8746472926698 1128.2498713085995
739.7501623866145 798.5953409770087 1139.1585786190317
1279.5071515313216 684.172340613643 529.6401550375091
711.4911583336823 885.0321565861856 1332.1465930924473
1033.1134044772432 1161.6763860945166 305.2170494489302
1274.6613743909054 1181.472357253817 1366.0171883727376
706.4900251571377 1056.763059065012 978.9200269994465
1048.9304699477257 1179.7085859501192 1221.0143635656857
822.4592779272878 1211.6754990823272 359.2501606368612
1154.9727703412439 598.1872888040998 1316.0425925215707
1253.0388501306993 1075.8948537926183 1103.1443253490006
1020.0233397369532 988.9507067774874 1416.0360525626959
1460.5439514031468 1045.6429457645067 1168.9949399207671
1300.782342583911 906.5057633257811 406.9224420385866
1152.6568847317108 958.1967182876843 606.8806414071909
1161.8527752406212 883.7675483105024 110.68163517815805
1039.8463450362137 665.803114188778 228.9136042157119
994.7041339004833 1057.2626161501657 927.8716548740888
1545.2442473637843 806.8156196619511 482.2956105801488
1272.6105060804352 1160.0062932205494 627.8644873756864
993.3730826321271 1089.6161500902458 1351.237630932982
715.237750103176 697.7247717955862 1157.1202671898363
1167.482325753416 1038.4217630710632 1078.7130845970917
1197.7306391514044 1114.6777526658404 736.8373886108554
726.5590764686419 823.1062153673254 1157.5965825953306
1528.494255301921 1536.601719184243 1166.9738952335574
946.3628700577988 1135.4879879767877 1487.1849393034913
1106.327248701451 737.2724823556102 827.9305550785016
1104.7305194892701 609.5322258062176 1275.0110791967052
974.4180235741305 1035.5243499656524 1092.7840544903918
919.8232768842331 1017.4428950595 1499.1916096606144
1372.298327641056 695.83437253545 37.64657928156101
1208.4023154905597 1417.1445961184363 680.990136244088
625.0776686091366 938.1968639355646 1314.350198668742
1572.9051125434157 1194.2724084769673 1020.8477694959917
891.463153372298 814.0686555240261 1043.5315030091515
674.8143374922402 556.1010826927015 849.1581925534415
958.8781752235593 1252.1766867773554 55.12529545500405
699.290506753699 943.1511015338411 1316.1359918903495
828.7046785459023 1207.9817139209774 917.3898160528215
1039.5565432952976 1039.3676026759865 757.0442517270171
1016.7323445099314 1122.5263033126403 283.9291738063009
736.4362871535684 1129.5459661413565 976.3851393724492
866.9403492436413 779.6308119386671 804.8899186773922
803.0202917512831 841.3977363362537 284.31403016825266
1128.6092347348088 797.0254852547288 1208.9014507407549
658.6811620091439 1324.1106036154417 1248.9668777475347
760.6943415776052 666.5429394872002 576.5772074160767
911.9496416253473 710.6161752445145 684.127066370253
850.8260611101898 1341.674177081172 850.7250333961474
941.450970168427 968.4312403111861 632.9253668548524
1110.0921120536705 765.6731339695378 955.7153141226648
1308.5163683377805 1190.1092349168662 691.5099207113828
736.2939590312922 1112.0056517651103 768.4131854436617
986.9203101188358 1461.9852335227342 350.2411741566128
1472.8305431761182 790.7899596753339 859.2187678870455
821.2018481254017 831.6189032999552 1341.7936668998343
972.037466067109 1510.3882192821025 821.8492830762578
818.8379091967438 887.7641516000419 75.29855640509692
1092.42242003354 1249.225317695947 1476.5425943839225
930.6716917409947 1144.3049060955627 1258.5512539083784
1069.807850065546 879.6361617963437 1297.9434767018784
752.8738948993762 1145.564750547794 820.753917842079
889.6573953296229 1274.0020541723293 636.9289927000867
1097.4768294999428 968.1169262458939 791.2354741891813
938.7370150097672 1478.0586931003486 592.3845020042102
1192.358360271009 1386.7243314476857 912.8901418100463
1082.6091430819765 799.4361138478212 439.5329191046886
850.9022271509361 1175.6986592145513 441.1183268986892
936.2131476307885 953.9929833137948 1023.5338765915044
977.7762619174944 1191.4799052606602 996.3495503308089
1256.4584151899267 986.7980603002089 722.3107100291285
1257.1233551616313 973.9206062631955 235.3040429174111
1264.4585082214678 962.2180749957048 590.0350888831006
1136.2283779438987 822.5610013009216 1218.1008664240646
716.1875010303656 1244.3415870247168 246.12846442024605
564.3987026509972 600.8833221289569 52.3664855864685
1360.1407212898691 959.2052560073264 1357.552220253732
777.9459253965167 1075.7744916764389 1388.1399585460763
1023.955852495788 1282.0029743720806 675.0518988832317
1474.1838656278348 620.3769502187658 1290.8685612305126
1050.680295245978 1091.0092978999025 810.8026201047134
1195.3060438100624 815.8064015410572 210.9798399837477
817.441944374627 701.6980612023259 407.2424080783183
956.7845130088388 997.9164682421691 592.9451266407057
1024.8819094715627 1054.9686850794883 617.87142461052
1154.6622858682351 838.2889619352671 534.4412171905882
641.9641215156366 658.2567430969439 271.4401167656415
914.9137876992313 147.92095794531883 824.2079203857849
1048.7671250819092 1084.619229766819 1454.0243249045218
757.7866699225508 1212.9906800765702 1339.6407732937625
820.1432900392026 962.395720128029 975.3404548196193
1067.2370693257528 1298.5601551410923 492.60500792841617
634.0077762360302 1047.1273477513625 690.9242466041267
1228.8186760391272 935.5408764164997 885.8620661899442
666.305556968874 902.260790155632 1440.3605511018384
1018.9513415571165 1097.8411087990632 1090.509574106916
626.6254399677771 892.1995700681692 851.6147575190198
725.5306056817451 1178.3850968786726 1279.7162714533622
993.4872872679217 1114.0762366195213 1442.3404943180187
372.09649684388035 1036.7926330265482 642.18563728515
1421.1021887165587 984.1264170986213 961.7880337134565
1405.0657947314833 1569.850901744051 1042.0200395266838
1202.1898446562336 938.1310783623146 979.7159993375153
1081.8566462849215 1395.4466083566601 736.5699506296338
1043.999556831301 1189.8919588115302 1483.1803455479917
957.3385807177585 1205.4921032040427 1249.366346570852
1414.8139305178092 819.3566939182376 476.212554016108
1220.638048925272 460.5004390810906 1342.8711205128145
984.367036452904 1037.359670954182 1002.9264479145401
965.6937425945156 1210.2187510455294 1311.7688360286704
736.8259923790627 1189.0779958893588 160.97240573648324
912.7062045995992 1061.3065628329014 1381.2358135484599
762.5543305445947 732.950174096989 1037.490180847082
1118.874657993096 879.4692585669272 820.0255803755707
1052.1080911538547 727.1459034008345 911.4441508131606
1767.6897632119162 1197.5121106386391 100.96645738266335
1112.6661062556366 983.0215664110052 805.6795370083006
735.034005896513 816.8694510345084 878.4882415195582
989.9470649823438 1553.5375743833254 392.7204420596692
1115.6265084291072 944.0243603061173 1208.2396172619565
322.6758832039669 1271.3020468900029 262.73692877587627
