350
1405.7476648338902 977.675814002455 1392.0487509261231
407.2031560695101 1163.8034924429066 0.2948081855805862
642.4666850881028 913.4702261107193 310.3173659145267
831.2147116259068 1131.1597677912175 1461.4425729126915
787.0671462330404 1122.6051858426863 1147.7268673617705
1168.8635931423266 1443.836699113088 1295.3048710472062
1066.5784834440988 1064.9721264988552 72.76540772770367
1277.6796393531185 624.2614520929649 55.09130759679687
1294.2339649683497 1144.9671185287687 1228.8419470477934
1287.5939557179663 1107.49622986743 781.9732864573107
953.9362928740877 1398.8813321410205 244.90384768994215
1068.585442284777 1177.5624290618348 1399.9935356658555
1096.9376646831647 1413.8666648160183 202.65238724933786
788.2692406436605 913.9104963188793 1425.5050602087558
1089.6000466871337 974.439918924989 175.13472396602842
371.4682046588082 1079.4640492780418 118.93918050286983
1147.1985688963932 1244.9686273459217 457.4546659979078
876.1174109846852 649.6094896411062 827.5183143808958
1516.6175727399495 1094.2646291185483 1007.5396041706706
686.0925221077191 758.7780493005024 1021.0210405065367
759.9514723941385 969.9774057542098 26.54398394853674
1184.9815428924137 886.2383248494259 558.4479050189286
1059.763853322908 646.3686839310747 851.6685617125435
570.0252904696185 1411.2407008952227 205.8230898651407
615.5043916314396 1403.0845835672512 931.1743138249849
681.5778521625857 832.8381084218695 1354.802653323286
1077.3222152920275 892.6070328896807 88.95421981949086
917.3504649102085 728.5490020015302 175.72942637921778
742.1236853468056 863.834280530685 1203.8176162188613
1279.6785866462424 888.567928552109 1446.0761790935712
1215.1321034560838 1265.7717150216229 1452.6058617176257
800.8742386810702 1145.119359174478 1498.0743189961827
899.5032754081291 1270.4113922974054 489.20323143210663
728.5191345889751 805.7470341272829 1411.0240084370905
1016.9396870158131 1027.1303997366044 1050.6652662665986
890.37823897202 853.927331131843 1154.2515814476
1176.857496731064 1078.8454387043782 1178.5016331910326
450.69723206088713 1356.9300239747515 126.51208665908514
1192.7564956139208 1146.3833343938054 203.06930367955044
768.6172217651066 977.3669652887618 311.40458340244726
831.0238714718703 521.425729728123 1317.970612268282
682.0146612885319 805.6575062853751 1450.1652093532966
1139.7765247102873 1255.4679916382356 474.06451246083896
649.0171531013958 948.1748679600348 452.85980932763545
1305.0786158941755 988.8391153912769 746.7517087186404
1417.563393856798 918.3932046368728 451.28069801181533
761.8371935958899 951.2326276983658 268.64075044533905
1362.8578901867902 975.0477691642765 143.58417363148695
1377.0920020691315 686.7818550878985 997.7077665251469
589.6465030211825 1573.886243669731 254.71420927713035
945.3869753455768 1023.2642190165886 1364.5546732591254
946.8690163014871 1040.2054255760765 371.64892063874214
773.8055469416581 1403.823034306883 833.9748126278979
1389.8447679152528 1304.5275894784306 533.328733947266
999.4655768165854 725.0954191465014 1420.8628306152061
1059.9987859041833 674.6098985912913 447.2196562621187
1107.3815813154129 1099.4483946814512 163.63040983379358
647.8909156419115 706.1027601249834 1000.3033596813502
1115.7232643791028 1063.0559054469045 613.0974720659483
1180.171748904338 1124.601390402711 77.32645261622712
858.0297511359598 1088.445584902748 653.7559986490472
870.0334183757138 1055.2656804366964 768.8465224313695
1151.111841619933 1127.587273924194 1433.1235678019166
931.8394136359273 1008.861977110392 861.5348361752567
669.3709178655647 1229.568666385519 473.831101053694
1191.9118380012965 1178.5810130258794 347.51447435926286
775.4323739349313 1164.6448381185546 982.3988399427177
908.2462516336848 967.2977187485224 1069.1134577135488
850.137937183718 1341.9017318528322 496.1437725183681
942.0275904451205 1050.883829324774 265.2053880437063
1025.5156955669406 1075.5736907275248 1381.6885098396613
1186.1630676292755 997.3187001918333 876.0281020568988
1346.300620199694 734.2127124349403 950.5902980925608
1090.9095470697996 888.7039065691305 326.13387890566844
966.8682008353165 771.9291643115287 383.5345206935075
1019.2591789539063 1104.1183246282644 655.6555168554527
1296.1208498503265 972.8219733497118 1194.7253767922361
924.0473811302887 977.9985867202719 1413.87640612669
802.552587758191 1022.6617721916941 718.1851811924915
1310.0772172765096 898.0489034087723 21.254828340113885
943.605595262004 1388.4964779439692 760.0135048766235
1199.0445271713409 957.0681778384914 512.5678240754002
641.6116999346311 1327.010754618005 596.344196461916
1342.319583941561 892.9909925731529 1152.5691258040683
899.4959395997151 725.673799626526 1220.890223129276
1002.0424482991718 1035.851298274789 501.1350845191137
1190.1575247929654 771.4078683159145 367.41039337042565
1165.8642539061316 1301.460551455684 893.616329098333
1015.9050459606731 619.8406441735107 905.2096604404823
1056.0077753124815 772.1636093637279 264.4623342977515
1342.2350690666253 1619.1448261714188 531.222459273258
1424.126319932738 1059.9862743038852 99.14108544905415
679.5499262655114 1307.3571328672508 1091.9797457359962
1203.5717150205242 807.7913589014821 366.48899148378365
1208.6517763823808 715.7811170487232 44.33007585133419
1264.0156792239004 842.6696535924556 535.1420199782344
656.5532515417212 848.6153131366799 806.9243912659349
860.9499312374352 870.8022363269152 724.5685112511042
1118.9740815471964 1245.395782371663 1484.8344154405033
908.502115930523 718.629125855396 409.8282808934318
752.6417358202953 1066.2904960288254 1361.8893480996392
1570.3305094306681 1359.0947422344975 1248.5996167582111
988.1384856564898 1367.2302949497441 1231.3771359906398
814.3315188419341 996.4839391430141 597.582417285669
1123.432276487793 853.3670998611437 812.5267523434898
671.3328180734688 1017.0366719405902 639.1428249177555
928.7727966088978 779.6058224144439 913.0296865465995
664.359174451557 1185.9773681853837 1262.115539346467
1209.4582051180969 1013.9443209680007 743.025867839787
843.7934274933524 1135.9621480582489 1241.779924164836
1565.200842301701 1146.2921326247072 1267.1966884097433
1029.9245601692235 1084.782813455175 1470.6834406708579
986.1787010655524 929.2007287825933 1114.5240969761935
723.8056157349761 977.3116257330324 700.9046853235992
1154.5022956783182 858.9940205156909 319.18044661317947
1208.0632955937135 1260.4870416244685 90.75624737765853
788.4592284729569 809.348803625096 434.41907727322524
880.4548714776739 911.8148011382976 511.4157635173283
714.8822788268691 1037.9709133087401 52.60968769509849
852.0965037239913 893.1327011008755 83.49644546142032
407.77728129810475 886.5719739178626 636.263885432753
1521.1498420922894 1251.1841250598384 1392.8020362888856
1331.8940028416555 844.3605201979028 883.325165638906
1278.3853082906817 1108.0412589646896 479.9163389316539
640.2178575896169 1352.673043874932 317.99663544263404
819.9495221044162 809.603845537391 553.9590950502817
1172.1853700383592 797.9523954917601 860.0627730418686
1023.5551367327571 1094.3973751398717 605.5276353812762
771.158869572568 788.411061864884 1114.3407540657452
1196.0647251764804 973.5667650564678 1463.4784670270199
858.3588579201144 1377.6694943167636 683.0774624957417
663.05952656846 938.4880917812777 1038.6390335086053
1108.317355693947 1212.3693535230532 273.0875537590695
794.3475084763967 694.1058559170967 1381.2452738817663
497.34885100468586 1061.373519643106 137.8860956690855
908.3466154239987 1396.0832413136723 508.3423382404856
1127.3851253795829 1413.0478841429206 155.98338406447797
781.0498943361657 876.3581581688526 136.88688350081696
815.9681774782755 647.7085770232192 380.84830387535544
1488.6612313892188 1518.1979186333056 932.4047489431105
1045.0445922491192 1044.692994959502 299.82756846309167
848.0883232758174 571.2245756057891 1109.9712253502773
1276.9257396813036 1102.7249238221239 1427.1997987327818
1025.0484245846224 630.7080397875969 32.04866920297905
1268.4804843279808 824.6162454514506 566.4660803215943
1377.8984387484459 1420.158883237006 1152.0043204139542
805.2030428894706 1318.2040983256172 871.2458345724274
874.2799061778547 732.2244907115153 572.7417165389336
1290.5876880211028 708.3548086363116 1159.6901248747806
785.042197525599 936.5999499251915 747.1636386261849
1033.0487875611193 941.0712572877197 1427.0882977478761
1133.7545260123734 525.4822494441348 183.73912862662257
570.5330557089192 985.8184264487179 336.97869432152805
1073.2956530178894 957.5417670594743 1405.248268445052
1385.9647618313302 990.1940789416575 1328.8846788902006
1006.0964717884742 1245.5233475940663 117.1836200594693
1123.0313508710956 1104.0021566498945 1035.2861927808115
1217.1088247755088 1115.3212258632589 446.993121989561
1460.3076280920366 967.5750274693221 1086.2447977206418
1055.123070424381 928.7792839074896 889.289894790817
1207.6161429850033 866.1484142850454 738.4779391305617
1614.6381597470313 777.9152925401452 304.3808000295506
1050.058933678826 913.8728360092938 1197.0410157483723
1285.6982780168319 1070.3245705101554 742.440860528828
1138.1545412676203 1346.1356898208915 76.07636388314486
776.3746919217917 882.4316419988838 1192.2960112902788
873.1139178421452 1631.7691719015647 646.0325428875092
604.9541779788476 1010.5554208966407 35.3850290895038
653.567620472018 1179.0119930691308 1008.2086350639017
1065.9331747129468 1331.1552510556562 420.09014824321883
832.5613766435098 962.8560899773674 204.3023037581574
953.1488219841978 1303.9015442318264 1347.1307697916686
484.8619172594538 1205.9259775151909 168.49880329050026
1048.9671758302993 1376.2363579866383 57.88884013906459
1088.75553662519 1388.9542389970068 285.3047845354229
996.8175942633962 883.8745397772688 62.44744375155087
713.3714543140974 947.7645776052838 716.9585626506298
828.6407172242606 686.9815284708636 722.9325957912243
1381.6927453323974 1020.4685053882469 132.29578228883594
533.5335980501428 1160.0365939700657 675.4258183128366
1524.2484103464808 1118.567911989725 243.4014826783649
1225.1927242202523 941.386896961663 918.2427914282775
1706.276368482385 1211.9468958262687 1492.8323925628717
781.2282442226823 587.7734726326394 43.165198019326276
1026.6641596466063 882.4148689770242 477.02309889446894
1140.0283904252121 701.2401783332841 1275.439441666337
934.5526724985982 857.6959812101741 1381.511681409631
1280.2590129211917 741.5505033669317 353.0924902688856
1204.0638102697392 1015.9059382475398 670.6258536089641
1193.0843225602794 755.8842433679366 786.4206567531392
1257.5408192822658 698.9710772652013 1485.180587893181
1072.0123843933632 1051.600708680146 40.3637535176275
1031.0570652508318 1038.0055680555843 80.65467512939773
889.3782362228396 864.5420445822565 410.75656287611076
1143.9785349696613 1206.7315753922658 1111.8651432925433
1275.7862202294937 963.1226758343552 1447.0889694232326
1100.265325437561 959.1607638063633 1230.4248130421904
707.6612070241092 1053.3709402015631 1219.8571984550683
616.7115369387802 1447.5725225126482 1037.3066304257266
885.6168213262913 645.9640397181879 714.4709432226339
1031.0191676235252 1060.179377398807 532.7075992228138
812.306803345479 1409.4862816013133 1194.7311982735796
837.9255200814151 814.7364033335876 509.26351997866715
1075.6987237693195 1185.656832403034 1486.3219582797096
1072.1276927044073 1236.6999505771416 888.931649672074
926.5233387021606 704.5784284060364 459.93860689458523
579.908309594121 1113.2869395936427 347.4618903185481
1362.7067176704754 1035.767306892724 779.4826609493015
1004.9766751033455 844.5511530119826 1346.8047166575516
606.9184448498952 957.1580152307512 56.382730462797014
749.0767277939204 1079.1240840221017 372.0013134110248
942.5636737825364 999.0402878905343 1270.109107655459
1153.518957552629 1420.7550126658173 993.9916881105369
828.3966033779577 645.8280446788374 98.20118972077024
1232.0503695910775 869.7823313725751 89.93813815632146
1028.396349832618 891.4320852884541 1138.149715968226
923.6933267851571 88.16614842849106 532.7742281893902
1298.3548926119042 1063.8650908972872 1094.0848636191208
654.5701386159416 658.2623056405721 633.2822823043485
1082.5848087474603 750.7083767835887 937.2635443945823
1129.7313375978374 729.5747992637502 377.11607703807994
1085.627432849783 1019.8013124387762 635.3995777345338
923.6273594116748 1423.1835784931814 236.39141885535108
1200.2513412868602 718.8846712188335 1416.2134101082636
1035.0338946367676 946.3494579312851 142.78428877737736
611.5584607960377 656.5847023393027 35.45348223458811
1041.47383812312 512.3577504794794 7.666930467559063
750.4001199539368 1271.2066066755704 904.670546210156
819.2253368464395 578.6160584286099 1.2257160693107116
644.2267444607802 601.2101000196673 730.491617700495
1008.1415120595839 512.5095117572685 1414.9216439007607
893.27355101177 878.5977647641871 393.8659492824115
997.2306026164636 1254.0494179266564 1331.0236800638756
792.1295369656659 887.7198187825668 1367.7706970092947
875.0892080069128 760.236955746834 1095.328152119627
766.1193037758684 735.7690080610068 533.3186930183418
936.8697702008375 815.7108756266136 921.8918615825852
1093.0963740461957 1091.9355943947623 293.5508429062033
934.6371556340257 1085.5094508479435 110.71881848935844
924.0374636541532 935.41048355364 1496.0839595844855
1282.6983898497763 676.3946521417037 17.881378088757003
785.0168230532928 449.74562717377376 1037.5620867654668
1511.3370556087161 904.5623291388722 1235.4178472721187
1006.11460762439 719.3657526774543 1021.0712305750644
862.2897232512461 883.000258366498 831.2585216477895
1066.8687927877359 1092.6110302699824 64.25431189977465
498.917989690038 1195.7974865581284 411.3143840892017
742.6974812886206 1004.810749801376 236.56992309404646
1371.8991704466798 1124.6261622244133 1276.6728864758852
1050.737035370197 890.6265870222296 469.7031642493399
933.0661139824907 825.60723889838 257.2770066608838
1102.6654676493438 1390.1045184907048 159.60475934415902
478.40092178667237 773.003040079666 216.4336808277566
1053.5154221940957 1822.6536004439456 548.8784003133228
1074.1755371160982 571.7383856065303 169.08526635444576
1206.5379497162714 821.5363783660621 606.2678395608569
1150.1549875706203 1441.9737338951832 1170.4795958726752
1037.8973209230876 706.6227298792602 634.6503189346379
861.3462087891444 955.3669621613889 131.0598837238534
760.9235301313824 1396.5738188676369 268.8335531120971
1092.015929544883 771.6592193801923 865.5354814454207
1168.5897988090464 918.5289689998799 1232.7189665941396
640.49062304286 1031.488578117217 768.0553992740813
1104.291959039039 1060.1271605499746 248.29419970912804
1158.450836237278 1039.749179779346 849.7816114200929
1044.576883478366 708.0955576284325 863.4997703273309
1019.4212574044159 1265.8311950628336 1362.5034823098267
1448.1844885005787 640.4370855678 933.5921812902569
957.038048740505 649.3270281957924 1228.4816874841201
691.9562448128547 1234.6319624134355 595.1809764163963
1117.1992977399357 700.5573876687486 687.0592428790103
1192.9571771103804 1198.989463656405 799.0300485705469
903.3677683805795 1214.9146791567284 189.85592288055125
825.1935407555267 1148.2408284369806 1086.56326081689
889.3878395032413 981.464154359527 1225.737442816155
545.61628424976 1447.7496131048265 42.78697873257714
1068.8248208533041 702.4873294579713 1497.0465866336901
1147.096296774891 488.6451815379195 801.0302300780553
1053.7749651511713 941.2470557974198 76.14202252499885
1084.4070129953031 1028.2770476531998 244.7784171509444
850.5495436359441 832.7051222573599 50.234725234856725
692.4633703473571 1091.962530124315 1408.1450449826036
257.89230149706316 692.994174265605 387.26404918732413
767.9477872228618 1196.6741854465524 337.596024720752
1076.8257615304926 1304.3395005815235 589.9983513530082
1067.0706563863048 1109.9987971379617 1127.4745314681652
445.709491187431 1087.1667028870727 1307.5303960549868
211.47258651642005 852.3500658995383 214.63303875270418
1354.2518230206874 1166.0059797979986 934.8144491498323
1070.7203788794607 1075.7375122613355 769.5175800121506
1156.4984579511747 1166.7510171617062 434.7452704400682
802.199919289043 573.9255882980066 1108.2052701256496
1409.5125218604753 921.1245712379775 687.090435365761
404.6976708179776 1214.924377470246 1419.6384674597466
1048.9335579970996 750.0223228993209 367.0901599823144
1430.3069082143284 1066.4759514057243 2.4755534058718554
1097.1689345987384 1190.2285775003713 1112.8110393552986
1377.4253996020036 1279.6000682890613 1374.343470281221
1325.9999649664128 1154.96017712313 910.6425686851651
829.0607620367539 1071.3699755886664 230.1239943721633
872.5466366459692 1417.5940775710078 97.38787608900046
853.5006547910702 1149.4656676982759 304.09864760929554
1047.2279927568618 963.592675794047 712.2039243287641
909.3815128055339 1431.5395080472763 787.135502308741
1206.8221582804533 852.76315147142 1181.4086723840494
847.5752530066078 1230.000444702625 1149.9350757470743
676.6125697796929 1034.367865423424 191.55961234700908
928.9015389879758 939.6552579498755 279.34321521037424
624.2745788089871 1251.2557591696432 886.0794519448972
1461.280802010009 971.0229804845751 1355.6659595978706
1082.3393473379945 765.7418893725521 1213.6516504277233
750.5873309142429 780.6826362174477 288.68187547888056
837.7539299962723 1165.0008131515008 401.361139346463
751.1556307284565 895.8308190868453 1002.0015010704408
1213.604353730354 1126.356675434898 383.79769058186446
1280.6895149244292 814.7256018450483 1145.7860896892998
867.133245939265 1186.233355192127 1302.3104640505799
1189.2846074751797 774.8001406722899 827.879877805781
1041.766568028896 614.7676279362286 431.4882482708208
968.9056114330277 944.867774628498 282.3099536970483
1289.6696426064998 1136.6042497556996 703.4058613353462
709.0584402531704 1134.8091893544067 698.3029373016914
1191.3196055041567 1241.0052569455565 1093.6415362824348
967.2885303081077 1049.6750826531427 1008.2358935998404
969.0963767605896 1277.922162111928 852.6596990953294
807.3816356540872 983.6478049915846 31.824057116568493
939.7485614993575 882.2182143920753 1456.044116356714
1077.6650487499862 1113.9835100809341 315.9781856891203
1253.0872974304932 965.9445480292593 686.730096878932
825.8588665765158 869.0452877480977 412.0511974161865
795.7263461562427 1380.7170875005352 696.4469773692051
1378.5819474286418 774.0565199709847 1110.067870610256
1357.5726026732762 746.1192155813551 579.7086380359649
830.9653102252214 1119.7227254455063 701.8890349173389
810.4119839072788 472.5540304186969 237.66475153938467
1031.2436863374828 870.0476272669331 1407.7229754825903
1171.0556320703956 1012.8020287336184 255.2228221825262
938.3595749246658 534.6537378359659 1337.0653913469985
992.5938999959426 821.3840587715204 1447.9497137382914
1649.933541107499 660.9034404580431 355.2734495293578
1140.718712273158 431.6090522220395 774.0549194929283
1148.0370791727887 1214.4135468939621 1311.419596461043
1324.7848838081497 1179.4152185663938 48.74531168541024
1085.8950393793186 1290.4710403732292 648.572384992059
1296.3575015976642 1104.5054244562152 387.9479745337314
765.7589179608837 887.8789646605455 205.4153715992077
958.2318950358936 1186.9368043185566 584.1194529893936
1087.5422158609847 961.1449672534065 974.8146214848359
1083.4853325740212 1019.2949766571301 299.9306687232068
888.5391280935355 1118.4461841551545 753.4981599037104
