350
991.9204585824848 1454.6715335725348 1291.4734806819624
641.3406375236348 994.2637822525048 1042.1527990569296
1598.7462911869543 1147.6591051144424 425.8401516052067
521.972701119576 1421.4053602200709 657.2988335313564
856.2255192928561 989.1336006207539 53.694917943132246
1165.8932924307942 659.5465881594956 1451.1532340792871
923.2344300916674 1514.0187797377653 445.78594018122516
1082.8714924475653 572.5930824724156 212.34492699182172
923.2510921498491 1315.8590034954932 869.2689170677421
859.6335813203057 868.2133310848325 1137.253131083162
943.6033722932707 1174.8591691647464 76.08196587695787
1167.0573934159884 1167.1954802488272 644.6712958226248
1111.818395137509 891.9161685759492 1255.9858256107
969.3719994250996 1177.597165158317 173.139404138772
1248.1456453409803 1273.767014771373 167.58988370352552
1660.3513297161903 1341.7809638288034 1038.480872059395
1320.4972879644897 1188.607102490093 641.9141786882029
599.8617330665584 1047.8461545229356 205.08460341973083
768.7725855115903 1332.8620531787578 580.2263088959639
995.0923900405343 1105.9473502301148 1180.5058269032177
752.193414391907 1087.6344065967621 1384.6604686745004
1151.6893271101535 932.3209507277365 546.5720187282866
719.346199435812 937.503949893911 11.306661444630828
1063.573775753418 1120.1083946658807 811.0372587270216
823.3289873344443 877.4771070274517 1445.0768082448064
779.936904428654 1423.1352198294367 1298.971439392875
695.7874894810938 835.3463412517197 247.82918875359132
964.8328416710834 1406.7697837488058 222.73864025027157
1012.7298967313753 967.8564404490116 700.1452008834883
1139.0875443776142 548.5284544336507 1408.2260437118548
1223.490230635463 878.8545884496871 690.5457379636586
560.2601635730721 1283.0222113462012 296.41283496996454
880.9866273097739 977.5827799984316 532.9614616511319
821.9167182271469 789.9232741289886 266.40648662037296
864.4206149820889 904.2652962065753 1125.148959110827
888.1670565928214 810.1703202450731 1031.5336130997275
1606.3181777234254 1139.532259406767 1346.3796788503619
527.5816115898831 1228.622499183456 1104.9985395781837
689.2557835546197 1147.596047464194 1257.0702870758028
1382.6349533569944 481.08428135874306 1259.6701965607945
1247.1671373333158 1254.9447636925124 383.08342999092326
1141.1191427629349 1059.4406126895349 60.978901295890786
950.5712743296313 531.3259455440927 860.7173297886889
825.3835366706385 994.6253793750019 565.5459362273986
1128.1805701433063 1080.080751907374 1149.6760465690677
768.7716404659329 1019.5205134072532 885.2915484422089
819.0378918753642 952.9508061411233 1255.4168045418733
1154.987268630878 533.9990360453195 705.2057410104103
888.0368689960889 1045.6846722143614 345.474093630613
983.7185217133788 856.9176275187476 168.5013514306668
913.6591849842335 951.7723741673107 566.5491449619198
656.8795105779022 1181.1448187045364 305.2323484414502
1055.8229207502623 780.3481809732137 880.3925777423715
1003.6793577564372 660.3575805273167 504.3146379581457
1164.0366630008486 1102.6398830935973 712.9954909650792
897.1119452764837 1024.8844822854771 477.2876392581923
1055.5133130228096 1509.74976812107 553.3956258760368
820.2911418112856 962.7275654709906 768.1524016454277
1070.61057260288 1374.0748155199885 653.9405452534002
852.2130986436841 1290.8722565869768 606.8282688140364
757.5871251290937 944.7602353704458 613.2860041949906
614.9602641504376 1217.8392907309392 1330.8131459273104
553.7318975732851 1414.5703028412784 317.64130358273115
810.9380857759554 1274.481253587398 250.7039466230812
773.6891119322099 828.7999668793248 96.2387891131109
1209.6883539440219 1455.559535591339 749.7488049946942
934.8202370092736 1280.7278701989558 1115.4217499205513
1297.9388387069405 1010.7826706315257 876.8230254963481
914.8430614326301 535.9683204303258 214.55857461229888
996.3413843480993 1383.4250442066086 361.65251969566793
780.6069141118423 1046.9477110363423 636.820560416271
1151.1768441045217 352.8815984090355 667.6226193891366
1111.9388421356318 1071.8375563364652 77.73616975147735
1422.4974111317028 994.1330708159228 782.66392717035
1038.7472014461284 1088.5556250537077 1122.300731366726
740.1918341416624 800.8495923195394 384.863641646086
806.0756571873546 718.5493986404042 699.5038949124062
1171.9764831074144 865.2298039355885 717.4464429917135
987.0929427973027 662.2183824476842 1330.3760118268233
783.6493995534411 1356.228420479758 46.16560185037005
838.0365756741835 751.4998281215089 50.954463667426566
916.9988952414857 672.2344919374826 548.2072874297
1308.9208108063322 888.9563080662155 198.3599139223617
1143.585008814019 1136.1919693613977 528.52921035319
1028.391321981416 1355.3707274690828 1399.1441325355174
1214.9140098727414 841.0917225346994 1201.9480034304293
1113.327756771077 735.0402483853285 184.21685016842642
1406.2377695567152 979.4979951392866 242.934939890151
990.616871883759 1073.1503645590026 901.0472647428755
1483.3667200474997 1142.6478070048915 947.0660086114323
893.0949892647268 1354.3901438553185 745.7807424377448
1072.8130979127122 842.5322350209758 1370.8122364983506
1286.4316005729158 1261.8874707154002 85.40212593550689
1068.0628815168996 1319.9559217803894 639.4911223529562
874.6899784448218 662.8952388075193 91.58747826448594
1143.17467347608 914.886320239195 101.3596304719514
1339.122752972697 1352.4108664970122 1040.4762436114174
866.6306809497024 805.8620517568803 1401.5853761337098
593.8196081349329 1014.3293414102706 930.3322702506456
648.5252024297029 1081.3632397720723 340.08050352251456
637.6417904078014 1140.0852990873516 739.7891692348254
809.3334906790534 677.5907765667012 245.46380906842236
832.374215789418 1234.428749768459 383.4629016407843
980.9986065261558 1005.792781196941 1033.1823352926665
858.5111071579889 996.9277364252983 1101.2488925786542
1147.5368105192922 924.3529438476517 642.580576438468
582.1484756690277 1344.3706445818991 475.74860757900154
1555.5449100332276 787.9451994302301 1062.764917423595
1061.444327627201 773.8503461775528 1336.8034726528135
923.7694632286016 1067.5935458336764 487.06757127541516
1278.8395558619163 1042.5926106555007 493.68985790949466
1043.2337806621792 849.6525725623962 874.1522412805322
1088.626576416879 1163.2657787294547 126.28730886041667
1000.2343366560132 1178.6233541477513 659.0424273447823
766.1928856342545 825.3964666341224 360.91722154098363
1011.3583918253725 772.226979529285 260.17746375778427
922.4376454011916 1093.1439594413607 1113.3609010855155
1027.416590236254 895.4472837525925 111.04244527386409
879.3059234184074 778.6644922489195 817.4458469483102
1214.0898419552823 984.8797791478136 1481.1076192982723
924.8593386699927 532.6944135524108 765.2977867512512
1206.6147715813179 937.9217181526072 1298.884562783533
936.5868489873001 1137.3685028816844 471.9555969176375
911.9315906321307 780.8056814205985 56.585482503632214
820.3074725298342 1174.7243120042433 844.1207469556427
1377.9344077507947 976.5193474610194 1379.1684365607182
1319.2906178409235 1076.5333552061927 295.7027929097654
632.733711558583 752.8911195587069 232.3354426537568
999.6007009744858 928.5619680363333 1284.5463688191467
988.1798719831686 1047.3565731745773 762.7823491371979
1224.145827812073 868.8434243768057 1002.8331814354075
1210.666097010441 1210.3587953143947 543.1995013755705
814.5783517248216 1185.9447363611953 471.54205506226083
1018.5261726425051 1041.6386427154462 297.09901537745276
1200.8472884502014 776.0208750980655 1490.2920001865114
935.9569518635068 837.6613722475034 24.273051397028013
503.72694855917933 1449.1035518886733 687.0843328127726
509.73221655884436 1383.246880804799 977.4994223481685
1503.7852079657696 1086.9535639002595 976.9879713703797
464.17862543525905 793.8112433571278 1375.831107878199
998.3436210096315 966.9181180788311 269.7830256223035
773.9755113342337 1187.6203009708138 820.5913778809996
1129.8248948857863 1428.4394406533247 25.332674903668973
1079.654427192962 1320.5209256710564 1463.8094274784075
1028.7923979968848 787.1013296646533 861.742287814026
1312.7274452617125 1245.2140181100028 760.4237811455413
1109.4423376764953 1030.1021748302496 1352.1393494204294
1300.2503172375432 952.4753251456957 1349.8011297729088
729.7996970327393 962.8198363587941 1413.4239352351892
1150.7338539115756 820.9632329917774 1361.6783786354783
1067.879693745612 781.3254534129971 11.86404854128581
1068.5894862038072 784.2740256750792 632.4150281339503
1262.7993573425397 357.1325904725094 357.4690947328861
947.1381014916655 1005.2072192293982 749.6085739711581
1314.4631150702708 1498.2725233165995 0.40928990051880554
1229.0706293893763 959.697851695797 813.2139921110605
820.3063563292562 595.1889500940729 431.3200374061874
735.6949959163807 953.9114566014578 133.16892849611202
743.6949327190852 665.0601130254247 552.4151357092832
1046.0860255674004 868.8060754391424 607.9699632573489
984.5217512006459 542.106723809495 252.97017941114237
1129.7283029644095 343.30002038370606 1281.8549935088165
1058.7272275506105 1394.7142201513352 947.4955920491352
1256.6381983499873 923.0625378528712 1499.9950568343183
575.9246965190933 1046.4393027373533 84.09772818811678
1001.811772173889 775.1398496685962 1193.4681853718328
1051.069790861173 858.1812086758309 45.334693559514086
840.5078652113655 1057.7496509195842 550.1870895091247
799.1653455776827 1023.7578664524233 673.0249147402166
1136.6901338187815 973.5612950627693 1109.8599975061154
1034.6286410049809 935.6124185832757 1203.8508884457776
838.3181800002928 1112.5399613408479 558.6012364274845
1179.1143666625944 1055.4818415778714 1463.4683309357558
1066.0086924239406 799.249157282726 1088.3443217499018
961.0870839975943 866.9549993839073 674.0133499600843
1102.6342645706848 866.3667306569581 494.76829191504976
605.2693548664291 975.8762023880925 708.3037126996525
1137.2278267990448 927.390338725447 728.3787370491132
1193.066105799248 876.9411468959764 535.4837670642561
1207.1691723542633 1117.218063974227 504.0947109779408
902.4381060089945 999.0248197485238 486.27972736336517
1324.508658522363 704.586145922806 499.71874268427035
910.6751415579531 896.4214665144145 1488.2266448252187
765.0266795343157 881.550418027523 1400.2029301195178
1048.0690944921612 811.780308267678 72.77004628107525
1247.2458143527635 1331.28149720004 962.0671468854634
928.0686455220651 682.8858510942375 372.229269233485
1057.5730542975482 927.0638104468087 909.531597125382
988.9647112971321 1457.8434463029098 255.18983401104222
958.1460799090527 660.9635932034062 646.507369356184
766.1236048891392 1045.2853438771301 1296.4643379420813
1184.2341564046733 782.2464612820977 487.0294792741659
579.3316936027122 684.6581989129606 901.9530586736503
976.1490492078436 897.4308588983653 608.9160125390075
820.1756505863766 996.7578552773934 230.97102341552417
537.5981586705361 1088.27842563508 1445.5969070343285
1101.315336253954 789.5375559526469 933.7168459548859
1377.080222229969 1146.8785331044633 1407.3381997031922
1277.8352020708244 930.778721974165 1343.3294921851495
1385.4006765738811 737.1001782197843 453.2646074600208
1352.571258990568 1748.3142133378508 815.0169736992215
1064.8487180072311 1213.2418297866589 1298.7361753768832
755.5435221810169 1267.1389819504698 107.49502558310209
932.708135610667 995.987037938475 506.11105271386833
1042.1752278918434 976.1057797782902 368.61561291251735
747.7788341368193 887.3077952850153 1213.4563238840358
465.70645789410526 930.40527858541 158.24393216350063
903.5284274638859 1273.0231031382327 283.49041787167397
782.541042805412 1186.5652530615303 570.4583621032115
1345.1396303722036 1073.0237453637424 794.4093672097115
1145.0367402637944 1191.207431671171 646.8433790165661
1057.066190577984 960.9749714027165 858.1177362634664
1499.8371776512536 694.9161309166437 619.5578794739536
1124.5760645534542 1075.3471084332286 1437.9160554092246
546.6454830191243 925.1808575885393 925.8655003458161
900.2111997095674 674.0284177535525 1203.7553613698449
1035.3239420111624 1114.5272871924294 151.16595888907375
1252.2635495989625 1061.0292059770154 309.9745424132623
784.2457880460922 977.6322908599406 179.03241138585247
959.8517449285522 1064.5544487866632 1075.491027643086
683.8954446839498 1295.465117359652 470.64193657895925
1221.9764703369187 1104.1790315022486 1407.1619089218339
877.496052860412 1009.4256646501952 1402.0110449415777
882.0512399937834 1470.0208474762812 1336.2648367697586
370.2908440051616 1085.8130695011428 40.29318747444621
1230.4208659876174 1335.2091869078204 1037.0746712613254
932.5994777042145 653.2486505953884 599.1101075046367
765.6512345619375 766.7987984498557 631.7376178136423
1280.5830213598385 509.9349206097539 676.4456665350575
1149.6406995452799 1337.0230083628542 495.115136013063
912.8152576032727 916.9098084600461 295.39018440281825
794.3060911326546 880.6840862021164 1302.0751609929869
1102.721521929768 1137.6416028985277 7.607121528153849
904.4579362305401 1037.64269993822 914.0484385142396
693.8519290906329 887.2783494527525 359.24734381696186
1067.6838793055742 1015.549626322734 268.6455763389218
1165.7718759309887 795.0226175306581 74.97369362941669
1099.988336037102 1291.9409121994638 1367.6055741691116
751.0534319838454 1021.482637008662 829.4414431727678
1194.735645464026 1158.574733818081 1303.2822647192306
729.4973792267263 929.431975932107 277.63188004817374
1289.5808509132685 730.2659217273364 855.3843845719283
674.9361294751884 1585.6130223860005 653.0150956240444
1106.0763863170787 1161.7611260694428 1271.6501185083634
1152.2692207525736 1040.8191197310914 1359.8967151724314
767.673837186848 1297.242332982036 610.5953508479365
833.7775331113039 1395.4736486013348 1390.9018344545757
687.9990816044699 1099.1039175822045 354.5963224397403
1447.4318252674711 721.7488825380651 134.36817173076733
987.991144728221 620.3508416900638 562.9413840570917
1002.4604790216124 754.0754602330383 308.85853583118785
1411.7953374197716 754.7222575975525 1488.5277713227545
1018.3414805171886 932.3134706613212 471.0318355571048
1604.8580120874867 928.6405521092837 1401.0465110537925
995.6134326073062 1672.8194821155948 455.37223923102357
955.9038456979944 922.1359562839111 314.353830062904
1328.1548150020894 1037.827015418551 1288.785984908356
1242.359879847604 830.3210667037912 390.3124640547941
972.6130386033567 1186.1065697996783 960.104252961078
1699.2048233678267 906.6018381340843 632.1259291458499
1044.278925875592 1017.7341226405798 1242.8824405735745
1350.2699491752596 921.1490384795526 1254.049356356875
1004.2074465720817 722.1036337637399 885.3733145903616
1091.5282737339094 839.2729872167278 1131.2916489676604
1246.9899317584836 1096.5780971639492 1008.5228346242826
1416.2640060554481 1298.1995564629976 634.3224691497372
1164.0968456303804 1009.7896817211555 1170.6314481119205
989.975942578709 1097.4420213655962 1456.5674385080579
876.7414532253924 1213.038695119591 1364.6876679755658
919.7229131850117 1026.3370350690466 485.0029754142372
982.8930184450733 1104.8972588039674 727.622041378532
1168.5505729899326 681.6161601428571 785.1702802871599
736.8299074688857 925.9924832162427 310.4172965100432
1731.1942375821818 1437.4787988667226 1022.3948166894075
1112.4518354266013 926.7763816258391 1075.7452314520037
1204.1429278801393 994.0684029057778 1142.8069786567767
1396.113299633449 1035.1330184706549 212.23167721412423
830.8386692529099 925.995174650348 641.1462774721925
713.9313342449225 911.4370185750113 1194.6526030632365
989.647420566044 1310.5003279375433 237.42932922289233
356.99012957992977 1068.4935025840027 979.4310268540934
1096.0482565341804 859.9791143104695 818.4395688237131
711.1387763779968 932.7718257569782 1395.2339080714596
1338.0711710354442 967.4751586636801 591.1066839711489
1032.2724977689072 1124.1673861121267 651.5240861834156
1001.9271310816363 1196.9972828291964 1102.331899282445
747.1132610138135 1004.3196872190609 608.5387677044675
432.99541403527496 1143.4533497670786 1046.9953229391592
808.6785360891115 895.0405786869247 182.76921780865928
1028.6223657821467 971.1941064604076 694.8170015527111
490.08616677637565 1257.8081933507387 1163.1372551959407
1138.5139698598496 1116.399370681988 829.9574509513554
918.5571691315071 1316.5363528015096 510.6929633107486
924.8899247057157 844.6427465635334 1188.1230551110664
1043.9820023367367 1164.3106075614087 231.42903830803013
1106.5817176624878 525.4249783601131 877.0437969481736
1366.6172807640978 1205.9966579613338 807.7026250826764
907.3394791240604 1186.6768352410218 113.50172626948269
702.5194143502881 974.6411424200819 1218.0566570119322
810.8621119456718 1026.6932496913814 654.3496860388461
698.0219829385351 1571.2665575452356 524.6163983252519
618.7404231081307 1064.6244587848034 409.9609487384615
929.2982027281153 768.3615398400752 344.7372244618796
732.2990989807743 1347.6721633512968 1035.025963802807
1518.5503713469634 1206.4273108031286 1174.3221682300648
1229.9721036687702 778.1688808898475 611.750221670554
1111.6038295844091 817.4421692700726 1118.2667751114116
1299.9090605328015 1107.172458455543 1109.0944616065315
725.7079590142289 691.3181902865329 1077.0819904595446
896.1387030199645 932.3912005319161 193.1702772425341
759.3652616297566 1187.559255470475 32.59587962585786
1624.292001833701 677.4994142335579 166.4942670500399
1158.819376041425 1131.0470422004223 283.80996879964016
544.1264959964993 1180.7801852926525 911.9391238528191
1336.06682930476 1022.6008480486948 1489.8795844469332
354.95769386541303 1204.9727764564668 903.4567947341347
1038.5352989112698 644.2974424908246 1371.8914099793378
816.2172901621508 1277.2895034582468 1112.89239912642
721.6784532375395 1402.788664113717 278.3415972733928
963.6419638312956 812.7390040139722 124.35480521317783
951.2603334337413 650.3810927669952 1432.5789171211884
1014.4991444351238 705.3873338102217 1229.5393399260215
849.9495026731317 1057.2252061333847 352.8048143264443
1147.674596579057 961.4813509034769 248.5842357872624
845.3071346931417 1085.1818814407986 1350.9235365502914
1007.1388716212217 978.7236753408262 1009.5039316637706
1035.412429378466 897.0971553412555 151.39916413645577
1008.4233766924874 1258.3415478435859 893.4886593874589
900.9023496122593 1211.8483894794742 1176.7426248104855
1061.3197851041698 828.3660821740884 306.003050053725
1392.26112096439 995.2228249720988 32.92636821721256
1058.0476253010129 824.9123535286258 1244.9616836315492
724.9356397978681 1147.859840465235 821.4261486292315
932.4658480026135 1248.3624017922173 797.8122170560882
594.4612177841204 755.2692077638403 1130.5079427918404
761.8269169378019 690.5980119065304 679.1546764751672
1033.5092947381809 1079.6594402717562 742.3795879886708
1081.3831573315883 874.8027279482345 733.9272559564149
814.0946411279472 713.9739499630543 847.9149897112967
1312.173869358142 924.9462649230044 306.8957810642461
949.1994199466315 1161.922787813715 1324.512340625476
791.4342032616225 929.8060482475054 412.7004855566549
1008.7236111303448 1063.127348420868 117.90388259247536
1128.6711768977168 1836.0751791712623 1050.1453590815108
830.2356653718466 397.5493870963504 3.089418075380268
921.3594092913381 874.3596531367157 876.9734658600574
879.1840493261018 1018.2878233878962 467.0775953539436
933.0925131976073 1148.1230696556452 456.28739726781436
1154.113592484157 589.9700683461774 183.46846241603492
1065.2701249291033 714.2410611505046 122.26818776513582
