350
428.02649369651317 1024.800143193196 178.10842161825315
608.5684066472047 1200.5456327568982 354.0195549235186
1204.2829844023252 1157.7120521330776 769.6502082976945
1054.2469634433064 940.9619205829356 681.3607778366232
603.8991483346622 1158.6101208213877 214.4969917077807
1190.7620262459263 924.4550982308431 136.68519369760813
951.6693677463331 1522.8189538275528 615.5585056564593
1665.3016323214601 661.5729351568668 1255.7443351301692
844.5530219208223 963.0747006703776 402.18764879921537
1154.1069523090912 526.2252054783754 684.3343348532934
809.5689873251811 608.5827007261316 496.02843166584285
1081.745561500733 1155.0483878691432 720.2091156905947
800.6176434969477 838.3814216655285 1405.5359670629389
1100.8356753855423 1232.3265573396416 387.9181847687271
596.0969770387399 1062.1650381097786 707.3817312100463
935.1471739897826 1157.2998461801924 1360.725874867249
1109.763809616821 1542.4572256881368 366.47903080991347
1306.0982861385498 975.7667020423881 716.0672862573306
588.3398342721489 964.2148995454951 1290.565825483419
1013.8490621785998 1384.0512226345502 718.6099805215016
1210.2285321582503 650.2559389139606 964.2611063955641
802.8065181958016 1007.1724867530738 774.0612214329562
1151.1159979331733 612.1891125111756 1114.0685830141267
1189.2887239284005 877.0591888092007 843.7261020903145
932.145027776357 1076.1471052138265 1317.43530638604
1273.8918914696112 779.216392559462 465.4757399734074
1102.913067894112 1024.7653693645714 53.62912376632983
908.8351562881792 1331.2599122952638 884.9976106123788
1207.441991844918 1201.6016082910103 903.184203736588
771.965950546948 1022.3325530023103 480.95429072730076
713.7153129958781 500.61162780536523 563.6096540127342
739.6451471302729 1219.1148736512266 191.7959795101345
900.3205519192835 1111.5931708472774 631.726583096527
1486.3189291358735 797.7819998730151 226.32268634979414
965.8906859985682 1058.062382891103 722.4100594794629
1415.9712391658552 834.3918399433505 840.6757552592773
678.1056637332877 1137.1369942114757 925.6532614213983
1005.1335267710397 625.2511314971371 290.6103603606147
1095.7882001994649 1059.2153233807305 816.1045218966636
1253.225267943752 1116.3498808494187 1210.3140599833653
920.5587459715582 1046.5896229108437 9.885375381670391
956.0175329410847 844.2937062168259 539.258562256555
982.9589265146548 1146.9987399125707 1194.7619168852884
1470.349969610735 1183.1514118648483 591.0071392294547
840.6737960891338 625.4520220269662 1442.7002313503558
1299.3939290582841 980.2826255415162 18.94940474384438
825.771389452255 848.0539329336956 243.0146000928859
1359.0096740945187 1084.3345714282175 875.4092209413826
698.5996126418643 689.9561592392624 423.6474580719844
709.5795187854511 1267.944195387873 84.7411206876571
746.9078745992479 1049.1858793450217 46.12790150389973
955.2625336677502 894.5012015437172 826.8284037556604
1106.6584366426214 1525.6840422929454 969.9634117709003
696.4436697188883 1048.9012929734604 388.3530847699935
957.7739125755432 1297.1277572872443 821.1939393911662
1387.2642279407273 1067.2174432757379 355.8219787731261
915.8310759721512 783.5658612797183 160.9777187098883
840.9017932160615 1139.0119425942844 1267.5380214110205
741.7862649146002 976.7984317410353 582.4269572330693
983.3675414690495 1025.655973130296 1301.4008618415724
1158.7651989788133 1013.2779772516598 721.253156487277
1176.3544262693601 1016.2598289217872 728.7232634416056
1268.7782249789361 1078.234141640331 650.6896686606975
1240.6499799831481 1142.2552484161517 1121.7191611459518
1102.8977836529134 1022.2081191924929 441.99214384290957
852.5548335664056 956.24539671719 540.0255866476896
367.4385151363924 1225.3347663249624 699.2638229212869
1081.6418258890062 471.10095413849115 808.7338821690321
871.4744621268694 827.7115099314233 50.33827824759724
1108.926490958398 467.69416792503284 1365.8913172482191
1057.3986745399395 1355.2903977680437 272.22524525987325
890.8231201903407 1145.5026206057605 1074.0520658001144
1097.8390295998793 1162.0707376419396 64.20108477597746
846.7880696787622 1161.4270406080755 1028.6047459544636
1051.8201043088293 515.4201048419709 620.4196054749809
1107.563670145574 716.2467518236688 423.5903119986079
842.0160642438849 882.4037407838107 1429.874091638236
934.6237127470584 1413.452496412454 1017.3401219632188
1511.6653318580277 876.9659063001204 649.8592737428703
750.1157554139113 810.5103873324914 154.09014341763688
1305.3553717591853 1257.7020127127091 1124.4660114944588
1204.0795508125882 569.1203265695503 771.8518780708271
984.0518746772799 945.5109753529439 1155.187423343499
1141.9019676625253 709.527688710866 218.66883532600963
780.6668759906346 895.8954067356724 1472.5351440776162
674.94313503048 1099.3681728949575 764.1580493334413
795.1411975603356 698.5510413806629 972.1147362866698
1297.4263894331361 1065.3189455842087 855.0971483198714
956.6918151071304 969.2032810884774 430.2728136427841
1136.9290257386856 1117.7103692686824 702.8264860157809
1018.7928101463385 838.1930103969346 720.3534240429572
1016.4596719719776 881.315466217112 990.8892733535922
1089.5787550329046 1117.6639070574026 215.7546189553321
985.3457997467782 1285.9912108941141 1142.17193187843
874.1147859795467 1061.789801838282 133.63980005296443
839.2374980846558 1064.5816557749336 763.7014217866872
1074.055117956938 960.6195020102388 1125.7456409806714
921.7945743547862 781.4899133662262 1198.7606509896918
778.0469317589224 1454.5834797121872 1425.347721039248
661.5701864584933 811.3708333779414 343.6679544867811
517.6415311241726 1140.8426561487295 438.83321077569633
957.1348106599461 767.5121120768135 278.2553921030857
1392.0378905429277 1145.10728697906 1194.603341550333
1092.7796272803284 1588.4589669406832 180.46314104352678
1423.5719527693743 1657.84251519491 1064.3024080534728
1225.8586056553938 932.9366842335843 946.8412814313666
336.4720783478167 1446.7195943990728 568.485564232229
1366.593605458138 1349.9289272497383 1050.0640931857781
567.0293400168596 618.0779060411576 461.72093478736923
828.5577415888615 1083.3791485576912 157.2720201206116
1151.6049977594896 1620.0535491210144 45.241255093390166
971.5418074618443 861.4714483061452 1277.588313673737
1120.7653020267132 886.1682401819104 669.8611968612827
733.4328273462372 782.1488033363115 1098.913684601196
1167.1085678801123 823.3906084105523 1180.2809265864548
784.7546982785442 747.3505759463108 1132.999739489143
1268.1787035753746 2000 3.615901670426358
991.7088141399364 1067.3712826881404 398.1786319069445
762.2361518514398 689.3590564954236 5.1031990948701145
1061.6582652381385 1326.4539607414156 1069.285359085691
1145.2529547444658 1417.7631510714104 977.4034577224894
1230.4499999878108 1169.8542072926548 848.9493507062283
1116.0187568892118 803.4077584978223 542.309819412552
945.9942426476795 973.057791369986 80.39178953024923
1306.6944581603443 1017.216557228775 560.8231325682938
776.8090991041886 1040.6563303229614 810.2827529922059
725.1183522954898 818.1542075710477 1275.9091010948057
1028.5642615636696 796.7430168364926 1200.6851074749766
1140.1339065876964 1000.1927888030265 870.9186152831177
1130.6475319354017 777.6061305790377 461.2063325305839
1319.5037501066486 476.25368602831304 1040.2437367910259
1362.2486203902006 720.5244040493124 416.4350709481813
910.7274516285981 1651.0704706704544 1189.1630507881837
1305.1292889227939 1236.6698802259457 614.8773769516961
1189.8417426827361 1116.2388029413648 1235.4040431592446
1347.1217210500856 1564.2145398802736 1353.683980509434
941.6314738049591 968.4506782094228 89.1318903407295
1013.4657854496198 1082.7029883481728 1106.660057817745
1124.527079565763 1158.3368787183647 834.0602175285085
1086.0593339533054 699.6308790489898 489.99153633037554
1095.3898845989497 854.3181221628264 640.0027490564994
1282.5207800656235 812.2980104147781 916.0936074679115
1305.2407288829504 638.9265340933048 146.56141696786946
1151.1429785591677 1151.8321110796048 149.23597104443814
1237.2510123953853 929.3139602422523 623.7042261866613
820.6874515283456 1073.8827183446601 1421.990560467174
687.5260351973475 1213.1305787563238 163.15706349987684
1062.328195044753 807.6955802981314 244.0397962845875
1193.7359635574655 1023.3858150420116 1189.1565361490002
938.0093773588735 1309.484315469087 127.85404413923673
759.9838367262232 1101.9428465274218 644.7801630064306
1259.7902029966815 836.6704603526233 266.17318889305227
888.7542369788605 1158.7622219682478 14.801544411729372
654.8917987991558 902.5037203437953 39.096061423656124
1057.3049475313198 1265.0367379365239 1167.0157067033294
1119.4546272876905 1039.570984552545 486.4091372206348
1183.859219536372 1060.9168580301748 393.86103757287344
889.9322716493184 975.3518939735517 984.3783678574844
406.0402742760008 959.6115580847038 932.6310496636006
887.4329739992509 894.2265415497058 1332.9278007881044
851.1743265970781 1386.460029030163 687.8969386890849
1007.3132849004467 935.4155794136133 148.58634775584312
1377.9236327889903 1058.0890259467287 139.41872461393635
1149.460815715408 808.1562419709462 40.701674697725174
736.3357578552028 867.2012777608435 614.5470818128177
967.36410039454 1006.3906648552737 1396.7555092526609
1334.3621250951746 1574.9771548295396 127.24141764098684
1058.0287313872163 1133.192638515078 568.0383196755895
789.9907286514116 867.5066191678133 156.9397592062382
1131.6983940732243 1130.233039388086 776.7341534962918
547.4715367778722 1054.4602629838196 1110.10818523565
1239.030688195885 1045.2028499205012 642.8832071146205
1312.3778520483747 1258.2237492993295 1097.6953072035494
971.8489475743118 1194.6614053008068 135.4138417164406
1490.8069848547389 705.864717529864 879.9263758162969
978.1543849794725 715.7455329143506 734.0914046176406
475.9501280128675 822.5478181708985 664.9713861442943
912.4903367591387 741.5472937206597 399.8168079976701
1051.1682571319068 709.8257254293358 113.76866202887403
1006.2903278848631 1239.5897305429735 636.8536424424966
1062.5799619108877 598.252021246644 799.3811807750357
711.1177655032229 1241.391292769858 1290.9102926959642
1141.7726768998953 1149.3289074162356 580.8381785995751
1214.3914858918806 962.180477744819 355.832375581098
1066.2342293589977 1067.996529768422 972.7140989290883
958.5245671867174 787.401393562968 769.9873968855038
1166.7785615046532 1129.6969891913634 858.7209149863899
1149.4993631210648 1573.3761794840188 153.2819168503509
888.2693020740203 983.5306663921465 1076.1712097813372
1153.5380845695845 811.1496404252291 1351.7898197286459
730.8082605469235 1407.5909315692838 1429.510485772846
1000.8944986499044 727.6648046930051 1116.8901657292558
1132.2638348483156 616.7272890413058 1249.644266492131
1027.8359986455882 1050.1422949457408 669.3085018021768
336.3711724466692 683.2589344473513 136.22545359859885
450.4247259577762 935.699946886448 1496.5171411934043
1043.0161905780715 751.0261348701304 933.6354326949667
1553.8286474445404 1509.6785279353373 249.41587520005137
1304.2291336767557 448.62595833523585 1407.5212426153298
1161.6160693243858 1010.847124911062 764.1327409469664
943.3074875422616 791.9664986651912 77.54213902700025
942.1456351484148 831.4099323555342 213.34398513426117
1164.6196152721081 1021.7713662238411 51.325465708032816
755.4543911368344 616.9337446704708 1088.4819076320177
1061.053470971316 895.8664592725656 863.7427381051489
864.9612658251461 969.3923922111043 649.9771158567456
766.8621815878798 979.4534701368729 1086.1322405948697
1478.406708285903 1214.525437544672 885.2572674462674
669.0063574075263 938.431703943406 1043.1992056103193
1013.6873882439314 1079.9155623459562 898.4484420992168
1121.8776640791139 901.5640892837215 789.3704489261577
772.2696954118793 823.6699636772992 862.724505567251
1226.3436793741876 885.6406485487499 694.842956423624
969.399856309985 1222.9268017743184 1216.399492724661
1266.4062881020286 1091.4920369737536 1076.780847770092
738.2936041304764 618.8465899659031 321.77054648116365
772.8143040510217 872.7408041790604 1207.8001012415232
741.8059162898145 819.4334963509973 422.33076690134226
1184.883603568086 869.7476041742743 733.0426689205901
1098.8670726127277 1111.67436401374 1440.9453943978347
858.0853609724663 817.309534690165 1333.74313519852
813.0938739400592 1339.76249271567 714.7891601635312
1148.7733971951573 814.1844692139623 915.5437856245603
812.6535791305863 1154.8705165574784 1471.0565349017534
1452.9587801713742 988.3228384765031 808.1058897551474
662.8087846273849 855.1539858797265 1085.8667080364892
741.1409431282179 863.2634720672838 582.5003918619185
1179.3609176150544 995.7925726100581 986.953596192085
904.9464917102698 874.275052765006 625.9725770637739
1278.9941920658862 1113.2984652028417 732.3482333446096
985.9660994175707 1192.9119378417151 233.71664150715222
596.0485389046287 1172.1062523329574 820.653882162351
1227.4511229007267 1051.9531727524102 878.3236245928128
1207.6851166530046 1233.7949033911977 1378.69688923284
627.6131177156108 797.4638235231339 77.06831086219651
799.1212594655464 1160.418282838561 688.5202937949626
903.1867824049611 1467.9737999665235 824.4393007643242
995.2842674842802 699.6915002317295 715.8410031425924
1275.2051306633862 999.3823434466314 997.113577059441
1145.6911662518157 575.045995347707 912.5878152904006
933.6075797705839 777.9230337309457 1499.5587163778682
1142.2307189264825 660.9681148538809 15.438133659070596
1208.5519968380518 1119.9141644922 1241.3766338684338
1474.1145310972788 927.1500595923131 99.61003727017203
1268.8311703253553 1300.9360143851673 619.5424810476685
956.0995129668692 793.5505430355063 140.0201335587003
1120.4462284611363 910.4128548222752 934.6834334096318
603.1518062240459 1248.8967882807033 1321.9122774143912
959.7247873904449 1142.4084906056414 1128.0543126538003
816.4428324485033 1286.710980383055 294.18100115403195
1375.0918444478034 907.1760668070425 858.0936233469422
1587.5282516744312 895.9075317114284 491.1414776190569
798.1647490158318 905.8615882306212 1299.6770798086727
796.8912287198649 1175.2259810739897 77.3459542811637
851.1794283539869 1231.3781804860007 955.7171188012022
1467.762448328192 1225.5045924011304 714.4857155524979
1043.1554028165938 1078.9291462967008 1407.6245145450898
846.6566994866138 959.3028918308956 998.4232990596697
859.9173781143456 816.1171612545988 1193.3773165015582
982.4854924281391 1044.1503418666111 1155.0002069016361
1189.0300089048462 674.1213513954868 366.0411548457606
1352.2067666554956 1129.9100833749912 591.7353490031853
1141.4475652851095 1137.1072318982729 1151.7368201336506
1037.908230784621 1290.9215869410511 1239.0751852426927
1327.1128928444505 904.411750862733 1490.4281683220727
641.9525099555477 1002.2258658765503 1173.5144549381798
1232.9765435742597 1178.428450568877 1163.1175527531332
1116.992297627222 882.4693514540813 463.56598213998836
1026.229635710265 788.9171269193107 625.66775318778
1152.748622202417 938.9592086196103 401.85166052360364
590.5319760119529 1044.0143122781171 844.4527926096782
848.1652824327366 784.6249734829881 744.1065601492613
1238.0609581831 1120.7152075897454 1222.620137835731
1147.4059221599991 1498.44875216447 1217.4827039184581
1169.5063221520566 992.8243023350902 774.0775703217546
918.5145577107439 864.9520214271582 1070.3089844594292
978.8398816492306 966.0822156023326 852.3411684366256
1002.257503599278 913.0717492306644 732.7559685116655
624.9917347469079 890.7805126259533 695.8371565401037
1370.6384543441445 772.8526010923173 1453.5603060591898
922.1601997270539 1343.1682070833087 494.89303536593616
776.713074772346 1390.8843376795542 832.4322715782832
656.8810780327831 375.5793086513685 1309.1696180818185
722.2224296930298 1085.69816861119 411.54767838231686
831.053654059875 639.4174889691142 304.4020159480756
636.9551923117491 941.5194679606371 780.2301527053228
1644.5652940274651 1185.7115789029826 1058.7875713681376
731.4604163286424 1044.2631173204427 972.0345051210343
1340.0412125284743 1078.5275365820542 1228.767683625174
1162.1691518859866 1316.6140411178521 936.5517120389508
859.4284441431972 755.4096158865678 1043.8205924837805
1441.4718583251642 654.4939151574762 222.2094789171119
1094.0185432383362 999.0475014299027 1119.0316148959625
775.7838454688507 780.8180333524087 481.32005601983286
1487.5142329150306 1099.3972405736067 512.5184769536171
654.2370890482548 674.4556389927193 625.5377701214165
959.0259528413843 926.7668780680708 579.7901308383881
818.3324147728347 857.9497688755579 1142.0936548832296
936.2983767191214 1057.8066819093765 574.5093602264759
1531.848111588187 930.4404731747828 593.3361619411165
797.5103840937705 1374.3881637458371 737.5317432172621
1099.592508946461 982.9600254591968 854.6053094452997
1120.3005117753792 1046.7706202194024 323.37391315496075
854.5014287410363 1172.127854304989 456.9896372373205
1273.4377767571136 1179.1591860851565 1251.8069885854513
1092.9033105287715 1191.265099358728 789.6028901799679
1186.8384000036458 1018.7521620159871 549.992942620286
1035.177431413146 884.7814346226594 1204.591639061575
908.0430190877777 998.4114638070168 490.6819638983804
459.7170761247288 750.861736671873 756.071624199089
1175.9968022313806 746.154725983917 1270.4606345525108
997.2327175622809 1299.0080134916846 362.4428193829228
515.9332052083737 1248.2296878382149 1188.3642474555784
1035.4501939419824 1475.6174106438086 1161.4413872753603
940.4347181547861 1102.1341828419354 800.358752527909
1052.5155051226936 903.1096637562737 1112.7651876404957
650.2796601757486 915.8309483675873 164.35745128540924
1467.6173507158335 1104.0558900023666 333.639387363637
1268.3682320092803 1091.9428990705878 652.1699579748056
418.0524865243101 1330.8466824382726 517.0918255270188
1033.8932422222833 1001.4169373308449 664.9856029674537
1003.9752568331396 1105.4833295697974 1277.1643212374343
1341.3596345986239 1160.8367091398252 350.53389746801537
1456.6450303537652 997.2336987504777 1136.511541094117
1173.0806688264142 715.741884522376 443.77303937238247
974.1490341538803 711.8231770240575 593.6034729001051
1062.9099494395703 1313.6459222051737 1133.2180007508932
902.6667552026319 1163.9598939743873 1087.0495406563048
772.5441698027189 1138.7116053899156 211.114291273273
1732.6726126694 1272.0103756642745 1264.1770742118522
921.6777357875386 1387.88561530262 1072.5906128185347
1388.130017478571 1593.4713226036952 823.9044340822196
835.6304795207318 784.7686690760247 337.28625085438443
810.5107498834171 947.638930069687 807.9243599243528
996.3216308231849 1084.7500084533542 1490.8195098687422
1279.9984757345915 718.9981328048545 718.2417710611116
1184.038657989812 932.6802740567326 1194.8649713773457
1032.7391461765935 494.383273649562 980.4357665020804
665.6192500514888 800.1806186301419 352.3487524484313
1280.2204037211616 1381.316953206303 82.85106962181649
1080.9133359731507 1311.891546921394 856.2632679741758
1055.3367779341963 1476.5477269013445 931.8642184119816
939.9318392242851 1247.2742647994637 386.13038052185317
1064.5868631011067 997.4338003514804 225.1228909397036
1185.012784793833 894.0937007780343 206.9411683574111
978.3303978362977 684.5869412759533 1202.0701078714244
602.8061630448176 681.1635324276799 251.4712247751732
1003.7242709459042 996.5289050293427 1480.0490507646139
1252.5864810122534 964.1612025531156 476.7700118983089
891.3731627420213 976.369076656143 481.0059631955077
