350
745.6449912735227 668.8614265336155 1437.9574730631894
1089.513085692115 681.9501249437642 1036.1033413834414
569.5696687781406 1168.4480362449663 755.6240219983542
1143.0294980226952 781.1927860187354 1090.1276119446472
1225.3793995379008 983.3725798211601 491.9463885988537
1278.4616331230632 900.3822831253046 1327.9148079267632
1038.0354105137415 541.4424117557659 287.5184854458352
1235.5965922154974 953.2618074218844 518.5628196172393
1396.0142632533534 1341.7529064537107 433.159134623072
727.173194651217 1123.1088908754975 1064.299094450048
697.0385441046425 834.3178034052556 553.3574218172546
1256.3831253771011 967.7434517750052 986.2252834522805
1283.8641283577597 897.6241516619577 876.1510837276368
1425.1145047950204 1293.5705436898215 751.9413471430136
784.1782815378112 868.9077527960254 956.3934400107028
1028.2946144715743 1275.8381435464075 1355.0376455104524
649.5636584320848 1217.3103069092033 976.7508601996552
552.3341413274557 586.4418570595942 1031.0596275110925
1021.643453197551 1115.1832485497703 1041.5655396577667
947.5917112085357 943.9520592365733 1019.5602284760779
550.3339951450776 843.3151788414066 805.8679566667186
992.7547256130202 1228.7062019206637 663.9754526395999
1380.408262515323 1117.4318823913547 739.4892868880303
1460.5173363265853 1129.6709123365345 778.914715134883
1062.9794118933007 1059.6203932683543 1482.006671638993
1035.9600761603567 503.5735239065643 882.8027906786372
563.5996629741921 1696.9406072216523 261.205210112724
602.2615172382649 998.8421704176644 353.1802115796447
955.3575036152937 1156.7184351331239 1368.001355691169
1021.4178638336734 1186.0820255474407 733.2254484764715
840.2357056257398 1083.0413223762464 1074.1463797090119
721.5756906898936 887.925741158965 1287.4914491081156
759.8088486719116 440.6914089560921 1243.3004636578237
781.9311675745527 976.9998725593737 507.19709421567694
1368.9927044093147 1040.767207751151 448.63834112839874
588.1852693689118 1171.3479347428192 1441.3009739407962
1239.4772915518092 1079.5470763112392 1118.4333240804604
1252.244483434674 766.3599935281218 541.9334334255163
838.9647903467143 698.5314356314946 863.451404819417
1386.1880438343455 1199.7304115332593 67.37579720870512
719.1313783144858 559.7972984478258 1497.0185691809959
1056.8823642610657 757.6816475810147 1201.3819847512182
1440.1699193205068 900.5989140750148 72.43336223877978
871.4118239321426 1434.2346687785953 643.7514987071005
1020.0172567604249 1239.1063755193336 1331.0370882169477
959.2438536447395 605.0675059602513 45.55751392157559
952.578956801958 1178.0367445826662 839.2850804620577
1290.0571140647485 1228.4165264609196 1358.9106119114617
788.4112254843861 1298.3848949807355 364.4092603725068
627.8670099720009 718.1737667804525 132.89176352790315
1034.5628468247965 1101.2176676623506 671.1871632904449
766.1062339157767 1081.3510287717663 855.4827920813033
1189.1383669516251 1136.5343490785606 467.8689028200234
1054.3637005381493 1645.7061754163065 1014.0223146746401
1344.2437178883242 701.6880065925656 163.08923535847487
1031.9529781633337 1349.9757017094444 690.0592320219017
956.180329592293 1073.9220755329757 470.02120731061547
1228.5889544239658 854.7986655779454 1196.4806615734333
849.8715955198259 940.9233102876819 643.1679567334343
966.3575974861237 666.6742868812776 606.5850973545838
953.5017200396035 1173.8846197692749 1058.9422789923738
485.93248521473936 710.8220015495593 245.0286269856415
1373.6340365494136 1062.940411173433 776.1822801168552
907.0104211144554 1124.1055683156394 202.6205599833873
814.3382122834436 884.3081574651766 1043.337769635301
1096.2263417336408 954.4335818146856 79.8131843924983
534.9465219300521 1078.3278059657318 609.7389630570817
1178.739230951426 1333.1485359258663 1271.852400991125
1323.0817968284723 1203.1238696750138 1319.1742533054617
962.0089244549072 1285.395565886015 643.9290894483867
953.273592108477 351.67626744430197 515.9435706429224
782.7132807366991 976.5202136724292 576.0340597256675
771.3177265395013 1380.9802325706996 695.7364615036483
1065.8944756260792 1126.8789154437575 51.769608439605655
1318.4955916055796 907.48254913561 758.6339157867982
983.4129898916401 1279.979074265987 1121.2006922091593
826.5185047276387 1089.5062612968716 1.9813342725842342
1097.0668477497015 814.7915628947125 998.8749780410286
711.8440224916462 800.6830298959811 734.1266142491814
1179.2640054412589 1181.3025096780962 396.57837854695947
914.2802098665618 939.6381769292135 624.1389390229681
1287.047899957033 1268.9265193100066 90.40789686983724
483.5183814371949 780.7517730783281 822.0752809825265
1230.5273098360653 836.7361825490058 991.2935588943333
1455.7932984436152 416.08937709605175 934.7597283601337
1541.4993780582104 970.0414366945815 288.0013087481646
1185.2201175916732 1655.4081654184638 1253.783024704895
943.8400128207627 1541.508033492133 1102.6731825514541
800.8199948101825 1029.0905176756332 21.95345001388016
1173.0965248482546 1241.8171702369825 230.2970282653789
1238.1698990517282 1270.4249972446 6.224428812031391
1175.2221899163255 1102.6744987667323 1023.3830986921271
975.2640682027319 885.8523415927878 1071.36964483439
848.9379488155874 1241.6507381242257 9.50655260994926
985.3857747110916 1054.9505792651871 290.62284900956234
933.568284001536 1261.6038274595016 1161.0141151552161
990.1206358497046 755.7521204891184 529.3318859649174
845.3216192409645 747.7051774097646 406.8911072081504
1050.185016494796 987.3496307549154 904.9493404660075
700.591409086898 834.3978237614267 994.5339013060899
1061.4665050485125 1261.7675319918333 376.4613099713591
935.0058985244482 744.3940986278903 720.5248791820045
496.4272669067241 820.5400122438003 1176.2533165515763
814.6953361296435 1017.9606153743514 185.65914774716046
807.5919176724242 1332.6910397428348 999.0815691722595
972.0424292341436 945.237175402194 187.49348837686648
774.6391534541413 986.5767228969368 678.7406482218996
940.6143010611702 959.764099665121 531.5816756728932
1044.458934863835 697.3378804328568 1449.7063573876435
1131.8445093057314 1003.9761065043283 1259.3476151981263
902.2715849777297 1168.045203963065 929.3633947352197
1038.9125813832186 1090.3949636419118 634.3254052065479
584.574856971574 836.8171520872148 488.41109816790953
436.34056290513604 1249.3913454520548 423.99603681551883
704.9616671123406 472.9785505352768 158.80720735400627
1232.583243116001 688.5972325948933 795.2157705018602
1192.169655852382 624.6623722539284 931.589743287753
1022.1265822011242 1009.3755638685196 1259.0415782623795
1118.1500882374094 833.6116926418359 1492.9129739986295
619.92787090937 697.7868178014869 697.5719228998582
1387.19924331434 1190.5884676448277 544.4671362241073
1326.1993348900073 1212.122341512119 1182.4854817415633
837.7239560685948 1184.3547498242474 363.1287699723916
785.8400023895813 1102.013550763238 144.82943027695416
777.9562545403514 1052.6738201399003 1244.2062331323327
1121.7912584647652 1050.5241116430295 1203.07852620234
1573.249999907662 1293.5046909959715 362.1393400007113
656.4435540681291 992.2445470953427 1142.7605210028235
700.8924530205624 1156.687779267982 1029.0442793127872
1254.36843449647 1055.4698024213358 1130.5822471208216
1222.557520579585 1085.5683766581149 907.5565852329694
1126.177535919383 1165.5192616214474 702.5454113501711
555.5347366402119 929.5871737804887 669.7731247324123
1168.8994248882366 737.7418729708718 405.5542639154134
1249.742451541148 902.5457844411383 1359.3983872359834
962.7881192951338 870.4239454465549 1280.8887161116802
1449.2497939054851 827.7785980726754 843.9279365109509
737.1632319527711 901.1536105057489 593.8207431118846
1259.1569141762848 685.0056372259569 1344.681392870766
1249.8441264996109 872.5718966111345 474.6728834741742
845.6681600613001 865.0744950781957 1381.8963447430074
1091.5227409268582 957.4244930986599 998.9445158467591
794.7271000925867 1175.2721516887232 491.6538425725058
1083.7898645498992 1295.9944274705397 214.20478625922152
849.1989879254401 1070.7206217157661 554.9730937235319
946.7534443779459 739.3689743425036 1372.7038633229163
893.4364658681562 623.1646836396396 1360.3819019849216
1255.6890705404055 1043.185666799853 743.3642757567969
1110.4979918673753 971.0380585348357 511.5884671227529
1215.5944417531375 966.7110917918853 533.1698913203884
1253.6244668624872 1141.4066744255165 73.61996338892118
1135.3348154740916 682.7490824876913 1410.0476365674015
659.1980306785429 1054.0523530170478 681.2792794169915
1342.847468115319 1007.3716826261519 867.5841747546359
1061.0471155539863 1108.3285677501947 1297.1855860415972
1019.1272792133883 844.9360924828603 1134.4688614832214
1094.6937890733232 1192.0070937371133 559.0683215445873
1166.7492752984897 1098.8942199045139 715.4586157249461
1048.2582264109194 564.6226090220557 1124.3241467068096
825.5857584239967 1301.771319081965 1035.1425290669679
894.9617627980142 973.4425452285817 661.6545196986496
992.0226875091802 456.717125799491 1243.2599349105747
1334.395555422577 940.2106084044402 1421.1738500564397
1064.2053634717824 684.6130871899513 603.2507875333235
1669.2067464933725 966.3089482411982 137.15069576317214
1227.4184646397466 558.1659019800753 618.9456330542856
1194.0556742940375 808.671011406256 1000.6150773713792
801.6326946895078 1036.629862462057 346.12239532999865
884.9422995088545 1193.03730725354 567.1900036397398
991.0767668886684 556.6779558116631 905.0744972363213
681.1337597449805 934.4109122978764 1353.5650312049813
837.5330338865706 899.0948487774959 1312.5363693609934
903.4238173331269 1044.6560602716684 423.7735498341459
1182.228905421592 616.6168977052528 217.42309055385218
830.3201958457222 584.0037199486904 444.77293048991567
1245.1527958820006 875.9173324222185 1092.5323444248488
632.6908346400432 930.1521580572388 368.8173030173779
977.5775996176573 995.00861999031 904.574225402083
731.7787570495725 1087.834307859938 981.0590606617379
1186.965465216993 830.4935191903037 417.4925239479239
696.347505656524 818.530515429924 532.3324242953205
1028.2377875824275 947.3694016070739 1405.6576314232611
1429.736426355809 940.4088310931706 1411.3254866676166
1396.5328495768006 1143.2306057477424 1021.4071466309734
1320.5422993811849 1060.5878639420516 236.97885247055513
965.7907704598616 391.258787831615 405.5543966618749
799.094544930025 1038.0626624617134 668.5064238095761
1420.4142342407727 1440.2549127470058 1255.5107765341647
1042.1396343462309 1107.8027727116755 970.1733148319657
794.8073409688265 812.9691881982956 132.87995423285713
1330.5928060386775 1084.352037722523 932.9309987955946
1018.1119683158298 1036.2426072657865 875.2005788809942
897.2169195513175 1159.061036997395 1489.8188645812043
993.118574017478 649.7384478653235 1015.8366440852739
1430.2862206554055 824.786167558448 920.941155026768
1208.4430459715286 950.2674767784939 77.42375428583564
728.6467627614379 1339.0516571664973 226.52292372746814
550.5889160890912 1366.4186290194382 738.8758969606941
948.792790386303 1095.9221654799462 561.5543350567694
1021.1688993454417 731.2907270571059 66.7035921196542
854.6913131898126 658.552899427219 770.7881522757739
857.1940460239208 1192.9742479725098 1043.795722636433
1202.4555330260475 1068.592655105097 1002.0450873028049
1262.2240607720714 1290.6477275415607 874.3586660482051
966.9509631302986 1010.1522753133362 1209.6360184844068
953.4427810279126 937.0710270749281 1443.564668799301
1176.5306461082969 794.9572145811022 796.4109375612201
905.6136808613735 990.4899124201149 1036.2893747405208
1077.9405009065897 1131.7835137473821 1337.3621997381554
737.1803827143074 970.6848941857324 620.5334466029449
970.5185649525927 1028.953808753978 580.8880185927844
1252.3720388943539 1002.5357075032899 1323.362735710468
1544.3199052907198 1317.2560280089203 303.1748341958758
1035.3158568371396 1073.5588977774426 1444.274353042094
798.9709836311379 1031.5895469031157 1320.9723444198655
1384.8028924040993 1008.7795378838921 1488.189034799329
772.3196310136077 1297.939240000666 1122.7613934872684
661.0569913121625 955.726252523526 964.0663889660372
1245.102487066852 753.1093658572947 357.407571330066
897.889294557175 1335.3713335117525 168.81297969341713
1422.198807232373 848.772572835624 1347.7120874936952
1228.123527784851 942.3022433528105 868.2181255738162
1313.3841882885743 1054.644457242335 177.81387730797866
1111.4226559355802 958.0768443096518 1411.9429241883774
861.8130085491221 822.3181151925047 352.42644966524136
1399.4156860103249 1084.5646319752318 754.8986480640398
869.5737594961499 875.1594874854002 965.1941457594635
811.3881994733744 927.8355904275941 961.4802566118949
1158.8648462187052 1392.9633744198773 273.5649736489854
771.7169338236646 1589.9563729302013 1116.1931275191996
1041.3873804363416 1013.6166374374279 1204.1055320683213
818.8569438935352 1332.7399407229118 150.86216592696354
1030.7235366983907 777.4051771841282 177.07037484603666
1206.6689215134038 719.2622955231568 444.40842868861927
1190.569792372538 1023.7061987286193 212.42650699186922
813.4241609331743 1222.078296125972 1358.9814700210036
852.8510328710443 1398.2883388808175 442.77222506240366
549.1368256336178 610.8277136458319 445.04847252917426
572.1983062503118 876.2164824706059 549.3719737558081
853.9264323636438 920.9663315160572 967.1564551887785
1218.9427443801553 1354.6016459256032 632.0831184371991
1020.9846033037865 1071.2999799395855 992.6819366305525
785.8122740920027 1157.2000988848317 995.8465394544367
1368.289809613716 1102.2595974382266 998.485997457812
901.0041293482024 846.0136796547811 257.8850804068593
1091.5965919250457 1014.071180073725 328.4893361095343
1237.935148424583 814.4534759833159 570.6180146001025
1305.4131343965023 595.9206514446225 1124.1689329756457
1395.5596075650774 924.6801239133752 993.5454561214743
1443.9219557835772 932.0668875967119 1138.7024564220478
1087.4040322124947 1714.1248603606348 1339.3661379174887
1120.089476176739 1417.8872616469705 566.4000261880894
955.1684329731443 821.3920100955355 1463.1483844784825
1051.668262970277 669.3639303351595 251.90372865582566
1366.3908434872344 897.276954476596 914.9786025136779
1194.0592972141476 1201.1946416921683 907.7483166184593
896.8909881117834 741.7621551006685 755.9285646051741
937.8714291082738 463.8515998567872 961.9825195084162
526.7378107693273 814.5077181438668 1273.7723885129585
1145.6326702293609 1563.4677575090116 358.79593928864347
496.77105440924197 812.1052192072162 753.3039072363921
958.8147738420653 1042.216142874919 381.5257139684781
858.4160555911446 951.4160465709309 1493.6965533944483
756.7979148612804 1143.1482815167637 315.15617370225186
1362.3421221194806 1013.2996363403947 809.7000885347591
1088.47631490641 1175.9161633228741 311.9459838846437
821.2790763508315 1162.0975007422383 1234.5340571252934
1069.965886504527 657.1138895850526 786.8025820643314
1222.8328586166156 1160.0311362823982 954.8884067065792
1056.2365162644758 691.6765585557905 202.35837554602793
413.043970515394 775.731488241184 976.1632460761275
407.89784925869003 1088.8403298004666 129.31554048077547
866.1729087691816 1195.1377095185503 1121.9929629145859
1110.0508276448436 977.474626944535 435.28639813261026
1110.3069993299453 1125.4303461468442 1085.496657521962
1326.729636274234 666.6662323786732 578.6403210756533
911.4974253997168 1382.1805762992878 1307.4414464506362
860.378699144673 410.9517377725108 1335.1492347977453
635.4513815214482 646.5129279975457 561.1685921933498
1065.6822208102026 847.7039026856522 1121.5665913095586
1335.3366762908045 930.226257978941 167.03820950349348
887.1267461406374 1309.6231487181433 717.3416199325003
1615.5342559172955 1384.9571499187477 826.7786378553807
1293.4815845222474 670.8693495426096 1488.4556393904393
897.8848170728128 1122.728715946163 793.086821411855
1168.301077117817 1189.8443767698482 917.574170728568
952.5800261549614 857.7370482263086 392.22590899228555
1385.7614242312684 1182.016709263849 280.5075358902174
581.6625082576295 1237.1381067310508 1144.104484955651
1186.6728925456632 1285.7970940437065 1320.083510640045
1360.976492440865 725.1228954374564 1463.6741379189034
1192.8128640993673 887.6854752610258 640.7346812546585
985.1246780123331 539.788606930917 340.05883906755724
1082.4043522876543 1090.420057368986 443.0800117146891
868.6293734404538 510.4653602403251 1080.163839249325
1123.5219373597124 838.6621871170909 370.5276450318908
1183.2481199919253 1484.5853696673073 1282.5523565304034
908.3091105010853 802.6445146019067 679.3741297936386
1129.5816746284622 479.0549629594367 978.8105558681984
764.5717660589385 893.9490076649774 776.7642727130773
1128.797474907181 1224.3364245704258 186.37470356635916
793.1593312261562 514.8106151007603 292.9310337403559
1197.7259360251276 767.3500996416026 941.9188038692512
919.6977545702972 1322.8210551592751 1257.7372376070546
918.753579619515 1252.4688226779567 930.9122036304834
686.5765331044729 531.530141391584 1219.9398461762878
1175.0691391628868 1468.8738156076072 851.5420798487993
661.1089864210105 909.8659967290284 1388.7824755171998
911.2569943187824 1328.5049402699497 97.50716127005438
1405.640519219112 1214.636269814554 514.5968444835197
1274.096701085059 867.098274552197 306.10660871726105
1275.4447905531235 1087.9483312756192 440.1149136944695
704.2404776018417 1025.7106308667367 918.5272867447242
702.8740305873387 1111.1531949211455 818.885843877561
882.8109569126201 776.503812785397 1261.029644992367
1159.1922141391387 976.6000854338436 535.349543554582
1190.9078391842843 942.2934921238161 1134.8458466602065
945.5041159123441 977.402140883615 1007.0838286698297
1108.3278529758327 716.1567466129022 141.26249970448774
1014.2505257472196 628.306189989941 84.91641611621903
1070.0642860060138 1217.489647864016 1148.2751325698298
854.3642706320217 658.840820619273 433.21797986851044
496.3792283523705 1045.6050997798468 1414.4858682102677
950.2371582537186 1360.0668937123476 99.80313321471284
1101.5702278946624 951.1136819132624 939.7695001271446
1064.746496323533 634.7692216401581 1113.3633823488533
1015.3612842174728 913.1256015417737 505.33642598077
675.8825914885308 494.3836570304011 911.499247358331
922.5879628214353 886.3135139783914 465.25649468120906
1193.6585346317577 841.3351314800659 1429.765607619983
1030.8927241848949 1063.7463748480625 629.1478163508322
651.6560581915544 735.3856351281969 172.65810356477036
751.5384056781243 911.3676619500577 673.1176809055005
1358.8353356059092 1439.2194020041782 365.83689150435356
1164.296561983971 740.2752051882931 1148.8763223067745
943.2044088303337 1154.4358747076153 293.26145847843895
1174.0432588534602 624.6784997914265 296.00394915753384
1174.816354594963 961.5953803740664 438.214578275881
1128.3093007279826 441.09267922433764 9.489840132710814
1519.9504769164703 1155.6854709004808 84.98976369571592
760.073534853996 573.9519955473846 903.1656577725372
734.0320356158732 1155.48907435653 1002.5615577417758
970.2445233321237 882.5982878215217 66.65938007912226
1071.6986841380494 644.6104569888487 285.23748775677535
1157.9128968298983 1060.8438750175058 44.7633801732108
840.0804441997192 1136.4408349412795 52.89193100100869
957.1509340660218 414.43742847233284 376.17301452868315
1225.2224961157965 873.8977066355734 1225.4045055081056
942.3222397036124 907.6626157288712 1367.074654666756
603.1858918834066 866.3539955601675 1481.2645717511452
