350
1331.1796370673542 1218.7408765758014 364.9397923822377
909.4178984547576 1035.5093289539404 1323.7045481205412
930.702807126101 1490.2266495632855 933.4295278060409
941.2238221981179 1026.0285904366983 104.27646994794904
1229.298868699635 989.1484282204187 564.0728233169916
753.4322542407288 545.9615568162417 567.5990136053742
1013.5817602588781 898.3247168256321 1044.8333128364063
1145.693882911893 1256.375802641985 1267.3363652063083
1436.4981922117965 974.8109313624043 450.42447615148365
1106.0786057214495 965.6655139757311 1166.081176940154
1028.3480413286895 1018.7553375750362 623.9448529313862
837.6542263831776 814.1560412066443 1012.38443778872
1022.4194312814719 1047.9697134462613 630.8553185674585
1064.1679725017768 1200.7800444089162 639.2191246550941
581.3016771146386 1069.667033312102 148.32246356764668
1576.1224876600643 821.072551439775 1373.2199160451241
1377.989216825748 1124.7699777709204 134.8516907831065
1210.5884604749338 983.1467998992441 1184.2493243914048
679.4567808866543 911.7108431532479 1476.427409139043
1119.0600919948827 1461.7496796607409 1126.0710346493318
1269.323045451937 276.2669368131943 494.39430160430635
1221.1793730076938 985.6807935776733 501.35017131364316
772.1014050594652 754.2907627518148 1323.3202000538322
1228.3292764837163 502.42534855696505 51.03815150486635
919.6761648764673 1087.2612854286676 171.18842271858958
1000.475760466439 1427.436553354286 669.4188405807513
665.9568701536119 1156.3862994085296 26.626814801092134
1160.6688374823061 953.8041951762419 1157.460674869233
886.0086607332667 707.5962944881933 239.01616694965782
893.2795841894738 839.5139384414008 1087.8868516489094
1281.682362003508 1312.7170381231417 610.9237992666414
1025.2512962021299 899.89928700818 110.18848947979303
1091.9354879748532 831.1159435033527 732.7557432262298
1522.586661600587 1234.138956684361 1493.3685858013193
1390.534773518248 910.8336254233741 597.0334188785831
795.1785228322136 1279.391161271274 24.95889107165583
1029.0234715116299 574.126736086861 790.7507778074155
808.2682071635891 1350.2543137613843 382.9060653860574
714.6937001640504 903.9929957095233 914.8060855542111
1039.3675496180565 1211.198828554962 1035.1555902437776
996.5616682178634 789.2007921245036 1478.3090804083763
379.7073649362543 916.7729299230073 706.2746217109724
1231.9035668001616 1056.7396614885156 1395.9102980740845
1034.0504603286715 922.0769690294064 1371.7025278077529
890.3083564020908 680.1872891990238 9.045153906015402
1505.793558228486 847.9012563794788 866.4188499695513
1265.2638396906148 981.928647576303 780.5550334893094
1160.04539710349 841.1358179380712 251.2687956707328
1418.1631241571722 1069.9291428170638 1482.4198072518616
1321.2833496568173 950.2653140538101 822.0265020889763
1109.892316100559 811.9102095598313 1178.396728913427
1343.3858605864389 947.3718693527809 1419.2920460924515
810.5099429091529 566.1603696412237 1380.7277323433445
1148.059396039921 1126.0480045450918 1019.3644231350603
1282.880209220915 599.0454988285285 1479.5813313032418
910.4426038325156 848.2976922560154 1391.6971915018528
700.2511353906706 1187.4445477727245 1474.179874566744
970.4988308469915 574.420115892187 433.27977469608743
670.1832655852064 1201.6070535506592 1238.6799630173591
1191.7001879058334 904.8413319268717 1031.8466694319534
1149.3569194778918 1111.0154174459249 987.795342650994
701.5643081530154 1088.7924929798266 94.44856779182138
776.3194532243169 612.0851824009092 698.3182140563662
469.5383944334633 679.0476611539527 283.1251454948181
1097.8803130105887 606.6305452197469 935.3043155383255
1205.5267777206454 856.9587638370202 1253.1550170951687
831.5417511555883 1146.3055154942904 1171.4212787653505
1500.4181116206628 1330.5491715359788 1197.9627283494099
1144.0100051755871 880.483938542686 78.40290509574798
757.1111555035483 1365.69126793938 48.64145126414293
1162.596420156076 773.420788394213 1145.4852708453948
660.3793404728933 1143.2950776294435 409.721912634839
946.1167058111135 133.69344969214717 1372.1882879510736
1332.5535208894582 1102.7542926216665 932.3196386652637
1277.6700342298655 996.4771116007279 903.44160621203
838.8974978459175 1110.485272367165 1470.9922770220824
506.9475950639441 1147.5581049490052 147.72073723410563
1294.1788410039696 1269.2639002835763 476.24055695148604
972.43174483926 966.6316421266529 1000.6548153577266
711.3077854631088 739.744197185669 308.73706999409035
813.7372429784989 1004.3573409478956 1209.8888248420394
898.6698411121826 1049.789648236786 1197.8286351244215
1176.809863071719 1242.326429049618 577.4465909633603
1189.3115123486657 692.214782813547 919.9271910604193
1094.493331247569 558.1878380724838 1232.8359522244016
1183.7255234464274 1048.384263902883 1169.75315545122
734.8017392059876 1214.9789414179127 841.2032587300907
976.2304442741681 997.9773274772348 1099.4040369330958
1042.693237301056 776.0253854959545 1073.1041710963393
1136.3688503977596 1069.5763633820636 1202.9632382762525
830.3309539133782 889.6092060930021 1010.3752871169022
1130.0119886860741 973.5023647859556 293.7588536719094
1182.1957817229004 353.4753443318268 475.7631953924451
876.7317886497791 339.112956843328 35.80337767693403
786.1552016186032 1125.4049052353878 303.2555200499164
589.3592740557584 890.207124176973 66.955971877035
1440.1824047278299 934.5389581406463 1051.2136220481034
1279.1132340271508 517.2077757336436 794.4095555414864
874.7124048876559 1233.9202307602554 1027.9016813313176
1367.965120898278 1162.5234580538413 975.360750161467
888.1151273519563 1521.3415399395521 794.4313631177155
581.1400431297677 1068.5003484176032 1205.4658282745916
1186.678162977754 1096.1582661775446 604.2785920838854
1160.553279388829 431.0010173023014 814.717048169704
1284.1901224216276 1047.4060238245793 738.5333325253655
1236.9324808331748 1107.9772495339594 132.9963699603125
1106.6745267672939 1224.487063568597 207.92952239237516
842.8765537123076 1266.3614746226706 526.670451685168
1062.3858723818364 1495.627780744703 16.430280371623475
1350.1662411725554 1174.425958650479 73.56686213017738
1061.6637037911087 740.4083588940662 452.50229628058213
1016.2376243496317 730.458386511381 481.6052729119925
1000.4329663626846 660.0534121962801 833.3639952956422
1042.6028020945287 1191.3325152922312 1354.7083214546508
1010.9221653829562 830.1571870918763 306.5010778914382
1146.9970856124573 1208.2318526011763 191.77960247058135
733.8855128223101 648.6682042115364 1346.05342730488
982.279456777313 988.511594193719 992.888573318505
1534.936613144044 1171.9296002913093 478.47240419834145
710.5303028712353 1051.655658080539 1410.3021135269423
1349.5902174711784 882.11502646904 40.04929933655133
867.2264927507129 911.9650471362703 301.3807915522572
1431.3233613702228 1047.9547091708432 515.2802629842378
1104.4063532541213 1218.5875820761244 747.3466196417374
1002.1531121810681 988.8821028258385 451.0275594051316
1176.9340348051608 1266.6232921349385 733.6830344775079
1370.085219291881 844.7029232192618 1281.1397728905376
1313.6595788301152 1186.5812814209198 59.26955193002698
1515.2006674151678 1003.6838848381258 383.40510333254065
807.3295312635713 807.6188391529013 912.6389294262935
1257.7319713882428 467.9028864056047 466.99774859376924
932.8399040550621 1077.0002527501238 441.9753884057142
794.634330955083 1274.5454643020803 1167.6310979103616
1421.9921036115443 799.548479208856 1380.2565868934964
882.9538985164949 1083.6766725060456 771.362733953348
924.6524720353236 679.0770247319374 1094.5455731709026
1536.0497482377957 1075.521631638875 435.9133180848839
896.9302421583657 852.4063245272596 205.49333048185326
1035.7628435268455 799.4299929974063 1373.1822319901798
984.9812181785728 293.3570123881228 838.3442613919328
1204.7951081259075 882.4883305404103 666.7404094316162
1079.999414906309 617.5242821369374 983.441659114054
843.9544354328418 1051.785807929693 1335.993865972001
561.3151170030824 963.8384338460781 195.31772168340007
1026.9802900875727 1308.1630674859186 786.6761549459724
719.9351679856975 1141.714725759685 832.6326089471232
1634.8027732706514 942.3217615716454 257.13289826783557
740.0514707193693 934.7649631374378 418.26441148169425
1210.982640461954 919.603979074259 343.56219774510345
902.6811998201825 1037.3175481781127 1194.7033806742008
1266.5078480901182 953.1043382140015 954.2556170093471
963.3057247126508 1298.9250649046705 580.2034620975264
897.6902004797159 1130.1620560237845 1207.2584394208689
1255.6203591008396 893.1440129419732 629.1417010601411
561.9529209119646 1152.3258524521254 1041.5891198073975
1426.8359727653924 1181.9023940373038 495.57801149687657
1031.848374739438 1160.3944093929406 759.4070732559351
1214.2367274528258 996.3320486330034 1071.6826315741605
1066.485323939672 924.3614900077008 988.5701210629808
1244.8979757544193 922.0254147734117 1181.4245468351057
1041.6680635330397 885.3864056313794 1301.4469691309353
786.6934890712134 1116.7295046430131 1001.2522947625957
884.7769676907251 841.1232566765308 614.1660300790871
970.2359136572405 1000.1673864313929 181.87820219202615
1285.744971306038 698.3562764055634 28.687301622991434
896.8951628468013 896.0750712593108 1105.1467695300184
1188.1904491641544 1451.376812589966 1148.722180774475
819.5936000809504 1112.3410889858042 592.4813287315656
1006.3339673505176 660.1065671099201 1420.390716116189
740.6882482216148 1041.3076222270931 1050.7738842893332
713.1671180300805 794.8802612630743 131.290140285518
1149.7470372064417 1016.3025987719151 310.69592677639866
837.876861869792 947.1842920011667 10.949554863359745
1051.6269135112684 758.2877639524972 1441.4602872174407
737.5291416288824 609.5320280838487 1128.559534040904
872.4011970740753 918.0996740822467 927.2052255017912
823.4595123812296 715.3188503205786 849.5397313969943
571.4949662284268 1340.5477972353674 1374.0878747836098
1303.8630640509973 834.5105187613053 1473.7442497084787
989.1254134748478 1041.2466415800404 475.20752330979144
1046.450799642451 840.8201823465465 1155.4138094237026
630.0211689651176 781.4883136722443 87.15767851923867
680.5676916345941 946.2051303152609 1081.8623432622005
671.5305560603762 1295.5950170804397 25.915539690497702
975.0175187574777 700.0916567244193 904.2673322520558
512.4424470421253 745.1037406781267 339.832325361433
771.6386152515239 1553.2328267128194 725.6525993662046
1109.066749203996 950.8901869135976 27.121005995625946
921.3810573308106 1314.1223759348288 1324.1143902306221
969.616581419554 870.2880536370602 709.3567975352173
1049.816039610351 987.747880423699 758.2930880188525
962.683280587647 1205.346631619593 1082.9515743338834
1179.955152712042 1348.0944481649012 467.80870735103395
1018.2965326249256 1105.3627004976543 471.24686074673554
1038.1870865649323 1078.312666944424 621.0062941854629
784.2196871041849 1150.6982918788945 1450.6333532522322
1095.2369098164074 851.0219425497964 528.5780195000459
750.1008649992203 749.7675053773884 668.9681305784611
1359.6565896367438 922.2695123881144 712.1471449311326
681.7515385987454 865.998019683161 564.8266638665817
895.961204473321 1200.4337347315259 1377.9494462791347
874.8017201269597 915.5558748276399 15.134375176678983
497.0472480121093 564.1710616414371 678.9276599293571
905.5330857507756 1095.6836756262983 332.5381948050731
400.47357791954937 1129.7789223023317 762.9759454728577
949.5636935559012 1489.2988251427676 42.52267806680427
793.6070733405297 765.1752563636126 1197.3102374377293
1038.5975194077316 1007.8210351522096 928.0420457180038
968.2759311826811 1097.1977073451503 1042.6835733117723
894.5339552857888 842.461687806829 949.1629912421255
775.0189946390473 565.2971094826905 816.6878017754918
649.693773348421 1037.0750407109288 1433.4875593863587
985.3463299324211 843.1381786283771 263.74218592374257
1037.8496538943068 1271.6692881857125 813.9800716708643
969.608330371885 1165.9936377450254 1051.5030666648634
1207.000482794518 1102.322487197436 347.7305259347193
822.63021257166 1410.953985350078 1003.6819506954397
1091.0668496709893 949.2933985341269 981.2465466478699
941.7104099162507 541.5058963146458 1027.4545456709193
1017.7044170602913 1100.0499009198188 277.19529587936756
846.7794591923055 1552.8330789724746 1191.1319817239516
1388.442500809505 1004.3262370444622 105.25846385364652
1072.2107016770165 1005.6474188336441 732.4906526247231
1075.7395384367915 545.4620721412088 1487.3197822862574
765.8959883236462 1027.99111282537 471.94982134050827
988.9275855088517 1181.7370578246025 1046.6601045043165
970.0619705272654 1453.515297738796 723.9205455729017
505.7990038012542 693.9214121760754 1476.3386100707255
950.9877926130791 1204.7597261314531 834.2960060819762
862.9553772696393 572.7142270439874 300.53055425226916
395.92705828041437 646.1218702658539 1123.1145564202188
606.6506482217079 1116.724412776567 324.65542151669615
1368.7499107450117 623.1328071014045 664.4779279521833
739.9000830835402 1049.0403180242542 981.9788850431618
1291.4055728320848 1042.271297139785 363.52933005064995
1141.4687068551145 993.3034139218755 78.03560542510036
785.4146075615106 1121.4316148538232 911.8032420783753
1083.9198003235845 1162.9799922857474 982.7605187057804
650.9777658948485 1059.061866652108 1195.2752285276931
1230.6460854466532 574.8588050941084 426.78854049871654
938.1054889476525 1015.1728585148301 903.3965114151262
1117.166834520527 1147.2262213337497 152.31918727706872
979.0852525500184 1219.7814287446795 171.64444418382112
1021.2465928360764 1378.275254803043 582.964798141266
1088.4523839026585 1244.9856386917943 784.5404410425542
1173.5262474869137 1398.4205621027772 1231.2533525072795
974.1322394582382 924.7741770251322 1444.2218203682044
837.2717616916204 1209.1588709892874 776.865981194948
884.0676607694761 1423.3515659807044 1050.4772462375643
589.6043533273318 1246.645719829522 310.30663767575714
1147.918699724661 703.7526122781738 648.3878656613139
909.8710860981049 919.1005465234316 631.853346891862
981.2827584492265 958.2821484072874 1447.970238172911
1151.6939835265334 1164.7644865201905 374.96730926125383
1062.989057778709 959.3478760461413 386.9476618234571
807.0012291918594 617.1790557755323 1448.1146880858878
813.9933690092208 681.564279898382 792.363465709453
631.5973480401519 1056.323417446965 762.2586413780136
935.9228188562898 1313.4793589234923 865.5932211763968
912.9610948729188 1039.1158942794546 1358.5223775130985
1447.0606967230892 1350.2673590653073 1341.2943926192982
1160.0524054661223 616.4827043033174 1332.7291457576382
975.3629374651598 1082.9436991095479 523.1571410304549
705.7723001460222 602.9288003435186 419.93351201040605
898.8813850259096 996.347773515368 340.79294144509953
667.989955331624 552.5826290091532 645.6660535580073
786.4450611662489 1236.6135171334581 738.1158062178465
1006.1491458319598 917.2743972260072 19.70974062494113
1320.3755457259879 425.69175481226694 552.0255009501657
516.215402223492 956.1871482203379 1117.6743586104285
1245.99228529912 1171.5917889769871 414.0421103028609
779.5460478926163 985.2227349033619 1444.8173209691208
534.1026039310077 527.4247700064548 629.1070603904944
1127.2643432613668 1067.1893255790771 421.53605544373687
818.7549593022402 1550.4274168051252 742.9522628403664
1038.32306254569 1154.1160842903691 919.6237402998221
996.6263929710636 1155.8851118646014 20.3069788409021
732.0978143320622 1331.8610132853187 1068.5497817848532
1051.4509352219723 1051.5184536252145 1166.03155683387
1204.0058767978016 1302.824561298931 1461.8314320776103
514.2316010114278 953.6718193635087 938.5416090078363
797.6991742299349 1271.691016214303 1110.7861324410842
1058.9841724452363 769.7853217985439 652.6432340761567
1288.2982090482258 841.9357709829501 949.9215243518619
1108.5114336357374 722.9211320656689 110.23874644125364
811.3849325477197 1238.9077875930489 917.6836920205577
1276.119971815559 1186.5679989015998 940.21758812433
1011.1240612816654 814.2795214638685 742.052654993617
1046.707644882131 1033.8893464995313 1123.0143935700307
1072.397675444511 1037.030027316787 328.54154501975484
741.1946222969748 900.5380550305516 1060.768662945959
761.9808112771893 1241.6558716331103 1262.1142608743746
1232.7846353208313 1313.5031988479814 1230.2451439064735
1086.8792907116258 886.3546798020625 152.20647338982923
1256.5888130091425 1096.0580100342486 909.3257733123726
1446.2874974595009 1226.3065222087355 828.5930491762216
1025.284017432444 1339.1804676669256 1493.6851324356849
598.5996362290715 1291.7437286932704 1399.9674939545068
1253.7392549474005 905.3785121618698 1329.056342923223
887.477937749597 588.8599877489073 793.1120330462861
840.8828618480784 1228.8026769502123 785.5825538780801
856.8979991761253 1404.1823232264614 1211.332784919033
1028.0069251345467 1122.299410551173 486.36915909117096
989.0592867862111 1006.2227212648212 188.57368488328834
592.5019173366321 1425.7359177192147 326.88553044083363
1103.3159680333856 1389.1196894005325 154.8761387064962
1223.9633785440012 1099.165405579675 1464.395330478119
1203.9130059307374 768.4768499101735 1136.707569673832
720.5536465675541 841.3186665236238 1457.7438869732757
1304.948361149647 891.4314263194472 80.29368190121782
1467.1638271842492 672.4601382313508 98.28135690344713
1281.0396092882602 1345.5679471038147 1093.4201067475042
1077.7907961444064 1282.1519989648 399.85044571463163
770.8201406674159 691.9543200726009 1125.8991742087935
850.3943989720142 809.7613307685649 1372.1012258630144
835.9669163438615 1006.6616022529702 842.249547749924
1425.0145226127534 579.7030256167776 146.51064643740102
868.2539320004144 787.7029971741418 1333.0116837765042
1471.6292038186007 1290.9196119172814 1244.8835664482608
1071.5919676540436 939.7307417353421 1315.1910908033828
972.566829606815 1018.2521736322823 1066.0138116528897
1036.6904753483536 805.6564207439053 548.3944446321987
1003.2069093018783 989.4851642674035 1252.3430095644437
962.4941765133253 701.3294067209595 887.8268365276931
1166.3320952574466 923.6651637977404 639.9417527563976
894.3087974958678 599.314583836749 108.59074196226959
877.39008162901 582.8624024285562 1238.0633404073358
1192.3818372470514 1405.697698461886 1247.5237770530493
1064.8454902299845 900.1298371046543 1313.9535464315215
1187.6214533972352 1047.6511204729147 69.540290184749
1441.4890973200463 1118.1734577144825 388.3084421261129
959.4943595037524 1186.5016320603697 1056.7540203713688
1578.477219896818 761.4078045787475 245.32017291990914
1039.3400216560158 1237.7730553603856 256.18861331818863
1422.2598332159903 910.2535478065233 360.1171912929347
975.7706176772546 1104.9053831287165 1450.5586325598795
932.0134895633083 1137.3505214125507 1270.9509225195668
1065.9831032383308 1087.686307227227 1476.2814246384878
819.6740226434026 893.6470410081174 826.7856105402336
1310.9667847448245 1045.821680104176 877.8675035410208
527.5387934442151 747.1715946984191 1213.8059531622725
849.3269167500716 943.7269286427132 296.3055216720896
1536.989766796314 846.7762202907909 1383.6917671239014
626.6837269430789 878.3692142058093 894.0175583553713
915.8138106605105 1684.928240667241 1013.0543936263596
929.4696271179064 899.8098444514302 1068.2788711462179
782.0268345505372 1070.8817838798388 332.8896859822025
959.7080264890079 897.830259668967 1460.0203763076165
1161.2526970960926 1036.034774805341 238.98764652811172
839.2967743859007 1092.112519057476 657.8114451797318
