1000
194.01048616457396 407.6381927112698 1229.28425738747
60.88916253193871 197.3230837822177 912.5691409571521
87.98895986798048 28.40104883766149 1105.8028767899455
107.76233530454718 117.82113555063492 925.5233027773586
173.2699065047661 326.15964144527084 602.3159153712621
26.41821585341385 189.32021686359008 1148.7533755621832
16.08520501923581 134.8138722223406 84.27519429903025
131.29564883482738 111.88392955038873 287.87854836502856
139.9075209587369 190.60650351107452 732.0966843403943
385.08605309067406 14.635455740856901 559.3747396470031
291.2275029377825 421.15543131686997 1455.1484702129778
97.45727695749939 5.93140540041603 1469.4220860166677
352.3313513351915 118.29459487855746 1337.2186604125409
300.0450530878789 134.72876102696156 1475.693916341031
105.21197021035485 157.2390646849358 275.0195801675175
470.1215044521719 207.3021731384003 354.24101137355797
435.42301939416035 254.57106436805708 1396.4558743286718
57.13532846224106 77.73499624453233 479.4035902148789
274.51208819075396 146.48313725537062 314.14727773354093
78.84391748388003 128.58189716251636 154.62055702511896
129.82641797898685 218.19888443310572 231.59731108357678
102.28924288335206 272.366347289763 172.8236282449509
586.2127422452892 55.01045991925958 360.06332877351
252.05344731491826 49.95858591797876 781.4360598213973
407.85418561787054 1.6731616199186976 617.8458740620918
384.02884539383336 155.1214032774445 1244.4691992123458
51.56665082495514 345.258377655933 1415.3098142510541
306.52500628435365 90.72899385505109 1107.1795098204761
79.73644076777909 200.58183067271105 498.5437668581244
258.212330575711 122.93854087161434 425.4810806896416
5.2207585759675545 19.953949236003577 786.0892655811463
70.29958351006478 3.0642962038834245 741.2467779598379
256.62983728713573 17.55919101070891 57.91719631683595
62.79491446202613 34.40131852734081 1265.301961097387
635.3268923678004 315.93725975772225 1216.8946311065934
64.06939642930459 262.9259234267969 1409.453534923902
134.36459964964536 150.63412012850213 38.15448618557099
20.559873704881536 318.1388446679266 1140.9197987323626
91.92167515568366 65.94815549423353 172.23290870957274
1339.4004023326904 128.72938183206844 956.3420649355737
201.42597949668013 30.237041043230683 1349.9679801308273
196.72581570294446 19.358584593218357 865.1371078021144
390.8082655790739 115.274113818624 1383.8381455445021
42.88087432923406 35.269328220842226 87.6799782019152
10.401453383458893 59.142868269113876 923.3549129064115
472.0071684668693 306.9407669360987 1449.5782085328399
5.058737568651623 13.793267372793844 299.3740714830705
39.148060274717956 151.01753040657738 1051.1255762264543
241.56024473760462 114.20079768705482 1058.9812245825551
102.47459959333582 5.648154137510109 733.1789607059444
69.86333120871534 180.45228851765987 276.16376558972934
18.493888580994113 129.51861681452104 380.1156359194984
7.2309482802669685 508.7089152272218 1019.9201088758259
12.523031082156638 192.499929066262 344.6691276803761
397.95187178299733 32.55867353201837 657.9514492536929
68.39378552409725 99.40629825092003 499.11998407225815
18.533504416738356 4.250169147295674 138.9586800208471
524.7444589018631 525.238863351682 790.7258675615575
319.64441313500373 19.081945815644332 1123.125865375795
12.613812784043303 161.7215369065082 367.09561694372246
298.6880242961338 189.66854671873884 1143.739147106981
359.98459640195915 82.93655703571397 988.2210021526611
209.1919916148526 602.0899145838699 782.0323388545439
195.71050196586023 82.60386097936022 940.5377466518187
253.12216058032993 164.5270195047349 189.26563722760042
36.988286790083514 340.8360662520032 436.43594124470815
87.13726293644105 192.65746687969133 1164.316924012809
22.54970006493059 235.96402053583557 778.7038727660943
203.8221501407414 22.708507655032083 335.1347081733058
497.1667902782501 357.6622977541244 620.1389861419406
39.33371477311828 31.92499181596598 1254.9726609185548
64.81892340097505 579.784548162481 757.3927019471441
167.25687782839603 44.480939637701056 950.8814503074011
31.984287646555497 613.8327081552451 198.21434747499805
521.8064116533958 146.13530802336868 44.230197344295895
91.57770343894508 376.5045574796624 1455.808733010611
132.8332564195353 129.16036880935286 427.08699221129393
17.316504268368874 52.36289341682969 1493.445408819932
198.5015820106942 71.44536720632605 1036.7211846248988
278.88977094614324 123.28635408584559 277.0289521179101
74.04520377062414 200.13533094804617 0.37704353026812853
644.9608145908553 19.309818330135904 923.2454333689225
42.7047971672266 79.28836911613668 1416.5452539910416
84.89768154866125 49.47067351095167 326.8620949875681
26.198535909927212 130.89230759762538 1333.368668651071
58.858979042810965 167.12241088517246 578.2408477124434
331.2913667251802 613.3464415258761 241.87799240610724
499.570547767056 137.24611424734198 1417.9052452649526
109.35377087209497 37.39116345330054 1061.1564131412465
404.62642448402966 168.68899424323558 1364.8127177361273
172.60849936672236 396.81910873550817 1210.4350068548936
146.07081502311382 105.24506722509517 632.1055064691934
67.20413563743702 366.9895078666208 954.5881797320817
428.45219931159085 66.86426919589043 76.98820469619899
562.0260504874796 70.57873906281374 1324.8509538337712
414.96526299073525 54.220116004545474 421.96833879898304
40.00484724716759 43.04731718663641 421.55318883901487
339.7018161472225 393.81551020606105 1107.788962985974
288.94027245640655 61.22003925686812 1343.510308315805
119.32838539299391 67.41634316883453 294.70780436188244
175.22509461208432 26.692580551493794 1010.1464602147819
24.963594823902966 53.88725199979893 167.51571168453893
605.6307084396498 153.6872835309219 1354.1362773132817
144.8377428990248 326.86517932434987 884.7457250851006
325.1395609151305 103.38687241848108 886.0569949794728
713.7010013533131 668.931751570572 748.0539093744767
64.72219367414579 267.89174930624233 1436.5735212710613
174.13991927836747 164.6531438480648 983.2629738117222
1619.0960179805284 628.7809594691095 927.5040356796584
22.122232079581497 320.60801361555514 215.44947783379848
350.6221761083045 50.61909056908216 678.0990804761886
291.51010477694695 611.6145003804462 580.4050668976521
566.4655542936492 36.85685612873312 664.8718131019842
21.612804507096783 143.13731502070684 274.0995957118229
16.421919729874627 122.77093525319118 1144.5579320804236
439.39005024331107 295.509961055857 502.2800286247669
189.39984096774376 107.05877799562467 1323.9773600441836
741.4502802206825 496.06166377542655 1096.9522046660002
317.87499643345626 190.01538136707353 1488.0255049824837
219.42693370875418 37.43260984197261 104.21368074169318
178.07761787400298 120.75834584590892 670.2965552665202
534.1671989373434 174.23885189330812 1370.3021953637522
39.52072315305003 11.730266224547984 43.534883055782124
151.35150665367763 417.26092252405147 472.63011781534493
153.32005277171567 212.1087215259005 1042.2718379763633
137.17518513260333 553.3808613786956 627.594464432157
80.06912876189318 76.72835922232404 909.0443589337468
270.1021098434624 860.6808809608284 449.2881018248577
40.57879900341382 67.56707066632828 1025.817289372821
341.9641352479576 612.3924817955857 1239.807313529935
324.3031240817992 133.14417364337595 759.9528825298214
70.86946875650662 226.41878972465244 813.1803039511535
218.50907984895068 83.02966288983933 1380.0160117978658
22.570004907659648 24.189225476276484 658.7183008580812
597.0501361607802 990.3648273347374 1101.1329018648632
96.47213078005846 546.6487585683926 1080.766677842039
324.9226018887947 401.73811714904275 227.18755860957341
398.4304352734364 101.20519536461896 434.426186853863
1001.7138934917582 469.9060530549213 365.8931282465626
21.850244420620673 477.2658858501779 1319.80209674858
444.1963137961353 178.27062440211245 630.9579488581528
39.473923800102554 77.73944527875597 331.10730286032214
74.90478196835218 462.2427189831166 596.9353490200631
142.70131990214884 127.00185245405089 508.3870331912832
264.5821418048528 318.2395268521724 741.8271481673589
262.61359586848664 661.6263584181252 87.66209786359575
105.77219570457697 1481.8104682666142 507.30897156176655
142.50749161148326 235.8474650145581 421.3339215344105
331.5323927855068 125.29752979772519 351.3289889361625
26.393732892212864 8.497790744474202 830.0658333995206
17.503872159377877 148.644756445496 464.6375030201217
264.4780689342315 389.54395562838295 291.25251121925976
340.81267826406014 253.24459619265846 151.31860679227728
269.5896622326555 212.85755860882182 699.4197452455345
359.1828724789224 253.33252338662504 164.78846548100455
33.923411570023745 141.36691882705367 184.5162608138141
26.16234348087095 208.61162082365507 1280.5646134602548
287.1903213663546 78.46592390785317 513.2621358650628
204.90888801494626 263.883932243319 1442.1049724063525
212.9161651396059 137.28717634138246 500.1526419155867
55.050217458372494 138.83270011355575 687.8262451036495
680.9301038554324 59.44609530775562 867.5502629566295
455.08846847921836 368.9970974104888 1045.1495115725043
120.21190054526348 427.1429629787987 538.5666133676474
34.16663123183626 108.18110334289442 464.0225771752119
17.605879880483418 84.89405694677113 424.69963754166685
494.16387185772896 426.83267270530285 28.432087065324463
557.6066308186874 120.97108666283386 714.8041303841912
61.48875672516102 17.906303806122096 1487.965986264559
168.40836645461007 100.24923071565534 90.72086100485922
231.4660064520247 405.3408859758088 1126.6903046535003
303.66771315743597 32.28734089624172 904.0029239298228
326.39428724872863 1.1086388947822512 1454.3130138711779
21.310868900640482 69.79484501370375 324.98771536868196
143.60282655796502 226.1769524168645 1425.1536004490545
20.619809782595976 161.14332008821745 1435.6071226932224
306.99816862499534 249.1816502461227 345.0374206051207
61.40256057146082 492.113713365673 326.1750681487557
326.65369711349774 63.96212922093796 364.2846128032799
704.4360448643964 120.98406373712037 181.00894498121494
589.6165173049551 419.049415095959 1330.9404234450062
85.10181790132668 270.8719038157586 28.41055901849043
249.1673655932497 83.19664979635691 1155.178785160184
85.949340702713 107.90878124252556 340.5598761738349
60.02808292155765 243.94770958366632 1381.292062519981
21.87094285837202 259.11252896152297 518.2372459938346
329.88482391567624 163.9118409502149 422.6151474728328
132.03041093233904 39.142338798573824 685.6225913240349
242.51226358750708 17.231084107912316 847.4197888259739
71.01145402260455 7.103157512759123 795.4941513915668
902.7891120546773 270.5230194550841 247.7356492060933
49.15933516649672 12.83954901804323 1266.5715691015066
959.8458316703279 128.01612636694276 457.8541826093827
1277.752791708074 22.13835546601323 923.6813124465779
27.087465150406544 104.87018425310791 313.7063035531599
306.7692661928704 378.66637165763063 759.3051742681309
172.99022211196367 64.73958166759736 417.41472692421144
571.5044269679723 32.84668158199642 1107.9402173555782
293.3902187017498 515.3773682747167 113.84176943933244
442.29990451956286 43.62004961512592 1215.2488618919424
20.968345230255363 338.5687714976364 56.060901363569506
464.0213231784796 49.46527354679293 1490.499977818072
144.62361277845326 39.231167699064386 547.0131412088562
155.94483741002168 1163.025395459454 1075.1512495791887
101.11786973686058 277.8177450138148 1133.766448614535
363.95199164829154 109.13050693229185 756.5936702914943
161.42932228136021 14.418793164615598 183.60843835149416
180.84913623337243 352.3729617286152 815.9937551572455
304.6347285781249 57.6124475277815 1157.3837605221195
69.29282650041482 66.14907819607586 596.7871739269727
236.0584587831248 116.02057966665686 1433.5796183980488
325.8069948553502 37.833243920585055 816.3008914556228
236.93751411349427 187.12217745032615 725.6623621978937
665.1977019711521 122.47056100136176 1002.0021757081729
457.46300172402795 227.38208435549535 1323.343673917273
175.8575254620393 252.77320270759355 75.51711142270729
442.70981625406137 299.15454605069056 811.3245344655469
220.60298620450789 356.5858752510724 458.3827312717539
6.273157408991516 232.35887857783192 1240.8439746760507
148.25211198866978 186.78998208758034 1208.6066463779525
214.25579951578325 64.53980047275414 103.76949393023477
27.029842918958675 15.416160326799941 540.3916189769269
322.94390848273554 175.25580460100824 1180.3190649146943
478.9811888584801 99.1712454112677 263.68958062011103
342.1236284680446 57.89095198199251 1230.4848951665151
13.281146568482141 89.09680634607133 197.1252707501419
26.941321484616903 463.7113199423002 274.8239423280828
24.383849901158747 643.2561690876552 1055.9599384120124
191.2653550308889 251.60801089323508 1476.1203449037184
524.2332740713158 60.241720912853594 1160.6315785520896
493.9020741481779 14.640396669321628 1361.2354054400273
132.76047375127376 57.09414685173417 236.68870667980906
88.12929945522629 87.02305560185383 637.2651091837937
162.11471236979838 562.3915068840637 1334.6452627682745
331.12353343011426 568.0340154628074 413.4767497266871
482.079214520178 295.8546003999027 1035.9346082221934
9.9201964979667 259.6134533291201 1405.9134922434964
60.32559604232014 121.82827122244724 4.1797957297458606
102.31239459106109 191.62689772020954 220.00378524981136
53.92208286712329 114.12929080162645 923.0343609565498
210.28076192189027 466.54761185460404 13.055742860454078
243.8928215725413 60.061929329449804 1074.9241654619311
78.17012920691386 36.24076868699815 173.1176371705801
457.9915982015839 35.272087297504626 80.02275293665062
157.19087195944937 349.61941322150346 297.19999043878124
157.1622400064271 82.9139474792593 1042.8796182903995
500.47363559223976 36.60849269935811 1276.868717153815
184.1518916759424 220.7349791856513 1048.6430668214402
637.7692162983287 493.4323378065184 1067.0616197389536
5.796596479800362 85.29018307316679 1305.7173879862667
187.9384952877223 219.52700882249968 587.3229698219108
22.15986976810483 192.0104778684185 1499.0454669570163
95.04240517988217 125.52655638380243 547.3505416308464
62.08127038556411 438.1713371718976 797.1215784001229
0.6504624334746666 176.4332739622939 619.1232225312446
471.0038024669319 28.168352086250266 454.6253861729535
335.31052243079085 49.674845188408604 373.85844465738666
347.06568617669905 38.01789261970187 1417.7899110275994
208.46124791383724 350.9129332967412 904.5705395469554
281.4786677793251 316.1912387268774 189.16218095933635
4.510593821469522 23.084474049633457 614.0353069739601
9.921703278403026 59.705821373324575 173.18735226439657
65.2165422237418 870.5375166542343 943.4737208264572
42.496891297098585 38.8885603657423 1321.9096936622511
104.85595326931633 653.8236826597207 1046.867359720462
200.9158498288762 16.292536429791138 748.2051012730321
382.4131460087293 477.5474251151304 53.254672196614564
153.67341092264542 90.68059276615583 407.0012773735234
139.3258770599396 430.4156807662121 1323.5826106108677
362.80951618300514 36.88397803046753 1269.6010877968922
51.308665651498885 212.53978249683047 1335.122503385362
106.88703361794258 22.827471860387327 367.43964979543176
70.10335191595603 202.35420849864494 684.7464891943085
402.7043022342699 29.9838980439885 1256.7883322531595
136.35353835781862 6.290367183989071 931.1392003637081
323.75051973289476 67.41571228545972 1352.670329525357
118.06827363328168 140.33284110205133 772.7177143532087
49.72361557278301 75.93928841973158 720.1596730214886
500.28358582769494 182.06025295690606 346.8305586368674
223.27725580213698 368.6959631463417 1178.5017630469533
79.3427379905189 157.59473474596598 1340.809327617352
160.65224543478476 109.123331775907 1108.148485248355
335.0094241875741 179.07188547191606 487.2994350649939
172.38946855062096 42.374530599767866 229.32524275040683
14.489903367138076 122.55476284392705 856.5271506472684
60.910778292883904 221.89364303869925 527.7827167941458
13.579644850828155 264.0969176116881 414.52951197731875
298.6076385179736 129.91084873237492 344.3900163078041
1.119893104457066 82.76570529658686 958.5572575360796
630.6130625635676 3.437804272082564 1341.0322213752138
20.75845889169617 174.72352787347245 1295.9023906287132
87.7499183416765 54.41098137363607 638.4625118398028
414.3869003965716 414.4286877801422 1267.325433241419
74.84703219980331 184.54543882724917 871.7468019733146
27.649941983745606 60.2754658131724 1162.1908973805062
231.6011047037765 166.08530095045813 1175.2714344055605
357.60867691944134 254.24138199860158 203.48691254521017
25.051184642530995 77.90569366295071 617.1868179866726
231.56809377253506 0.0012232721061370571 451.9346407851782
458.5909255360526 212.27386834361423 569.81242976574
430.0759423680009 62.348229542907205 428.3402843319697
57.99637130215422 211.98395917449142 1005.2388461140274
63.21740290508806 5.150195064464507 153.81408405269215
54.24570983717519 27.559072507356895 327.2763975876612
4.876480640725345 633.2244481935222 990.4050385242656
147.57925484835766 50.8235546345536 100.52872995665096
282.80086863329217 937.4251597004459 983.4322590379664
189.69105205494142 101.97334521308899 315.69958831127843
123.82027594106144 29.18274855611133 1258.7683890741016
1.4849054340853198 13.233759146666399 407.7422915903363
100.42381826950508 85.37180432462873 519.4236093941884
59.54825627271343 33.299303494885336 988.9582439813947
379.17774003331857 217.8354624557465 566.8410654545272
118.5164555849607 514.7153277320027 437.7913807805126
87.94111761476064 112.35821090972674 839.9709513210215
262.9279541077319 245.26360889567323 787.2210567924334
88.65292482262463 184.32914254194088 927.7125897592259
407.38697460474816 81.1533656873823 714.4613253818471
64.18575879239751 153.17359359775588 1284.168173197717
474.38786477427135 42.03555975907163 110.35064554697371
620.0694381004486 456.86397240718 111.49790200253278
40.040419921103094 161.91705147429275 1222.3636130184736
209.05897570040855 528.7257695085275 1023.603868002037
47.54302850913752 976.0887833180435 36.2967250930214
208.65135967152096 545.2933411820459 597.7796416808177
245.0136120667811 303.0271098337468 1382.0779058711512
662.6175152878353 371.8144265371286 1272.9872548149738
650.2329405315401 61.14530892330548 906.9963084092092
152.07638150941938 45.417943497021 557.2035498381772
128.594974216398 184.67961304474937 896.4791843814363
8.464317841021659 485.3817338302076 490.48996457037595
50.66503281507549 102.83821266961877 1230.4400262978204
542.3274117457114 218.9833022320715 3.9583225878920825
303.92010568221116 563.0567672945964 1252.088079887428
63.980096744708526 633.1442668252743 124.12247694927164
571.7657288394923 945.0634932970095 716.0981208220976
27.65850881351343 38.85901177612693 1433.258765902539
99.93680829751338 367.39254447517624 583.4357617386629
89.52815358623025 485.1994098738975 481.2808752561555
81.54102333143246 237.273981864401 1003.0391228043702
355.1823383775659 148.99435880848742 1491.7815716641162
249.98878403075398 43.41050691227317 1478.579097525334
500.24847623852 256.6604429595967 988.4943703506972
41.442220708906014 673.3004440169734 642.5810801975512
48.59823188244157 28.494676180603207 756.6134274147784
5.000163040902067 221.14172556397259 1282.1811843530977
566.7998025321319 113.46935572370407 1419.6737034640307
211.47771406315195 478.9715450906635 1208.7731342757331
676.5228915843469 47.546243454177095 1188.001118664002
45.33560622519966 11.204657855165891 99.24839184188473
135.54716688413947 241.40362656766365 824.186830857305
864.8378777872839 155.19000739990707 948.4410152089685
395.197631718448 96.75539565814366 228.98895937119522
250.16262985422026 20.712086911174364 386.93518340923174
560.7043465825552 5.354971523614557 713.7158210892949
12.48960102502339 65.09939328875271 96.45992280686905
103.76561667037652 72.06244244458371 487.9330997177892
6.216421638600084 16.9525511630957 581.0335423731376
118.11549413078299 545.2680451828213 1287.9405633809477
247.00872423528827 24.62045684681623 868.1967335899517
241.800794137079 110.24206819209223 28.083684633776695
183.16719214795546 1181.2318696039463 592.5783078117283
123.82009705456622 383.5332142093554 1042.3528344821993
10.049772910326844 8.923459636316705 83.14193449133406
251.87626643498803 491.3602738806157 135.26316245743192
335.76320592671954 72.46609511754544 1260.9137319214738
19.57499151875258 27.766080139533255 644.4480760582499
59.07850263891872 157.36667161340824 1242.4072979311477
316.1246613126255 38.989327783181935 1125.7392109012687
141.97361220589042 94.99645310991455 266.19333027905213
267.9022063180321 150.12210380125518 1483.2300202847546
61.46326644344368 214.41082945092006 232.6848508715798
24.818100136555348 84.56357413302887 1117.9698319683973
642.9243964044789 86.7699341524624 469.2843519856625
128.20887966437974 205.9444705271129 619.7087059248576
50.16759110794599 218.12970520230417 1111.8401388979366
29.13542024397891 773.157259594605 928.2844780499339
121.3666857852333 9.952286710514608 327.05037223190607
196.19400316253305 236.57983247534236 910.2992053552225
188.3772167381705 111.50072974058396 562.378241125053
735.5204316182164 257.453876227675 230.4347039637963
41.1645430330555 131.76490355692962 1023.5297709654843
121.07464435596071 12.369751119994424 570.7087720410588
32.38944559300698 80.23743022791193 656.9878237618432
0.17180073420355224 694.7670954902748 1489.686820527927
936.428521620279 247.5850760110339 302.63997897590264
73.93254119259741 100.51237054979048 1283.3310273228774
6.989410137227262 874.0010345379117 910.2559696864615
1217.3210746329762 44.9593754114882 813.7470798771393
321.4150238672242 49.028173832184635 555.1769395949794
281.0238475015397 65.5605306403435 1102.9001117621324
25.593770680495513 452.98677627504975 957.0499407544489
6.648599699178308 45.75340365115027 1448.1796242831053
30.28676017320306 11.98481095540853 871.811011808654
138.66655775981914 159.5007667219207 533.2612197652929
172.5193053388527 15.25826805526874 862.1738677353522
33.797343858256646 92.24285752080156 1141.875897486334
80.29976321509368 113.76807370158298 522.9294760998272
327.5394432201113 113.0078127596528 1000.7320256290953
117.98222006211962 293.0667817749002 209.15624296421586
234.72776057703314 210.58650810200638 1482.4883277790072
21.88206302374675 25.544957245792478 556.2455521063434
197.41868496534858 82.0924839855625 1280.6036274139783
194.30703412833336 231.75279578644935 1054.17960543552
107.8442736694983 441.23693239845716 552.8908268215895
172.5453987023328 486.4587090382968 1252.450820252361
518.7623600826579 316.97750564404305 1370.2415246819708
459.1182663462047 652.8601548968528 1423.4428317943925
2.877119882611834 200.9675052326834 1221.7047778103126
105.93107972277409 552.2929041028166 386.5788282459633
2.183496012696326 142.2090544844241 740.7006848185994
131.76337966914957 176.2369594296483 316.03917917086676
227.04203437354246 186.06227180311498 882.0959861982523
137.0730030519817 327.84697593480075 837.1820009080026
139.28116965718812 622.8299158966923 834.9749085835618
28.83326564370053 154.98587302118582 1420.245934943602
584.4750391974078 781.4240471332125 1464.6591325479492
12.849244143026375 110.45498452196736 25.202656781582622
84.37722773484342 53.80481232484156 363.4642231084416
94.249874466299 121.20812056055412 1169.9970707794744
77.31186968578126 202.18207458784457 1180.4345415085722
177.85010839028106 545.4610500683127 508.5857041024945
48.33120166174729 101.1187866057163 740.1099071717699
114.88697492493611 305.3124953492851 1256.7089601069874
153.96389084962328 427.0798156977052 1357.1531349172446
439.37000120811194 6.029326261300325 943.8257212068887
87.59478570683545 95.18651635144946 888.0574209443603
609.2402625366989 27.364057408289387 1167.6755010990735
260.1655445108398 87.39617197067388 694.4318863624669
496.92955928934015 184.28046142502168 564.4975441376487
232.51120858268334 419.5270636106121 774.8920808967832
610.9853767761434 0.42318663595873063 447.6887640201746
220.19524063005224 153.9574602559859 1369.130338482732
102.79005435583073 717.5467231481579 1231.1762117904352
20.71070326630408 225.46900462801975 902.896897574442
155.73178599880848 268.64509181545566 276.94582681907497
144.91024886618715 43.64936354110516 1476.515114740918
139.56125225245046 194.320099619286 1049.2354183273708
746.906318239232 424.52219325281783 776.4995142228997
165.80689561440406 161.20548638301878 120.49238021067488
1.62910661315468 348.3550390038218 1262.621340161058
34.879187896305105 431.3195598034494 452.1723321452495
136.32620676427078 188.174768741569 1309.235849598384
104.86770738781112 165.9938648414727 379.8419450305012
30.717625555247153 84.25059671018178 925.7909950040467
246.12818472993862 318.4480020025352 1389.3483440270186
133.0065865783793 24.657963790294335 870.2595007118701
94.25304127414981 133.88912193033354 719.6667555185578
139.42796809499634 356.1940934050012 641.3919714886922
118.08712903221917 57.27451682887021 1055.2052763159243
109.01268987640962 151.46541134738328 467.25851775670645
0.7351042387042386 108.8235143793177 1041.164738160796
180.42392382345082 145.0734135393006 158.95042244471486
164.7186510980892 41.124798309005904 439.49444933959893
118.48238057475476 429.7888247458865 849.8281438666335
178.81492774577677 114.55687416077936 195.13353921875125
74.6983800510381 93.78193527805837 1249.6034852290636
725.268048136682 11.176639973167365 174.06232280705092
82.99825882840206 196.62197397104336 979.552890479206
814.9636925214091 314.20619017619885 828.9439728759464
23.75220375049424 163.26518948863628 726.7813543500722
99.70396271898355 33.56207221670498 340.4476277809468
184.4462964069332 265.0908114195202 92.9315972470759
137.06527256887975 241.27491679380228 345.1720313908157
59.4962762793248 104.00924078716567 702.8329011091745
178.3913294114155 63.780471214417986 229.59603060424743
1038.4130930252763 291.1341194670058 1090.131843715116
173.7819675155047 2.5682885275166156 1278.693882365578
312.1933621236043 10.749613094975889 1437.6572444052438
595.0984847567292 22.2588362643825 753.2081793332618
183.44816632004202 9.263254155944212 1490.166360019284
157.96125618043365 193.66832612117756 886.0771093875848
36.94292458038389 2.0541295965574395 838.6505050837513
276.1459647394662 255.90867806691313 848.9595909545199
57.22807503505892 218.8149296072239 1191.2334569356626
30.84450037829216 105.28193347860216 465.17703291587236
144.70588014325207 11.320885031465156 1099.5449843415056
171.57381486028052 40.936465990064306 86.28338774095629
98.39542372392603 222.1984290669047 1379.886183718133
495.54854655268593 17.723523997790007 913.0813562580782
317.58644526081434 235.41149779836266 631.4555204099446
57.40329981898667 388.7618866484763 914.8888419984506
337.404478106677 82.07077445754584 560.6315045106869
55.39113559929385 12.090113632970777 283.2208274492444
298.75515467608363 31.266806355998504 1276.3122953903953
323.5646809118327 241.03497341839972 1236.7497308475438
145.0612572675349 58.62681411993277 1389.309635692572
804.1478635268899 211.12827302591762 954.6405891850313
325.66869532359084 8.094837446046224 67.87727726104126
708.4386632157325 352.3345420209793 1189.3617161904465
284.1819288722821 342.6647120620108 1332.7355973507665
571.2246289406463 66.60879793328863 255.00774627686152
587.5857203710758 360.5130940417139 1239.7838236896168
203.93941655271428 1057.1267454655685 426.64602115144953
172.38202708878916 423.5410042383922 1089.9973218650593
280.528387171083 302.9361570024785 1104.5711699880646
63.743367868110404 11.882815526500307 514.106833502598
188.27274953431484 22.30823652770472 1417.6422976182562
42.561866330123635 3.8082995579358228 1216.269983590058
399.9949595121228 252.32369516416244 1037.3778595255822
8.69299759404259 178.18185557349838 549.3107610727783
30.52799586881983 129.50035776816503 1161.09001809525
434.32064394469927 115.9674265054657 1015.8037512858422
159.0301880364499 287.31037685575376 967.3596421310268
190.21102805615925 45.377679033885734 325.60136069420844
427.44308590613633 656.1816691640604 1156.4185106871114
253.35433016659152 39.413684792793 1261.0575187631796
315.2075411957261 35.809669250599356 992.5251274522547
344.6674757906492 115.18445167984355 156.4212668821992
10.300033223460868 69.46103767351076 344.4461474514462
176.66437703742562 119.66100375300329 10.105802079328875
196.27994523746045 2.662942952437606 1227.9320895209128
93.98691939180537 20.052394173704606 1183.1501809239242
190.60343588953793 30.404819778667864 171.54678427048924
116.83960206283143 144.72517274990932 1338.343782380479
91.64737146376535 13.343434280179695 1385.5075055387576
118.39145733772347 197.7042306142016 206.10800288858994
146.6446798604865 506.33576167111516 662.8424052711742
466.6290529593258 425.5298273269157 1049.7648738353764
46.66379110807118 450.8751490139739 1075.103841663609
157.36608914442877 84.810565812374 858.4400583123912
129.65166647599403 471.3718945675964 568.7241411953346
13.002820642645707 16.930597153053444 722.1648264690855
98.94852847574337 325.0904833415891 998.92927428005
505.45190805960203 208.6221168019491 969.8770948975533
87.32264471215093 1464.02046423766 713.3611613885191
156.2721008338379 160.904975212884 1016.3542450241437
47.30206469700007 118.70840870313053 1371.5298484179177
18.582127340921335 31.753025848961773 1075.402821710135
189.20276374414462 59.09880123499366 290.6865338393554
52.058877478241094 316.05597123532374 441.1173083452006
235.58807374462276 14.794464187007636 426.04077262756925
24.835308540345803 173.27076685176644 541.7198409055746
33.96641207263899 29.926097625347253 493.8183140359831
157.52688105480973 55.14826477396354 1001.9091325928579
367.36505062350284 378.1852211950384 1253.8708674773568
83.15816913778976 279.9452512230096 764.016297699225
104.4084560858564 247.8868137218361 335.94826814576345
204.28196788659193 405.0004894879254 1002.2790357236173
164.498415007068 344.2157713146232 1006.8643979459157
95.67753647909105 458.0102914811546 562.0428106068889
147.32818862351752 87.0504474760713 62.763616850492255
142.3231763802378 384.8654217341037 1151.00462630061
4.631713635103674 141.97061523002722 1349.207619003635
418.51724756182136 120.19201051187427 589.1290024187065
211.1141775826617 206.76796666735888 1379.7405030167758
47.83584796649842 7.848299455517122 490.37734110577867
292.7998760049881 24.438659306276648 1112.5543003347582
36.345772968498586 162.6251868844221 618.8305362888511
112.62576119352102 22.55815572523072 632.9666027915505
89.18612131832512 20.639428740376594 333.0422609767877
43.71997139539226 202.91203939243178 496.9046479716221
296.3379908830164 35.258020858953834 367.9228985584505
33.20675778129111 38.25423770831419 631.0517169999906
404.11933957915795 11.522026118419339 1054.0635126022003
19.598222985317186 36.38967896969344 724.0269909801577
30.58167397561384 93.13955237044988 599.6363772839372
84.1660452177779 289.1806867435424 725.5022943913215
352.0051556313918 87.46120163001106 1329.643673797957
142.5498709827877 152.94455222353028 790.618670948899
47.004513365522236 197.65497132072008 1122.2581265923347
24.23721579011878 21.116969147862658 1174.8710286766946
11.510848772533834 1618.3473792538482 329.03940999675206
6.548987014841915 647.1135839715391 666.6661435311088
346.03320293378425 335.9236607080743 1212.6070082167785
13.138984620056284 493.57576245209 1476.9015194280892
72.95824547958071 137.93946884041125 1163.5580574923827
346.35503909550573 145.54774094045445 665.9355782557626
152.88122005958016 188.85176438567538 504.81993627942603
60.22857087140668 94.42440462115151 394.46872341616466
27.897737457373267 56.70944943452341 1248.1861443344421
135.23629545086385 24.195175264979337 478.41130412626546
32.99469028288327 47.11958555512629 588.6555032361088
16.36506492179865 330.873816021315 736.961137495692
18.846519337698933 54.96725408645054 1152.4091254113478
662.1248564394805 4.145737812377959 196.78523935104835
88.57520134294961 14.483170171753338 1332.839866168361
113.2741640396447 318.95759769471164 1282.2109737046824
120.35095525332483 37.05548147308314 181.25534392793452
30.95683056085891 695.985620576187 773.4450691338553
393.9758496311994 56.5949415181336 676.6762158392119
250.71053901382822 138.93881232152575 101.3743538925313
499.5444618317575 189.89496191881256 108.74641456292194
126.69185149766378 27.744500418993795 853.804555687549
296.72711368900184 124.36712215411237 378.61481224099055
695.3605902583756 14.49150551018126 358.26910836784936
1035.3211470510412 74.15530436464958 112.37954693803587
710.1182402647328 41.63585517125763 1270.1075640694494
51.574239532982894 174.77969427107726 912.3947235770729
86.76196777778996 24.004482872829865 215.06969833322586
42.59428370067469 5.195812084946195 1082.0783196135983
114.12259957539051 175.5841057510077 613.8134964443963
399.1388124354116 35.62865034303689 1440.5716008354407
298.8926693076628 284.3442067426424 982.366604851992
550.4339228893377 109.21330477028641 339.68597441856514
167.076938591587 17.099300097728946 420.31480162036104
125.14263347293016 230.11230539237278 633.3139125880107
187.2993834574747 31.13183919404891 1.1451779133590523
353.036966080406 329.1742450605926 340.2259128140046
136.94501211418734 208.99655319013578 401.2403215582729
44.98407772131933 128.98008438548007 946.0207982774175
50.84034655549235 141.64171426995125 523.1338577221061
167.36854886129032 92.40768061016578 456.9040353202869
72.72347706943006 148.51089579514564 424.5827589965115
121.36219449322918 69.29597167783024 426.1845773859545
99.7141149268447 331.7694837809933 886.0305434150389
25.439029849477674 129.97148154310023 836.4288543726943
1470.8480849186762 77.47080853025255 574.3092971209355
88.87086898287913 370.53503288325567 1021.7479483705478
372.1253122040737 1.7845088069191057 1232.7679872629108
38.13622718178241 116.12495668946995 1117.0419539292293
38.68365142141069 15.971230536650424 546.1785022967586
135.47118546596664 307.92700407265534 913.2101805784495
90.8141056079594 162.22208839253202 704.4633528939524
6.804929907900149 196.10121976681168 1377.5981298951715
50.4581642921986 232.88204165018232 666.4520589221577
42.88685299274877 214.49941216351647 8.976854122362987
464.1743999877322 0.11458979383368931 289.95078161151855
137.8558112619071 178.54753981670697 1392.8966035683868
61.96791311081222 675.2015105391744 1434.6395586341387
43.00243463919989 31.595149152190356 55.84118626790019
635.473412360754 238.36847968564103 214.531408968197
134.0403093425095 68.15803704756448 1286.918324399982
470.53597237855183 288.93540427484703 1030.3118091668314
141.17030625063325 9.729763296894802 1026.0551014485884
608.0545828252986 5.4373024130227705 1135.425921946374
107.1316887490684 171.352710675393 956.5002615918476
37.268726150047506 26.70092015212938 721.7401213137666
621.6144180322656 91.99483388406563 1272.9069657789405
589.5227100694133 7.557629616304619 1032.887827436248
108.14432957881036 64.24000201397807 589.3698041939033
29.67534828383595 193.96738186928508 915.2308934085194
152.07042596159903 43.58327474283981 346.5221873699556
57.07771533175484 66.36873401728229 418.0742528781079
57.960426290969316 58.59930337836809 923.5235912703664
174.93169205063123 465.2843381184856 368.19824366286286
199.0134078318382 451.8571715595894 1360.9260161146235
62.01155258823326 25.478424072911597 1339.5232310467657
0.6081223891441784 317.450124555282 849.3916015714979
482.5504509142223 108.2172664517311 773.7792485988964
733.1902510264515 103.06786186750321 1350.5333227985357
241.26594198075276 197.0948305845983 602.2364901266835
66.8558222946751 65.35853406324095 842.574289483877
823.7285014273425 39.195147883766474 992.6045775682642
193.55783436085835 73.25898593296701 119.0787726690692
73.43154829290613 136.21416326322654 587.4400485301422
23.10316906362988 30.46745136649426 1403.6447903207297
18.67789081632392 35.240007580923596 200.70735756572006
24.095818311176625 206.73925987398692 30.097525628702492
341.3210666509201 592.1237295027079 1183.6499177316548
278.69814010662617 327.43903502768376 273.40839671755765
188.41650569276266 261.18612154794414 319.21238145012217
150.18493696512186 106.95426153027773 562.8740593035591
146.14213949930362 143.54070165952558 733.1774462798321
322.7814940225609 373.8552479062537 65.86413860965895
347.6524079424516 24.180941892297632 1326.1840171424624
37.82216594349315 426.56724073872397 713.3915862515435
117.72515661372123 13.17771768129649 213.80828474093354
258.89097992424377 30.318395934524865 385.86079305041636
461.97893465542046 314.28594742047204 155.8017055598465
171.9349708933659 28.158204429842804 947.0580639999811
380.2738453238063 34.57468045496474 1017.8191172051048
143.57796992526505 11.423482532631875 889.1364102039516
385.23622246007756 46.940615201810644 1405.932816448339
105.51231667204057 154.89123995307065 29.26106561206859
235.1539983493242 498.31829899671396 1384.6078618172817
23.823850811940606 80.15127961251561 609.7290436942993
88.22530277540052 132.17157947722052 1277.2605441209446
356.6842984072822 49.254344244416394 579.107676871689
20.868915533405065 397.29898879125705 735.6790931722866
63.706214329666786 287.4762617633336 1045.4670757555918
370.9351554454652 237.39442868610308 561.2537148743041
20.365975452339967 31.3022971470725 553.1208913280786
191.2596135530466 329.40208040191817 1005.9489988472695
8.932419933761482 347.68427291827084 20.974588957554772
404.51486638767113 294.2794670555833 387.19761663221755
93.22110035320968 968.5053388895353 441.7614710854332
64.0608287970246 148.17619816625088 614.2180176810236
226.14261983209238 45.28755895132632 103.84210697359508
30.994000436748653 94.19023313692605 57.65974253860501
618.9368454944272 203.6272198127846 469.43392507692545
57.354455185798955 386.9818633251046 416.70853932518037
20.799951636586957 132.37577964510706 1449.412307678711
73.36959845695885 205.0729009596555 222.0892741754222
116.62811981170846 124.13338519825044 547.4055215594741
4.318532672589516 99.90863437720688 814.7149078991455
353.6508419143919 25.238720395065222 1479.3367781902718
25.20986422346797 119.15878780488197 521.914818983157
125.16983239374599 129.73607746209078 256.7652660807567
10.393006361560696 334.20377973849736 1006.1470053331193
500.0214981512773 198.89810088086017 851.6198400041986
356.7249047672898 5.470405602846373 203.6851099612995
47.69025520760855 179.9314374042888 541.3057891697849
140.11540404791887 589.7168970393178 655.8515130301337
9.80582337661466 87.57234632330719 1108.6170286704141
269.57957308405133 90.07159584729393 560.757724059936
60.07433718509163 62.27795469070938 96.86128931242254
86.43945348218122 84.70271353444579 322.02528453692787
140.10841564584948 76.23743725648897 1138.0478662241999
55.20391195361457 253.18582473638688 647.1936208518707
264.57691522843055 278.9983866160203 1000.7018843118162
50.226248428434786 136.26546259234536 809.4887191541643
341.80119330565645 105.16825220427819 909.7059803363036
80.30775298817142 57.937986910187 1151.6215053499052
45.97128233986207 175.21438325044434 883.8444748665388
46.03102979591821 68.95029020445745 274.46839303334644
20.91831649984218 288.72225561129784 910.9416089902106
205.2195380620152 83.58265292898072 1454.3378583679141
24.69444319312996 18.820875767423246 568.7118063840139
443.77499236793614 58.03795439423256 658.8535911840377
395.42891801416033 455.37892270931906 205.0072930602696
86.41316679146766 40.33689450844251 1297.8609792598177
209.89682655955687 722.6061720986123 25.718530033531252
162.51074523428954 59.35928953113271 1322.483179541119
214.37510318991463 436.99417388403606 939.1455006856901
85.04306390937548 27.126512122713525 354.48177664526804
637.2581354731994 131.98610844086863 637.057083548207
27.927670588195006 79.780012145695 900.8742795098923
67.21758770753516 268.1416193577851 610.172268332976
14.746871184794339 7.381601119173936 878.4696931956331
4.842076208764335 182.351528584377 707.7790560130093
972.2222342085739 533.3179460696032 1201.7247501161255
75.27577820223489 35.56138708453207 1458.3811130506265
16.384845605097105 135.4184448786987 2.465551678120348
298.32236996932704 190.29882581069998 1474.3535817351055
146.4606366878737 811.544663367438 666.0505027994138
171.84745444286628 634.32416593363 1062.4805698643288
242.72274222438438 194.2982200278989 744.5575678393233
250.23427771644617 68.96933972844025 1461.1111446788252
942.9457438662512 35.45349722207896 93.05741101782333
212.91985145808528 268.9989319790768 955.3118784115869
28.464869890987426 19.4878764893862 1012.3638369028765
323.2584900308037 1.683731587223178 1257.6094834895878
92.38148800718787 37.54580217039229 168.34351216387094
273.6722960978275 153.1350791463372 504.79328054689444
125.00921295802212 124.08077911225494 1214.3114441806006
272.5753918902698 370.97212689229843 502.28003583374596
46.8331795056474 166.21643261065626 959.2496027169217
367.1286524987967 109.94510855634208 236.93228501580614
47.067893384814056 425.78319373267715 1099.0316260569155
6.721953641494284 117.29134909335146 900.9021655918755
247.27888197329167 280.3862766979495 711.8073213636872
121.52871245544713 227.28991172160255 496.27993487672325
41.8459480283985 142.83040822100205 241.24995726594727
192.43952087702735 1255.9668485965676 252.8884742032771
50.85273812220552 40.08663102773703 1280.6937296835683
4.27818277360713 99.17993602283094 408.26181670055587
216.59642877405062 114.31182928827191 1108.6609691192086
118.10994157339276 71.427344541802 127.75035140875768
34.422147463860966 64.24137289049743 680.1609700495812
99.63003027957812 404.058849276685 1418.3786249637737
42.80031872629303 284.5199754538794 1150.69818152752
242.54356500832887 118.82049873362052 186.182960531467
177.343458262051 4.235018272840012 796.8944400908679
482.39486557646217 45.36112341012676 172.49571660500297
12.060985675597955 207.28072409001652 777.6936169472011
183.01599812800262 19.790572002113816 145.03843914669517
171.177989189633 57.59821835675925 1052.3629800549522
12.328662829066758 96.3795635910403 576.9554986967793
375.93102093267186 32.25988095465865 183.21315587831472
40.82880260958453 281.2412465543748 1175.2556390839968
61.735430994097804 124.1804513012821 212.77905794289143
81.44784265615822 60.39984333646712 944.2742022291667
174.42495366432945 328.6560161029142 264.0894115776143
32.794543971905235 101.4575305166784 1224.152526892548
216.5831580497028 327.7755319107687 745.5534695549406
401.4870410842167 70.43168358718653 125.64880518937255
36.02196652720591 67.91714501069544 1204.9898791962357
165.9778413931372 487.37310317210796 1361.8351552354568
220.33036916648499 853.5479427728058 598.6226527221746
62.85294739189597 136.96390857164604 345.6192864898924
377.24752756245687 476.8506138327316 970.6745661395591
193.92589645456837 15.774943737689984 60.44962734450704
305.6925251681274 41.50841549058573 302.3808943057338
136.73129150275778 141.5791626460863 719.1331959168867
86.07340829064998 34.611995161891414 1416.9638572859922
216.97598481828874 257.37775883479344 558.0365948793163
177.0407628777426 545.4357142818143 491.90430642941186
432.9017504690915 201.6098079326361 988.2039231999257
363.3973454582948 28.649339609027848 750.9554712302902
804.4910218023714 411.0329068873538 1330.2801865758624
18.778975014972506 11.470734814467146 1311.1146639533283
88.69452263020713 6.292802233352793 786.2135002963662
244.7606975105822 12.203212194594144 695.1456492627548
96.92466318752602 319.365861743914 412.10541882832194
271.6366814919774 176.56729744666686 693.61408054308
9.147164628680105 320.36371457540014 1304.6203430258915
872.0970764180787 147.00158768436845 1217.5857979088094
71.33716521127752 41.865910032677135 559.5253508891051
44.868541907630295 63.29525104049056 982.6291747896469
611.189695506822 20.956880440493165 1336.9531105480835
2.2756932218304153 164.79931903822924 94.8025329187403
23.365074340828002 104.51961736371325 1048.2764919485357
68.16086182048889 373.2626668803189 1461.2412367398827
101.40912930412043 253.33739664902203 172.5668819158907
14.410977217302031 462.7536939935543 1108.0242859117939
542.4499457544962 57.451126219196716 1244.7729244316095
796.8954043979285 166.5726047729691 1468.7463761984368
84.93295214912774 3.072153514977526 1114.0554071760735
51.16088514623856 73.29457732574886 440.8018899490563
183.7560810820937 157.4640274661642 338.97537073833666
9.285314304163117 106.91562908046497 416.18523124418664
241.10334567099042 42.530443608236524 1305.5972299551322
37.35933787316498 25.54589019906444 378.84852002606533
762.956424215062 998.4610542973373 432.5282995139141
385.0315825958135 130.8494243070756 859.7386973793052
3.4286427452498422 489.8802075862748 701.2479152836804
284.40937880121186 7.484330112760124 1314.9834810455582
383.058367847289 119.23478915838244 97.1249498705144
160.1775463233284 45.21726543128596 753.7821178844871
27.867633552841486 21.63141365497998 444.6821501623903
87.87556325094278 155.09788399398735 9.479397422120728
114.42022438388815 213.9733640865649 980.289266589969
20.55928106295758 0.6792314612240636 1224.7006477864709
8.165843722387505 41.066927831433595 1497.8847882590576
824.818998560652 16.261634527509276 1209.1833651501688
357.72302017411846 29.087892355792413 65.11954795707337
60.946968599569914 261.75021118763425 637.0924128828158
927.4578370737537 272.1900307209721 124.5936293042007
84.13593216873824 170.52598775228844 1180.1908490298003
20.886521811197426 96.81918374965234 1464.056324716606
132.6231176994111 177.4270993688152 172.73627731091773
47.45592304198413 121.95760507249278 618.4603307197781
396.66175367596566 24.27252787291265 1228.7245532377071
91.28509980858836 404.42635720675264 279.11995079988236
541.6328242053005 193.57070234222186 536.5854613682546
42.44670887692724 172.39062672162277 810.4196998181895
87.55956696877337 577.129159065077 727.2388591195675
7.473293751242329 14.790918679673268 1091.5448454370878
266.60182865728245 78.6954515513197 663.6391193611732
0.5730496247495189 158.04041352787888 742.2060346240587
69.6617313568575 187.62811320387553 1332.5316917727728
26.95436069579908 16.06001382728083 900.7482290631546
113.13073751829081 47.855291882600724 1461.7670453816618
529.190116757393 277.75660517350565 535.1864160813333
121.61977288898956 95.78722470790142 316.70417407890426
54.80713732518876 249.9506233074879 947.8494928735344
72.24802085540448 64.60174476942419 243.4487527414354
113.69134411371009 71.31823470695834 696.5490871247451
129.14462291473077 297.88325445982287 166.33875144976008
1.8760538976720313 83.755023579127 1041.3560703895287
176.25937745373955 102.50689621611264 756.1864390252221
524.0184309004659 394.5818818324457 623.1168520751613
245.72370915632914 37.927836478030805 1213.392459236379
95.85781161254701 530.5093485530707 1214.384150612356
256.6589214742264 75.32001177145602 86.37438959731558
14.743265649447487 58.376884527129825 879.7817452051676
91.44117155640673 52.761541636569945 226.44307251897357
12.50154238232237 607.237224075228 765.1464496643486
10.631323888361896 1.2824556539476213 1452.9834891864523
28.117865568713018 114.52612549840553 1474.7936680517666
546.2388451341361 148.71028882332854 981.0645832743886
570.2437818325023 361.5430836278931 1045.0786652838572
115.84956084922307 419.9498537188732 421.13190131654784
396.52376431297694 358.6365769352667 645.0353473693498
38.34722199863451 36.909188144492326 1428.8974351473412
114.9460839188621 110.24479801217193 359.6907746651268
0.8883254063829312 27.025075888140336 1406.1718011428145
212.8344557105216 174.20493393205845 195.3234527616049
42.06689034026485 148.43429694192835 938.1386612146994
173.38508063312136 197.84202663418446 650.5586989983591
264.45055146199235 311.7860374839751 176.4680079940485
66.771306569001 61.99919845158936 6.026571047641482
309.5734607620436 228.55655083235865 103.58241606897268
232.168696404718 231.4798092094407 144.74445753382835
26.263532257428917 61.76309550351239 1211.9855637579424
153.66881616148947 91.4656412678161 752.5924767563332
602.28399833324 199.89556057582078 640.796306045183
1271.4248340930585 174.61822878584277 417.9418719587992
139.09300238330934 12.592884154432829 1319.074569174396
161.6434136566866 20.174252884271503 1322.9470832637696
156.89894564217522 0.5741804128546053 272.29104113728647
141.48177176485117 578.6292273996626 134.46214277533676
24.577872923675272 42.40956684201905 1148.7626985094714
211.0326594258899 64.97053447096597 1031.9400214060643
138.5377215092357 153.39989424606856 736.7887863637308
34.09313246875388 756.7132224944093 1035.6617276755635
60.776894641651126 15.929774242014663 431.7620551670197
163.04898839067633 209.77319381655687 1319.942730404658
65.76226109878915 114.20145605337788 1458.0986295075613
266.92730483770805 81.35347474546674 1140.1006716363188
6.340863767405243 130.7020530636294 646.1114398033287
24.180948886828073 57.96287515942213 67.51808608901833
71.75753895460058 69.40971578564914 139.73200910995104
467.2891551306026 104.29689809336938 860.1095453127193
22.922676597131534 640.7866855267564 1256.5002739465592
1.154295794149163 126.29253274538354 1427.6512545055257
122.4308043817857 170.27440464572172 838.3845688417392
44.69767389021609 64.97350841762129 394.1946365171945
540.0553127259889 828.8453993988483 1442.2421942965768
124.51784722911479 1.01207262189634 371.88521983073036
326.41675935422234 333.8992703445575 683.3715007640207
37.03080903421204 780.966206964663 1249.9479217736196
84.60282352802486 26.96262428920028 136.72440552151716
125.27869529668494 9.601958149612758 470.3479848653925
103.35166552476203 603.6554899586581 825.8648651557833
592.4336988690083 227.5202891307544 1147.063735210915
274.66271717981425 551.891128496317 408.2509734261487
32.837966216100135 185.358465503327 715.6336403396829
51.77502802523318 55.42815786296062 907.6429006277531
75.85217137019 44.152162440023496 103.06276474079668
1064.5774531718266 2.1199524115113144 1295.87176663009
98.76987038489291 107.07506051443443 21.378978126337323
35.84559643249812 23.774359239919995 599.7685389283482
243.81894742760056 167.058843068732 595.5970752155431
9.696605406427366 54.23158084074306 1469.248860518805
246.3726498743776 32.21516228426671 1001.6729371627979
7.563235927453118 567.3037440133538 74.23851511475283
32.75896922061497 105.64027823451399 1087.1865305831145
357.6384391917368 35.21512301047231 351.22005912620887
77.07789818252152 469.7954967179899 335.1339611640434
399.2796285937951 434.98384175528446 1123.8265162319342
321.48755850241935 953.4968991700491 1250.817046165339
246.25564422310015 409.43668930403135 867.0450801839025
130.6034183595066 110.25801185679789 318.87234427071
127.58375679766161 78.96975476371003 702.6911249815814
175.4033137293772 623.3899186514047 1325.9534230565164
121.62757870838261 12.615349924294522 1162.6592474505192
147.49382918251828 102.13149341196637 1444.9506040166095
107.46365460738909 169.93534085796742 911.7354481159413
265.2349759095778 326.7350881063805 675.740227258925
301.28830850889744 99.01563978212042 688.6538113737007
107.61473352493101 75.03010711860179 389.1248001099338
358.4424070087531 391.17778614141787 901.3325575271548
208.31781534451176 363.5076211812747 538.7295768473656
277.76152564107616 19.652075686087702 774.7389154875312
88.66312682242288 1637.6065926444387 1072.3564726359366
51.59280831290952 117.06341186997018 627.8430806695502
180.01211079847826 132.82810778427313 632.1090039826928
1071.2764175687037 261.21936452890355 872.6719089943393
123.20912145182885 39.77304471465798 453.45706461451874
583.0788177027913 459.8663106992791 770.9288442041677
97.34436543809491 196.19299202338354 591.429405973735
7.834820236478349 233.1095211251757 264.8050128000329
702.0419035498674 367.63046122526066 772.6326176309656
28.01968795062779 627.6808757851173 166.6154334340965
26.724803291442257 177.1479910242315 1064.3199508012267
11.31613954455279 173.8398202141459 1125.1580283645408
8.865025557732405 261.9529168847622 90.79749502786477
212.16555679493356 53.29389035896538 56.986050130742484
12.418183302986858 77.65930413977075 843.0242523019917
210.0951423034745 77.00840117949929 58.24448537208576
162.17791403703822 124.41450183107683 1015.9850324575432
95.02655933990057 23.27095463501177 704.9620116846138
672.3724530385018 156.89943552355066 1081.288963082051
31.049218841690234 129.00780268742292 1352.7725269200369
95.34593333065476 25.041307456878148 848.4277373594084
276.06413175324997 159.0444307641719 500.0421900204212
75.15022072990033 153.71715236246666 113.35660170370204
27.072608643819944 73.81123320315284 197.69207269088574
56.28414279068574 299.8344205375548 628.6479476720781
44.687658583432416 85.60806268339482 1046.9919021424314
11.038957663090256 57.8816279823083 449.58214761247
190.5167455104962 38.674902288770184 1396.458091522764
160.84137581089902 96.2139305631887 654.514082794578
126.47486905321821 120.9888333284376 1142.4647628187836
18.11272506286401 26.075707147481413 571.5447275787193
337.62523124248173 71.92716899815632 1358.975285629654
316.36311383523747 18.44620574712551 250.99058533956924
46.89754911054073 1215.7870643191159 330.35654436190066
290.2763291455247 4.26023697444292 197.16300300907074
508.95574778133516 77.18543495610785 868.9352618281922
46.08068519901496 585.6420209145431 277.6535723869931
145.3836058291099 26.324128794419444 634.2231939199509
75.96327975872121 103.9886331265676 1193.4416847612158
15.366066387492436 310.37065584543774 1434.1562113899674
110.3365862017511 624.7629690321955 1495.2979098220485
125.12057948749738 47.533133926006016 357.256643380866
2.4954392574308906 266.68730425682577 282.4366363969687
459.19953055698704 157.40451068593458 968.3872235075206
316.09794294579217 238.5223952002963 1484.292779470964
463.1580333695936 36.832652122095 373.83079913507913
596.1097717972988 504.9025859490855 1231.438802292269
490.10236247612164 68.2680757202043 1230.6578309732122
650.145252631122 80.19275789647136 843.0004024113545
66.27557805493124 194.1430997772479 1187.6796897547317
5.979949223918495 53.89812810395899 378.10386760169007
120.56489008469843 161.31576114733954 284.9564465908624
42.32702227943907 99.46576933573616 218.0266074252895
23.524419720383847 141.19664412787668 767.2654764799888
276.1302885348393 84.80500840162902 233.0829107747221
33.1017514854115 266.97136619980705 1036.126236112061
199.78264617558605 61.31640604185931 292.09806731488834
43.59072122441036 318.07796054534595 1402.0717597716205
183.99635805400575 142.35831560520558 1044.6335825517785
19.23910621660269 391.3427106667647 870.2417399552604
137.31322891705597 63.312389279290905 1318.4440734610996
13.593515147674673 201.93967853910286 123.45217450462475
86.8782454113343 74.92117942977725 255.41418134933653
177.08479028004362 75.59667187777079 1431.867823880997
24.700430408966 193.9872009322453 705.3520852586942
63.816140122495725 433.85058292271896 345.5882258987686
168.31254104810589 14.495141382179863 577.7374138769612
100.13839061079783 317.56765232372453 946.5491895094644
68.561238587843 195.15290815483687 602.7838131445474
36.28996684513039 279.3792169897094 647.0070902166736
255.72862058147808 253.83703782711103 1383.4309052778037
125.7382362706055 35.64453010600829 715.4887102874596
83.43745716629094 25.942428058850002 1394.6993805987745
273.1361929741177 7.539433770138519 1197.2630768247932
