1000
135.371435996224 269.3741599392852 833.6603812790752
293.7921643801015 168.85154212150155 806.7169763956405
242.82989509216168 52.35123957629566 520.629702746863
16.120801975468467 285.8790356215324 974.9087043248333
0.5436867255385259 417.53448545830054 825.3139984739729
170.00766777636485 3.490911273750104 821.8020926498172
393.576274798584 29.446035494970957 935.2111888808805
182.4993755104294 11.5012113664233 1028.0603098105892
135.14640893580082 206.3581180639948 76.27769926794775
67.12981338862537 46.32986509984144 689.3705358295887
67.61540373671846 326.8030429295015 408.0315206954458
581.7400351510172 387.2411589881024 1187.6419928250455
82.53111395688786 470.92108232254856 924.210143729551
446.3919938804666 315.90880542413544 119.61113516414257
53.76408742660954 175.72227906448813 979.5132734102812
528.167105385621 145.03951605782532 413.47383657485153
56.98342045467402 59.053420213023934 736.3296444642851
73.88878357277655 1045.5954608658308 1390.8797232299441
58.71061660480756 456.78973320026967 509.8426927380962
905.3131742574518 88.61829279178008 24.819928596545417
3.3140065890609174 66.12656310412976 243.03021472480702
157.6536347392405 76.2703200894855 1339.143956699688
95.7602040554843 474.88212182222577 233.96325947382763
597.026999267738 33.894442584170086 882.5787228377113
89.1809457879095 3.0443042309076005 1296.8916915460502
290.41714457904 47.231599514017326 165.09269346194606
421.3566196954556 35.96700998189494 1177.3875022837003
115.64657263901034 68.67618065055767 1404.118668485897
268.1080434628122 323.68038510603776 1127.8121787651908
31.966654260064804 81.98793338330677 1315.240463579822
268.27907040378017 207.55150094970782 1187.4827883291023
59.71244464240243 117.99526834327236 870.5817804005209
1.1622746965798465 275.5768117871393 1198.645463122516
71.81428296287784 20.08858652789064 726.9454023701162
70.28546808732004 19.09825520355204 945.5119764071566
401.71078344543326 236.9717806262856 1090.4993335011502
279.8635413079208 375.53252741374 857.0194136002638
70.49463846652438 621.8682015329829 301.6038168160691
97.94206494920749 39.24835824996291 1400.981297593781
142.3221956563205 111.46038538592909 378.2753415726198
105.4861215402827 120.27006414483398 369.0390242381816
140.99372357836566 130.66182015686408 1097.3370839922309
34.41569252261488 119.20776045877565 125.52222023822989
678.1315366979167 36.89448626596616 1205.1000404068695
34.12327790730538 247.04925752714027 144.03627501196385
144.8440746825953 203.72413100504443 510.5308965295898
84.96975441368085 147.67963737533975 229.46508009692457
80.83423837990698 18.580233159553085 670.9762315561887
65.49534562882616 76.96800343774962 1328.7061603828458
203.91220209655944 62.608587353151826 1408.6516884264663
16.201122600801927 165.68285874187714 613.5039037229591
269.99800424080775 163.42715559686866 767.8910484455544
128.9826255988368 140.35772861180672 260.3575964331358
115.36181109595323 237.67392600562277 367.4243714459146
349.64049549780475 303.108629863807 758.1103120024961
561.6378768682583 91.10155214858547 1398.2699652665547
111.26902011408018 170.35679969463115 293.83226970383754
1.4498082547368132 8.550061786551042 1235.2968036192779
96.1669700918563 144.47773580200726 1282.9005427766974
111.88406209077392 76.87957520126298 1144.894276695842
73.73968354419786 31.165370300923783 1298.0642835227784
48.89166500007131 121.61550927538359 830.406574632544
58.72848793659535 282.9530300504973 1327.9004775453443
260.0773716828697 90.0259002139159 1386.2655438665906
24.289125747955634 221.11074234439187 344.90035682778233
141.35500246758127 229.46784853063252 246.50361653066977
190.6552942389099 364.1764129752967 906.6401603495818
332.3244542299642 532.2432040847683 790.7268437005504
73.54081658462522 84.53249449581773 892.0651732452699
193.22857277429614 176.32537718537182 1140.422130401959
405.0443465836723 84.9629616382331 170.95987744886898
316.09782350338435 201.49900417006208 1312.3382410065003
462.8674945342314 60.79655082433549 1159.9402484639659
469.61158115632446 157.7080582258029 941.5948508040804
60.33166876765653 609.456097687376 181.4517812203797
47.63642410081126 285.09479346961746 74.35183174707733
163.13097360205566 587.6483587279284 1137.2623006725335
19.497391616666764 80.81193244985785 749.3868183511134
499.53887307047705 98.9843941961038 833.3511969564772
317.7564470795907 133.17484646235792 1468.6977968909364
11.24472279925947 495.4181694564026 659.0319925926791
27.78140628742689 19.587029789597533 1363.0722224991532
256.5783588439107 487.2274010209221 1267.4669356658173
144.5063151139705 454.6860852334351 959.7753739190451
152.75474198851717 82.47488354921782 716.87689536292
42.90093785467553 515.9251649176946 1312.6458488589926
241.23741287383265 749.3311581825535 369.2852380312957
41.486632936152844 52.16679110676047 1461.9888541059097
251.28938845948826 56.80043588746522 572.163978221343
27.54197460534669 123.59009089178446 1409.5523928427708
217.56625570139096 407.0949895421895 139.4718619744369
517.1576290922089 67.7447057349658 144.3638930540358
116.82209556423675 422.8790248415636 515.4050367002011
73.05235441395995 4.30960286331674 691.6059146308659
62.19962047127806 29.431640079697935 968.255805128834
891.2371360479827 37.32737828131487 797.4340183085176
157.51264675191626 70.49280563652661 1188.2692833099643
1.8275074729268828 451.99987540344847 2.615713396015573
332.7730870109329 64.7633911636545 460.5453672745218
30.702608978795748 211.67428719534735 656.6236096322334
106.99196039413424 64.42437059131024 968.985211542715
171.1380694832266 255.34160667672575 414.8906131812911
509.6616866775875 8.161928188985481 820.9967601720933
151.08091500541641 108.54481808673431 1110.9740053392547
331.0549590623099 18.22417551311117 849.4072860986082
127.12561041009704 232.3558270864376 125.6762998969707
92.53098900850864 511.6714070520367 414.5360849955341
105.85711384626133 403.73366173841674 874.2513041684427
479.4941054060563 101.87451008930934 1191.5908138986572
409.6349428533968 3.512671269710891 1449.8572235993013
137.69416891680424 105.62636133598642 125.68846908545545
230.81382121596877 28.995046553330035 958.89006287849
123.44062597209593 114.5357698433141 147.54912873925568
189.5877351715957 31.148976767486015 469.29753137789555
147.67656196372266 273.5470925638642 333.45590713363566
243.46880764804104 17.506992099264913 502.32153365027335
54.05287319427219 69.43877201769658 174.56452363641762
191.30886788576885 35.08477649063909 526.7832945142725
681.0533394160966 86.85619011488592 558.8507490707823
171.90889740027785 36.02770481114925 1048.6855918798979
150.11631812071718 120.31265006185903 1096.576660988573
551.5593603455603 160.85404229227478 739.2143980748962
98.32168534171294 83.37889555220087 1194.5444512037857
193.17506497949816 99.28672998179745 1455.1400150183583
52.31022878213499 215.02471177640015 931.6353658197927
557.8249231081962 73.15723292768016 775.4351496191977
348.9255302693275 7.851619736079933 1219.9547383455329
43.61036843541487 138.3327198454068 1235.6530475055088
189.60240498725818 82.76782296729904 822.816409483926
9.868698626921777 299.8199357746103 1195.9386905285185
421.36942753906663 59.861845232073065 1463.7512766186662
40.9640595484204 141.00606324565953 404.92331891862125
66.12478373044385 103.81792526492555 1414.9829076531876
41.527271863407286 676.3715829725602 15.486593662475512
222.4844050535293 176.1157313099707 145.67385815540956
812.3981346895121 229.0348508392726 561.321327214992
31.11879808034807 72.96041456766818 687.7642487470899
140.35667749215634 115.5424836541839 636.914647543581
352.0714116881274 202.96091150043995 481.62150011366833
862.9760233160431 86.26175020366983 1367.8298812710998
192.947231055826 5.853636923139656 915.2057679027079
12.616455036800733 253.08909505748903 294.6319336781298
338.92983280173456 80.30248116658234 41.384519575275
248.71380199669915 97.28988623781615 559.2182242928471
223.0885946791502 50.042206604146536 603.2778399165272
240.5863451956038 238.0806531155582 1043.6115055807356
11.82936423560492 257.639051186346 54.53952326558548
525.0026873004305 127.63228072383066 570.4712682147214
52.59872543549518 109.8650325022349 715.3507519645108
59.03910656345352 177.60782864896973 123.72154142157437
51.890174459140596 29.043310601253857 184.36080617971322
38.54416079974633 244.7748030440147 1277.0029616053675
394.8615636650262 123.56696345344457 1203.2381907357283
170.79014610703712 220.79762946781213 1303.1220820949645
528.4458653388567 29.503408817457682 39.215958808386134
452.40998626424556 962.2516174665271 63.76070431601205
276.3798059057571 152.7634415592794 1233.8404362761235
108.06928707711035 22.237967001872896 508.23828138662066
87.87144619751895 228.6095441998286 976.7615705591987
246.76227627170334 58.1856307796184 120.2337484155106
103.07518600716166 298.253029677667 834.3140925900603
13.917822472920601 206.49607188514057 1223.644559494182
0.6076076629383498 1089.7826204497094 449.77485704140764
500.9445250763 66.25728893416648 100.75807684376386
65.84903247494276 234.04969140106508 992.7181317180015
218.38073634050863 38.62886675164041 819.9170945748176
93.69898246772262 278.50266096320297 585.0053203419159
834.8381984071514 181.309147741137 1015.1567638728966
84.43970065678522 23.818758983974657 996.86396240897
631.6576558922225 56.16593320328911 291.34855326625706
139.96175158850917 134.23143631252861 900.7131764087542
178.44344848245268 177.39966736695675 1285.4416598760288
162.44821980841414 138.15222098085366 1152.3400104624006
17.084795592164504 437.4710156422256 345.59194791953337
8.594952149657455 419.74461882060535 882.389963661278
209.97383057520474 178.85233442772957 758.3639353494297
131.803042574745 262.30900996345355 221.85440228136483
100.29598168772864 81.94027951362737 0.380686341420855
5.376229445661637 143.37746333450514 585.1940759428618
17.442742098113623 3.8138011495928428 178.91092735018583
398.28697870613985 276.0002669490345 1489.0627304721093
217.1988816696929 82.75402670533492 1233.3628615650368
208.4414322305704 912.9176536727334 1454.5305371881727
247.35375061157723 116.06077937052137 1281.741805957812
604.1914934993707 118.48937980022194 675.0225708279083
68.95679272381766 17.462070858157002 601.6619958091942
181.64508619000375 243.0790431189981 820.8379978252251
331.31658735357934 263.83370976478915 843.0213751991797
79.9131140961684 78.10847011118558 1303.9964421786783
18.35520510235925 133.69534318048352 84.68148492110161
95.33143487061156 408.02732299027514 1377.15337371851
146.54104746935894 55.844559981158156 59.63870955236694
31.378156439947052 262.1866782282157 1173.5704418000716
249.5719460889382 535.4443093320858 395.6821716878177
76.35130692500942 140.02501638954072 1125.428971960482
603.2655510974704 107.14179207548922 279.71500677219524
34.59778558738134 137.90091174354046 9.602329881256033
255.4744818543719 174.87508867530164 365.0755761104681
338.8816358918447 33.621279883386244 1361.4225237287894
148.5726446858995 16.486301076366917 690.7364816376585
250.5741536973205 102.72802181040018 1105.5063820061662
137.78402315454707 202.18966499009068 524.6988920977356
111.54665808172662 113.84998072881028 1340.6581349369997
151.28722953907433 9.83583059673074 189.65809253942783
372.37899633663045 6.494250043925311 413.57186444373065
278.11778224368555 157.51825786431243 319.5376703041372
365.44090090162973 256.2942043782115 1349.312685363057
577.9581771930972 37.07707336824305 1228.2050540222835
89.88110642612916 412.8597720776062 176.272766125974
421.64422777735336 392.99202560641334 249.17665401218392
433.47455104955156 106.40512853230987 924.9941041485818
40.61039312817669 583.4903816403428 217.09736823762222
320.6231665111567 1155.4213141717034 564.416398514614
23.097077603744843 194.3214684184119 612.4764498252264
31.02611830408796 147.13719060537844 581.6606146681761
451.27256808578807 468.0939277350225 1242.7433873843136
256.28747711401235 53.90409367514282 931.82512583296
506.71016679603315 284.38905114080154 784.9758125207794
68.475149194953 5.195596386010734 517.1146633809533
241.4665088577654 79.58520332078723 388.41798897945404
48.628203716561444 10.756394710666106 644.2504930704863
91.79315389892248 286.70646629814155 1439.6088933160638
206.47396039916435 51.70058643267661 1038.38395687739
106.47753613852953 697.2256566701785 675.2872471240498
55.81232116679524 320.8400972171797 1250.4078761857534
105.92916294671124 82.49201100074106 717.2053186227463
214.00641234622202 75.98716288672152 929.057063059054
160.7460726406025 42.76992686907871 726.4389274844492
128.59993632867406 453.4775574121865 491.04467200677476
46.40488485776922 259.9237943693355 592.8700072565064
542.3191183900717 2.473769185092341 238.53313774245595
148.48359790126432 193.6813527540834 774.380259643322
34.74610481347926 391.7740142843695 1486.532661099199
2.7142260485621654 179.59381254790802 911.0209312093995
53.23529167266366 96.43912081715584 1011.2188080061757
358.31448615219756 471.34774455003503 150.00922200066026
121.32435927538259 182.91508156217756 755.4310984198465
299.3709731738233 42.03399102094686 847.2593058730091
255.65996933370278 689.34349068241 43.45548631624402
62.61359991601033 9.923004382800606 970.1469643904821
277.7895472171124 51.93868568921034 1440.9805032246536
528.9547886831003 62.06093580245843 640.994145683572
490.2920680621615 59.02145950109138 55.98442167942564
84.24250801460389 164.81170862889937 948.1728243069097
327.53903094986356 89.4231089413081 431.5115230290234
72.66459025432746 127.72590739933554 156.6406617869051
621.5800669957878 385.7388382119099 468.03856580180764
284.66711589505746 0.9657044308254507 1315.8576329648815
212.12824641234937 22.661630499352682 707.5527400627459
10.354277054044704 348.7449235749179 424.7162785630036
388.79715636372856 14.323144760260517 660.5210970340327
242.34157645690638 420.02113206045306 1223.3392835720367
65.2877489776751 244.39862118709067 1008.686599988454
29.686962060527105 84.30874397654124 231.53446951317807
412.5400106354997 255.6483770687802 184.45101477087917
289.2370451363981 200.18141781886465 250.694557084357
468.33725651000793 260.3066821137108 453.37545521732585
244.08142964304943 345.7269894964953 1209.968814490586
1151.0500065690865 407.82363925138327 454.2993156802131
318.8817817258171 31.28152018438925 71.79154409195998
303.3168494530026 25.667758566886334 123.2778613351086
30.5013192345257 89.97939586343672 667.1654246547091
624.1299528429627 62.03653390382434 1368.0779963283574
106.96156754439312 11.743391044201495 229.4615797839416
3.4499673961699147 615.0411800003398 160.48913150361977
12.716360273076582 317.73441584699196 598.2980154257823
98.2856696149919 90.1638956134284 935.2988766337705
315.221640398731 144.08510733522573 431.3964819831276
482.08334874963725 114.05355515357468 400.6846055206857
471.7143422752655 397.64007377738346 540.0872564450882
34.163861128685284 825.407514731807 1148.6530361798145
760.3901745499531 205.48510877869535 1094.570964867617
352.86685142882226 462.9338653879355 1005.6250665804241
355.14962612842237 107.73731974294833 963.1195730879992
241.10109115756987 78.98961555248762 749.4726660880717
325.19014839063567 82.37614461335563 487.4779450527461
217.05726190215944 18.255607518016955 600.8813105079204
95.5505514875145 286.65906185713266 110.22741414365866
376.65276644429906 121.08268956166344 1216.74590244497
4.95513282623022 78.02489981919408 724.3995291052038
239.17263684824474 179.89231712754574 1067.679191911265
100.97743795525398 61.4166642842584 1050.2557892547268
15.873197987147641 355.8649342992306 829.8870915226169
156.9863943624311 413.9162419008462 1157.762016828438
243.6898577111312 177.38160215774238 793.2698672937845
98.45899071940994 18.006771982959954 1149.3360975395155
106.65174342769288 442.66417647567715 1388.9769473248023
36.9323479481664 163.17476946218943 238.03343562125028
100.98618862967994 2.560311853439787 351.98787740768506
107.0319380925947 51.5908491177274 262.3924900977753
200.227202124051 135.30025063499113 427.02179132017676
60.828043691399024 576.0338637662256 1490.5973323428834
197.24786362348019 68.18702567193262 496.886711380004
73.75883167917787 482.783127351234 1262.3879995668296
8.845677912198695 196.4321251215334 1204.695121383592
190.52373458250642 3.320780611268727 1171.0399834694383
157.57709408594084 133.62912746457135 625.7159402450583
127.78045392426006 10.407378814846624 740.2842481325627
355.8703971080974 31.185327069519573 571.3425069461003
290.1557867185698 250.5977869396455 1477.3827465837517
136.78768865901404 55.849839858633935 600.9934448619206
92.09171662414835 135.7006836968145 1199.375117894112
170.45583717838534 43.59312700715958 901.9862061972457
138.8059806106399 38.04395880360564 268.816633861345
349.933321335071 283.80281154902383 1017.8929753269765
30.737030433135082 338.5169157558821 1413.5948179136556
130.50257070970216 240.3809562019503 193.90317225320442
279.2395694937655 251.83335250828227 1004.4620701626916
884.2791151454097 132.11322939789142 1086.339408210267
288.1614071094054 347.96182690556344 225.2450566288296
95.99277043009916 394.08407142694153 1193.440100244575
145.62573560224592 686.161193155733 1355.9492079946049
144.69107004826154 457.56114958350526 1320.6948093870963
592.1209271232917 182.65928065249145 937.583903179935
66.28767907934558 0.028454505988834027 1062.9407529888435
119.94434433871407 484.4646536385437 1187.4527842037223
530.9149449035467 190.73043762084174 1287.43544667379
311.1903055933817 13.965671699474107 706.84143805891
41.962445981135396 227.83776890911182 551.9745664369024
683.6609432176531 5.955093973851464 309.4747167787621
97.97700348974502 68.8054226034521 586.1862148421313
111.13539763128213 64.62295881723243 1121.8218697922673
106.20703448783198 53.641082749223166 626.7103299465316
1137.650788549782 79.18451734331843 1124.1288274394753
187.10374437659075 307.18907510117435 1489.890505303868
467.3936868188215 23.596411173528466 788.4725055044175
79.02985831487696 282.2381433043065 661.6983644879122
131.17992438473698 98.85683851453832 271.4355757408405
60.86691574316371 163.7024022508643 1441.425889243499
40.24171181263708 58.44707091956375 261.80111801872926
823.2840802557835 103.4900226465464 825.7090836806858
3.4031308435647905 371.6162837161469 151.05587040429535
315.5514180398668 486.52524469631527 316.488782761529
68.60719259770343 390.51306640342546 96.9018761056002
279.8763515713949 102.76955614380488 1072.5342095258313
55.03615450048669 125.33400272071094 1311.256465956298
64.97514470880573 238.75761869589104 571.9664200192301
115.76102242681301 523.3184368762396 357.37199238186656
52.003728459733566 21.648312795072798 981.728926799777
157.23064952115837 68.1960425210286 632.6067162701272
202.39876178821987 137.23265935513479 210.2185045454371
92.16040683332518 85.76060245619236 125.9576035037086
221.7973724692666 196.0697748176425 672.7927922011161
103.15614461130549 98.44089267294096 275.9549449094976
66.01496050101238 21.005711263102004 638.3967735206871
184.8715236758243 5.147094818135311 318.8258139812434
112.8639075804735 41.82589565095906 1225.5640025351192
348.793019697474 108.68946203708441 582.4953210588826
16.1176183641235 26.29591022667418 237.69725423795342
343.6205906577578 98.3369651052814 513.1399374835164
383.2012619765626 58.93082356480427 1173.2112182495123
315.1326382209551 87.26849957035482 1117.6600645107872
79.11046638342137 9.829400622951058 1095.5082638465894
642.161392484141 445.96705217085565 1203.1826576689828
169.10618680444213 175.86782574102 154.57230227727808
80.12161035038675 701.5532042602538 1499.7788009009626
95.94623028028083 157.19100826351473 1305.980858954297
375.94396754663774 92.66520403394138 372.9377165115162
77.03280057367458 205.14502586661342 655.8643205320205
612.1165828413873 223.31842875429436 84.80109873248898
14.894083995704676 264.23035328150075 1069.3606688632585
27.112514696506544 424.2417130790361 35.16853793627117
237.88331230806529 223.61079990528947 1301.2274538919435
149.5155562291995 1227.3370081325872 1379.630925400143
359.8642752488205 116.64178851073379 695.4549355498548
3.388432498236191 130.99949343349533 160.83301606899803
609.0070577537025 99.57633748604529 1113.4528407123173
294.8903372585669 84.73994142695513 548.0761324194665
43.01604942529312 287.38398369164037 64.0889199100359
1068.893619731618 62.23309460946263 1268.536335106634
96.63284462793426 81.21053099547262 458.29677182377463
10.338511300157045 21.968763596303592 480.8058228693382
83.96387081660541 133.3744391065878 1353.2852227339897
2.9022244855896093 170.17243620619948 983.0965965783706
209.57686691129106 152.4324493184914 329.5891695214675
172.36013745516715 406.42270924836976 121.69161608910971
143.80257882582129 180.56764741907625 139.75716798220554
356.1689290485182 124.08939814822429 726.0006442224682
44.882035763227165 380.7905278753113 173.8561702849032
802.7295965666291 323.6769945171596 1091.3273297274038
373.35299550227654 61.943463683798285 853.7837049659606
27.546046959279956 61.83962236649773 233.104517165881
105.9866333368669 397.4688760587355 1022.8204207773691
466.86960190202285 38.45156990240618 794.7555734334871
47.882654149817306 199.07445039812598 306.14842510248036
108.16933506597685 176.47333166413964 1408.3845099732725
74.8784858202875 54.782227197223044 1218.3878280664073
165.1913615816231 158.08632125505991 1357.6113222649974
636.2618578260572 108.92867490638835 1346.2032662358115
145.30454516267991 7.543667434060142 391.0617932909101
35.98679806596435 4.426170299868925 4.558632017180875
651.7693854417261 28.698730058727502 664.7224537997639
1252.70009576987 72.68574533739093 1186.3398752159255
754.4434278414143 43.3760436689436 746.5845452421922
19.772950384244208 103.79785495988428 1478.0912990320062
423.506780481046 152.03303351817144 828.0170267695327
477.9016695425107 353.62175676627754 529.6092036519603
534.2474566204022 51.45976234618117 172.87984638865817
233.6765228014344 122.65565908747497 276.85985714496724
9.46063084789346 144.67234106102643 1299.286326877599
289.3450732588771 233.16634311020556 1289.8038582072502
973.0148053191335 385.70625516645845 824.317602032965
86.51217601470059 642.1391604506873 926.9351495874696
398.36938409409436 641.0574338724153 986.0092066995262
22.41326188241355 35.81200818836573 1399.576016441278
223.6101251212641 64.20918080511802 985.7124560000085
28.237955691875744 681.2540956745787 1250.9606161919805
62.9746200076935 69.16275812933054 1498.408080869413
254.25004024395616 146.15243539451367 572.479935192639
91.46998174348407 16.426864218298913 702.7397561900481
240.0702001455285 160.956283605475 1142.6500492042526
466.210227913999 199.9011981709532 893.2961160644351
231.85566816047375 218.4931023223904 803.6810851635641
50.76232874153429 70.8828876070771 91.24799795866939
452.8180762935054 96.95497652266745 615.4622688083205
330.8593121851753 274.43395211281074 466.5841205398668
143.2268624433658 29.303343637575757 238.74121253888342
617.4850189825679 311.6827004464847 1478.48195771141
88.91831993944838 71.30842975147418 934.1005813984348
351.41626142259906 1068.094807854939 27.76338900561631
236.461715569008 129.18352422778108 1060.9437482650994
56.43784453421268 98.2600016352093 1198.20138850221
441.11081275124013 42.93950713928423 389.7390515110376
42.122828897628025 157.83085962540758 632.0744268550748
311.6592982021115 40.68427377681251 301.8366032221818
63.09362044737497 418.87208858800244 1152.3418165160745
65.22884816166112 235.29370811923908 1075.5297573992877
139.40350450334012 308.79512998433796 12.835710108602072
11.798294672481406 1.9341414642372836 477.07887587770085
221.15639792934095 419.53584590027015 757.6119899827061
126.14752093100793 20.948035582838568 1167.2159849233046
19.54717860096567 464.1214552327137 1189.595646235094
21.70724346751955 399.7481449202609 257.6426809984013
21.34205330118312 284.16699739097345 440.7636166933771
16.54864298630818 163.56742228878173 696.8962924523181
165.3865367229201 8.481601041843584 471.96181256058253
176.0626315150796 500.7458734508532 751.7340388322956
59.99922897721246 67.16777335710816 1314.0026618001532
211.57770133676524 506.6765381282652 1361.4397002519938
26.35872316797399 66.4143473941709 1324.8849461352704
10.715500641153678 291.51760080881775 780.8897481216546
91.434115180594 7.316430958412297 219.21279658620634
0.173270321454096 69.845613184538 479.0207908129571
125.99750390014717 147.97293585360606 639.6712836962159
701.6216497470791 551.1734184301405 729.0593161052932
477.13268876579195 150.30000890958166 13.446059325968928
122.8592581792796 280.94375703326995 988.1651559907451
221.22689041007058 182.6257737263365 763.3260285300022
224.39657791208117 84.1278803111016 492.5378477575827
309.82327236019904 56.384485735347035 1473.5312662064641
605.412152960576 235.62034342066198 262.5128235925471
264.7562330833138 206.7343595032326 1440.932346126878
480.8510097573667 33.73335927869542 545.0392261524175
115.15649727328656 14.780939710736687 1186.5177941324196
121.27949773241053 7.487156249182399 155.23095552637943
133.6719178780094 31.729439218483797 788.9455158852456
457.83587806065975 96.85682304979034 138.88339751504185
598.9851290394365 8.634442353540175 483.32162190924527
15.391501623981105 28.077128896156804 598.6997890728674
141.44298093380036 271.3180171564641 980.7598699423987
115.23405857190305 711.3787895701975 678.1901313026776
180.95899038398792 14.279901262363055 1007.6449172725504
3.1237645543130546 322.57913814301287 965.0184631249134
280.6196797694388 171.73213847517715 228.09138346765522
289.8950445845315 143.62004847849553 368.18126723967066
334.26355915659786 49.51474027318072 1440.1198569354583
489.10946764937665 23.144971512520538 1104.882681153935
66.54161360348746 369.37210624168847 1360.3300645580196
117.79757084112904 1.6104473567605668 231.95581519614055
870.1283623882565 4.678450647653796 912.849374735956
30.012587811308013 182.2397918282419 1480.217843589807
54.4663541649628 32.78053267099845 1153.4245390073495
34.265692030192966 453.17102248828076 5.834723061658997
25.814025265636133 198.0239006287625 7.927957681940323
6.121317491939511 21.7953408791433 737.4229637792947
61.235675792732046 333.7379753483773 859.5514034140377
70.56817780236867 95.3792600414796 638.6326308283457
379.58656902807127 188.5080262818584 284.5381192977818
563.7097519295409 304.66036477403924 991.0326111274775
32.971191554048495 153.8128317316338 108.08250750568787
403.9405414680309 27.254760152938463 20.973756855534987
2.6170580756237087 63.840462390887524 213.9168087603492
149.08550921911737 188.95225476126 462.0544235716627
36.53689175598909 225.45298354388598 645.3475251497832
1.6594945955642124 29.405585907419894 325.5957525515675
97.2032423832462 27.526955728498372 467.9982680073007
485.91317269439094 113.30694688363545 556.087273241954
589.314037531365 2.045338944933179 976.943556279478
118.52665310085409 319.05294427494397 10.482444158614213
112.19504567810831 251.20893605605926 431.9293648235686
69.92061052477293 111.3501080612209 1277.5838349724686
273.59412308892615 237.6554648040135 1431.8690256460475
87.66652217639782 7.429302468019952 982.1986687585527
85.5451132486164 12.795148106437928 1485.7368911055644
271.45806134359816 336.0348124843459 360.88993016742995
32.13154442564282 3.188233231140667 1364.0323206121323
122.80918988075855 132.44582454248388 515.4975922023352
508.29682760660194 73.71315699699392 186.08548696880334
391.5857148635324 3.554946430443224 948.9675080606463
79.0657722403187 169.7609949427566 111.74180093789377
19.048369760783487 326.5229935370798 623.0887237509629
476.24142361258174 1719.7231411906348 1287.803623828536
140.31870768601954 93.03661665701614 947.4209654413507
634.5531605673756 193.93457444925227 769.6660928522142
73.74984421464939 12.628882786326123 918.1571509402819
169.74544022104206 159.67532052153456 1243.0917394217288
152.45007103001507 217.77314959606707 994.7626723072616
532.0981001245011 231.99244081769507 399.76407318230144
0.131179032684819 11.275858935684665 1468.828053043892
132.66812019352395 84.52543835405595 244.8982652149336
316.81038199110566 24.676648077868144 1320.0339044033378
498.45719417191737 67.45833972945783 375.47597973352674
464.6769405730531 124.4043406052592 195.89493903605148
60.224853122113174 798.1899639980412 711.0167846399519
47.4359993619677 14.879889190671921 1190.0367310091135
862.0398510740258 86.18082495555905 1180.9998091378213
327.83408719235337 61.98453907669972 993.4793127561541
184.1673011647016 14.331364601956603 366.18711537029697
137.569658210951 98.64859249642521 1464.7659397570847
64.98043376215371 8.97444753549648 780.0780831967578
44.915099727185705 3.090914551906111 119.2128923197588
248.0510581390143 0.7544755324974696 1496.6006083412879
657.4084678042941 60.17629540778624 665.2782450812266
684.8018020398109 157.64086504560973 626.8732168455917
1082.4261427153958 76.93829658308681 803.8670226852573
252.5677314945455 307.72989359929556 842.9067660967256
9.717427581488709 155.12522203552012 1010.1925560147799
30.394187918911253 226.52327206504577 1372.1505003124828
42.599939306836745 183.4919597086911 359.06847521576134
127.6613252889963 269.34355127654374 1287.9479287856882
143.57395200653502 7.677740199550886 71.46420420070126
94.96296697748964 25.417759192483597 289.44113090209464
29.42628187010486 215.55787832925444 455.3284007258462
31.11397418121865 112.53681221116483 1490.0075656583692
114.65157680430116 335.81017759139866 1498.0920130173245
95.23047166958627 150.88576848747402 19.57622304890949
217.44549059361225 1075.5467128209928 906.6038106131839
46.17242515163935 84.99911709135529 424.68547753629974
0.9648475095365215 60.54081178341089 1194.9220916203446
123.28538206564636 65.3703929779387 1250.5367684794012
121.73275482442799 173.92506974048928 1462.4892570725688
244.83892369039447 205.7775731957884 469.42176317086023
10.125545793175158 373.83359813184387 54.237270747887145
210.57663749725296 141.72997232979264 1378.0294742597303
211.47112483862256 59.922374926496445 1024.1107918203752
127.0933462572345 117.54155631898375 512.6892383555884
173.87255639887405 20.02427713991331 106.65232308795625
973.7943084786904 111.07551357524967 152.90236123377932
127.52389925719865 160.88778188329863 1371.5967556790806
68.2136591972317 84.74630668646088 1368.1422072659875
67.28356002518052 1.2451421033276342 158.50614196428737
218.00350297719672 533.2161107393791 1006.0764232243832
111.31511119699245 288.44949805446885 796.080038413046
63.434888885497834 300.70553054731784 998.8475269410421
202.668801382575 201.9249435943426 390.5540457120428
212.6388692979824 200.76960691678855 184.8857042277698
241.5098300036563 154.5886269877477 373.81955154390016
26.836725062499596 559.6394566790552 876.2221067949132
52.50184874214574 14.397559725645323 1323.586919168193
16.60614225694028 336.0820995487394 1120.6716818799869
207.49147508267632 457.47958579373426 433.14489171789995
466.8293342194889 215.74074064443954 1038.5797494405035
43.83972757607573 58.943511667178846 1057.0322691929487
461.5355451733006 837.9837540822109 1231.365212343137
217.46943316609446 137.39062682073555 32.81549711503828
671.1701986564979 442.38140469430857 54.43940327006796
62.724341883515955 185.93949919360819 1446.3534988435708
251.07759597736893 101.43918947599995 950.0106852541546
202.21319847255054 115.37204358743209 1487.1619447494445
731.0204257191378 147.2185162294769 150.3707981909742
168.92821889227102 203.70699555656807 604.0344560954711
252.29435426891965 112.29246058013409 89.42120437410806
105.42959623229578 67.94481331855768 1357.943525648941
525.052320657302 50.79919764127501 1388.0592450187792
133.8608414417665 202.60655133171252 391.0348549214653
386.4215801577546 593.5693651982444 338.48883323757065
143.24441332976156 276.71349024731956 1078.4832382828438
315.8120922219824 161.8125369950049 290.97793392251003
483.5763974633548 279.99833351466305 1135.2633568745189
258.0639123818015 45.643100397711144 935.9279703837293
98.31777546173241 1.1622149721980726 638.2981960535321
57.44731859941836 473.85837749498023 202.30166103052315
184.91331491082857 496.26168031250995 926.9117120464933
29.518849359906195 137.74954122225282 376.0546743918908
311.4395463635462 34.21279710813509 895.2174951082701
103.09497119504869 425.0289749194046 1329.84781071755
59.92256040643543 110.2031298927864 28.445279523723997
159.66140191127678 877.639393119569 766.9075033054644
2.7530342955329274 134.54422979003468 681.3022609028305
46.243281695440245 179.83188718072904 1346.1326334252126
579.0940377743011 490.84872993757995 1342.6176678824072
167.34985816896062 249.09440528551934 767.8783421745188
148.851821258846 914.520640844073 392.4775858492558
418.85688771317496 304.95590979172175 5.23451537805808
22.77754891076094 400.05447114854354 1475.5135737016262
57.086556628194174 147.95945658147102 1150.8299857328773
406.14557683830395 97.00661874031418 95.46838176698019
15.17768543206744 95.53939258146997 1003.4365734288407
61.371563839412836 142.66488163411296 237.3985226038779
58.16174955431681 17.20414765109813 536.1832030688438
42.06697444362636 141.05681611540854 978.522804171572
679.3655783374193 126.91267310281582 494.8551305265606
28.880549080425823 12.045852020029868 840.7194846892827
170.22203673743005 63.172894176755236 838.618103726493
178.5401200109747 109.60113637322499 1482.2263447694852
25.77413049177585 182.8920139424836 454.4605232342947
19.050318347992533 5.229912817975614 629.630659401702
453.515896426777 45.206977180358834 331.5801276916742
3.3050582518502756 159.39248120634903 1490.7067972187506
182.35353797671758 124.1158250572493 1429.8410007523548
470.4246194334188 89.98277679146373 1244.1084563105696
569.8597928453777 274.36536922187906 966.2122725852922
398.1336005859872 163.38205437408942 779.2208000385725
368.5057063607843 624.904372576421 25.193230302136104
84.09622221803257 254.41096159747408 957.6056561277318
229.44875972412672 82.41273351581202 29.350400089416695
164.76764069354363 176.03588045457465 205.53370783452928
114.98688293204553 32.37985434453578 85.38874653937955
470.1388785023406 17.841757703566717 257.2500568183708
16.602305960633455 536.6458505256813 1402.2600578079964
118.5042914530388 421.982400282646 887.8106586278661
145.22797145960314 348.1889613942604 800.0979975601091
33.56129873263093 175.91833273799804 815.3612121788333
95.84010865408192 245.69279540065122 1399.528161352383
548.9342159796284 478.76948794108654 800.6515900154523
229.9807961771294 75.48704464427331 615.4738921641143
452.5154682655819 38.4350041812403 687.5394188293251
305.01918789983165 176.91218226208517 338.3036127798567
311.0378012139807 13.641144709663832 820.0863553368059
130.49806777116578 56.21820420699881 606.4656911382939
254.008016014348 143.64646376153712 357.8197496033971
676.3254148142672 244.89617701607412 726.6091538269853
97.90057617069495 26.01510258035546 546.1032316297906
247.43016472768838 294.0818264527087 494.5708250295463
225.27334734300948 102.73555205648054 291.53420907254156
280.041242293189 11.1886671025128 854.9831165438046
77.2416146284415 43.92751000496429 456.8270521309105
220.59404286887508 31.80051276023982 1449.924506354118
26.38355151563776 144.62641780929775 1266.9344583085838
31.18683632412002 72.23085718671648 515.1266936331904
526.8297070173937 22.802084646097253 300.92945670978503
130.47656625932086 223.89640398461398 211.68931259546181
191.20605382519787 37.42630908102206 1490.388981928789
43.68007052759392 819.0759951809677 1052.9125554875907
128.16530779033656 152.43696229101224 130.99047927356168
138.92114233034263 543.823199130848 844.5247353563068
82.13384750654915 89.96191506578577 1212.9312241456216
363.29666483984096 39.231618644515194 1294.3921734430453
105.18964286610348 66.31877015177933 256.1385404907676
181.69343816233757 109.42120799373667 769.7301523746229
58.85100090099371 43.57557247199064 1179.0446389099
218.82717734683322 135.47300216639945 831.431499224639
177.75588366906953 93.79629445356554 259.6107379383307
163.38093982880835 106.52500710355525 226.88132827929908
220.80323636452502 80.05931930233405 843.6083672207504
99.32996818629142 43.39366817272251 541.3741288693094
34.37228254930554 138.1046983988363 492.13343799966975
428.0452690040854 167.01784348526368 1109.829033556975
27.02114755471719 694.5599365268373 148.2027197077695
848.5926150858678 138.75694025182372 338.89677597247635
53.90787502139898 475.7370979796507 1059.1439108053398
113.63861136203899 108.92610242916538 933.8574521632511
364.7896224128655 321.27225546829396 257.6044260619156
73.85518128635823 205.54685515272172 1225.4941218717934
83.57483044938057 33.898038348325564 1203.3458649051977
517.8273636270463 354.94632486245456 1120.0440217418059
69.60387409953981 7.587740173043188 145.3237403892423
2.0045795222907574 45.890615490650674 32.016439899834936
30.646095609077634 75.28185551006116 1142.2984995473644
550.0301377215865 580.9551506766113 1376.3337965786018
16.628333897010062 183.5697205530188 1421.8877746556257
148.20593607605193 95.65644207053673 150.46020133146814
156.93702638728234 290.9609646411484 741.9637323890651
1.2920988418715809 364.17377572863813 1243.5928697016047
199.33196344337654 32.96284951313233 1413.213819308001
161.80437070597728 16.80035099149802 930.1770789039161
51.95725683462844 258.08605184476676 293.4531904407303
41.29109538378049 2.213942741691049 955.0074582092232
193.4955574588152 257.641318773784 519.7873552432685
282.8169320845416 81.62796721203081 568.1558434740637
8.74489104508824 249.30507805008105 120.37314686372812
30.66862202774738 107.98417425000635 496.01267657057343
125.13173323488172 69.25013034521513 141.47156521429787
429.12913302224746 417.64854666516715 718.5275721103703
14.748103629381315 187.72008096818084 1004.3942625420224
439.74111937252076 175.07870951777264 555.4086106003679
343.7594397046162 109.51605454230273 282.5571646291382
13.997800136451685 141.99433079185908 849.5347100036533
520.8205610303191 236.36479762098327 506.6147754878417
257.58838788288347 151.07890275701848 1048.937701926154
142.73238604763355 132.77917725535275 853.0715327001694
284.5582203567825 12.301964024002121 1324.8795555324698
6.913556467704182 6.72477562826831 1052.1467400281379
70.1997508126588 101.3378184417802 195.69257561915316
132.22605861312772 198.7120617678431 200.39992442995802
559.0902268449144 21.98633281899581 399.31983785762844
148.74703070207633 0.23674318158746466 347.5206722033573
98.13085678349537 528.7432290206375 1028.9854154939426
413.09124105081054 63.836090983438595 676.2652072852915
32.240902288863694 331.7351350956956 906.010541708224
106.1084120479558 32.28454656925493 13.575057785901068
489.75258580409655 90.37942974676756 669.0205875841622
399.67931955305727 157.19768522100765 1272.8733546384553
271.3288088101677 232.37740520303169 500.84530989443635
15.835704069281576 75.29272062691848 291.9962152932681
10.477002381001107 365.8843604670732 627.393368232138
17.370655016369636 599.553065668131 837.5537510701968
206.95007092267653 57.439917793168995 429.527648394174
416.1632348689501 108.48250835283939 832.6751464880882
139.72787640462911 100.74560601273733 1421.3620263158477
142.5299502624161 218.26712440442773 210.0977819542939
4.6376206977520456 42.15306691803624 1077.7401783782516
214.74546373783022 408.06727012450403 31.311222872982324
16.41690120927862 453.29873751606965 1101.5943372612537
281.9622454649209 140.97956550887417 305.7617070950365
31.103364208307244 163.48168199806074 544.1495853530321
186.9228735645946 110.94784386417224 881.463125678908
514.2720594510087 113.01170526493623 489.2737790790754
346.6398496670904 147.31135872128976 303.27528767439287
8.666105922291651 44.16943922304449 584.9912014377043
458.4373995742265 100.90170186798476 127.63950128823947
15.409617403582972 116.27435209619861 388.1984613569549
103.1625744958807 339.9034038103044 615.5914425403133
45.29232928835709 141.34854936758956 1322.9048604139114
211.40283641212463 139.75753920737915 1147.5537483048631
9.258054150374393 529.1877106856643 1341.787228758519
182.4874782851568 28.245665401693838 776.3183615544141
52.206814957139024 129.51550960497192 1028.2731278909578
55.84523507065073 107.42873205874 1083.944629976092
74.89401247186774 169.71113118045434 1216.2605010031748
157.245544173435 66.7893565510514 780.8136529395382
1022.442187149727 296.2341163353532 1159.542406627401
159.19858670680594 84.22489460980381 1408.1050461435188
9.75409141083784 80.52273595903984 553.1885872747218
102.76706251537402 455.6082066112145 978.507885284078
35.92827892169241 304.01528754443 370.0889470716863
64.64510633841998 293.08828167116985 407.77781012057864
64.4582421260489 25.40072146502451 118.15277685055031
285.19159224344327 50.33595426819468 527.1624560446078
54.64957739992728 764.196550418545 178.4999682148811
73.68710327066196 572.9330975302128 701.2117279856932
410.9421432921746 61.52846356973238 203.37474540310586
200.05243755627592 188.46765530626803 196.80669754183893
195.65776663758945 60.932372800981774 53.121553559160596
214.83955112262439 297.19111847475807 948.7385455851185
456.35789307925114 560.0793342858625 636.1537877422312
105.1268989075612 333.61175148754296 1031.142491673296
47.09102933967289 321.9325307895811 1187.5962240389342
1253.9094686071332 98.78343807568322 259.6086061440531
101.26000578797914 26.371795200113347 1049.8342957899888
589.0963189419149 214.15444088969656 705.6942714721839
187.9716508244037 785.7550303964138 797.8662023353065
26.270853716468316 19.300726188306342 1222.6661550324427
104.91402432901806 42.69904967962241 1209.8964746311003
137.91434343965224 376.7092702859541 683.0833295061042
212.34974916294354 578.571107232281 246.8496704705667
387.28217220094757 115.89440103098947 1035.113822043264
205.4848538688122 24.37964172267263 923.808049344647
113.00562005393031 51.311756611384986 308.77299032536007
485.73215125296383 219.87538339469208 752.2612368399105
445.294623659433 87.89414695369425 366.24790547133415
104.19626127258104 106.89251969422541 1129.7322440080898
497.0822031015418 466.87712392715923 314.6094275700528
95.20476011038733 677.4965192048271 890.3734545779992
131.54526193980735 113.83183245342418 642.1744080895128
137.5778880163266 29.89860113143838 1347.9454175173696
125.48453365887062 186.88624872740857 1429.8557829517013
116.40130383919534 92.70165043757204 903.1814028849004
48.73781926046437 385.73974392434275 1299.2212989086233
116.56354409567511 182.90495046684578 1398.2732758660395
174.6269817429873 107.67300820322059 147.79581121091329
761.4015779319775 46.89843944801882 1042.498511213018
174.18877737766226 2.6306507347779213 905.4302424955227
320.5448908934927 100.05017665961739 977.5549225863101
422.14390527091945 118.74922499684928 45.6242376669781
472.5406983917553 7.947576721176153 912.2435886327033
149.78161043917012 101.81048275496359 10.359409255802198
31.275809272746773 51.23044707804429 973.9410267032961
174.43524457293375 281.18600463198027 1031.6640330355845
170.85346945865592 54.701687317928794 737.5181186549596
777.1244828208439 65.51028897140402 1355.585251696999
86.19689939612594 22.96589583323798 1075.914599602175
70.95375614743435 192.00583371618697 1146.5921588806675
149.50674197360604 82.09402250391322 1451.7316618859309
11.627069318632703 64.68534883760975 950.616521016258
247.23510064569197 273.3641017927205 581.0329575959813
33.51063484280459 78.79993341275464 681.2963964523127
31.547483902244906 173.8623413006265 1476.5581792940952
78.14621810596717 64.1936492798013 126.35554948925021
153.4004293025594 57.493265977082274 1330.5748624137937
148.50657530626324 351.2152595571713 330.2147906234221
95.87588614102727 241.29886714842007 89.12199946021454
276.9537569452178 134.71274868394264 222.01457774306073
524.8487397353896 313.13108625790005 1355.8653487735364
77.96320067335206 464.4377062200191 693.0929858093014
138.8520224405793 120.5147080448699 1469.629457763355
80.65051938121007 125.73650109652014 91.54588306124218
67.99685770094828 563.8436536494212 1216.7441371783439
25.65271216979389 68.47423966838075 1210.420412180605
171.47456165488518 359.86230394766636 1025.3045047457806
8.051872651876579 276.5468960873293 1185.0777015264491
58.513086123093686 2.137950833674993 115.82033304541045
50.655918224464834 220.67181721188555 785.6065385536098
5.618173480082053 726.6204837487371 288.0485284003223
767.4822057981769 10.723844110598899 1341.3798237627736
42.82750591048794 75.464173655352 821.989322851405
44.6643160455486 23.549348446700012 612.1086177976141
46.06166340898461 70.58215575375652 1382.7334534299937
400.3461384832903 0.9151316647130443 1331.006568317368
186.91466521215187 44.67511566249727 1054.2730873674948
1.9651333088702965 28.55892972788515 1176.6736894280402
47.45288625833154 31.768994481522906 333.5193646201172
126.40437379831467 415.55119108302955 540.9010813142161
109.6345242173613 771.8111181107413 1375.5259644366367
126.66710664113656 346.9077013854362 1289.0735537292928
318.7257636553816 276.9602267303343 547.3353600063494
56.36274722618238 96.79761844709233 352.8953138310717
19.680265888991183 67.36197921707974 1186.3847661905447
64.44073265555124 394.74432949389893 686.4760532284778
328.08423475268876 189.80133367414336 74.19289891708797
1222.9749073927112 563.1740391293154 997.0708582624817
81.02134758347668 265.5005709737845 936.0488816801733
293.4857664431514 208.4631494090254 639.8585941417517
25.83446898021232 362.421446744966 1203.574184445349
88.38101373872249 127.73192642085966 153.56454772391808
28.293158563287445 20.102305311608486 202.54739881494882
24.38917588620336 19.239281637416713 803.2402367601262
355.5234485705497 56.73253640926499 18.328846372105133
107.47468884048894 59.90173305601548 256.3355852243173
571.7117692362208 1.3042370294681074 1400.8332188849674
173.8057341278311 852.0653549178276 324.0286401218639
85.54158498427805 12.131473307389713 660.5527545535583
196.54010019685347 20.415853757840324 379.4007471954737
477.68155599360244 116.6838319437979 751.6694750524368
28.956726588282116 676.1489390144189 1128.5856320278688
272.93942666677106 40.50737207144757 666.1021374967687
591.369159360524 298.5416341109569 938.3643872245898
124.41649677597024 5.409267825125826 789.7947669022138
290.11401916977525 510.65391465833716 583.3062096193406
94.82513585352228 52.770395012830775 560.9029588684305
109.22947123258469 47.66060742736678 1144.5946300897006
44.97040062409973 4.189433698035913 1194.9440569441388
25.300253198431395 253.19876654498884 1186.7335270387366
118.77979683075495 39.30359289008063 1355.3502188281886
104.57758118842435 422.6249002076241 121.60573630575932
211.42711759107397 12.47467525323129 1052.8811897994237
106.06254160230128 49.04627829712 1097.508653683813
50.49032781834249 169.95037721788572 1160.4966220462481
217.97551698728182 305.29336597854524 782.7452516339888
152.41903057019368 212.25146044412585 1448.4037000227602
162.16436512672666 85.34586542726441 693.3771300277344
45.14958877915779 244.1634422140093 1412.9683552226809
319.55110396481666 74.59299746908378 1186.3867726712224
197.90060745177584 23.21430762097054 1019.7787545089869
95.50894972950148 13.067440708141373 1282.8981689422874
30.43956738421787 6.057956940723709 734.744530133727
102.81002303220089 44.96554099098527 784.3824797851936
24.706495285477185 14.571787851761378 947.3447864500064
181.4413725113164 23.88243883849503 290.61168117098964
60.27256463665462 554.4773721510916 1415.3820534405122
178.14535982735038 77.67063395377538 1372.2639679277647
157.53823515520068 403.2927477936921 165.30189985004924
26.896102939673742 288.99247426444936 1248.9927282505055
410.7230305109182 228.82105171039973 428.8110762264889
259.724122694409 67.58863240554372 1364.0797307113269
32.28780287375165 77.83856710379102 1430.1372317973191
82.27215545274657 288.56439868322195 111.4430080210056
96.05321702302996 174.19310300616482 1275.6942362300683
370.33673553566126 45.5304542258701 17.98951755684103
7.459412532966363 321.65838573629253 1372.4913984452667
25.454214831600446 110.119508422032 208.2317372045523
11.818004179514192 393.5492412027014 966.6124775989762
231.67037780574603 73.36053430330143 1290.402144123349
224.44523009135372 748.6148540753659 1086.7421516829158
22.06548905306 33.5342409349374 1092.518655767105
41.464973819755464 257.85253154609353 318.5675769127793
196.5940974967143 144.13962533865256 139.58721758584363
143.38461919714277 4.4995388450537765 690.3687210377952
156.71622824755397 781.4745950724059 1286.1830701831273
10.445268370384092 58.61540301600954 1455.8413820285336
107.53583197927219 208.51568319565587 579.9121724816807
94.9284656546279 66.01961413688137 1253.523598385823
240.2928913460879 460.9568319979994 93.83879081005159
346.1843902223065 130.68485657338178 900.7865027847668
3.730399299355211 198.9874445738454 341.4371706482246
248.7585932127632 141.71617392120316 862.938101288016
151.67623990753793 250.94938589536082 1465.7066419832584
193.4349628852882 2.261035393553184 325.9323691965081
144.69822459311976 116.00184807011887 145.62591929418238
113.69094448452124 32.359886626774035 938.744562239862
148.15503484080782 717.9930219116202 677.8616207455433
445.49286038247715 4.7483431392556605 458.8643879332066
193.40193618301296 22.884864521518963 1349.2971176349579
8.951974638337838 54.39854660141312 1152.2779369973737
9.192417069882818 1016.0124368775756 208.11454655073786
245.47990916972262 121.00990571523707 267.91898587499844
81.85260584126793 179.65565631386986 794.4429936988
166.96298176026224 66.13796408749721 1412.7620560586631
602.4890189608083 212.7279731224403 704.0394684707566
330.758416132997 897.4988098927143 516.211816284032
45.32968455351093 54.18400938250095 292.3807361826397
109.9848245381614 125.30621445948611 835.5798581815721
289.0152581885995 12.971346181013951 1293.2143874991623
11.530501711773562 423.92151445590434 738.568195655695
733.7610891340233 324.1811816968919 388.34641405568453
71.59144953155972 413.7642231098731 610.8316201027853
29.479505844494103 164.71870678221094 620.5037445647453
758.8282357815889 113.69808653448735 563.9554205580212
379.80118913481573 98.14025981687855 604.4003308055879
71.52154393079277 7.379183240107216 199.37045798595514
23.815018555382355 541.307398562373 1087.0494150825552
256.7273992733232 97.37193570774542 1458.438306592056
88.49254475777045 716.9884004140222 704.8279816871665
490.12254802139523 106.61478453449999 106.67449395037404
707.5161092737167 399.33026947771634 1333.6322018066508
146.74331787205338 114.13076216318771 1148.8940911284062
43.42377120974062 24.858965752286426 359.48745191621566
23.761957786456655 143.39558853128347 1048.803919695824
612.462384025169 253.12723988039326 1108.5491238000282
198.08076851940595 249.59382622171967 1026.2758431694278
205.87319004176615 115.02720699285749 430.6547849958766
249.14852952722094 343.3679073382167 585.4993333751449
261.80828921593377 94.07707127118897 1321.8778677371276
398.39695093029815 100.91544110089312 941.6463441173253
162.28530764370404 1053.6834264271647 187.67717436359115
146.71274973627607 30.19600912459176 914.7341324650167
92.13688468282317 211.4236426597295 625.816713712002
384.0204748463222 39.18224615419603 1485.5723184914934
2.9415432176930776 219.0282615252858 853.1362764354052
129.99331486033998 558.8488246246554 1180.5624362709502
15.730949846892983 71.34651408121294 483.3255695326243
76.53118718478204 38.424679332697224 1000.5847605482071
177.5955274210353 48.1144227129252 569.9525151280682
95.14481305615506 433.70630095701836 790.9212391352855
357.9313445190502 149.40877789343574 585.2786378836505
69.4019490763482 144.33602631974142 690.0388314125153
504.0219250216072 218.83891043882483 1095.9465547975874
542.6879602718355 8.141427407352191 1020.4144199381228
213.29162380354654 280.11539937231095 30.980030437676664
48.40318730631024 174.42873724513584 1107.4640832461207
1178.204949653987 3.7876720871611416 341.72341772146666
672.4812679771642 81.51000767121388 426.196483669973
358.42961298802686 89.23108462851273 248.61529364394553
73.66573641374652 142.16002269851947 788.4958742716606
85.31275081823844 35.61646581808879 998.0848566865666
401.97989278290544 1.0232896594581828 516.7448938085512
115.02460908203902 74.58976304971435 161.23755232862575
187.02450450506905 136.77126566394412 97.42027640244916
91.28258328529513 14.851218184391499 157.83036441106813
395.03818404851785 405.59500152528676 671.4411533811553
11.327155679904447 11.080295819195173 784.1433611205855
219.5306880530989 359.7004095968241 465.5066011915644
187.10833483542828 79.31491421775328 1487.860625043027
301.4847774154517 0.12008971268359929 1409.6441112048976
240.74329843150534 231.6725937481454 852.8732346131504
189.2548201829302 37.08497351047816 523.0841982834919
120.18809298466199 28.393418409868886 849.9729059092507
215.34153748337442 400.3626763589913 1282.6151994014
45.42407571656819 35.734931248202436 457.0255951172371
79.66899206150995 62.06234928017087 1293.7472313573362
120.63629327000662 115.86538091116891 1376.1788738202322
551.0149613139354 1022.4591675075777 409.8489773106534
261.46045837231793 398.42771130416924 1488.2160510038634
110.6377445309216 50.759300707267904 1224.482836474284
353.0909143448124 539.6517205713632 1184.186834224484
156.45351969893568 125.72172749828418 842.1921353186895
81.16557234222437 44.20546156955628 1343.005184697728
182.33403774711715 117.00242865432983 744.7231713511931
49.872659981539734 1322.3170203666084 100.84801878008093
42.22288994083282 309.7243388484759 82.8527796423818
190.23321024105456 1001.1976658073742 714.6601306671748
14.821562669077803 457.6102069788635 474.91272801099683
256.7979916053556 77.09992932645939 849.3006480670066
593.8269084192367 92.13378914448623 185.40812233984693
1.307859619032935 166.02283048393716 1218.0037546653252
98.65102433543127 542.0930204701543 762.1366266010982
3.3184961306760927 243.88381341577167 131.3447728030674
0.720768931421564 1016.3250920878163 578.9457320599929
249.25544507507195 103.01583281896136 1214.5695977341227
516.5189122189142 498.38019505686543 1474.7983646681243
41.61298052978492 39.915268045095154 1440.3317621214883
133.23215176835382 572.316526758151 1025.826803729173
459.758569871912 348.8095013935164 635.3192870261503
6.775451755635305 69.80446630314341 1110.3696925070074
421.9804710715425 68.893210898971 307.39059284857393
604.2948793817009 214.7926508558446 201.76892235537787
139.14878616473152 141.27375467747027 150.72510241085567
312.19977558456884 165.84233079303073 246.65193839303672
1.9598197432672295 304.66094688236103 986.0730385867874
68.94697511890614 22.796450932758447 32.92547015040132
84.63776799906553 314.5208531972178 1161.4254245992527
99.39204371417152 136.2516770202178 982.8728048259943
0.7799568419293467 133.09120582163715 395.73256644652
110.52142526286066 162.7888887454994 1383.112265572338
869.6350190907629 38.46369079456422 270.4936565522912
100.40421439730262 14.3121949627816 628.8090699657746
942.9504383346821 120.35816041779913 424.29182709579834
73.396382198684 84.4332485831582 63.475309282716275
9.367480847109553 101.82907403232362 1292.337351600274
440.636865608064 193.18007069464954 1248.806262092566
