1000
217.58693202906508 220.66543962985762 1224.8888107860778
158.87691386461458 305.91292264494956 1204.20729243931
476.8060513001121 625.7892147789446 1030.6275552058116
12.73748657360742 118.90457284604511 668.089993096272
628.5681082916406 250.29091783249265 802.3342126149216
38.901736497857684 82.86659729579824 257.5087488252316
305.3553372587489 288.0215352772787 1359.9887385875172
207.54931698052093 203.99886304071632 842.3604621182144
1501.6741166872073 131.9002810859324 848.2642914912869
111.27975014775477 18.24228581689073 1226.002892111833
220.11247470494948 207.0036156388332 1394.8924467929155
439.60858016341706 21.68745558392767 456.318345929391
357.7201461931969 474.3261910757203 105.10909804110008
106.77611695339462 37.896403844345144 514.5677075246427
164.42350020509662 457.2726215131588 1284.2720721505784
16.82178772289341 17.54303656768582 1026.287585471262
436.33065932075573 581.4064339189537 943.1257864104541
305.2911794220308 335.2877295608129 1435.4586741631038
28.14058625561345 78.82153938732395 770.2374390456692
194.4550503632448 86.46095332466271 371.11647654770644
302.9557030411647 97.94303190377326 66.19814462259782
9.300952568387364 22.705972890497897 24.410977910977405
276.7629720484415 858.206191305184 736.7607923455167
436.3312815052121 16.845845018546523 129.25534409506255
86.8616625210474 60.621165047047974 423.6491947749818
432.41393062488953 882.0618330671767 859.5047530645692
404.4104780170856 736.7816188104093 899.2138761586926
149.16976218005564 203.10904058557665 645.1397936073791
152.54854802152767 75.7424756792903 427.27015926681844
458.2457587926828 12.25780716709451 1400.5229552811556
558.0332358845654 277.84964894950235 90.26804949573258
13.614844521473563 133.2184914887475 202.6990973411948
12.883548481057355 60.95183143890125 595.9907825784876
266.0142907238856 0.7104971314173134 345.0776304081043
570.1563666691725 525.0344442736798 419.3110057607297
385.0016953990077 986.6127125860875 64.32696835042972
187.80326961604493 244.38920095698364 1233.1964659825953
279.7243308017691 18.649200351810066 918.941697498583
172.87120774837595 70.8004435619363 143.01264990570084
152.8000587267846 267.4635884453414 1279.4973168049482
146.12708803929345 16.586775433008977 32.07650856610383
33.04441752141888 74.94596923439238 757.8928723710669
108.91430468734463 39.14499963283646 386.1161309648678
411.51842860745546 255.40223440424725 1010.326687256294
118.3765782472664 123.3985139296104 185.6200692268709
220.57321291941204 7.2547980554819675 137.1243952389135
102.9715571422488 95.73147911398874 1058.4102410656624
198.8898576052949 240.8880485627818 1230.240063335163
182.59893229805476 733.5982243074943 1179.1824265915473
49.16773571786482 101.2977417620848 1443.4470863629404
191.08502708818304 2.3100049407014613 1059.9896466400505
337.1643577574268 393.42592599554945 469.4093689962564
552.4924285880692 277.21154605570945 717.6745878117263
283.477184863136 944.2188908736306 882.5207393459777
209.03708956803212 149.35627334764422 136.95955290417595
97.94676267726675 235.26721336720365 1260.5479672475153
32.92224355830156 150.38716105915873 370.19188881262494
117.26398498942163 161.81692263758777 286.45211979379724
292.00440588829997 0.7884684620353077 1173.2939871706124
44.451202273155204 161.9955280812798 218.27900797018435
455.9966085118147 13.367898177574519 833.5250184095366
232.41756410080365 255.20839718066486 1321.6387928464057
247.4536340112394 121.72742476388375 1146.7376123093054
98.08892953834332 147.32930344522066 1224.950106931662
67.8758209455445 672.0911429537196 1160.7057185224494
53.34670766391712 96.61054471047824 939.9526337026873
59.71482308203265 262.3145445158206 364.72165102493204
83.17899180063183 40.03181980001148 1442.2725021505973
77.24647614938287 105.72526766238181 627.384132154581
185.27056047742073 391.483912381683 579.6016075525582
97.29344064953067 282.69179604371885 1371.5438717403283
36.20917554544677 195.00513937768028 340.58705279380763
637.5685054161494 291.5607988058253 837.0753521996556
96.62483313587124 183.8571084191251 329.35011202564544
162.6681536292832 25.470481338933798 347.4375882670005
20.75737308626773 460.0694295495618 131.43312425086907
93.71875276652517 330.2622125844119 1272.5346949756158
187.74132365563818 119.32710674287874 552.7043305968382
293.758004641432 841.5033720707268 1327.9771049348458
620.9967121623864 343.12561701649906 1088.3844035607378
263.756646481253 127.78956218121465 202.08567701472842
606.5776889728401 1218.1621758685596 331.48233754549216
38.35895137557913 94.47476653899503 1006.7496576403532
42.706971409850446 20.34111487653586 385.7204280639276
700.7286467690085 43.282958226528564 1257.3626923389963
840.2320960605073 282.1447005512315 405.72801256905615
161.90842518611458 516.690507877434 604.1092893358418
407.1651765752563 72.96026002055703 612.9228230808708
155.26631271939027 103.67241366850767 1010.7826906109017
523.65582110685 229.93221172554087 139.25241963051909
1307.8114557494907 27.040768196124322 859.9112890089732
107.15863844078237 17.5491867638064 395.0833261278615
6.288365914875041 277.98256282170905 188.6688936572421
123.36375657366541 152.84783364869227 149.9270277248322
45.28667503278629 50.25273373171347 1235.542200526444
208.8858570187045 393.73928012063766 987.4217527461459
367.0989115467069 188.0707208696398 47.818027986498365
18.156731090232718 137.936900255348 820.2860411199491
135.2652540277357 61.358806567636 172.24016792680408
82.95526213085834 340.09741682817884 1065.4493264106789
270.56646031307724 34.53797552534396 1413.2165256925034
180.585506225311 12.018858076594272 13.096054513507871
119.43359388593093 128.62285252369776 875.9468967602933
510.4116794538386 69.53671161262336 1452.5394970144553
256.039215169982 104.33811734547047 489.423491576854
305.396189115544 893.5332768451241 339.8653619712568
40.22023316613201 64.09484451302093 1078.5141774797362
522.2303645231557 33.23194892045069 758.4429079107471
11.6290384005687 37.72334607108355 1105.4702066979514
501.1468080795025 352.5230232523721 510.6757058911186
204.16864764319737 3.389352516013261 315.9127583843893
958.1860438719227 791.3010096540698 35.27962249876687
79.64720228187986 1.8942987565338383 649.0756241276575
10.902755199339945 226.4979572244799 90.85907878867766
647.5967766237893 96.92175206753265 329.2081933283075
12.563009468709446 216.68544893721133 824.9185428834708
364.12326857787014 9.683635880749693 590.0901891088029
858.5510231163793 577.220407234387 673.6393326471353
333.05110989346576 32.837762025717154 202.05710428598272
167.09114861766838 301.0829747355396 696.0746543706096
410.86080895875403 141.3101212147505 274.34024990254636
405.2054485750719 118.71978527933733 959.8207488813362
167.26055535636132 19.19405344881045 212.4007159877923
54.55778760376899 145.00201657877145 812.5711552424885
69.07378712088165 234.04312510209903 472.69357173505824
4.898866723468469 173.35277043047844 1297.0312484746619
24.06245986719809 36.741436308183744 1498.8966985732075
497.90038512000433 69.97191341736266 137.42957994321102
59.81965452061465 77.6687701915518 116.97460846004665
76.10721762970127 169.73102935612272 1411.67454819868
238.71921373391248 3.096546388456988 126.13574300774133
692.9585195804718 67.70990343340425 79.1103815851698
451.62479291288946 99.37378831167774 644.7522699768122
279.9135397480383 3.8880340309449375 1042.1400861760749
61.22199715694813 52.55003190569298 937.9568965065477
200.7391936137617 87.21733707207804 713.9023999769042
21.011850968715304 97.45138779878488 145.54240617681302
452.97998525295037 399.5713466549663 406.5057942410195
586.1286813098703 170.60904917909195 1471.427569979914
166.1665219755362 167.7853587118904 1032.476477562922
64.61579728892018 125.53735666214412 443.9867732861527
253.5077046907968 40.739113726803424 839.1439734429571
16.326173024723843 300.96452369300897 639.524443466451
332.0568633758238 171.1282439451887 760.3074846702691
85.69223895260227 3.2604174749790515 996.2295710932563
870.8522943660222 62.40205580510487 796.8055672077062
98.78543994196723 198.23834912469792 1172.1560244485415
2.1541881721100986 45.78123933279389 1470.2983571055352
93.55178914317102 58.652560883676486 1046.4550350342013
13.720203397316952 93.38927104022396 112.57775598365139
59.325762751396674 303.8653163469773 1193.3780047368944
347.50360988507225 399.16322152849443 253.53385270656904
79.02321150097697 352.68798700621204 1492.696522254861
176.30415738851033 64.28195045655181 1393.7387888073486
71.1916369171189 466.2683725722428 213.0585502741627
377.97001139330723 185.82318260906268 155.78060163060303
365.4161726545523 262.7868959751984 1464.8703627276095
251.86258023061168 102.57921515915811 610.9491451847821
65.4477487906527 6.164474219911502 940.5901510056648
73.9063111141998 124.63713318479294 369.1881967009823
167.3497511407052 160.68723544957376 570.6709484456583
793.8233369018308 86.82293941108504 129.34047635584162
242.48039413073235 119.24770058157566 1182.382531521069
116.97938033750906 419.42183759505207 329.1550524700339
110.1491934323013 52.35836004530701 1101.7811632914918
827.5398948384315 143.28395038035757 168.20054620161125
183.46538173325476 38.404938327019295 1323.6677926823174
54.03232736079128 110.77174483017271 516.2473661773477
7.24634047284011 300.0702066964962 1001.41652116369
109.76949800910181 167.59740851292827 1469.4202935862395
219.78779343116224 184.2256249546953 77.03727543047879
70.82953941378253 97.5704493613604 1272.6510547947819
65.63139858766348 296.81171103646943 1367.0176357286825
418.7924352393747 23.768854944403362 212.39344875791778
50.134836564103715 31.641950891504095 1233.999438582962
67.51149608404934 457.311702812145 3.493367144775883
234.9897591385364 165.28568835714754 1145.3726002723786
119.80588406826247 60.27963752018319 59.945347062293266
73.0676350791392 81.11243579533432 1380.2567380723567
109.5592834638805 118.82918860106972 1262.6700930458233
107.0677284213998 118.9691032808422 963.3600307829712
75.85978483644105 39.57646258188866 1101.0823226605958
308.71735566174874 0.3285762459573957 119.16526758056084
32.50920813052054 133.29690676207747 402.8276621596658
39.154351305888945 304.0525601956492 1037.7851058020683
58.58438019007558 321.5562830590435 1057.435718447495
210.05892294889742 102.67530674831407 285.3217762880896
62.140779179653705 457.47870385303617 1441.7206094278652
26.67134078801203 298.1719403522481 634.3849491291231
65.2475984336208 249.24604106972637 407.08258136088557
51.99042226498467 470.93571435410064 745.2851489382996
378.3328996727657 13.10850547512895 498.03364556751467
265.65808803245426 70.55167690112182 1368.5985690623104
475.81839594616787 101.69207739164348 314.3214721155468
241.79704928644767 45.87155880368402 603.8958000055933
191.2260955071697 22.203738028395684 775.5667478757016
94.60518378240154 117.99452502449937 735.216509860125
381.49602631834716 121.40696463111131 541.314243756968
82.29408507553313 181.5434510005824 41.14665706412368
142.35016931336602 57.89329188728685 167.84459769241855
437.51546873159606 38.88737744610532 1165.4397773180926
46.68305530525313 416.27052960897305 598.3708823294011
207.5113091030321 139.99209446631008 712.2549364814303
56.16215394307362 282.02191516826775 1383.3983444378257
166.98563874898616 130.14266899778045 176.20686079375386
149.10966462609198 52.5591198652282 1272.9066511246294
0.07348836528016614 50.872211335861664 528.3558252612661
125.60829443606178 63.33801805611906 959.552085932301
1.4935317168058293 9.228126837004424 285.61837420448546
153.37330507815489 294.6555921788559 438.3425119911026
24.582519071565848 449.97791237384587 637.029846150251
97.41240944753223 689.867723571414 1164.7833099192885
51.12690333608434 321.53717264125794 212.33982138530433
76.50312986338939 27.581603824509653 311.1761743781005
2.6957559074332442 95.72041420678724 395.1386040447252
13.85724134995521 525.8426907577874 153.9492323856671
41.36498866193602 148.5638563371963 538.3906687021714
166.62857479874378 251.07158337602166 1378.2311673561574
134.24459772877248 24.11018350710761 471.5452474931513
102.10128795827096 248.02361082300757 233.68664895270717
91.37652635896602 276.5178277038991 1033.4037317434313
140.46366878602876 22.74942848641342 804.7965091607083
118.24827936278103 207.34636079783556 850.1763541806497
9.292658470161482 365.8080055407749 1217.9596093603386
546.4760779383128 52.72028347438324 710.0584251025705
116.59103343636814 244.6641213495712 688.6305916270676
199.01464944287525 220.94162789888668 230.3890978355379
273.37125768084377 173.87114387212023 1005.4990409844394
76.37038598858138 0.7439926504780534 739.3367057739966
211.18336922822505 15.221455595026045 283.5826396750427
70.58721678997063 571.1309082973244 71.13768387559033
464.9110645869666 246.0345624792688 423.6464945998728
36.38553888991664 157.97675787945153 1307.0593755648915
513.326277206069 42.686224036921196 1177.8131886366416
136.3670210678887 139.85413677208592 952.8916959921421
122.21941284790616 46.57385140577985 482.42244984749516
306.9623890319523 97.78678450984025 1353.6066209211597
39.98653268360459 187.7453679789981 396.4604416584928
121.34717467380574 22.52167075823467 232.1631702699732
35.520388112570764 138.64707178058373 1351.1809079920713
279.2236618095229 303.68083292692023 939.721180564071
234.50951998639843 76.90208289744179 1312.911756911277
45.7462126336713 159.96811134893287 190.647538278311
187.86865897665035 800.6037396737504 392.7181921168776
188.85747938678955 355.43853141847904 1498.031200063109
3.29225286890219 816.5856818253376 1259.360502479231
169.95785070536547 159.04586962546296 59.26610495167106
41.67602074994966 190.50907051526212 392.3897759797623
183.8270034898337 233.15297492715212 1433.674225936946
187.82609215871736 426.10238301545246 544.0803114492753
87.9682789838325 47.95050648465866 1189.8984294995444
581.9799322894632 80.04041114444232 1350.0621022609791
24.72279702772413 68.14298375153993 972.97237696651
90.15205816713006 282.9034671730028 330.50536179508964
118.65374090018967 11.058716001078928 1297.3184219874734
279.2011458212648 103.75666079806453 1169.1946025871614
127.44699113037295 167.38905814202388 1274.5983843125857
30.632158409256398 16.532301787705418 1103.6386440190663
191.44974326022586 91.4451184424194 1246.8271140004658
572.0732274935413 9.445633920289072 486.54002284121356
76.42767084111912 256.75219629582296 657.2497177625528
589.9532541836772 87.30029462526606 682.7132993477671
124.15486429595519 1.2392344282994092 871.04432826652
373.88090061151564 4.260531493782215 1013.1141383582614
235.9760204548274 17.783578741764668 1425.7340577707357
98.0128737980624 302.7213640922748 241.4348818920945
436.3760406623203 641.4211094165562 462.6062204568811
96.93065345858494 140.42836874560834 107.91331463466491
295.7740088746627 142.87161520184998 780.1109609198976
123.2020684253074 86.8351187049479 829.6111861447474
5.073831199927336 160.37045444148808 1356.914649368945
227.74780636595105 640.5132026780177 122.90548112408057
19.300912236897666 11.934534078208722 360.40338480867547
13.251882981929935 24.255251674667278 1249.2848824078342
313.15862475948666 13.199366328623658 277.10037307246637
12.669112257704812 25.894555064911707 949.3173155271527
429.2495684525204 164.93449716139705 626.8076652881533
238.98868891129842 174.72380572636507 1242.694882385153
48.56933716983381 311.9957119010663 793.2421165666128
76.81343025905306 325.33986517233313 1450.194527157665
838.0857537066591 75.68159700142549 1310.5862567914082
410.85990054573625 653.0036905921285 1441.2230408376963
318.20652035508317 50.331790968015724 1320.1217635981036
84.96542311485669 141.61639815472475 678.2997126224134
173.90135442910415 154.97865719187337 186.54912689938814
412.5601522969821 260.4819990139078 367.3123137229245
98.42218473787659 322.70743029860074 1381.1395930680933
136.3647347661964 277.5694681729695 692.0392279835168
253.8102991524551 14.499573173278705 1096.088733791463
436.85031941227396 83.35692352652563 1104.6955612965673
201.219421012571 75.91199145550492 1262.3538794319416
12.8491760753259 15.797807989380864 420.8071023240573
143.39557371136283 29.172903830634883 978.6240973636747
163.3278939420987 19.523952275247463 26.303024277477714
68.24175266924509 705.2651776621767 928.9400139808125
106.88042480425162 588.2530240053636 690.63037508005
60.96628940546365 207.44782036810636 1270.8493528867912
55.05061867409421 45.450503896741345 1444.7997580329595
133.75250401299817 171.14164102354087 297.15862307834277
6.810076644352399 25.89967364066062 414.1096170374414
24.558228337158493 245.9450249426277 391.91296961255904
131.0713587685232 41.819929695089805 925.044255191446
41.36734669751261 67.83705597767454 1460.0237399580026
220.73338050441532 405.30183559660975 284.3251680446324
38.30949725923067 129.51922891993405 1008.5997750077803
15.80847811590879 43.23696262567527 465.68726461359836
37.36334217000697 14.442869339724313 327.940548406509
167.65704383605404 89.78254147267215 778.5150808216157
403.75213290145683 353.7714004463532 1214.2423717203028
138.73607854087163 532.7119613574921 306.2075874076404
39.640310322838744 169.01062296472696 1234.0895010237004
280.5893652030486 22.79671620061052 853.7440049957873
80.5558286194503 384.822593066 429.3156619235964
212.05309546560963 669.3746132295453 271.4692135618281
609.5990557045027 33.21932736523857 291.53307886443315
181.84734274782812 285.8838435234728 818.7975642150905
72.27745500661068 321.2718323012641 930.0511437985496
146.79951586597915 512.7934983209997 204.4637545312351
18.21500203023817 51.686290604278305 1294.592327317386
42.84000871009403 376.1470684895993 179.4890742218555
352.6311240227332 77.55078211691894 1114.7381117441776
506.026081741856 8.332362902838533 1423.5209284653547
231.5418794337745 107.77954490529041 1190.1195839480981
193.63071570484567 328.6832716186393 549.6411524892642
542.4185779502965 95.53375076950759 185.98082459913434
59.50051898767098 717.9278786657495 1272.0472239753126
93.8023630681951 192.1293373096364 659.2218725299439
91.65849076854344 3.2212015284835473 7.093856431226508
97.13088709746559 66.78593318497597 758.478074067571
260.5674473035596 80.30901194066813 877.6105697999699
3.6440954575963436 165.3131418946476 1210.676820821274
375.8494566705924 415.61611125663285 833.5214048113161
95.98033324875324 98.35005012353454 21.881810496298336
64.0841749166966 65.02453947933763 53.20511086415019
21.31520670170948 33.492757685280786 543.3470801374302
72.32339405193409 33.86603521342457 794.24724896518
121.29050166595047 279.72111714531326 1270.1530388805006
236.96589927538162 90.95980012586654 876.3812132978993
105.65273481064122 21.962377949582905 137.035599707649
217.27427656030375 182.39621981206565 21.529223372343477
212.40635541664145 22.242883214500385 781.0013035157707
63.129575952615824 350.2531667758886 1318.947865913502
368.11608130692844 235.0718801243271 749.2186102973236
69.83486893254482 120.08852556120124 144.050286174764
47.09839142266773 481.39909945469384 453.7841377837029
16.78980943223657 229.74720516717477 405.6306529516327
474.83973264872697 342.41161993114406 638.2636908419165
394.74934355586305 215.20414801514738 268.49372936848937
43.76769296233498 212.3245451654797 343.69268596481913
278.6729876448262 55.2197168188864 289.73539181634135
176.55763868215897 461.3080375553897 1100.593857364535
864.372608374925 156.8051917823801 1175.7969922647426
237.221976920206 171.85576702318048 364.26256127351337
143.8237261806698 18.91823590161602 392.05896902121316
113.00302392101503 28.28703965340199 899.1944594866557
96.41229479508611 36.13273642617812 259.19937743694464
351.17101398355624 54.30288217904443 544.3913511608082
43.671243054458856 149.3648925488689 364.53568642838337
5.188822083739756 2000 544.5867108290657
116.50385594007815 55.118988011699386 138.06833615272296
142.6842294930688 592.1431205735655 464.0626477609942
310.99700579942464 46.3809051580909 755.8031311494309
135.28986647369868 9.299275514241186 1402.789885564685
54.86269764690118 61.57774222691069 1154.1060718075523
390.96932871829665 647.2988342038179 74.17419933673929
377.91289854611006 322.01071074199695 586.0305302503967
146.35124649420845 103.84194346026455 201.2306561038308
64.88270568518091 540.4363637136586 1418.196188764977
338.3449228243735 121.22748273703696 497.8199047151957
139.81805994378604 181.4546761407025 663.1233558954019
348.2209510550724 269.60103454371676 918.0683832887056
197.24955592144607 659.4880920288008 1157.0560044903032
64.27471827570216 231.0490981852003 457.0958867447407
321.08349722096347 39.18585497746404 32.389504835426855
427.24745931931005 387.5236731226384 1401.221697819521
16.687448283413552 258.60231483589246 910.3626376829136
6.448839283155783 304.41743616563315 1220.7022597836417
37.716970311818834 145.3445314523497 184.6292810578327
100.18908548618539 312.2407453047909 1333.916102528762
148.31982025141738 138.18697531343537 1172.1363737634915
17.000989581181823 443.0151853100281 893.9500367651979
311.1628956847413 350.26071711705526 984.2787161143463
66.95040476299442 89.8565930964985 621.0351959999001
143.767884862074 219.14004483076988 327.2243352381472
883.3466897866058 135.85573644543365 1083.114165594028
622.7063748232835 154.41992594414637 1258.794488159491
0.11171344464749441 9.765325825525546 890.2633185236594
56.26652213296034 185.2861708101447 38.101771176915264
680.2644098579384 117.36397111996601 335.7014827461615
261.69626712416834 452.4977567486292 1031.9076381044445
62.20118533014434 300.19412200311035 589.2051214837638
85.39968663060549 203.94365903956566 242.86641424999561
84.28364974416412 20.247875677290118 730.5239013754373
198.39414243056842 219.92316301739768 633.6182997933588
42.38225624430854 124.82744006780955 727.3715874302264
235.1186871358384 572.9537588416687 283.4273503103809
396.3484310868171 352.5850916240946 1251.9924838417821
462.20929538005356 116.93209953381884 749.2800443858707
344.0317922624267 30.52825469848225 16.71233540816258
198.66166352360105 285.5912387463652 891.0287063963942
74.83972412545606 3.4051219318570136 672.2440407823763
122.86860714654256 130.86167634971534 659.1712823145436
8.639541125331492 859.9628887429393 1334.7078386780704
237.63528154132786 551.5669176139659 836.9699415225283
465.58752088401747 40.77278481960285 301.0078043314474
137.86119334566897 79.56548977313719 801.5752171047184
96.5180882742708 21.636685555570562 1376.5455582847103
29.56043615029804 16.038869982360783 136.31297204661686
42.73786370310825 39.178760885429476 1108.2760448619686
114.440168882881 208.51351040350167 953.7538456714325
59.0687111982152 501.57719203187077 1149.985259595211
78.09918670794582 527.4995201836298 986.554100006239
130.44581092409126 313.12429647932595 640.2483541442438
38.8941032734243 255.89215445100967 135.27268663941766
784.4400972698681 17.060194865037086 900.9701983951293
170.66880186708457 22.214997394498216 643.3527688625272
5.285833208173015 30.393400042818865 1458.6434593266965
58.41724121717038 891.0112807363384 462.30308183947983
399.9657607743509 53.45963954783339 1361.0955832874952
72.07805893881849 26.72346298315426 602.2613143470498
100.89754113540097 140.15859232069133 885.9767123947165
360.6241218085693 105.06984495550347 737.6730508177995
455.10224095227176 44.13553713065921 1311.0799369150484
236.97357140799755 417.53380956711277 1076.9088742948475
18.779891622559916 358.9920108735774 260.86797075225587
298.78103586606784 468.4092118654552 1226.3344874404936
141.0687416647609 3.957527911987593 1382.169945885753
476.70826456187524 143.19000814710628 1384.4517703203353
398.48382263444563 176.62208844049258 570.7490280215753
173.29654066275828 98.7580225301674 1176.6538323317739
263.77491440131683 684.8371789753015 1270.0100995729626
406.42904717374455 26.21901818130969 1341.5940871282933
58.418715468883256 213.31346632981135 1062.8714481875375
701.284588908406 28.243140114587145 652.0575195181978
253.69669899154766 72.18301163487638 1472.5040317249368
135.00746982365283 169.00176725946991 1434.5213128992168
260.2246245416502 4.842286303664902 1434.3954705357103
45.75226669534096 116.47365297813867 775.0356460824011
121.50221161884984 140.97799149240726 295.1951928720146
37.952732117750735 97.58125131074472 522.6552456697164
356.5247773313193 29.964486603995837 902.7120554672114
118.02851248758692 231.57527475257103 1489.6905672195417
215.75975520833904 472.50219084508825 1019.61899551722
41.63549460658509 50.97136451919921 861.7279336633301
72.8972215552784 127.78345063940351 1489.8647511876484
2.136284910662784 55.79819044657066 1012.6685090017835
126.59422646924537 112.4571778718973 711.9770032923702
95.15947642718224 11.438801852299767 816.1301587987324
99.88039634723704 277.33431107550814 451.29135767740684
352.73036659499326 139.91127179338355 1174.9483008512589
275.509392655274 327.4944510245095 328.44062381667374
14.965386905073252 157.0219944982378 639.7873054642955
41.83653218026807 398.3887511055544 82.01551451510409
126.41144287446589 721.2122583085422 217.3972683997289
330.81794101367484 355.3329192322074 1050.9343620882314
47.75382534846044 155.58539221470213 1193.3572231317553
192.11395597874017 679.656263254264 751.7321426338785
180.8501531084615 231.16827659253198 599.9640812541293
625.3424499711438 51.36106514645753 294.03092511536545
318.49918561231203 122.51446637602169 1066.222922300496
258.8597100868643 26.87429739516118 730.4466980399528
3.0763490182362445 377.351766821225 890.3903875761137
151.67515686682358 196.37241801259353 1452.8345274335018
259.1691336876131 642.1902192411559 304.1486683458482
510.7660919580879 50.00493750203759 638.7846907260861
116.04448674269987 30.35162800623152 1339.7399252020584
475.47581589876967 148.28946504663207 399.64172463504434
153.36107716305537 11.746390753484585 290.72639167598624
218.63048338873665 154.24648171902652 21.318977649166293
110.30177387249415 213.3937278047453 1251.5767910009863
57.871037467382415 332.8280811827131 440.49489298088383
254.5881475999898 140.88751528710256 1023.3423031247698
493.4055028864286 412.34306944018175 731.6052708091265
516.6556237086153 144.654429786268 285.5144673560775
559.7851696014733 534.3060219578825 794.7860033484754
50.561756848819115 80.01471394101033 564.5094245063157
6.361507557858574 212.62994059999173 21.143981362339748
135.04794899775138 121.77978108088965 685.6293819502575
194.6135454444305 116.91965721756368 782.5321945654993
166.01224651292512 269.799633948302 687.9271807814685
637.4905617146665 25.998504853670674 796.7710770804932
60.86996052257431 33.02983795325683 56.238593601693424
112.13974550429771 156.78636067838877 809.8998409529511
404.70180352842647 39.148936489552135 970.0994717045165
120.82395311797973 40.546519347757375 1133.4041556757932
250.89903663211052 347.19863400057676 1417.4963341974615
109.98319078853869 65.28002746432028 1238.6133076734236
560.5693886307146 84.42262851723618 171.1995845542037
260.8148898126471 720.3415169331989 1192.813512173683
82.37228151978657 268.37586197613484 259.4301665636646
620.3014982914727 32.059048587076276 1159.2155037799753
302.62532916175576 209.44248686891257 206.6180928741558
41.636394030648795 246.99423103036798 1045.6611822856717
434.8140356359317 90.41057802034173 74.92420628743906
218.17050567607063 243.37314653885076 297.11375228092095
26.244574457787976 309.96544900099207 343.0601180660594
221.111218270618 69.72485249137232 1326.0244847314007
223.12041521742154 246.57945302074634 476.9526072674793
167.52228004905666 170.98913152580954 70.55527422931301
505.90951170613135 23.694420638292552 220.42093242238013
376.29963424417184 132.77616444487344 644.963188754448
13.147115703333254 174.5451639763791 717.6284658163963
409.96226681174727 95.19829865541053 829.5864026073115
107.09438717740538 269.82170743409256 430.3774242684497
166.3801034337909 185.4303965024362 1241.4742116349778
267.400343410537 65.2282691457724 99.71563284329305
39.2078082456984 181.16111104143982 742.5535946960218
66.43653748663016 163.2040230839991 1109.1976997750637
27.482712037168522 23.019186293358835 1391.0523234621876
26.224693085087413 280.4034832139577 1010.6616067167082
91.07642276840237 318.0763847126738 1280.0886772269685
194.2476931246321 191.99731384219834 784.495975659897
2.468936848298269 82.99481341347443 1311.82428995589
522.8562607748846 134.33016631041278 1039.7008295114426
329.8670288002158 26.080871237886623 1347.7157515615484
165.5509357975831 290.30581581251306 436.09598824101994
177.0166676649494 51.11058216851724 486.78615249614626
73.55342584538958 169.09247873594055 917.1431082308374
556.2592806756362 113.7181056002986 1149.843780073528
96.83466910885342 205.73359700762862 987.0398193619988
1100.6619736245345 3.8073203505240745 405.76724613897835
63.9766868242017 90.02796863984963 34.034853195001325
51.14635362171428 78.55300189802679 142.03578150909868
246.64071257044316 91.98350623116248 1073.8125609296997
7.0253784298349125 67.03081947328347 1109.9644824611792
150.53305033955385 113.81779467324542 1267.5394460009086
93.69983943400183 76.44531084737845 1133.10259444253
237.4271285865098 19.897087387130064 1043.5339956883668
142.61169621333102 27.885581840446545 661.9858167233807
324.39338122812353 456.91973309950697 670.4259601734248
59.35422763443423 353.71431127741374 1206.2638593388847
87.29117828447951 74.43311882971845 892.6886049692343
77.55864250799816 89.33720693357478 506.9251646133071
58.06312155255785 484.90650415366474 450.4135407696554
610.4938859426644 343.6707514574616 25.546577472388698
25.554075420947093 123.71314978034825 985.9244494914126
4.941693611499623 16.460198294450777 374.5355173694128
256.14521460125025 26.52608238121988 175.46254967809355
19.135775265384318 391.7109651372808 951.6016574900473
119.29865870785153 46.800260483038265 389.2829489321309
254.01446584701733 635.5403903095078 798.5707698483299
46.18237804824175 27.9875087211313 57.65742428025922
158.38998949013563 80.97154609983141 780.9297187880154
54.75066753877941 473.7410640486211 399.80807912036613
293.9966305546057 476.1678704599019 842.7459895215273
678.6789183765812 389.1455983202335 705.1026361228072
51.63987134310648 630.85993605222 515.5212106377078
131.89916277740144 286.01931016844384 919.6151591446398
22.42066339289114 89.78905558779753 1434.7951554643241
110.94836165432689 205.01864234641846 154.46545163309133
467.70724283500505 339.4309316439257 321.40452464342417
318.8910861782804 121.59762857863502 1412.1927642435096
67.39729850287797 515.3499273773302 308.17147999687137
12.9256423836837 367.73585662800167 802.662749878643
20.280976335741155 31.064827312504974 828.88152351612
237.86158871612128 439.724558217788 53.57698112292047
649.9169689832385 48.30758302069305 719.2147315610654
48.805997965662606 397.3381031869202 1455.0366959590526
44.38160980561374 1146.4851707120492 1078.746504226936
225.70405846967324 37.3039025539643 1237.247014864266
227.29720044491089 139.3180271865499 279.8878225741278
35.22225030868253 27.170618973586656 1125.3566817769347
255.8690364663836 213.4173552218859 538.7661706427226
212.7178386033452 676.7936654436289 1058.8298463850206
239.3098428678182 55.94595241987192 990.4059621461043
150.52477670240813 282.17098398518414 334.9387484705959
98.26027035794246 159.6530120200657 3.1111903200169433
551.6876293958356 18.12442778136876 40.65642611209513
391.7198299542014 48.00004594089603 959.0470287487408
58.18725295912704 168.0252701952984 380.18684017003784
12.160021641219396 749.0064716524075 752.192618141723
29.840982707169474 77.65447050861579 1191.8524595944405
249.75997406972047 244.5405738989023 852.8990805775047
277.68984389160937 13.08655913687438 1146.900785886571
275.1944943759594 61.93483044205343 368.87743695843625
29.855601592188584 53.734290466958214 236.40039500974336
0.8449282358091212 92.1321409333269 1101.3221651007213
185.14753915647287 242.16887863674773 1067.6143198265381
109.04444586596229 94.05704781303416 419.07961268692105
111.68938069496583 170.99697293385512 329.7550448835013
66.6349286556702 205.34748515794251 56.63975791294096
58.60339013272586 332.5618573497246 674.3934506104691
33.58627478790264 214.99598154187987 1002.4481108529168
315.37339808461434 1069.3675572373284 818.466327573762
179.26663934751554 158.1358913526222 828.6804213165744
92.17440515314382 117.53055923023655 935.8950352968767
218.9258950193373 280.6982910848676 184.42580161844563
201.05491114717634 50.949787572890195 1052.7996668407434
104.73340711844685 9.752699805705822 358.22632360596583
431.33262068068154 27.529115721205066 499.35661442614577
54.32118182273199 685.6024675396721 469.48110388031813
633.4999057729826 163.7344129649094 503.49055109307494
928.303095604091 293.64089701453474 811.2348925208947
207.61619389702716 57.622030645500324 1066.6631383717317
286.3428009674631 314.5236971225772 72.69691276637325
171.2097665900098 272.5991176882292 66.00996462192599
8.760633976183914 274.7248802858984 1053.323967443821
9.192223110978583 102.05707435774569 1072.0254809171022
576.2246067152995 179.87683950554745 854.7940559148882
493.69482715957975 176.10433874612008 1376.8912200984992
94.76171523644904 139.29924189735848 1123.6374777060437
149.36419424293 94.7532962906832 590.3928663069129
61.39767998926761 58.16972237257369 1013.0039792273274
332.8892749528877 32.03982747725514 913.0237522090556
168.69093853169198 72.29182887683332 287.2008615733437
192.0512390795221 15.060157871901486 618.3417038793395
380.65329935218335 138.67481287177378 330.89313395097355
168.90511281245745 441.07990622265606 557.324548541903
180.36779670387486 139.20083558183322 976.970388882592
490.8278795761449 106.24770817492568 211.87347425653107
15.675667229850509 105.54785453155866 1449.4002445335198
18.195756962125937 833.1523041145864 977.2405247187259
48.65484436744507 1184.5635477438525 766.065956377284
344.29360573545387 474.2533446654017 1392.0341138460647
212.7061382216216 270.07567326524423 419.34218297744866
22.168013277794053 175.35008740232752 1001.2470002966103
33.110306148467956 8.532624839760993 763.1732587113596
11.901020057646718 8.728098698862587 201.8732782716074
167.59666033003742 120.22259009607919 689.8122314824216
17.254567021924103 153.56435593450698 274.88124291427926
146.19481492233788 244.16318644295418 1265.3412485510994
467.4831801029302 125.63872272379682 851.3788813255159
298.9295045327319 512.6391986216177 1467.4229612230768
46.145775471983484 124.04453292786124 290.43768911597914
265.65045912813656 397.7695157297996 6.015030909662267
16.373242021499518 120.26083025279624 74.52893296462976
373.1032628816163 208.64305555247898 1345.116162783312
49.85633316102876 798.0465030697508 1236.75271267936
553.6951682108067 191.30502222601115 1480.129130991397
568.7140913304942 16.98434560814261 714.6472746992368
129.03802177006312 29.429388711405974 916.9843091986928
122.36295146450419 304.23547200026826 328.8763690009698
230.94742695558313 143.72361396886896 465.6278526353941
705.1674229257958 337.5081625070097 200.3947870556712
115.39646483170858 39.27714522188267 3.8658136861144943
609.1867182064154 71.73806005341088 1126.4894780800446
111.0134577052452 98.97386210357281 1200.8450797737585
134.44237326644244 182.49017382376152 331.7229055719841
997.8337231564396 134.3375857194529 1049.0399071893394
124.96659779991856 420.14456275369093 423.8033874273611
8.920278857293443 37.088959080294316 593.6687036068788
71.32260890417102 1075.263359044402 162.29988466804662
31.649329210301747 33.0267049075446 451.830458348943
62.16717608901558 277.2698431226304 888.7216234724983
155.146044574122 427.0784251566039 386.9207775043004
169.72858041789974 132.01241315440498 871.3553703805441
305.7338386910614 152.5702159115956 975.8402107134438
106.05896056815331 143.90047579850852 1104.70057936389
486.7994798879342 7.761495684898094 890.327367283608
104.11175943463391 58.1195629995674 754.9425549936659
347.6621633916838 251.19834826235962 1256.4581458159994
21.102362313402644 94.22530819609067 150.92248466050185
57.054354468618186 87.5617447610739 698.2651158201488
21.049902363608044 81.20593213274793 1382.1919711502314
141.32396656984412 25.516797013708985 738.1414922949683
309.18609387816497 337.2805618942604 1048.953139457835
34.520461530176306 314.5736895632227 877.6658798327818
12.920525725130014 165.50005941144892 713.9881841244797
58.032426329806185 563.9029271482304 481.4776112276419
92.47062975522896 168.29719971796396 529.6392881881695
238.63738100049483 1615.18465780936 1350.925776469852
74.51490944280866 115.92809515963498 606.4572432285686
33.9489473032329 176.71678748978482 1118.2279844426475
482.91043263247434 57.513073789950134 1279.3917075398454
134.1467346400341 96.6283589244718 445.05914214507277
27.444827031873846 137.23563669190867 1184.219092903296
35.251770812723485 37.24697710385388 64.54112416508018
331.3110356903879 101.42508105280817 664.6370322844217
261.85294817534714 22.51208780012543 1225.0024441723137
282.2888315855809 127.56267133152588 619.9602843167931
216.68351596430946 285.35641518419015 1222.683168422272
169.3373202775001 54.93442827815252 1240.679135424574
161.56226337781496 8.583586399625814 720.9280220640699
41.497840932791966 63.490498081788694 728.0462175357401
112.02204177074653 227.03294316394863 370.4953265807426
496.7979921324529 34.908383989428685 1226.3987157656527
274.8209420200886 643.1214857332023 279.620921227053
193.52814132706837 188.16056947354465 692.169694741956
66.24958213291427 281.17230110690963 285.7693413134482
104.0958613086599 167.27153282434793 198.62943236606912
43.03883512099738 31.873973022963714 548.3803961383845
21.352435591634123 942.1273227127081 269.662140341092
5.832249463306565 608.499241521104 554.2697440004621
27.639488944569045 109.80830693734984 1434.087172145918
104.5506371126259 298.95060759912013 407.97190137154735
32.71637186513045 13.74128847449322 362.9285186505556
88.32648398242735 16.159893980986446 958.7625632195866
126.96559632579599 465.0066533768053 667.1272037691413
49.47379564776554 20.896754489963897 90.96002880508469
515.589090216384 201.21138052083953 60.68858683138944
43.91321567975332 339.30450518460543 633.9587045106246
304.76024700587755 110.71436640621621 1050.8733359125881
109.65050358271023 323.73102057123344 454.4928390610306
441.60870072461495 20.725282432028028 98.75783333542593
119.49410552122333 22.635688897126894 272.5736946833164
32.05238762351827 98.98590967422203 821.193635236661
330.0831887017652 55.65565887492715 1387.6210395871776
159.28596221534542 437.81050983810024 386.1206609330252
73.80460151410115 345.73406692474043 1276.100802656706
30.218084746217016 371.60864264926425 666.1256853683736
153.48832551878868 21.655673682233356 995.9709443949407
695.8605899940885 48.273157565077234 188.657435644905
354.83937429641725 440.1886720650225 280.3309245652523
1435.026817015175 232.30802079467213 390.4613463097659
208.18627185840484 442.45275956102404 1098.4229757495523
62.9761478093459 126.3789019311047 92.67751521191686
79.40356519192167 121.61264903711637 150.3087081232764
131.90101339819958 306.5760834796414 1356.7739968502888
132.05092442858765 80.53575349662191 1446.8672392402166
39.015686207453115 287.84890311468234 379.25113269406273
429.63665729067503 72.06495874955874 696.6734920320595
43.351005883185444 24.02483246828269 460.9327999552132
77.65942172640815 934.9892345681162 815.1489732741197
44.926882307497195 214.6666155652601 189.2576809894035
299.22695869356846 149.67071176078645 534.2765873503672
123.84039670609918 341.613764672535 7.446490031703501
62.054708481529005 14.37739329468426 27.77596722415454
98.9313199670194 189.63199923585023 588.6056119969958
77.93009108831399 90.88629684772522 1097.821935627903
54.66021871759453 670.2256253906148 204.28096520290828
77.76856935866095 117.25097216874501 1236.046151318681
66.32602528681255 185.75141128585068 1310.8509903032027
231.858199233552 236.6212672224788 1158.252700299856
274.26205744008024 59.334767900539084 497.9892718359865
32.311370726281154 61.87111476158248 553.5661487129638
311.63072317193917 43.767470481367944 1401.0629342621617
31.833732113088576 2.956290948140914 1367.8991455071057
40.331247342385254 384.5173637540111 1155.9969134377434
1315.568895194921 150.52808382618267 97.752996821525
256.4263494913118 79.03571255064404 1128.97258050615
144.55390554672053 24.673999187464478 367.2612794396881
286.67432019139244 196.914200558085 1139.1090739783904
48.247621769127356 244.86473258131588 1313.536261670504
134.1053628489575 301.377996558462 1145.2809965434683
204.11067772147774 215.49234469313902 1183.5022648188506
350.1775506687237 111.39846925211839 1414.8890082408927
79.97834303522411 222.37648464149072 703.211866138882
75.24226506160949 231.40253713033826 332.03903462275287
28.039400037963613 115.82751143947807 1169.8760446522354
72.21511920780598 184.03896342144526 868.0895627410604
523.151358289872 22.468622256849926 923.211735727154
156.702963435812 85.52946295323423 355.3823047141013
20.180735308468197 161.17767865926422 1186.1514148003464
367.65420761144225 212.06004364868684 18.97845575738216
168.69771650975872 19.746065214917927 769.9947343336678
204.53173349505659 244.0619285445053 1200.9043091885933
141.2251559523087 85.18602313374598 270.223615124629
32.80611124488441 195.40922261964297 48.562377194526775
29.10963747080305 940.3260545785967 1466.4763345283818
101.25197155856117 73.30448034624675 1084.8603798086376
5.179668870268299 38.409091352511545 468.6916970034799
51.967014044857386 294.9733360889513 1219.6280156312655
305.1552202209826 316.7227215800414 379.7895682027716
509.30653325649286 240.87830407187062 94.7245544857967
353.34685665020334 9.99741149907264 858.1160721893498
22.865188848771155 598.2258942397846 840.9873001613597
153.229189899422 501.51944445323966 1217.2496990286193
9.416268296785795 118.03271947924812 1195.2960748918683
238.40113552399856 731.5156645153294 792.5528410244682
184.42368884704536 497.0228091021514 164.59882670255632
253.0998736411601 34.00174969014586 155.7021395521548
25.948029456308607 23.34198840894908 697.0357838405392
245.01379242675415 34.868009216311854 417.40058332174823
23.55062882131092 379.81720281334816 1479.8542066362488
17.466800072717756 178.59357321976518 80.25451461058236
30.319387877843035 487.5730960597947 1388.4022915276041
605.9064527041274 175.6152884345966 622.0168535854672
12.126480168419251 47.577317214855064 1232.0519253922473
220.87984969850152 32.567077351518996 45.68938114943211
195.5134245304172 273.4515193192418 1333.582983619889
93.972271915093 240.23944670598542 307.5043110395215
222.8170122031591 284.9425637476795 662.0594811823711
354.50249475626964 344.92382129628936 1362.462087359619
291.6887145528769 93.08227513807041 965.079964990055
265.00941893127606 255.8164091715002 930.2903183227583
225.25984877957197 66.85645211175287 835.9817758278894
86.47453896533912 160.78499812643264 1274.2530246134827
223.93734238782847 87.57493112796787 933.2750765027803
14.358712849576039 80.46374689570128 612.1276099114526
132.80971452133642 186.73412514176425 1378.1562358537533
427.4778072079016 309.69854273066966 102.13385055621882
80.58531791033367 8.942679084242057 210.00263652992973
603.8948035035985 445.56129661517707 1175.7954056558456
277.98794053052535 130.46197643251702 761.7906239917132
41.60505459847077 106.28563723370033 1289.635231410684
25.836831120874987 303.2604353229616 4.846452167348303
194.44558498512436 992.8799561127088 1167.3500528133748
9.280164541747956 40.87982005266313 1358.942720711149
22.89025610045737 208.56304153043882 257.5940601318476
10.990977638167987 39.05934289860622 428.5056412943721
172.67796981402643 36.06404911435752 1147.2578532256734
106.50321679649102 77.39969345529535 979.5513502491407
22.151316067595175 176.54140283927575 927.1395065751014
42.25466491577866 73.00270413936235 989.2220157452776
57.56792928403958 297.0647783608327 1061.826675986925
312.1712068099099 79.56172292014 930.7127100898483
574.9607848945509 14.417553591413137 27.41264649531111
107.46202279164392 216.87993377466103 238.8941916561311
209.13762323976312 71.76839665299201 1379.5734732380583
179.6541790212247 144.93003477420254 359.31776502062814
13.515498067534482 119.35116789361322 380.7998573224574
360.7876656900151 333.8500393859863 675.489441522086
66.31653001621459 89.61493221568763 514.6467450655698
456.23771318228796 156.0892611450595 1341.6823734997545
36.231032853887 180.2122265509957 1193.4965872263458
157.8004053071815 100.92525011194215 251.65778982605696
795.5789766911275 9.330731399435594 698.3093819652727
225.26894792838738 37.88142802204085 86.83767871979181
63.47208460245232 9.506329409592345 800.4898918125929
134.60595073193764 257.3918577519124 549.4656128489291
62.32919899952528 202.51130030098952 63.63016042328601
153.42271280419456 118.14348178326759 1346.338066168199
195.674683549199 352.3638346510696 1108.706685132547
389.6642631178007 245.6248964051801 147.57156575401697
0.242303852229337 134.08060998847066 166.91747631469516
133.88543938696688 566.3909614311956 895.9085413249866
40.512822619101804 111.44124982918089 732.305160884738
24.523382401092164 132.78649426077678 920.5080925526923
124.57307539800252 313.90661259282336 345.65271102406547
25.796540097333363 492.6213831702024 1482.358097704649
45.27686581606491 296.24676378757823 1430.538187115932
89.92819699108446 27.262811007255877 637.9680715630608
306.19522944452797 864.9490340017845 760.9591141571586
45.88945311439534 223.05617808324172 272.49394985723035
15.837627542151326 1169.6585918466171 434.4179124888092
17.08753964056188 288.9527251099406 263.4200534420419
79.07138951269734 93.85997396335925 1193.6845160656346
857.6307612395494 190.78188265562056 1150.7329893048195
150.66733385914696 102.23880193545402 562.0370802278727
29.199565405827983 262.07204689917035 1434.408658236504
130.79687135833865 53.733489867952635 922.758096496367
179.17757825376864 253.9912382855906 415.5362200894071
0.075912156671326 118.08984403166455 1045.8274221892084
122.16670817788436 234.5789371209022 716.9404520335592
266.47460419119193 406.8581251851555 515.5200648789373
59.12584902691499 58.46876884097395 830.8635356498892
11.488040798424105 48.72589947665266 129.69072174603525
41.12400158137227 366.50417380804794 1335.1094666674287
261.86570816171866 124.09167826414267 626.3920360265037
19.817716164136804 140.08077490071253 1138.0112296787993
45.349932534645326 6.525909426605751 842.6013270723231
136.78108117855407 249.08400419534945 83.52643905210128
202.24893475114575 532.6319687622895 514.3537741984244
4.0001469187954735 675.5068224201704 1293.3463834433344
227.58002951224273 212.18998634356558 370.5513847725298
3.8308432332720757 55.05987242201867 1452.0635975753019
36.50939188679917 61.41013176746634 1311.8491411428017
50.42549923569466 31.648165192549136 1344.039414827659
90.51617709243244 61.75398701658412 1236.1289119354494
109.67807965655778 267.52189978065337 1222.8077685694602
105.83250240638849 76.86926399024972 24.458905884956305
72.0489595110458 716.583758172198 973.5659648537949
196.14837980345158 217.51316524022286 879.822516646001
667.4440433496543 220.94132272036916 825.0415138565486
495.1022054858258 551.736350536743 1324.8412233841018
419.04705664184723 654.9333857247547 1496.467107901692
122.88912913813958 111.45160858940679 993.901557534894
1.304375747621256 228.97716626336782 205.34790483584703
1035.7581891156037 120.44194758589238 945.3544696585781
74.03991353003838 32.726529785491564 216.85640567704257
323.23269285389335 211.53857253443155 1493.6902629865147
134.16754775589268 97.67705185919418 854.5440656538601
21.15878990345586 635.0496592306148 959.5023536735608
101.84954862409874 201.15803422104426 831.8802362863076
52.36332679061473 262.4227546206875 902.2257391002356
75.93129066437832 548.0540990286073 362.2149067196864
289.6598390239624 397.8072939727971 292.5397368437764
127.56452126643612 807.1896137334214 1136.6047897051003
345.08045499296423 120.88430508994318 70.83833665620793
87.16636812600589 269.3620459639903 886.0999377222023
44.55651088102673 103.6131894192039 988.4701374927243
251.94606069053154 237.1499686762399 814.0004161128012
205.1823224937932 115.11249408423005 1495.4305153784567
406.34222701572685 494.46634648867615 240.3764984115137
640.3693789053484 492.8441470582293 76.42388707537128
128.30182430163012 127.45378655833473 1152.2084923951252
141.25735780353597 49.22753271895959 1480.394119678685
247.2316196563907 80.82899176791881 1472.3448195679225
34.041555627447 30.50251430197403 587.0514372228281
5.438689069099848 281.8106201289741 1106.2080740910476
28.949911408143702 6.1324497408302685 690.6240271327222
75.77820631339827 67.47759978786272 670.130364581476
556.5952345310312 183.55425347670726 721.9479594024815
125.62760530157652 29.09105260992283 660.2449276600846
260.7192254733353 84.1740269370091 460.30958010547283
114.99312613193887 122.35450537540034 280.22182936881217
101.90169526437376 135.23150336893758 1392.987470794642
354.22780952090653 49.50899823246061 1336.211816012541
7.186390987884662 31.70605444032907 280.79207270714755
91.40721263057313 912.1158429438237 717.6107822489986
39.08289848882462 273.9822310806184 593.3949048776369
40.84577418517551 29.087572565626907 9.45676943134477
90.58681813449383 375.53251978645375 888.6140181770351
50.201706573132654 21.685804351847512 891.0730188439319
178.97043644323116 284.6619536288061 1381.5017031805962
67.20367913961425 494.5143223787497 801.1482977306364
107.85680691917517 343.9987730289589 967.9797518491895
749.0831759382097 86.24751664353703 139.57378875358728
185.24082600262287 241.3537334128649 551.7550534771802
415.44304100556786 17.46185418997774 219.28407530041815
174.91557140290638 146.31230528474688 122.3573680800063
113.29987300488109 145.79781291831353 1135.5663144765313
119.96784228928428 249.10786961420052 1435.9886682261808
141.6502085111932 708.925350271175 358.34714888293354
38.14926698067074 133.39329709537932 1366.4894874011502
479.9316937141424 18.65469613158792 686.1298324975792
154.4474419237035 25.663238432937792 425.18798557667225
179.04592392076955 35.49196093780916 624.8956556785558
27.067212745789053 6.529833637614548 803.7113674250764
212.99096639738147 461.96233981702306 269.4535462293005
273.62849592084683 115.48564530793428 194.6697181521969
53.460071181481126 12.986597048192674 762.6013258091308
72.05528310631175 444.0236474240452 1307.2766044774075
89.56533100672883 395.13653302173645 1448.525423830525
47.52800820618751 188.57934810565087 385.52034114621057
91.93366761285611 215.5102684878499 976.8131261668852
842.6273427036806 19.85247400672911 1162.4692859588486
14.529296561278393 29.801877207917858 758.4601697677152
412.955627633868 31.308251436857155 971.3865990559286
67.40402340992611 128.13014467436105 378.2870568866487
281.0241499529173 0.140174807500607 501.7553277545199
37.74680133976094 252.34348826027562 313.57853330455436
214.35358870279453 14.219049423267748 255.4412523216102
231.77092367735065 77.13022612367072 794.1231304776675
180.33353361978882 120.65986865814031 669.881638111417
233.23617433177617 2.5950983557117406 893.4298516945695
49.432078669573414 841.26338984491 1072.8312246029914
93.17889708055641 209.05772593342036 182.14225725859606
276.5475508266766 101.04238065523418 789.0123323355723
262.37559300520564 22.011947406856454 1158.5021181796194
172.7095683964492 154.71173312984854 425.6768594742791
41.98012676410115 374.45811810250694 1252.1263791631743
181.79190385130755 8.904764924577545 1272.5916890118333
77.38464256044124 0.4669522067293589 1298.3025993158515
11.293462816210004 97.02147377788746 641.1328132267589
29.684221574098746 291.6136762082499 326.14415686601586
60.227610342718364 153.66348522673056 632.2104972140996
151.37460354473512 522.1088657268563 1.595221760237464
120.06670133979651 226.82348944831307 756.9383919859083
93.00498718355092 39.43955911063582 1230.2030886063521
141.3774415840411 30.60821798164179 233.69017256162132
1021.1280718812178 138.17489179120147 880.7000868944697
33.242117357121934 233.66523087054262 1493.17395396177
2.0195800887771296 639.7179929059124 925.6926649620877
276.4070296720865 184.04791788743654 794.0568362904579
154.8939840193587 508.4109869371722 345.8966963395307
107.75120303719766 62.69143301071461 1186.0172219107858
21.302250922735535 109.49956992046582 1128.0033219380807
258.8487376472895 83.69008408139767 135.40984311455134
6.8735874172702385 40.39617294088883 664.8667933507003
32.5036202454767 33.12246361487032 160.87151894637975
16.92601466946007 41.65836139305093 1296.1472690701007
319.31096509451845 297.7711058856963 1117.2584853280794
189.71661520958276 171.35374192488558 538.2594075643658
155.40754156716892 6.716264588120385 1085.419536255838
107.1528556391688 109.14580382588419 1307.7893852028387
858.4100167805724 107.01824821608736 973.4829976882818
362.5370269408537 95.42387390212465 750.8255941432607
10.401785798771154 44.686901157345034 1233.0818843491368
91.80236373952198 96.07610362992264 1260.7654430943726
43.64735055264111 391.1440491220443 622.0614516289332
158.8552133448131 193.25435407481433 491.3221663747046
96.9723630165739 142.22094695689032 1022.5723689676238
726.5125382262635 83.083698772698 1436.6477037700724
5.939350137587671 188.36161644619122 831.4135310144612
177.00393508412574 147.1060876627778 1479.6705245467908
7.362792491815609 259.57553057249044 970.9870931531299
65.98792202117431 103.08567399387407 875.0365875544098
443.47288789257675 488.3170248853939 1414.3890441332119
139.41031492580862 699.5876104738243 1260.1818834617852
99.93997753901786 360.72729704656416 903.0912417013081
255.53191161967894 227.50901504350338 169.16794525748452
389.29403392083873 203.82984450994888 465.2967459571164
556.1791690451889 163.3192418726536 511.8729225465215
189.47785723534042 26.7058204197654 1254.3419530323392
72.26399169871667 475.300831724041 713.8406821837426
48.29108401668384 53.00363252173849 1334.4972267050307
141.49224303653904 482.15435446379206 1143.0176588172599
94.49895164961693 105.04155450152126 1183.7481449508407
116.17607623759343 10.784811824821734 340.2748515634396
40.92115886525873 34.841101819317956 629.4391678417574
10.623495637960122 98.79176553877886 122.03310250752547
132.67994224806694 271.4070348349264 271.8554458206528
241.50403372349535 178.14685314378772 961.0756066577752
256.4293564557255 48.72556004037636 514.1686845354814
1.7358337400450625 342.3225367955325 152.0713763085808
142.6186432414191 130.74936063182975 746.2398244845028
237.32660420677374 155.15794678895156 365.8377179708546
9.725839626568158 108.19881789559626 1090.1036162218074
30.522553010649567 46.32182202147528 1115.5172017537288
87.9782062153363 107.70269723496135 186.68933746445708
211.53777086908576 528.6526934355004 58.04455682630499
447.90783901958474 138.3499482279276 1158.452057084365
229.9821656711609 98.23810340955959 1174.3668542311734
508.6079464706125 263.9296490267203 860.0645169748409
18.564874892225617 67.19840772098188 1481.7644606254582
359.6691993755191 63.58194853446824 1207.9174623592276
85.5061781331018 154.82512497329816 965.6526675834907
230.0967494446845 110.9325351399544 1027.5094861315463
87.95090826609375 45.26100397651519 610.0401374039523
