150
658.2495516871752 678.9281524683649 1353.2278378861567
1379.319571463381 864.3122527650041 1277.0565697019993
953.2290345757802 849.751010186802 1374.396625528926
1059.057879336084 984.6587488129403 1021.8469602466697
897.0833707391891 1062.7500786761896 38.91384340064119
974.1415355811295 886.5753935861294 1304.1844000921367
908.285369674513 1217.2080889571052 1492.4347224350859
639.7674572985092 912.83078460049 1290.1797483346577
950.1279356065893 1092.9234096184537 25.998058300788717
1078.8980431504986 773.0449306674284 867.3213211557968
904.7603502887359 943.31264962141 1468.1489410047557
630.5057215679917 1073.5739737578724 1419.5494385659204
1172.24728578719 742.5307109873185 514.966798256302
1130.6389525450932 922.6019086462384 766.0350257283832
1197.078500159378 995.5350461304365 399.04048801523015
877.2365879505403 674.814486064033 428.53171293209294
558.0388488728945 1112.9680602545986 939.0520097996912
964.6712526053277 1054.3438764569369 1385.2492518913893
626.3275210289139 1040.072150773999 572.7893292900502
1033.322111658755 540.061541322834 761.1834250569686
519.4914305235163 1014.9118043720288 1356.772936142556
1036.1001655477958 1230.3331285826127 899.6153323425906
1261.6255475433913 1254.402277400218 707.0885483245958
1458.7626229664352 1140.3450436236963 456.2617137052303
874.8269133404352 847.4306990893738 1178.439584130924
897.4186564806805 1033.4033950229614 681.2334504700591
1319.175941381021 819.908432550985 354.0822047025778
913.7216106290286 673.2230633813417 498.2910426139725
865.4508438953168 980.3461619989288 1339.716865642535
785.3509937470144 701.7336416470648 378.8947198273676
1067.8459757965838 864.6180556791104 862.1249471895404
925.3158103502443 1591.2288459846689 1191.7475776737326
901.4157340680412 888.6605528283477 737.1174874784799
661.427414978469 1467.102991452738 794.9882647603619
1101.471253805344 1105.7013216436408 1120.2312420470253
1343.9725580692698 1163.436367465782 1411.1132344575562
1078.343372621358 1282.2519517913663 672.9603162314429
1053.0038772959442 795.3776186964698 682.8697759254206
1164.2380854506866 961.0544002213451 1480.1270463069472
1182.8566513018468 847.9017878155132 34.925230466746505
1025.7013098817488 1353.7958481706614 1238.6135453567913
888.2374555410621 634.7881272960675 1370.0993858377178
1438.3822036217307 1286.9480924328693 1313.0418173876024
1068.7697881533118 1156.220424851444 918.1375113466838
1013.9551875783009 1078.064476494985 1461.0531147614481
857.3849544040727 828.0718758094956 790.6482484855186
864.8110301549881 1171.015553641487 854.8402644006627
1221.3713440576112 746.2006865550248 1260.15997947094
1166.8583321960527 894.7471409962222 65.39426944405069
1161.6690646529828 795.9582635495664 704.218103445295
777.1103637783366 1099.9922882492951 1196.6435248250202
835.828447722172 873.507779189334 1141.3255673385863
1239.6603230451815 955.0364208286883 609.8495695262092
892.1380174349896 935.1479077534254 836.0515737044894
1364.8383475789565 1634.8882504329097 669.667695475796
1308.1032341019509 1084.558434284057 1291.7107429698106
1377.396006022673 1006.8276509707622 1100.7234750416883
737.208328637427 644.0477577877389 1208.1700387862418
1091.7091610214518 828.7950432956316 1092.5618652583482
896.147284662283 845.2537006933151 94.0670883523721
1064.3335803111324 1477.418029328297 1255.1177679743078
1101.8215667961153 841.5863025139 217.79303963432568
731.1800052070267 368.69092209155383 529.0480652073361
1573.4960524797098 1298.8313480711106 638.2581799495736
714.3925013624953 1065.25572011451 795.1236764381867
1326.9412897180528 775.4828951464208 638.0106399803648
1248.0567132612377 501.41258888119245 1346.3879108055337
901.0449420404207 1174.0976288257207 913.6292201073542
754.5301108585708 1104.9008551480983 19.494982275267635
557.9403717364411 1285.5614765181658 402.8700552368735
847.3426942972696 540.147447786499 982.8196644112429
1247.7705624010916 1061.348480883784 362.31811820379033
1199.3357444684505 1088.8092019204264 404.4188171043328
1117.567907221186 952.5732704585487 1301.50658483936
971.33623793789 1628.8742108386607 1412.0677899538816
1036.7667396562576 589.1662799410681 950.1193476173465
803.5169343688478 1156.9466127208673 171.35410503319963
729.6196677737195 1035.5462986427071 647.6987746852811
816.5622952537834 1329.9181407694355 528.2186715855674
685.1148026895355 1086.2696218803567 68.6128169659302
1127.4211826302585 813.7637620892035 1292.0887044372876
1299.1949312241877 1454.5418541896015 70.94764269604448
998.258713476588 869.4431082109218 213.7203050961346
456.64412738639544 1466.3662255356803 1056.4138628736735
1183.4596925675314 1007.1078224093407 528.6038562810119
1147.354470376075 756.9251779478288 1113.7667913057642
822.5371703169242 884.2502935078223 1107.693660278949
692.169748473068 845.9459030108744 507.90028659892863
1032.4551857393733 625.1592174433363 1279.8353440766577
859.5441103795406 984.487342034434 523.7395922806088
1118.384822598995 737.7689619532293 147.7883691024683
1146.5957720712454 932.5780058042114 887.7696055635414
1195.4214284871005 931.7589761725067 1321.3683831474743
993.3000927828515 1239.2839340111552 476.32536730993945
1452.5299829809546 1048.847490398999 0.7406350117959981
922.7248364633217 1137.211523214719 160.60118187781308
1315.6461453357724 878.2856718827005 432.6965396500008
1182.1919855642698 1049.5149430010895 289.0446641231806
1020.0214596829843 908.8107140488702 285.01579795639
1233.1117095534769 1016.4432578772615 51.98598628459283
617.9065450297255 1305.9353280729279 200.4407064789172
683.6658362808746 705.7678878108595 1205.3358300171951
1155.0790589172764 1449.7767712041832 1065.101086756491
1345.7440587585425 1502.2582576019176 1350.9937725187053
709.6899071946111 743.9779845465246 966.5262224176969
793.204318250785 623.8638613013752 1045.8745176330362
525.2993221676602 1288.8627766724103 692.334746973693
1204.605984852437 1097.2858009382992 1449.899952846802
1270.0370202314364 889.9387662905376 551.2956685171133
806.328203706933 1157.7768040144526 90.2377539444656
1190.4534259990696 1259.8175032015238 294.9515366421545
941.2612714106854 531.7993756196131 619.9677837279534
1461.3192665366878 1324.2040141429943 1439.4320855033714
690.850106711847 1143.6862111530568 740.0382676081048
771.8055289226023 1154.811159097265 1470.6246574441313
1005.2757892094762 871.6004533269856 676.3729996947421
902.1935818553285 1033.6542899089866 93.45871809443173
666.1206188377831 1356.4075478435984 1025.0724176928609
1194.8773474534307 637.879396428564 1038.8008591884716
1155.3824726459638 992.1905710024618 627.8504871989829
1186.3598238864618 437.06460948750157 1109.3690146381973
419.3713193489526 892.9525339732671 1049.1501825706657
1182.1134843474674 900.1893620950223 208.50388810780805
1058.285242097071 902.0662779027225 546.7165762895263
826.2400903807315 932.7492739732937 1400.144271444299
1153.4611728841246 918.7992318151323 973.9914623238529
1675.943424771896 1424.8473459272054 908.6981943120535
1288.833334839876 802.5336064427793 1467.1256975877052
1443.3427990706728 760.524264923793 1385.7339038946293
876.7187145133717 917.5037931437093 1377.607301430501
667.0317734339696 1069.1124679097381 1294.7883115662762
1024.3666044264621 938.7106325805444 1370.658591846166
1378.3497114193804 553.9049836985582 424.4920552618229
813.2347178812695 1104.0697682892753 455.7214085394951
813.3708216012831 796.7906431530027 1428.2520242925334
1021.1537852525411 714.8608274341184 1442.4416514970915
668.7539156785192 964.5227528446767 746.9807754004314
1090.2889492890947 1187.4940969573647 258.9033496484794
662.3855156510286 1218.3989359121006 1417.8234011553418
1071.9667602285917 905.4959848469352 1071.5547661316748
1037.272016654511 1181.380682948716 558.2120693742316
1144.1894854618845 682.4101674889704 1347.5382250359703
912.7320453354611 1286.2505590181618 48.40350689700662
1019.3686651423367 1200.649444327994 785.1085816414874
1048.3664609229927 793.258142950782 35.5945753712249
1301.812811718471 1350.1990369673254 403.0732266360712
870.6474959148401 1025.3924634863713 754.5241151293372
827.0112836487757 1293.174072699637 687.0438824137452
1564.389363614459 1368.337240382819 543.6295997142512
1143.9972377263641 952.9376081718835 0.6388190636561486
