150
470.29750796559676 1205.4647267863475 993.0083384934711
1273.7160391665088 837.1605716571692 621.9767375587986
1051.3820115849562 1054.5398979023782 392.15244164702
1287.4256779704474 774.0506408572159 282.2808252248504
1422.7480747073562 1421.9228300436491 1369.8304192142446
978.2612081752022 871.111365551033 864.9481289879141
1312.7168931398312 832.2819791709954 901.2310083758733
1152.5929818777706 594.9988000042484 632.1800596821864
913.5436852921521 1503.429106781602 620.3142463966919
863.21916925957 1154.167564364774 1009.115877882839
1139.5106145232464 1460.0076036734872 935.4378846725863
1383.51340661987 1136.1630762213554 63.85272398382713
1450.8653284783275 1370.8465386237335 424.1288345501868
827.8298957921127 737.9555535132238 1032.3225294974075
835.5218421814766 733.581266029297 1151.5879445762428
1175.6552694756544 1279.8015313891426 1119.1295945347974
1215.9502997426823 899.9463610851701 963.2803459057429
761.8340195134582 1000.0881257342564 944.3991665120086
646.5243081040753 1180.4835931717625 761.2681323711821
916.9567507522097 898.5046997962824 1392.5532318162614
563.5701519092862 860.6539560606617 459.9665436356127
1288.6243912571395 402.962616897937 275.75587613085503
1172.7120054512184 728.3366464602369 720.5940661724146
1112.1799647496623 665.2528919357709 932.2732067995436
934.5511268552324 1210.74757013423 280.6422560299673
314.7871353593299 842.1906944117958 1065.30236632758
958.2855261699959 1011.7174416763905 1432.063760702574
714.8531074742602 692.6846546597187 669.448482172104
919.0819710109639 1056.1116403366643 246.87943581345968
745.2058966754532 1246.9860949043543 932.4985901358662
1372.866487241941 1155.8487604925651 54.71807101248921
762.7519619221409 1087.9805816995124 1060.49643337449
1112.469004519049 865.2140076455734 392.6514238483919
1325.2446624643856 1126.719677041861 188.68715435374884
820.2910833183355 1131.6661675105208 598.3448417603946
1227.2355876943889 1126.9501217738207 318.94127767352575
1103.5615773454936 1286.2762696907569 241.35023053893883
477.8346475694641 1127.4487958134198 1305.5074173225012
1295.7432951511064 454.673487789456 197.19400216034367
785.3539101946814 853.7388317541122 751.9034379440214
664.0369449115858 1132.3966894245382 889.0470102394179
573.4058280290221 577.3657099836826 53.9018426699302
1267.0974950713835 937.729637124933 902.9611710126574
665.7634524360293 1283.2699546795434 1177.4273674371673
845.5042027197168 1022.2858488510027 659.5256755544755
979.6076979506431 1471.0416726339395 1298.5315247320939
865.2069902789231 1037.8437399373938 94.5352507793491
1104.8414394317317 1246.1026138372265 144.49023520246
1362.902705038207 1524.8403652820289 419.924406468859
705.5839857062357 901.2849284025892 789.3070552101459
973.5580025076591 851.1898255072364 1307.3850009060172
824.9942194377655 1134.0852010639737 619.5084013968051
1168.8331655248107 1128.3572805766541 1248.0804035968115
1149.5565462882664 1069.4000280909768 1339.8741231126337
1176.3041265188997 834.863279321057 906.5042859905849
1208.2771263992927 1119.779940394861 1189.003768125628
1072.8061923237176 1342.7499867279803 789.810708394109
1042.195028986862 807.4302756587979 1408.5105160375497
1104.315592038863 791.8645538933982 1070.5707175309
643.0063946302548 1161.4653057111839 667.7522854548815
1310.762306759574 766.1915508612117 479.62544280829
677.8750636146665 1096.21290675059 644.219162886479
1133.6685567665036 1045.888596516906 1118.3173681331698
833.6842839781231 1172.5118007285287 1462.2028625911862
1107.3035754510606 948.0654918833303 1428.7728457853136
1355.3888482742443 922.5319325261703 436.9169963800274
938.5610783995808 1076.9555033812037 355.63724480261567
1099.8542425060573 695.3701367027279 1395.4379627423643
656.868652774139 670.9264516980238 1100.020210905573
1064.7102332536385 1417.008498042892 218.2226909648542
629.1015266594517 1118.796052868411 209.32140773123714
1323.1409159674963 1534.2657616936908 196.87967815207185
810.174670376881 1269.5102327624304 61.21051001172218
1075.960366381208 770.0758143962844 1031.8621882206273
1048.3688571455782 1137.1241533797722 1199.4673284342625
971.2859735963691 1448.9606541918208 735.5737328956991
984.319238046023 1352.6087387959146 683.7882784251572
1367.2262297084142 1013.063570904425 1099.5477182471745
847.4933831540404 868.7459958245275 1396.3457477593906
1259.456826681762 541.8090298074296 1270.330681307329
1365.2520587955105 712.7570688832391 1479.4602496820185
736.3376946409217 772.3259730546292 1154.4384868967613
1022.3772772598443 545.3271605631655 1180.7870351110405
726.8758591572013 824.3717450947557 1438.5783012839852
927.9134421147854 1314.2647368486803 929.9259293946179
1015.4066521021742 936.2644741834266 528.3833717883174
553.7860816365945 1076.6733964583104 210.4184503063344
759.8523975966805 913.2395205592917 873.6765678710835
881.2257188540844 1064.4536713436748 1190.4640244815346
1208.8604719829036 841.7454478639659 1036.307305490899
832.3814658567319 839.2208197887702 632.0145519186392
376.8033944171167 602.91838474095 331.70951862428075
964.9920263593925 1047.7451360008154 816.1267059677255
1316.4440265755584 1340.31881330938 1305.5747149993858
278.4549959344704 908.0828643885787 1477.0218916194888
1024.9169641521619 1294.194772030216 701.8227437156436
735.6777124682274 1268.0733718957742 690.260746757535
626.6109862613971 783.8133848628253 588.3916763889002
909.3630388553314 603.1660074297381 1277.2224242546429
1429.2036215620883 899.9826764155629 1394.4770684255877
1350.1082392453268 654.8404889642669 967.9200111740313
919.5075121468002 971.7245413364383 1134.7716501956072
654.0209928570071 1192.2037392010795 1456.6787228806759
1309.793177097815 1145.7249509294734 456.5582755834529
693.1335670961615 642.4927125407675 158.10154826535683
1022.5840738173711 1400.4513514605492 1225.0193913382427
397.06639647191355 921.4582587805806 1003.6962308435188
1362.3811525735734 1198.2138562350137 941.774443200219
1267.2825992001754 1636.2183827417675 481.60219188703377
1036.6609838588593 1342.5823514253773 1328.4675352186343
1042.8276526245418 1044.1016882370084 989.2506151615854
1032.3336977029387 1291.1249137990194 846.5396463297348
1214.0810529344167 1485.2086463027988 151.03777820572006
442.1252164113232 1096.039886567251 956.5099394446224
845.6138514982894 1089.494569683056 677.862799720041
1121.6631606297462 974.3085300835004 395.0946300057157
1266.5451201927258 666.4810591080522 564.5191846661543
1596.6588514529126 1113.5484058694956 744.9203438068059
857.35882454196 915.1054395992642 357.7687998711559
864.88914758686 699.4725707534046 1459.0570482474125
1077.8176596454177 798.9898452760171 401.1645441501545
684.2567399882075 901.2094514291879 1115.5670963147968
1103.6160444236405 1027.485749706585 379.12140779192936
761.073670289086 1178.1693788527418 1155.005327332165
1067.082070849669 1039.8900808424144 1089.3336180555343
1166.5073592167637 1174.8973552228324 328.6620592822499
1355.780242727121 909.9267750718278 237.44346615267264
1417.7765367294699 732.2379234506004 944.1164755333513
1319.3884315049468 1053.612114441212 557.7542596907099
937.4715842084585 944.9853140773813 704.0469545482974
1041.3641736028337 1150.9333800098493 899.2221030874142
673.1747921782105 891.4717113052744 1205.91538172566
1895.53505512617 1260.2436529422853 1262.846783980942
998.8819815074903 1074.828384830917 473.46621813245633
989.3408017419406 951.0754356904404 1470.4097483472988
1259.271178764558 1027.5642049840494 644.2530720382208
999.267621612844 848.5807132246132 899.6936552652325
1083.8006416621256 693.7657671926653 5.580533352638472
999.2035941455945 1119.9929457815392 948.0905739755023
1121.7276682342083 1010.25599677548 539.9790593786049
829.6123920594159 748.229050400468 61.71151711170253
645.7166020563153 964.7372634653506 330.0054570471716
925.1943863833319 897.312990729995 1135.1057542509081
730.4777682672865 874.1837349611395 1280.8786041076273
1007.9241880624883 1007.0969256979793 1201.6848711735506
983.2534642834303 1219.8795959000454 61.860906696983406
916.3828170174197 649.6583429233283 1152.055562244849
1262.3527255089084 863.2761904702697 1400.0249464061674
1133.4190576211784 1033.8739082361612 87.60903725202091
1255.711404491209 893.0599931095185 742.4219832175943
