150
1141.546752420735 516.027290097551 739.7456850174034
1017.4428606848592 1017.5996278727754 958.1367221436494
1064.4961569754096 791.9512423298993 370.25918267424186
957.5120814640452 978.8806622109453 591.3731971146849
879.1395793692554 886.5333757801415 28.13382955592647
1096.9902722330644 878.6678187874428 826.3688112618328
565.1830666957549 1051.8146474899656 1436.5989721739702
1011.1644235754402 1094.427776036295 1153.9117224849042
634.9904455553676 1057.3399045447247 1297.369438098801
959.8189851355033 928.4117593618147 452.97208334120427
976.4242273937534 762.3301813285061 770.4504711011651
1393.0064021827811 1257.5910539202991 1130.6005960986197
727.9290914728421 837.5542360604403 1226.7364157547659
883.4586136763568 795.9601582838411 990.8920562944936
1032.4536901201404 979.9486167387188 52.071045439369634
761.5937883519332 1137.3230353326762 1187.052106631423
828.3349239164756 805.1335834939565 1447.3911266535283
574.7377300361134 1420.9705456930985 575.03572423578
1173.4648166665331 788.95629754811 967.2860399407251
842.272058617285 868.0862650029137 1420.1010190771237
1017.3104705806592 1261.3810915282133 1223.7374614913049
1444.3972278897943 1034.828593334627 703.3492726942367
742.5375092852948 914.2444811250589 114.44630441185572
847.6211824604911 579.1108533778809 807.404287070123
722.853217903353 347.52814332847595 592.5590876959396
910.7297696449481 722.5589625472194 732.557618001158
1077.9016346392086 961.9174728609345 154.07576565063175
1237.382517978419 1241.5083149185562 174.61119014017507
1028.3301769239115 1018.5830656280975 303.1664823483797
907.3284112208439 988.8978587664799 85.53165143529878
1122.094368203201 1021.6820187958713 1101.5055798553315
1097.1958490970067 908.7123239253858 728.382926115077
1029.8903938781289 812.1629382417464 705.3156782024909
718.5415374606082 908.423066278004 1049.0251386433815
847.0187801469593 872.83719394835 733.1394615675885
778.7720400178905 893.3544567330908 344.09486985904385
614.19525072835 1052.275780843778 619.8236137653711
1006.5569153110696 533.8679287223051 697.1965531972639
815.5757249450265 1242.2567775911914 1403.0282741894182
1079.0197026915155 1380.8459918952535 811.1422179116147
1135.6161875654757 1023.9454584145678 244.62618284901362
1140.9033586094583 601.7360515247492 1093.485752238055
1133.698186424094 1074.794874493966 474.740640764342
878.4468412551463 802.4751119701581 413.62943796023524
625.8230175932282 744.0007649941839 116.63720865062477
1112.5018907252672 983.7740342885204 761.404479729384
1161.3989746072955 1039.4115508324862 833.0682235219888
761.9979900966091 612.8863007697721 76.34090591331372
621.0839192259268 871.9082385658847 1226.5669692897225
1289.7217514619758 1027.6942106873944 495.2415194830484
618.3802421125691 1212.8744945101319 127.1468406541707
873.2377601535601 1091.8841868416505 443.98454789945197
1246.869652911275 1283.1856782211719 248.55054202337246
1677.8084393708855 1277.2233497512689 106.48736932274532
949.8929543180463 761.8543295820294 998.3706995115386
844.6902604563865 830.528977269308 782.6945087418695
1363.386357981082 1029.185603493692 62.94044306750985
1092.2302536231784 977.7667157491497 1420.1020134517255
1140.5278251660807 937.9699208311876 915.2179454502173
983.7334556940289 1097.5175378740294 612.9894921511775
832.7772241708012 881.2572683497702 110.28640338021195
893.6718459800685 870.0027391455358 1398.1803669139667
1015.6880513160369 993.0382579161708 1145.58208439344
1129.6028190825868 865.9117540788295 565.8931062915615
432.1345610237365 1087.752733406948 903.6324828863148
1283.986022801777 1219.4511572989804 419.4690756949874
1015.5598070787131 1106.7883787376295 282.29936463697635
1063.8641231108131 1002.7726774966121 997.9506391615337
831.14825138739 595.3629025467018 915.2651445890892
1005.4473950172886 1176.3943202341884 240.92552577178407
1301.1234647989513 886.3828138161023 1070.7116408874572
965.5784357998035 555.0123234044734 35.9745133597521
839.3270658070014 1221.6470241021068 1326.4539255843604
1497.6359893249683 955.2217605118112 770.5395646358941
1332.1162056333135 1065.1976212791178 206.16339394238014
952.1617654335889 1107.168862079761 929.4542452877981
803.1282456154217 1082.7082169649473 1109.4127176589022
1105.398920649348 1126.841492020724 276.84751159619117
1168.8990064374007 829.5582255169988 108.08377945908398
1182.2046279553495 895.7056051032692 171.35741228206308
1375.166846998785 1000.3908535364712 943.9285100414155
1247.9974170771457 1417.3762029997774 79.95864999873147
869.7173989566539 1296.5566369709916 1171.6498195588954
548.6416648131233 872.7491461758574 867.8222269657412
1145.7661352413745 957.0323762708698 529.9378742504333
953.9503475512205 1089.414305375016 750.0747217098249
947.0292344411871 959.0886270819312 286.674365097293
1147.426466338429 868.8851258375868 1217.7084965347708
858.8291896276166 1009.3348778855415 575.408448644417
1073.157734946774 1115.5595551430702 1165.0628351909
1147.5814496066646 1299.5160626440102 363.8153103312277
1114.9053740141806 810.1515761864183 155.72876789058188
1194.084611751056 924.0981704444791 385.3948881248898
974.5436440972088 1022.2902734405548 247.74724591769348
1027.8251834286143 819.6998071856679 1442.5142664780346
922.3810424835623 1131.673619258468 848.9409317784073
604.761039068859 1244.8808870761454 216.74520656815633
939.0859856522014 1383.817477188817 1254.1211421476996
1269.5328989413551 1021.0549429481897 1265.286280205912
943.1284652400818 1270.5935872722057 838.1111963881283
1160.6352938342843 1287.0486889402794 292.3435060784463
1123.5899950869207 494.58518708349806 468.3188196858511
794.9680179887671 856.8350896268036 685.661668386691
1009.7762737718126 936.4894283014456 991.7508249652601
930.3290085692007 576.3822093682528 532.4684338184052
960.4935441885547 964.1934963600235 380.8709715884915
802.7108666647233 781.3889861038524 1301.9705463850364
893.57212093899 906.4841162327746 28.332900567207332
884.0059641620221 842.7770201435568 1420.3172494614898
1309.1536374768039 1337.0987837069713 1151.5859001408232
925.0026511994106 1134.6757832225462 250.39684240468569
961.9301814310994 1388.9823298752142 761.0235354296433
1109.5500217683314 662.850520984455 100.86627660483516
1083.1945775458887 625.682649623742 1493.8543366555607
1073.717037104785 1140.3940604370948 745.2668693575052
1104.402720750243 852.9864787871389 1332.0288235589521
841.0560231197296 846.3087475097561 1464.2604888851254
1141.8946120794826 737.8170702963375 1293.6157269632001
416.25344321187583 844.6770789807109 510.44206112547977
1124.970285848732 795.8780259160632 595.4299789044591
1126.4470931374974 689.8625476400161 109.25108712144066
977.7562782413142 1027.8953262516463 936.861462098547
745.1404815585847 1096.282292538325 1421.645461690528
779.5253199560451 1398.2490513824998 769.3138137085847
797.1864995945468 716.5585001685517 1247.984513624081
842.284308199681 1275.069397791638 281.0646416169069
639.1473684999819 1028.5557789048712 1053.9822763139184
542.4816142824516 854.2983919124074 1434.0713569527009
817.770468554474 886.6132996936367 438.61747920108803
972.3724367731347 951.1298090284398 1413.0572316844236
929.944193554606 1115.1249857057214 1191.66500968328
1062.9319215689716 1127.814138423637 921.5204190731596
690.192867181511 886.4554500540047 868.8133687683851
805.6129320428462 1586.0514068163234 467.3336262979028
978.4202331140759 1006.4504226915489 752.7398447810193
483.8372491448822 1311.6231104459112 458.5629320699187
863.458693769138 1238.7404291733071 1377.0664812899909
865.2406699450202 727.3788665398428 1402.8416788635825
845.0561112614783 937.1409669775286 253.4318069891459
1353.5134273469703 1325.3734809374391 1434.956518534381
689.0784829228544 838.8061512287011 1176.1460919878411
709.3595247608548 1193.2679850948668 815.423943359115
1088.0870142688914 858.8419662703429 298.5981220740553
557.8153870898955 558.2508856539623 887.5230715114943
928.1236447076132 1086.011433677874 663.2471152792257
879.861281143203 714.433688595464 1140.1774095981934
1396.0249202502087 1292.5113898442016 630.8636357978564
1095.3745059596517 1028.5262143828422 544.6069171990134
1321.2737096323283 838.5525277757667 1178.5041571639258
1042.903749753071 1093.3229280285443 201.1536879348778
