150
783.4406249703153 1424.0131496945714 1464.7508475112152
965.916779974759 983.4182806247144 794.9443641365683
1263.1456139853462 1626.4792010444016 758.0094586684286
1233.4449667295194 822.1928485548904 1084.4076078958644
865.5543389153435 739.1488599922086 1243.0174431052637
1011.0785574731647 700.0666514338593 113.96646416035699
688.000654511542 1184.4061407274396 587.7657233347136
1098.6878158414652 1055.5432032594806 983.044116933766
1217.0738542160439 1106.1126826327052 322.37589689641095
1447.3765364923472 1546.0494886049055 100.98612943867852
1349.334753877883 719.0566064568587 1198.5699440322212
1204.633643567577 1087.580521383683 114.3607210339202
1352.257531274141 876.593854544764 505.26514907133986
546.5081812457325 1432.2465883447853 1321.7080539671563
1161.8078901977342 976.4305841966709 429.70049370862745
613.5111210128368 735.085352546603 639.2174747393804
1079.2445577741441 685.6819020927396 942.1042580196691
878.582538046067 1059.886043568143 1401.3919652449242
1309.0982429615779 1279.1677353198324 603.4718669867583
861.4445079919244 947.7456134772258 637.8953428114249
727.96983873882 881.2592149938431 868.0768065009538
421.8870070035525 1056.838651756904 449.2530221090921
1366.2023932394832 744.1472812224303 860.0500430859839
887.0705483328809 982.7689428639004 660.8621289030954
1225.1270050881349 997.6632604131635 696.1477095638221
895.2496603982078 1314.9284970780373 1417.3130600079808
1227.4352999065675 1376.4888980567453 759.4772090537851
861.3328395538433 910.6322041063781 943.5813347695134
915.4476586436169 710.9880460041804 433.22354385916816
658.2066868610614 610.4523326769714 1004.1754076521803
1126.147385296009 1280.6272011136612 709.0614063067962
612.4929328331898 972.7934976520827 892.6047329961921
1247.5132125484445 1442.7399116849638 1125.5983306031155
1603.451051798795 545.3614107343461 40.28355667609773
1394.5164357975689 684.1905379692149 317.7584605751346
962.7387184279655 638.5641357898812 412.92567734661446
1041.6771788934416 721.880607798265 983.7837001897917
856.2747062457257 1083.7508208552345 52.23478379028268
900.8683742766893 887.7682784419011 539.9016766675585
993.6660505513177 1494.8702201130318 836.9968099399225
1239.5145250000176 1230.545235394051 724.6616121356532
1238.2776893302193 675.144405275468 425.0148420528339
836.4340943174147 588.8933944843172 593.9006615868105
960.3982902112069 1116.2286752475677 1031.5883243127041
938.1144380679752 492.6797879717878 161.0406800299522
935.8888163368348 852.8060859573329 1030.0091127797414
1222.437208511268 1081.0707211255437 224.5950385439499
781.464074501379 745.6339224375702 84.55919672666955
744.4762850469294 909.1843790831693 1230.0093399542036
835.6965318718255 989.9216015073979 1113.6683737933308
1490.2628819379138 1183.1283183410192 935.9862236509696
1273.3835466149862 1206.5129779066706 1346.6850003588129
1040.2291987067692 1388.2529730982994 121.37816913810173
1331.8294419988433 1012.5356854959466 1105.1720207277983
1068.401317234856 1090.2112564843615 1355.0995495390277
1015.0626787740274 751.0814337430388 1110.86594509768
1274.2538967401733 701.8343470953087 1162.6256615927075
786.2499052362173 1122.82102905271 505.9494847260739
965.7479119019509 1067.3459998557696 1219.6081456487016
633.74724565322 1110.136258358553 365.9254500287931
1028.2051969844592 534.9752696831071 1139.6202525428384
1007.5697025930262 999.7887831020804 918.1995400284168
1276.056212534639 1259.6557703557364 396.9898195206041
1120.2011763267717 1236.359799916513 1476.8116277424651
913.4713044770899 270.10785065631535 1237.2375427072818
965.6814023413983 854.2766664046829 1292.2805856463433
870.4972525720664 1356.5572760497762 795.9901037155162
1065.6474107995352 986.993532075375 216.06456676201995
1072.7203315477248 692.9244765178323 906.6050575574907
988.061044111232 1191.626102692012 1490.728308825015
829.9624417704854 1192.5175346323433 155.53018655007762
927.4572205995488 829.2946918484905 619.5254905829506
1313.2926735847855 829.0735968982524 229.78547160668995
663.2285863125942 1244.7285804509472 943.7953694106288
1239.6123284327316 831.7417653882234 23.49660439391077
1227.3859290050418 1074.4698536063695 1006.5889616150714
991.9537292610643 1014.2869686170125 856.8069621893297
1209.4062140904293 1407.632983505318 1449.2005372830297
1073.0111410678683 1106.9353597058494 686.2083441442387
988.00660417531 1210.2853190806977 434.7159348903595
1087.3468475788595 278.2393158176999 506.2642754995958
1130.0696721013505 1128.9389685130882 1131.1596303709123
995.0164317897878 1203.7429783584942 810.552170592974
1037.827255106571 730.4085526900387 262.8083777587186
1239.9238832089657 921.5434442059428 1063.2232826921506
1066.4256239404574 754.1903858339515 761.9171619658142
1190.208358636685 1508.0140166641402 1307.3622274196025
775.7182939023005 1103.9714971810336 44.11285066981524
654.5926125708943 1069.444002114598 1312.6839169851044
1093.2671355423915 1111.4801207163828 666.621683907962
1372.316547305698 1283.6479331610005 282.56600161342413
1042.8325397236258 1073.5867612623301 374.32456498104204
748.9650339953778 929.8134560028526 1433.5813488795761
1163.3500448120053 994.0476407530361 725.8606397034163
466.8124173145152 1249.9147519983458 49.65510972137038
725.5232437509908 788.8692386657177 220.6482290281457
853.2866505647995 1366.5850045179548 372.797634539189
684.152223142177 974.0471245814177 727.1975460777693
1100.859040596776 1231.972428878484 1401.5261303656027
775.7950811875886 800.5168420546995 1165.7709705934105
1220.6191404208141 758.5664771485056 273.45564084702914
1253.338071894897 591.4065049291744 736.3170641546585
642.0982637359061 708.7914454207857 1455.5694115137721
994.5822382181939 1159.9042351185983 1071.4739969280104
705.025072566594 952.312170153129 435.05536146260545
999.0021601602327 1274.785346779183 569.010684571296
804.2891623014827 782.5470028139588 719.7778092906079
938.1620806645826 1132.8056577317261 896.004924120213
960.2306646193146 961.1733177005962 487.84190941187944
884.3595147356585 898.0509974398209 724.2254419566938
1270.0332808709254 584.7404908062335 270.29533848714715
935.7759246479523 1104.7312875434807 101.34051386383008
936.6242070425209 672.9929894034894 629.107549402664
1192.891640564429 1335.4677509964517 1070.4302026027228
810.5162022026116 751.0015261885067 557.9139091655549
942.6159356195242 685.1609111874561 168.3210447231952
949.9532481146936 559.7880870571898 114.28341033785289
1508.9322907431176 896.3685007645358 977.6486457721875
1120.4658166823401 1050.5255852077348 720.0405900825582
639.9857563681271 1191.6995501450515 1110.359450232936
836.4154618617158 1264.3632603071787 1318.071840624262
1275.8617479288869 670.9889031224575 1402.6676095974863
936.7005632673163 1530.0100804946792 821.7749490686875
1235.0942992064067 1255.5241215842354 1387.8329074896571
1239.1988238299145 676.0945431784902 682.7935736902771
1532.8128039352428 1032.6396894502864 468.93865140619647
1032.8195418560997 1176.944675847345 244.07236487391276
1031.8198926287657 773.3977421906571 721.118994215628
1035.5065811091756 713.2166551588374 1115.7168228008436
1031.993053021952 1191.3182557436617 150.76970644173016
570.8554959441981 565.9297587624806 950.6236433758544
1304.4312474140047 916.5993475544076 1344.9080964815444
1309.794243189077 592.343732507494 136.32355030743
800.5323614973114 1268.482918565668 661.6649827478631
1127.1853774726237 696.0040288010783 416.3588860668776
1030.0957269803719 1797.344843387962 1301.9513818089395
900.0162745356128 1319.5970323857496 712.7762861605008
1172.4628248939307 979.5079509474616 1317.6278476944888
900.6951579817381 1101.9124429994313 1229.595478394612
913.8518948829665 906.543310896288 471.690945323179
1182.7092973957442 908.6264659439031 1068.2756723785628
758.5976240681749 945.9666501894968 1226.7795711370793
1140.6989368769587 734.9697493485223 750.9080009057557
891.4368972820172 978.4531375600751 373.2478225995634
1170.7491184289795 1061.9216518831947 533.7388288654946
693.196004670744 656.5337918738668 592.3115211544001
973.576207820656 985.0891254296993 233.36018291077903
835.3423363420873 1256.3396207641113 343.8118045526899
760.5145944495802 653.335366875436 93.14898513139892
991.0129337245506 1155.1789081862714 1068.208946163863
