150
654.6526833925544 860.7021812425494 510.15816350585624
1356.5847428600953 966.9947171103078 1104.1017599404618
1401.6351845020163 904.038970729045 506.59820103405343
1109.6499705582878 1536.2246786395156 163.47102013598663
710.3384336984391 1022.3444637840205 1465.0164710483732
1216.231052334104 1283.7898781364202 350.16707742816766
1282.8337219259124 1272.4083683050553 328.306984537097
634.0797234322094 1001.7891142320423 252.4332251447563
1064.2550638791358 1249.1518401336002 701.5944700329551
1099.9810345005865 1241.355243852671 596.8730927286224
836.476125729627 924.1132408043203 919.891076084902
1534.680800801669 1206.5767418870314 1397.9601758468352
829.5444401143932 980.5906299578689 1455.3020621124078
625.4921117665072 1206.4856900540224 509.85792305270553
1294.2172297075203 1114.2419161659855 862.5671621888694
1127.1474009530903 1102.512640118384 1421.310988512958
748.6545666111009 612.9316049933993 585.8224282233945
1342.2133754200847 596.2049874989708 293.9376802447961
904.0326279806269 1051.032499095077 1297.7291644683842
1104.841176053428 1006.3335487332226 1129.837802396575
998.2844551474428 556.5028044687293 1076.958117982479
1246.7365451050453 1087.540140330222 260.1109082993546
979.0142568649861 944.1789834474905 822.0548276558275
1258.354148777275 1069.0409362050368 201.09842924957877
855.4001885611272 1066.1022394221966 1360.92227794054
760.2061148415055 820.7290932490633 1484.5421752385998
942.0609984208654 1136.4366271245112 398.4128843319799
968.7134543540208 1199.5051904359202 713.8382562674103
733.7613174279007 1130.6500997697153 511.4154508012637
1357.0231249813023 986.4493110111027 739.7687905012058
1226.2594468792304 1103.070558334889 17.470374633173357
911.3713662120648 1075.8508966970037 343.2808288723075
1179.5238672989794 1311.7695210060535 894.1113988497639
1181.7475608264474 971.2378686992593 383.7592093443686
847.6761477052727 1084.0427007098835 1434.4100801752631
684.7330807154617 1314.9524967372886 318.04747734013546
990.1219863432168 834.1636021357982 770.2326492412277
1006.7983427753297 1263.3577567274046 1023.8417364133512
827.1349307916341 1300.308376061264 822.0189132877465
862.8877890369768 1253.9474101689652 692.6909962626428
980.3497910961017 1070.9736325628214 602.218929675596
1746.1165334823536 1387.3965657539889 638.4477425666835
927.8393280540702 893.9233620475818 1001.0336901367518
1218.7868044973388 1078.570413628983 1396.5004963131485
699.9472257577188 806.6904680536564 1149.5765149721992
562.1234297645758 1297.8477872501417 955.1116651445419
895.9256203145662 841.9891091112389 1478.7920555759956
1160.2943889409917 1161.3508208069989 236.91714173748736
1198.2005355110168 974.3114409542437 658.8267501876836
919.9809665063494 896.2999055334619 272.4107622036018
781.492318202216 1212.2678867417073 682.456266852009
248.62020397104175 1173.3286793838993 592.2589355257533
859.8191396351094 855.0012395687345 1474.2343389337298
736.1243513011657 790.6559267514594 663.038687182468
1289.5222918909526 683.2682706414646 116.81729162394817
681.268230972428 993.2598753897565 585.0059173105756
840.2731772053537 619.1451737762857 118.00761647462932
747.494492489318 1339.5951497230942 357.0112769542188
449.74886919662094 931.5522057811979 709.5938206818421
1507.3199575504993 513.78663150853 1466.6976522397229
1068.7832871590872 939.2325325241472 1393.6955043633207
699.3678835223526 1146.8115290026706 1192.4565418568297
607.9367065200797 931.9578857674386 563.4346486911941
1021.3126740196642 949.1976172376319 1420.3379217645045
1363.5957054227972 1141.1024913320239 1270.0281609244664
757.5912264830193 687.4162708962394 394.67646503978347
1263.3278957945479 1158.8717624993578 253.17555444601854
1338.9916260319467 1153.1661196582631 291.28186584216655
1203.288139886366 1385.2823675645395 621.9805995514041
1494.4787172129577 737.4629805426486 618.5282178165727
1217.3419093515888 1054.2744387242956 512.7424071858663
937.6936483212496 825.4749862906571 1339.919101022875
828.9186185954997 930.6429505850394 1080.2167731571512
755.9533668371787 730.0280265786027 542.7095537385518
854.9224062390117 649.1142851475829 1022.4313633386763
964.3366637438631 1018.2641317606178 17.904851742887473
1372.049403784981 738.7662270348123 1415.9003038415533
805.1056787644695 748.9318358952537 72.16964029090667
497.1316349832381 943.0138708445085 139.44197916692858
1106.4992456124226 835.1710353598861 203.27914693105183
722.2700697772084 1070.0372803468758 1020.3305781399777
1238.3906964921734 956.244392689705 209.15095136446615
889.5255872242813 932.3852729583989 221.46449292794435
693.5927080100035 940.8058722594332 699.1178438705538
895.7337018118126 1161.9698687325783 312.78420040521553
990.895044325136 1102.3180481012766 826.9655471705188
986.7145790738931 1196.140193122245 483.89103121682905
1440.2259019895707 1438.5693727021167 722.7582979659724
907.3861255123218 1127.2592757140212 584.8130126871533
1295.5293210334244 792.0863386899582 1478.8018479513821
1211.2621524215965 1370.014138368896 875.0506589377197
421.3393284687179 1137.3034930177962 686.0540425981013
1457.6047985080736 1146.3165364489817 621.4763882614145
1180.6969360693972 940.023936932073 730.9083374400861
801.3694499361033 539.0007416546002 688.2715787725002
892.0934003784405 1119.5862125201234 929.6873495669724
1204.4052426483154 1100.1154189030713 1366.8807750083981
830.8754311677275 1243.5443165948534 454.0094338118405
851.4922600402499 699.1323358133436 445.36835224239616
1144.8743704546218 915.0677180612008 998.9447178109335
1113.4499314745628 1237.1069430101331 167.97293676904206
550.1234818793895 815.4591447238848 203.71273564205316
882.9053576680692 1077.781597857097 1057.767716250231
819.2405982965279 788.901923031702 154.40192466490095
965.8887740838926 894.6689227804744 981.1359095650357
1354.868715132494 1004.5302044930124 754.7171565649645
927.0552648641846 806.8303201958429 1326.9767004693738
659.8573247352374 601.788797876799 1432.2618881849585
704.3258714209651 1289.8046250782968 162.81310734789895
855.5698954500389 944.3183248874822 494.89943877845724
1195.2807959927939 783.8751947471703 1155.479992952737
1380.241655810084 1125.685515665558 1176.213152225957
771.2552945353411 1083.8591192611937 1482.8231211978896
1111.565665118293 1069.88128074907 457.7535585179405
649.9836833453653 1130.1375150805345 1290.2043286317032
1024.062864242768 1084.8126912634339 1300.7477377915156
974.3524267376582 1017.3047742686177 348.26023023032815
1339.7593526495305 1147.283634031844 97.0204222853473
1122.886633738795 705.8455983573563 1002.1515179354118
1299.8716101528153 430.2369669400373 859.2422098760026
1639.5723741548602 696.7442243591553 332.65959881355235
819.3819377306781 655.6154848762153 1080.45374767803
995.2065305923813 957.8180336683234 1059.955037568772
1191.618211912422 1218.5295097052433 1380.043187185633
1058.736576894648 586.5761998741511 1057.0610781020869
1221.1655828254018 1053.7877761275945 1354.6211475513146
1001.6872095300157 1157.1113160384587 951.4426940345795
1305.3298805138165 1000.7832903882222 189.8255346863879
955.2587836013669 1254.833391237029 771.4581456720199
1413.915141074914 1064.4871907045829 383.7903779269918
1473.8729479377032 1007.4958053530667 259.1330506035874
707.6162520811872 1394.2212538624553 654.7825935280841
1244.6839254717577 1159.0202537716975 1283.4039017003113
588.5462012905284 1184.4793521183735 405.89236857045745
1044.0385481233866 894.164159334406 1231.243059742092
1475.6716773725047 1012.4467192263489 820.3606482521594
990.0875463364046 773.859539792977 1245.7715914287458
1045.8781300258515 1439.2742577828792 349.9311188125602
1127.0510987205812 1024.4507899352025 417.78911738176055
1184.7923123060154 774.8712156397875 1347.3610926358072
1073.587135517916 596.4345209968577 1085.2032603651153
933.7724833651353 941.4797945966336 1237.6754170340291
1319.3535230012203 1427.5090290187513 676.4773616406948
1338.872143620323 888.4024770068863 396.4808374471568
852.6408599263934 1108.1958865226395 20.83310709410674
1651.7617669555225 415.1982930739499 225.06589522915476
533.4907746968559 1067.6430441860568 44.31305031474597
944.937114941774 1312.5776339870692 906.6453305056787
1026.3352289139007 1533.1344856437252 512.2966401292771
1155.8533876233678 960.3503187869902 653.9069986141286
