600
1797.2327798657536 1633.623505304062 446.40949660909575
946.4525465412738 1181.1024707920878 209.9780721472994
839.7825774776377 1295.8266256108416 1182.6684708479752
1095.9689057775327 65.81539054804986 1015.8934046605533
1429.6455722699066 432.62899505329887 1029.1735663085692
1601.0238017473575 676.5294119656056 1441.1078227168314
1336.972641235009 1983.4830605361176 348.11666271673954
566.8844869320656 1785.9127663412012 31.278271429137305
354.2391434251289 129.94862755377267 668.4526331443044
264.6111733070715 1018.9020011075032 514.6832213509011
1434.250955885198 139.4475858828206 703.7904728303915
1568.0698640065823 1016.9314159448799 192.21982439929596
600.6957846900607 88.98186311833899 1484.8387104697904
123.96640526741831 278.69278202933276 1494.7544879322288
485.2640952122476 1803.1629942584625 1296.2515667352038
585.585131047979 1944.7973590298984 1223.5437910582768
233.76637451977444 1514.9856963330358 608.4195332157212
1433.8906826438447 291.12784766129084 486.93959278580775
540.5518339401947 1095.6893422213766 249.15374069347286
1711.7364182946842 1357.533125212244 641.9392151734633
1865.55912522697 162.77847566100712 224.71439105279083
706.8457026640789 225.86693450561944 904.7249671250302
48.47003749737944 206.6800940578295 998.2269996502974
1698.3453897830882 1141.6258386660702 745.3211780294082
540.237644584567 572.4681876952877 1070.978924237312
427.4693373095619 1890.9045168644202 1426.9065386639268
1831.6441755154274 1758.089887411804 1352.9769427178646
544.8061711178847 142.60448539682292 1240.0672918962093
548.4470012679755 455.64588874178844 1392.1517199024634
925.7884460061596 1600.2839982296368 255.62583498306668
1070.1394713613734 51.43310885905916 551.2115552993209
174.40821809339323 359.26142542485695 622.3361942286416
874.2356539281086 950.5925955863938 1073.8466570233918
1211.7048918051287 978.1925928120039 1247.8471839145434
364.2409483828595 1480.892283911904 745.8350135873985
96.0141937606811 895.6660472688438 164.1876935428096
94.04113163969008 1677.4863487954062 441.9595395560141
137.953123926444 971.5131880036004 1103.977424794768
1446.8533830096974 128.01557768747628 28.029835423375616
1489.3101968450192 1605.7753063142231 1422.087473897032
1211.6073401547922 1294.1817017756587 398.8042068024936
294.4057524130348 1523.2850977218714 222.94717123454672
978.2390773450986 1799.002146512311 995.9657793447681
1260.8106394464344 510.29889490062044 1073.6398034133385
1642.6923294493836 1292.7409855121896 903.126176236178
426.26029574930914 1673.0999955202994 906.1971437570952
45.975369522063936 656.9731443379052 1252.478161375498
1323.5582293157581 1719.3143419176538 1092.3100696596018
1702.024506396412 1663.304118323262 218.54816062180683
722.5444847627414 1650.0831408048348 987.2592687687638
1507.7354907883998 1396.1500175555632 1351.6010898532709
742.8723222336592 1338.2273283263696 200.0035302731924
264.34634512945655 836.5529965263603 293.1397715828443
490.04669122532516 1639.6693020942098 107.4679049554308
1030.5782242800044 260.1888380304229 1237.120512902022
1056.7686573719889 1002.1998849634219 1446.1628467675703
1348.3836441993374 1727.160471244057 1085.3171831553614
1040.4696046214233 1639.8340827942357 1112.0423263032876
1961.396864216355 1682.9856255789077 1196.8407168099438
926.1788638519604 1202.1088070306005 1199.503701180689
822.9217729899556 1436.6931607280117 422.5669438531062
450.26424492172066 1558.5793701197874 630.2586657958963
933.2699257689532 815.3148100329739 1258.370197582313
1020.7487533704917 18.169538380355288 348.66112047967965
1687.2606226476357 1551.772212476792 698.9901658748646
108.92774769680425 488.2445743609853 1178.3251005459638
42.46435659553072 1272.9332333143402 202.19339265626525
943.3534824935464 424.4199036532479 1227.954002781331
1468.9243124173909 826.9276933086842 1165.7805090041804
1762.1707821530968 1764.6448464892192 903.8771106007898
75.79402624786135 79.46598126766524 850.4783318439584
501.36232663716964 1790.4636094207954 259.8142784701974
1290.447219656627 1648.359491463612 532.6271463939046
217.3475270801428 642.7127145802765 924.5037820801006
916.877886001433 1462.7301670411298 386.6188597556889
1341.9736288336926 1103.4245701077552 940.7837397102169
1018.4323788896199 550.5287949940339 1327.647577837162
395.954018382721 274.2288446424621 165.67155121593808
1454.823439792224 1089.8330750356208 610.6645822021112
1155.889895604656 1304.4665793407942 898.821488313864
1911.9421646464618 1385.1257637038482 1177.2657364054048
1770.5129088694916 711.7238277607547 15.844324616827333
1587.8973058487086 932.1521258311352 396.37497608283104
1892.8871544642384 119.30355309184759 1144.1668651637897
776.9925270175526 1358.510617632088 203.58995036248973
1075.1855072026794 1485.982111658922 1378.8461955682365
1106.1706548579632 1386.5997412931033 155.1475116186083
827.6289247018709 1960.1405196673577 164.23150981723583
867.5812734694867 284.83613975032983 560.8121729668246
1769.1025432880137 1052.0533667232453 825.923057048503
1522.873002774786 352.61421642141147 1308.6413477184951
119.59587866836418 1742.3715530935979 4.450675744553989
1930.6329835752715 1578.3450242150084 621.1417311468938
1783.4872076270433 565.2360658684452 734.9935120789106
915.7635818894856 1191.7904186859585 54.92920194364448
599.9704763074947 1486.9744133758918 607.3963657406075
779.994851985738 1758.532289247058 80.2751882371267
177.68697399130673 1600.5861008500328 707.5156940901793
549.4722788386623 80.33179487871256 122.93828364412546
454.58702236884153 1196.0317039792071 324.77597646247875
1183.2272072333976 1397.5866463623422 1158.538218261271
600.0428744106041 1782.0764042869844 672.6142188604778
853.5545820133788 1920.302856739408 917.2525334607542
1243.226566134462 1912.0371263651186 860.7063463393813
922.6170544596364 1492.7627377367253 1282.308290348043
1869.0466443369164 903.3363398471561 92.00455831696041
557.4976026525198 1843.421755985958 1419.4756582958266
306.48955990683646 551.2190153334948 1302.7878720545805
1942.7622295423093 1538.173179265777 1021.4449271066505
795.3679562731686 895.3884206340243 871.8414912144463
209.5570980077275 1692.380168360006 1385.9097135778306
284.004369602697 608.8809716592074 1204.2166905630913
1324.6666114848033 573.8802757555557 626.5559245890303
1668.0387525935262 1732.2555182461886 1385.0088638651005
1824.3192722160193 1901.0274224580976 256.9482342183891
1548.8339520388674 1836.283257109101 1102.0854720592627
637.6054746610804 1718.8108915303376 1333.6210857754122
655.2084343549928 1082.4245777190858 1184.1239627939065
1013.0434913558275 1726.6447812246356 711.3391659757907
955.6068953005265 312.85652746715243 1048.8874767625707
110.35837378082914 1097.150342433939 950.6280296836944
287.20452289069874 314.96381196495025 818.0779218772417
955.7952165791519 1174.234743996864 918.6622618112044
142.70493847668965 1762.2634726064261 834.4565690155895
477.98320585714714 1109.296164864951 1347.0200124572225
210.9664315384392 1968.0647319221894 87.83202198103196
980.8355755659848 544.0670521539397 1058.2360283067587
29.968821404798838 1250.065177576382 1269.7295251266182
1338.7916014170405 396.5377169501958 1213.1909329654286
725.5391006357104 1601.96603979809 956.3491008936401
497.5228513047472 1626.387472344814 782.2452313157901
933.2509754406883 1310.2015768607798 129.6003387368651
1391.3578737451094 339.1461414496686 6.5666401598967745
661.4597027780549 1318.6741676908139 470.37112165185204
117.82563813670622 1176.2078423413807 630.3864083058082
1885.209897854054 1695.7699116003273 340.82188476711093
312.2903732394169 1332.5817489721567 1272.3704289861228
1538.0811381106962 1367.7452098539875 707.8544272530191
1584.4952286091811 1342.2239977495185 526.5729239025413
32.79265510403984 568.1123132255625 653.6567625844241
138.14958387942133 1757.1485198008857 270.9128121993025
1039.3181990889896 526.4613855091935 201.79773826611043
1502.399388718062 185.174515965838 1387.940214894934
18.66272119940038 960.870923994611 250.1931030803089
1417.6781506033574 1487.0003836205697 555.1454072281217
1466.2085903629431 575.0141544788526 1215.5485381222188
1025.261898533443 1886.604943823259 365.59657286154186
1678.4877476856723 555.7060953627443 41.535242181936326
1699.8890611647814 1033.236352997583 370.981895380109
1307.2256682134384 973.5903534159802 1024.8065541575595
767.7715020007465 17.64382161042377 122.0997742161058
1771.787650865704 513.1202636529539 1134.4780888093223
71.46401220101085 1282.7367749409166 749.4780334705495
352.5263385371855 266.02225095122645 145.0482007902548
768.4659022623248 1396.0816072471277 505.8954930407176
1225.5934821924734 1328.7128370206012 1040.3872406016358
1767.5802617109578 803.280794017957 256.5603279528813
1769.4934273791755 930.1850771336943 407.676553317544
348.1679697966538 1968.8530668390877 746.9200059997602
1513.2539787307974 1000.0194276663718 807.5645564681978
1451.9676511836228 1068.1653569257962 987.2558659339699
1971.4629435005222 868.4587564220161 79.1838088572997
652.63334425122 1215.9098244599052 1027.9167855791898
1826.2094646103449 379.22533244232847 1318.843849790621
117.26344814115852 1181.363652638408 827.2899286519302
1122.1423849306518 795.0903484677581 1486.4472497391002
1498.6406463427834 490.40472095685385 636.787525719595
1679.4665836082506 510.2856269772964 948.7257433200118
113.92684718590141 718.659448227261 696.4829602883717
770.379215159062 1661.3506156702315 1131.9984024240568
1205.14915981652 970.8177227987613 420.2408928783101
1627.133983354383 388.5204744729649 1302.6632493882164
1573.4872875108615 505.4938807391991 668.3681765675526
333.27527898642415 1878.5638186596002 727.4906800269199
1559.8337124826828 1958.8558386930795 1321.70504323165
1983.6518979408104 133.4114416735932 1322.389375380362
1888.7574171520132 1096.1668175592795 725.4719544795253
432.54319794694806 1483.7052244840095 59.18145127111746
1750.0492725725637 777.1465509354761 680.7580052089563
651.290996464454 568.1201168124871 235.28868526564096
698.0773853161609 1234.4665274494585 1468.0237705348277
1717.289974894782 1600.475607551887 1476.3170337649185
1460.9822145559801 1193.1534042116314 477.6909996605701
1185.7228022472127 1595.701145794899 1087.2852663061315
837.881854836966 1378.1033226046375 1121.114290404996
1032.410445040235 1775.7989707508875 1475.18723136019
388.4640611257009 593.0128579838847 1403.301339433264
349.6970967961714 739.230723269497 224.49889636641925
266.54834979946804 1638.5470902219859 1019.8520213020047
817.528348880518 1265.8348003223743 32.392545799605486
978.6833650841364 213.39425591811855 1405.9478977638462
24.509034813284813 1814.8195944732552 1182.8218735617902
676.5750088833271 1284.9569866289069 680.3860361183335
260.9067193014314 1850.862329659852 3.9664489906756084
1557.828907843656 1325.4651307058882 534.6463357316475
1731.7408149898345 283.2102509628365 1485.782971537153
831.8270182218437 1439.1185723928522 325.929525257649
1190.3194751469325 1213.4365210757119 1419.378497657693
1620.9536028011566 1047.6884280286 346.81842532841443
1365.5346405271493 1729.2277912680388 1029.5933124151775
1876.0804770467935 1893.627493964536 233.3903861148115
454.2302894655019 1075.4967751789427 1324.2605339149093
1114.8415986848981 1914.7699185724446 619.6711920296586
182.12566971013277 1605.5810004990865 103.95174202978563
999.187759642767 801.5783567141852 1232.490112821634
62.714525878576396 1261.3585119381926 1470.9881743735853
1550.1764164494027 1960.2016547427702 1095.3853429508695
1235.9520675199476 1624.3337669248212 670.3906827829542
1809.4153007035181 591.1722991921783 725.2742796103904
347.1284379317199 473.82683092973446 810.9900729835962
698.3931879209825 744.8163647733242 1351.3976007175595
1236.431051938405 1560.0441131042962 41.130547005193975
1444.422780686032 1381.2401909747996 246.83096402990273
454.94984530624725 291.3991586148885 1180.9801036617212
1086.8309447258819 788.6988519874427 474.47164281991826
226.0008947220793 687.6254006033942 187.89485352730063
115.83266511225543 1193.5118568708097 614.0383826752621
925.8290449117612 489.63353792333476 737.1781203738236
939.8135287658238 1461.7024210811956 899.9990021654775
1931.664827380646 1463.3467914274688 1381.355318034223
411.37847833735975 1666.5312914189353 955.5235166056096
1132.7870099571428 270.3086549376126 56.05730902740264
1415.4284254210938 1748.53074145882 1442.033525008287
71.48685524605214 416.8233826908807 1050.4057145196136
1056.8950934986854 341.81009312058075 564.2955763931616
927.6321220472854 381.70493857416466 1097.5630600842478
1530.4913928032884 190.2540410957594 1138.2843590628818
1780.242488805405 771.8511244529074 952.897195577078
1825.3577110927868 934.9448480425356 1189.8428348371172
1555.900106659624 81.42277775512774 1148.2767726651225
1175.4181894651736 1448.8861891411614 1476.1663770999396
621.6538500928428 735.721923361322 117.54496652325047
1022.4303368065038 932.8125590202741 1203.7702927166188
629.1673845304111 621.7553718126081 980.7117631028697
1900.7233920328276 1118.2177193980133 764.3751479622374
1035.3331957743121 1780.3684505376168 469.6655604963703
1979.8314744866716 283.20046164418477 1010.9306303521471
1804.2097974711364 143.93772889654687 1350.610834192059
1083.471459177174 716.2416780360738 32.82943038861919
1234.4668526807636 729.1202869877616 555.8287098226974
1390.133209734464 896.9799281175057 866.9438025899873
350.9621068465405 974.0655646513706 136.21926831262294
1893.8144976052902 853.301256936127 205.484345828643
1872.020828993922 146.73223192920858 1239.3184998767058
984.9612882565026 74.70585594993074 181.26401235054058
615.4536290520396 721.6418123432733 499.5170320128535
292.540783017057 716.2083066223486 1446.4531544257773
1041.557034881157 775.9680675001557 529.8684921538148
1117.061588947571 1857.8663355081917 361.514218858006
1386.576397730897 953.7102731297687 1496.3792472183177
1704.3982425181887 60.99033603827153 545.4078437193161
465.24640591967346 116.70316021957672 1215.0232677892625
1203.8304923873513 1761.7385768472286 1025.2957483548373
1139.190889954195 794.4014156995618 1180.5716289372392
1868.4946676127024 605.281908657079 196.62316151273157
1109.3084900777908 195.95556403235003 161.7548917835101
798.5695795863836 1978.5080028900966 480.4804387585694
157.43901258918447 1998.507245707021 1261.182734921767
781.8186981516701 1295.7770429725613 1017.3191458088788
776.2621699194499 262.6067821140028 751.2827017660608
1110.694860652744 1324.4455110377373 1369.8278958785177
889.7532948036364 557.4145639952475 148.04259095997335
1464.3947104568067 412.3678214649027 712.8424108441349
619.7069934171446 893.9806783203405 330.92801632671825
1785.7692589395767 1568.3377362422732 1117.0100263114462
991.728832747742 1752.518880408468 1473.5307618252514
428.8638037292447 1311.6585501485524 16.74303586092024
1689.687175241292 958.6921091444376 113.64470059258991
1043.955889256738 829.1660944289318 1322.7435067856393
1165.6170862366107 50.52212970084935 834.3130331002452
1202.8602112204571 1587.7532499833428 188.94152678432192
1184.9542288235114 1687.5851789995231 753.1859950458515
314.36884189125936 434.55883536616955 1430.635629274501
145.09297464758086 800.6226660594533 749.1017177580495
1557.6287199609887 398.29322220955254 534.330855213181
1202.295653294943 439.96097654739066 560.4439302005312
1778.0173232867896 543.864700729159 927.6461762185955
50.8794035904836 622.9860477355667 686.4437735256865
60.2243541638301 1433.1539943126459 509.25094588551696
1035.471223370268 557.7006597797136 565.4908812236531
942.5746785508351 729.49521558332 802.9553521553343
1239.4539407860018 597.0873704557608 1374.2005491868954
432.96613976586195 179.926510745406 1296.6985139834576
961.9155849352328 1138.3032122209029 667.0104402034879
1304.4677371954522 1242.939897559004 1460.2295440024598
93.48167209814883 719.9724853863167 688.0612476929458
1873.0213087567276 1980.551444116381 581.9365917174152
330.3387943379041 599.4419766135672 143.18999305010317
124.33274296784624 1330.336240062509 262.9801613853636
1905.2891961402743 1124.0244442664534 954.3573019205896
898.6634413103376 701.6304664349437 217.5768209992191
192.78158446721116 327.18845546803135 859.5759165152677
985.9006235509142 214.80618727667266 63.714072675433776
1363.091524888876 904.6518145655915 708.326757423941
1704.4091204382667 1284.4883581844958 807.4089750559897
1960.4523655236264 1810.089157484333 79.31767381139399
39.15085843939936 200.4500540366183 1333.1822449131334
1376.737806571537 1413.1651236418847 1174.4944769894046
1464.7078441458914 635.2716923959372 585.024284006648
1055.422364371832 650.7198778532968 373.8870007926799
1645.325447270918 1756.5469499122516 580.3928281141768
793.7334955812669 1410.7213638689766 344.3790408139183
1064.9942243105927 680.7625223719407 796.7858842463773
372.4010499703172 1813.5632585281544 391.8752428330245
1200.5782406373175 808.7356569426827 672.6094310617458
536.7367300329005 1620.783247078083 72.58743415544843
1481.0214557303054 11.584993368538132 539.3254287542442
1796.5916063785094 1295.425860875351 627.8035096650768
1520.1956197702202 567.0601164347593 464.23748115319415
484.60152884670094 1595.2687828614178 232.0935451610349
1520.602230680601 1022.235843077357 1093.9416426769133
1343.1318335580993 681.7764557837916 1370.8312473929186
877.0937824503229 1573.6862934204935 312.77382966422056
27.11356230188833 969.6132180111845 934.9165085626053
1347.3019882326112 1681.8567845722264 377.34448410072457
792.0788422808367 643.0350559538269 1205.077530520187
279.8855449342508 1250.0446761641574 1448.7769616357427
1788.4223576920324 484.67493111352167 1360.0530638240239
1293.0828398141339 542.0960707583131 1176.3148802869634
0.15825637612354448 231.1737851730129 982.8463677351176
1847.7005842350986 419.202531299284 1027.6288324271393
1728.1366874354349 808.4891091246486 963.2158095687932
1174.2377240454841 485.92837552480074 47.84484626138802
1886.1796699901984 199.89575654191705 513.6846428851195
1391.4247647280258 1534.7930085908733 459.5628553676744
293.39696119329983 1480.889835551011 358.9350669566091
1831.6582902259847 1227.7566125520657 1471.2140660499829
47.39754952260577 474.6838398132862 1215.5693825551043
995.8277826012753 1093.092403890858 117.53060925273718
936.3039354168994 61.701677529677255 1335.2292224026894
870.7011394410079 625.4038832910296 846.7568183008633
1066.5284158561274 336.83810511203774 1035.1253502193963
1194.2303373785196 1760.26552742513 208.29079525190863
1278.5256966318243 247.33341854407743 1194.2960386448015
1376.4766659032705 1205.2803006075453 772.515858848404
1465.359821985439 735.4947977003188 1214.8216815021308
79.03738700903817 911.7223147610498 1078.5774718648252
1871.1235892889285 899.5740375102337 236.58604421527656
1405.5670576697669 290.8753271514863 794.495068419429
372.133029352089 599.3473321191374 1345.700271197031
477.78929335755447 1234.392706151038 402.97666900529003
5.863636912839532 623.949915495299 1065.7265237584502
1858.1427718282298 1120.6479642393167 289.3100813513695
1103.2707129897049 788.6663804205054 867.0519783642985
702.8216360585593 733.7666682731181 37.19798263198976
1355.0948470229266 1960.5816535391843 228.6603905693229
605.5511059163978 815.4871240036206 1300.4492539595633
442.407475359982 1568.748996359567 1101.4637055785379
1175.9011271450152 1187.329775036005 1192.5394341407334
1605.726319266413 1369.272252768566 1015.5148797600838
817.7866467202015 1502.6157578473733 1178.6782924977572
1531.1431123028522 585.6906696651878 1412.2604511733296
1427.8021216470872 896.6499661354237 1217.5991168764872
388.9402146598888 579.0846074662293 917.9055976595511
1364.74630176475 1150.885394548002 1491.6787972499988
1297.0429575082064 1429.7319724625834 196.10989596694878
179.4380216378706 164.21568777142426 1331.7009185710992
1695.1681503510708 1625.3888280991673 1221.6012087261306
1446.0594746968131 1580.375237995125 354.90137780988675
1425.485004696818 466.07127829005424 883.778885575513
1903.8187869458811 1208.3041202866195 74.736286580875
1311.5306684161008 189.0190219970722 1135.682444694132
1592.3158439815675 8.318663907311175 1208.0758783836243
561.4268636141204 534.7444143335957 467.74810099525064
438.99404731667045 1534.476401458381 314.18788197486134
907.474820668193 1908.3901545259353 1089.4182269535133
1703.7869650837727 211.2749807686727 906.2511708200232
1389.261356921131 768.4134979221046 1281.219961292469
958.5950428780188 552.3685201582869 982.578064905781
1753.7594551909995 1181.5294453194026 765.3722473851433
727.1278448484845 1748.563612570745 298.73992829577446
174.0609613060875 1735.2861828330758 1215.7876602203266
532.0484327058117 1604.224760465516 1074.9420122089487
1496.3512490237588 327.1607681214115 929.004579057503
516.9513461538129 1377.326986708383 1393.9112071929926
903.5055698579031 1433.7208336528633 708.576249628703
783.1717402803993 902.3313913323555 764.7936698310922
581.136722068367 1545.7429065276094 71.47569914187801
415.8340857485749 1991.6518521730939 1263.2167235512072
110.11308723235081 489.85552470787485 705.4178923106153
204.83920840322844 1304.455199518074 215.50771160005095
1700.323215693726 114.76940647155054 886.9833204894725
813.0561708139845 1792.1678742536099 636.1088558796531
1903.1037089167396 1813.0053419820006 312.83659922869157
871.0900964551345 952.2792492755259 1338.4207204341033
1646.1889437942914 1111.3760280785614 739.1595381790012
90.60844511422172 1925.618674330081 760.7818382650057
707.0079471996019 1444.6866079074466 1155.1572721588961
1006.817426704603 1711.0780558213853 358.17017331018485
42.29292867680634 1499.7004200249528 1306.8341290542794
199.08748315860802 954.0939729291009 234.93904851062024
67.30915540857497 64.21853441229474 973.6921459314037
732.6875283048026 1541.6363460607345 705.074419873841
1573.0715752210647 1378.6648132185856 451.2145529803169
1819.3189014615448 280.51192577750084 688.9067294822412
566.0264195818589 624.6101685389038 296.8618041293614
327.0122483275284 239.7990159375738 1059.5154490312882
1661.4318517273748 742.1848846350838 372.1523126323246
1971.2289668683284 665.1589462008492 1228.4319716006523
1620.164425438411 1819.9086273239125 971.1096085632818
1142.57846102708 973.3641551145906 940.1422881844982
472.1894290395854 914.8108830659564 160.29259245237822
770.9316564258688 1516.772474580505 1016.6883938131787
1876.2080669021136 1606.7121928429533 845.923066183907
14.09404634180289 117.33728628559103 1398.3589026322713
188.26844175178636 1556.433863814972 1059.8222225045185
1688.0770642011057 1456.2364248225301 1472.1539745578189
688.1888163201523 1984.6336507659496 918.4997557847331
1670.2112954531517 1324.4202098156104 601.8915722474733
1831.0935176643807 1534.010928714843 1419.9254833614025
1629.3576383135419 798.0419244191219 300.4289918347245
1216.8097306282627 960.7947234571654 1064.0956896149269
374.7109225247083 1798.235258610203 839.6063870488058
1669.6343147124617 791.4301634022047 1014.1705133323237
134.05820734294883 1778.7868681743785 611.6452928810708
1385.1553132322174 1286.9476364603554 958.0738131887903
1074.3167158785272 1119.1657614067717 893.8841998048912
559.2212480495127 526.4993800262721 64.94797213735521
474.5113703327153 513.4871469951116 1190.8647593062183
1281.9322216694113 462.376219823885 754.0350524254196
262.07283165639893 276.72261793023824 1321.9990291866793
1913.586283850668 46.88096058747071 889.5794585806669
906.6757643924797 851.2848184730188 462.4886047845398
218.8032478509927 110.70618444560942 500.5402039164713
1065.715634282328 1654.3184719230337 1117.6495201388996
1879.2054674166284 1425.5807458476027 162.39319372044613
1816.9225305317823 1847.8322118659987 832.4496997700624
1307.6146307534057 189.64183965815982 455.76833398669174
362.1932567797066 86.80029067958195 1430.0464973644212
930.3183864131195 1406.2040946719353 1292.8198541259387
1689.5607929579228 294.86292815269223 270.25661910070073
1058.438310990279 1825.7283589246802 463.9378845884922
193.7733657579026 979.7382049200025 180.36467416022322
1051.4791746850804 1609.1017801308215 602.8239161210155
1885.2590132528696 1700.0073038035187 668.1260697682492
1544.2368118549198 0.3028042768795647 976.3652747677293
1100.4163548697622 552.270642326302 219.85689940741165
1471.587352512724 1423.5177539110396 202.29080695627312
962.57996156645 1498.7511393249283 28.25564357268373
771.0302333659475 1669.1348611570368 1062.8349067084828
1240.528958482891 1785.0363469333897 1050.4621026878356
46.996777978330016 196.04116176751353 231.8146190830184
664.6926582829071 1607.5795624430295 10.157126566053499
984.9864489973801 87.2317322040157 359.035433613443
1089.546812919716 1659.2099264208414 638.6687985918386
926.704814524721 1185.045250560006 636.8659044503032
640.7601401505152 1973.6940655862215 745.5366885322193
222.44518446084084 776.7523228740938 861.5678863370644
857.9035562087736 1542.8825593153692 157.8450542878516
1596.6375839253778 1305.2882826579987 594.3917087945451
1909.689234994185 1052.1808842040823 1252.1490647727744
1603.1494028730408 893.4356368087064 1307.785870222378
1628.549518904026 1146.771448974754 130.22799781049082
1027.9479247328863 408.3190528870677 650.2818307775785
100.61632194194448 1886.1230385324127 891.807950953395
322.4390734281173 1194.7812966172203 514.3345340355917
1494.903974073363 1518.0877192843836 205.36501031337195
524.2547962987014 1715.2715070283405 1373.7254693132186
1373.8401820127626 549.3099817007705 1485.7508790427196
1772.9133692576704 1218.3353367546986 549.7562476328604
958.7900314781243 167.94284127283987 1038.382073297967
951.8589442007745 641.316099219407 429.38587591728293
803.5638629595334 1536.4503293218645 542.5778121934105
281.1987278425778 2.317400065604991 231.78167118249522
1266.9796200337923 233.64594136300832 1288.8192371511175
974.72529419796 540.0283549679939 1030.052892725597
1784.1709966733508 1705.5372726741884 325.6393950559462
1778.104503185031 930.7530992255147 1338.1133748169832
41.36320684618266 1682.3922299456553 257.3799351826315
672.489963863607 1441.7633744416682 464.4777159229542
60.395109653587966 989.8822348886137 821.7738427910521
1351.7216012739889 969.8131593435506 825.6088494618908
1457.9416651987378 252.02805183939003 539.1494561968782
1212.0048442588745 1038.1547854684725 1401.4013934626048
678.2274472731773 1411.1619260942955 1220.6260317137542
1684.5321803602649 956.1111666280091 1337.4731035693933
1214.9754273047631 1194.1231335533084 639.2213106131304
826.2315344767009 1064.951287552042 482.7106711931759
1727.5318584760864 306.6803818925807 560.9098173681585
61.50564203528308 1686.323569735041 1090.0204635627013
257.0150912009099 633.8679046645636 959.0229318153251
1544.1072085764115 1890.1654938195682 844.0579607449117
1307.8440568666347 1575.849449453546 1094.1544734928236
134.14471966247964 1185.503140468778 992.5569979046467
440.70859910609863 261.24116336282464 697.0636618867534
1240.696664261299 1730.2912107601521 1337.7302661881631
1729.7482799081226 479.12597894433986 776.3668704272593
86.79646231635974 1321.0523348600054 838.9591907395614
234.22035771938243 2.51661309661233 874.4686933165887
393.8544669522719 427.4546568376785 976.8427354140139
481.049134667648 480.67032737272666 1215.2487456185484
933.3704653895823 136.40893958272682 670.903032296825
962.9226764628522 1433.096742982128 227.5658308594038
1397.854146155417 1931.5199792881228 1226.8051930983213
422.15111046090635 1051.2890163709478 634.8579106286138
1232.5589948479371 252.61664591493727 272.2213379734953
1732.5684965793807 1975.1707035059922 241.45098228096163
1460.5055385401304 1470.6801164106455 851.5454948600883
1671.0160419585845 130.05543651682981 776.2421289105957
292.04161591129906 574.0186818253435 383.82520935436037
618.9569747665091 1056.7469385107147 796.1195459399008
1754.3488343743095 1874.219773793014 1432.1294646833246
1316.223480633436 1970.2400367460677 685.7438950275558
1339.372232736924 1762.3352240781521 778.0864609698434
886.1404213721107 904.9741505276412 1058.502034078189
1947.2377762860071 454.57715880220917 165.22475221605575
1218.1481926087988 1478.7777337665373 517.3891405386942
870.0243447241685 1584.4871598548543 1363.0990779637318
66.93882991209409 28.75386910032507 1048.8684605677488
995.3396122670371 269.19768953670075 231.12385427224604
427.89968098885754 1468.5810954222452 1200.695260876463
252.52758215339145 979.0462618911797 1041.5120468254947
1517.6039839224873 1349.949818144199 1135.3937755036015
821.5283296073137 671.2920145733317 800.0948380918402
942.078503942098 1158.9407371313275 881.3974743812272
1250.7425187559686 1893.4387346250626 279.3246630209787
1421.4863140035375 1130.0828356389643 272.7922047318125
1820.8584417930876 1994.081232271231 901.9552689755272
651.0737783761845 1366.9109445600418 648.994129769312
1740.3981406162848 1865.1707647672927 74.90893536569875
878.9422642558947 1060.22303829577 716.5103605254923
332.29673589940734 225.2066196271314 764.4832488796845
404.81370148324334 1085.4834755209783 1341.4652048590967
1815.1569822509102 1360.0549075845436 614.4230966734023
987.9944346476939 433.548544563914 1295.9537465957694
1042.3902321609519 600.2942839717127 1087.5060044830564
6.270241675906174 1288.8826969685313 499.86182215673864
1396.2150835192465 84.31810183986043 669.6037308571642
1191.7721216586142 1463.7596429337984 955.0249259796366
411.84911142839354 388.5293340681617 1128.3671920947909
547.3699789897839 1188.1156226568398 153.51517912407508
1939.7999496326063 244.94236634588074 660.4826544697403
1264.4034285937907 1153.7563183061734 458.2927110283299
705.70570198095 584.1599410334118 857.3638651760035
699.8764471048914 1217.8569381744576 1177.5631382236131
1887.4501045391205 143.71475282349877 1122.8259850486156
467.28142868468206 648.2173663601138 1306.6603627130771
1685.0939185409316 498.96668525875907 222.88963349279845
408.5026436415029 1785.4889288826448 708.3281722015372
1768.2793110878388 587.3097562405271 1407.721344247096
1260.198604565292 1987.5642100438588 812.8738623883818
379.72460891034297 580.5427209943628 1317.1557171185034
1837.9792007605606 1572.6135145935725 863.5448401885266
1907.6732024254534 899.0672459742825 1315.6271949275183
310.6184817875084 1961.8404348286172 92.10893826926392
1089.6140283660793 1722.5661851839093 572.9118747052984
1657.7336637377002 110.05924073389184 1025.2803648634192
1372.3575438420532 1105.1801508365284 126.53034058244084
481.02791984754913 229.68447098194565 1160.0578612886034
1621.0067388025877 791.3977732210749 580.216656524316
1782.4769017104009 612.1995793164599 846.4838888311525
802.1791804152045 97.18180081409655 335.02462448343573
335.72202823484673 537.3633008063583 1104.9898088554758
347.6858203916455 154.95067674761452 1448.071945014293
770.2471525161052 1834.5939042206398 904.5169935404022
847.8617492888823 1192.3176994321227 966.1058460670656
1685.966167009938 756.8382554615747 588.3382519111999
130.0997044573633 677.3491920638761 88.07597432755077
1829.6848363053195 1611.8398841161497 222.9398185580111
325.66224875209036 1731.2335306390398 878.3867664505539
228.41096350195244 1568.785834495421 56.07587907373946
1053.1596078625867 182.01507821084917 1302.0260321401704
1539.1750208680558 1452.0255598860936 1269.4922452478734
1395.2984152401277 1850.582682848083 910.1229712021046
1264.4813499178035 373.5516530042631 851.3360737213799
610.7083683757155 106.74005291985789 1189.6413713526383
1282.9982359686564 3.0673173960185096 1311.6598816843
1819.0886039253983 1720.2581674671544 741.1960428982359
1259.9056426932489 1723.6467336907056 614.1270798732002
688.8084092754414 1966.2437385088012 336.61261275838126
365.6073399651303 117.91153148485489 207.86213864232488
1113.2872783302355 1196.2349555153592 237.09484315372686
1880.1202512525547 1465.1754338018266 1283.4161813581147
1167.7220060511022 339.5139977613877 1373.1110158295583
398.8762797401937 902.9020403871582 757.7109259858867
87.24806081869296 1939.1611305074691 1252.2813315454423
1337.6916113968482 1693.3560922291085 385.1963848354448
1204.3753201710083 800.8493942876356 417.5785576455558
159.45005676378466 141.46556688962963 213.99469305709894
500.6782842011621 1943.9678339790744 459.0930197303526
674.7354086446162 1607.7293366533465 176.0988733242106
1559.9259042424699 220.59392959633905 1460.6053982426606
439.1545333464755 155.51535605540633 502.91541207588244
1171.7647559675172 467.57023418531696 220.9815498080882
1819.777235150847 135.7613542043987 953.2757056108873
1551.4767444532804 943.7945410055406 1169.580694825223
1904.837726918288 956.1357308485343 781.966948852731
1657.950338431213 1467.2637770096144 700.3187955042727
643.807521471178 189.89129512626369 338.6843124861517
1388.975091825843 250.7987939297085 252.08096712997053
1771.8208640674331 1214.9756079934568 188.554938744355
1833.6135340560784 493.99547293445556 1461.770037030032
701.6417753829667 360.90611769406934 158.160014440835
32.26559496654691 159.62622222550027 901.2228887378079
364.6844521652093 1983.6825431080715 338.7136478956156
1467.2161979233708 1145.3652155870657 204.4989882816109
299.7348549287553 1184.6934486821492 88.080678216236
940.8054958050498 899.336067003321 956.403445776762
336.4108268441348 638.8129530286463 1260.5028066257478
122.96692835537537 562.2887228421221 1217.1717765574845
