600
602.7641255728515 1088.9133143965876 1401.4046798014122
19.747824892608847 1423.621778445442 93.34178587558856
256.4757994514126 1145.4197620919317 319.0857137906715
371.8621959551791 854.503451937153 329.5546269789097
162.79663437213543 1114.5306785240703 1072.3406869844705
427.3562772509387 1555.295505933448 866.5698585258724
753.2433161578269 763.3011690637724 1109.3639258304368
693.2262742055204 269.0470358865329 619.2032384089595
53.68716246712357 1622.4113923780499 669.2218503774726
467.6153368506366 1852.8237084324255 1064.1797488469717
1534.1826804330929 1816.3844369390372 1409.991342858613
1533.1406195336942 1620.2265037840843 262.303698481862
714.7973261163918 1461.7264797087846 348.27010702269143
1926.8602747194793 1114.3329210707736 1273.3993680630758
814.2066806570868 478.13443418863756 1136.1767022464394
802.0224475966385 33.30341289636163 171.1917476573021
1729.5671942360952 1214.8829299027761 27.20642582463556
1741.733943368285 932.848914717898 989.9982375062707
133.90254094155506 1627.3603897680177 553.5968592563677
1622.2295143021456 1615.8614899576255 612.3907210747345
1109.3653771283844 1320.5358890442953 1014.4583912985812
948.8549193698384 1338.0273401792874 788.3774814031359
906.1468493007898 497.01030720367334 1048.664905159302
168.30703301867246 1607.1382152263457 1207.3754570454273
656.6262084358378 111.78678170657675 156.02119738120246
1920.5147246654856 887.6736455752567 261.9416167741032
1836.9144304008482 964.812869468944 346.3157907150452
293.92959128635357 1909.3108595818799 964.7408180803227
685.3723559650142 1835.2160507747392 865.9228900101728
1916.7513168659277 1668.029248818302 74.90654450343793
1961.8028353228729 1868.1982234283264 549.5667900516246
1812.580854978447 1477.6738018013525 1231.2135241335584
155.22753397509504 519.1172833851936 568.8570089983564
882.0943420406127 1131.6512760538492 1427.9308241513709
1735.4194077786499 228.29524849850102 1381.9152530947144
299.14037110180413 967.021209555013 100.38910014933455
279.8471796051578 1755.4663402582003 1047.0236964878636
1447.1593573469459 1480.361510830146 1242.7884663337104
934.4981637158161 274.1997799579101 1178.5980896988178
1703.1014584892105 347.1420350558025 1069.2286575126525
1287.3169440949036 135.7292480711625 1427.1832295028585
1191.0122344475328 1887.2692517492537 849.0221619992359
1469.4344210883503 1578.2516844587208 1422.4464282387685
915.0569463297722 1545.2889240351747 916.9746816518323
395.66854976947076 1850.5220939665567 492.0798029173519
563.6576398413927 1226.6750566124254 577.8913755409227
498.0948902648534 1538.1370279514451 766.5521819734954
650.167148501711 337.76690649348916 491.7152525905051
743.9099111252996 795.5144774452159 383.83074978698625
1570.4897003058065 77.93746268466029 931.604552907509
82.83475320424549 903.1348318402597 852.4305118519638
1881.3416873167705 1108.5474014157646 1339.671132571376
792.363150590183 90.60349948771984 314.64846284482786
218.0984432434261 1631.4348235596879 451.7392731530169
162.24827144002285 1132.4226281129056 419.1610571278901
1142.9068629933438 465.6862610605626 27.75758230284886
758.86452608914 882.5221780190146 649.7958951199006
1411.538737921866 1576.5727615103624 885.835282764996
1002.1258429848383 1138.0456990653656 88.45152352068753
1949.10251120978 1016.342385603245 308.00335675388305
579.9993499455738 1891.149197975407 1027.2849645568715
69.4312789963416 159.0910594705315 742.8698157681478
1016.0281264331863 249.77207538529257 988.6380715399553
1681.6959715076375 1283.4072795255504 1146.463979546174
1198.6579614988336 1270.5959383149057 1485.5619106651918
1590.2491188677086 1120.606985008331 762.5767877021784
1234.2845433843293 103.45325437067387 800.83949865265
13.598663814699652 1078.1699956985835 238.01106521701075
171.05260455030046 568.0794600219131 1102.814636061863
538.0551285250692 472.3246785476307 899.0205138034398
709.0044986715301 1464.5016924891786 272.22640768649006
918.3682444563019 139.8622903381339 1032.5197449850764
1955.798104681839 1861.1999045105667 449.74737972471365
1864.92840182266 953.7841733502053 458.5508779866399
1791.6027887911475 1122.6516720759964 319.28323710847394
844.8278809274881 130.44610508032028 1189.497233599629
259.0736255447821 1420.4406138458987 569.2767917964532
437.17168951516004 1100.0271408290967 575.0026032534569
1582.9328952946153 762.3532797617514 971.0993175824715
1943.5126078585467 1220.3692942174557 466.9997589677787
1361.9767262745286 1270.9115284550708 186.4466500679197
653.5596848410019 353.40097243879234 761.9450248613798
191.2655447394489 535.9469609743193 586.649472052422
1.1837142231365672 118.35225381015823 1243.9367404403718
1604.3588616887619 1357.2717914488358 320.47857967679266
376.88191182153184 119.56858713051632 108.20555292970197
817.8005909049881 886.2153791324922 400.68679818961726
483.3375359214891 654.8198428158811 954.8019537081009
758.6766637810531 1463.1462372886094 811.5663856944639
473.17175024565785 1677.5637201700845 632.9514472057988
502.29954993592594 702.1177234943934 1198.200655028871
165.4348987410976 1745.676167837636 1252.1766575769548
260.44707780531894 1581.6285159786014 654.6169646724045
11.879159712238296 1613.8512899519947 1265.4005164258572
1681.2604640433576 517.0124765172773 236.33192948792174
919.8890232706061 1636.3462363038736 459.53496640730793
1841.0469277877014 470.15300863507514 551.932839738763
965.0265659484585 1446.069069720363 1271.7027736223934
744.3495402839237 1866.0858730390503 394.6962675400539
1001.0404378209982 671.4322044361795 351.3039695628399
110.61046318651036 1201.4099858374238 729.5640395479525
739.5752027742237 275.0802434243238 1276.5582614995255
346.91739270359557 742.5720691123605 1208.0081085241075
1548.5531983352043 1701.589478662511 947.191360123785
418.4996435924029 974.0661852721415 458.48818743952154
587.964229415084 429.71044101039024 814.7009418009468
1554.5390429795468 554.995634747873 548.3405811631332
1201.813568655442 1585.0397703018443 514.9334428006074
1213.3927234892299 1914.909748607775 960.6690257247483
1231.2235744555835 1979.4499652829377 54.37950153090654
647.3761990259964 1534.6364691682768 426.1537897953742
759.9406257378137 1465.3128354375822 906.2990122577212
1655.8472285888768 1524.690890350361 319.2323660428483
889.0101584582055 705.8471611602366 688.43548444425
920.1026584594276 1777.5112434752882 1328.2213172833522
744.4907004620464 275.08575945827806 1023.9273642499228
690.4152066736426 1421.3102999585142 1236.0538927153807
60.76728577946078 286.41414439234956 1318.924168060904
1207.6916678953444 986.6239438655717 690.372810358655
641.2924024055744 1886.1876813090228 1305.6242546862773
21.75936322999639 750.6332715024187 1446.435158929679
1567.7394367064076 623.9928237299644 1186.4768704742041
722.2731002565297 735.3508207297697 56.05727979886005
51.40313027499887 990.4378468824076 94.94557789238628
0.8586898203619686 300.5293126412445 1365.676826506812
851.6762032952165 1595.442191509157 12.995626846857455
488.2393362090347 1919.9284464524587 229.27142195993133
274.00680161522973 209.92797906304284 1170.1621317277688
351.89159338286123 260.92095562856144 396.4320699124774
537.1168925877922 1192.33388550526 113.55840542246787
689.5291990614758 679.7827547334157 1314.4094740848784
152.1404285844654 437.08340895798005 1356.160580048333
1978.640123181385 1521.328868537375 1211.4016096538546
1760.7891677450657 1948.5443416976916 432.66786218594814
1240.1260757872544 1404.3189528434702 118.21313729327288
772.1379833731821 1805.236398127807 106.70552390959598
1797.503479209676 351.4568326987049 425.8528665765755
460.94741259691995 1110.4775606733383 113.71547227276263
715.4391292079829 1678.564696565595 546.9828979828942
1932.8948889786054 1773.0961258807906 316.19908584776255
733.7690662791581 352.39347042610757 867.2113879194864
97.44486771256278 257.4935107760983 1414.2133233538898
1563.7556780273628 1515.4360170194102 1202.6610616903672
168.78394277565457 1125.4257125001411 897.9384854379311
501.69809128068835 388.155403637515 1233.8265050530715
699.9097773693803 1432.9464015768544 1470.2407691262435
1360.473456768434 1357.5474936480987 924.5097241159684
536.5937060934192 537.7743584799115 395.03755996183554
179.63830571864304 734.43800842299 39.71183946940682
1305.6822776800484 1953.8159756745229 996.1807124943144
75.57595881018564 1189.6685487582877 320.38676685827426
1703.5829168923901 869.3868559324765 1039.472337602458
1880.402309347563 1059.8969447220845 297.66194090963444
966.1438310035516 214.52511888681448 964.4059017018153
1906.2232197139801 1728.2706482023564 754.0674281515815
1720.3518225204498 1797.4590811018222 1210.701066218855
1808.7604923098868 33.894332509012855 411.6103684167403
314.6125606870684 541.6827124277754 798.4513746967635
95.77439793863363 1107.1805046948978 147.66734747928146
1739.1645480434865 1375.0157724033013 169.31038336943894
1866.220477881594 1913.4813300346354 417.5332944102834
1714.9827570722728 223.5124650372846 1290.894593473793
339.1272888630845 302.4353700570368 88.58349082394184
399.6790000739825 388.19200478821745 259.90581093951926
1790.7375440777728 1304.758384662654 298.7948930253134
595.8768084433457 365.7724184128357 414.24841588102515
494.53590037981775 220.86533943748066 271.94792102717463
732.0971613936673 1495.7385904010025 620.8409349381302
1467.2034395232195 1730.0103433741197 1374.5280982308573
767.3327958070506 197.180081443723 1484.6654466551922
1481.139975276252 993.0977924467628 1009.6248612937889
754.1219342563445 1261.3063806804537 1164.1149079445254
479.4507065401541 1682.1221975486026 1088.3731573737525
637.3678880952099 733.6252764784283 954.465017784724
286.17463926911427 1560.4719003985665 456.0098905137121
1953.125188558211 621.3865078485914 507.99932715326304
291.12397507258646 1127.5103645957422 1115.1959845513456
558.4384050794899 355.60949096260464 1191.2635295210757
237.82850795169486 271.72756847554825 677.2151061090916
50.110926180860105 929.0022508133602 392.04329105877554
1929.1036261710094 633.7711116528449 906.7258554707573
421.5048914398842 972.701987327137 674.6591148158553
421.23243183293835 1452.0990624439858 697.0157288374668
473.02947404443165 93.26970420760384 804.7446672498473
555.1844533528197 1486.5230931893864 138.84268994025217
357.8767320895273 556.586099344631 1291.5551617446283
1501.108290222999 1174.5290909756045 397.67801587173517
1527.1446875758647 1979.681789966072 1089.8608977181077
1092.3079444923133 1433.664284249683 535.829425348831
226.7416900486998 355.3905214605355 971.7050924938267
1905.5395992298004 626.2330269282905 1063.6073986397741
1303.108172987145 337.91384069761364 989.8924520983775
334.0441904388245 311.9084866138069 1261.4485933339704
588.0223978829918 1092.1153668014397 107.07882433398453
482.57547428081483 1353.2362285933445 1494.9450528965765
1896.9035749049056 1760.3771164702582 429.59163028176783
1803.1986430127952 37.856407627425035 561.1710440963072
857.4987333386326 37.359148201690175 629.9427525054693
213.0283084512352 1.08378913190732 520.6037655798513
1270.1597820049906 333.7279213836959 19.152945438752454
1984.596668487242 399.24640278038083 1107.7812744762557
381.4018156642725 14.045691642074365 438.47281834315885
599.2220376414956 1469.4225382885384 786.7424300919458
996.6725981417306 213.6430431711014 1175.1891270620865
351.5506087034881 926.4433839048571 523.4788358966761
337.065742491927 1287.3522837453986 1390.7382575711968
1119.059213396768 1692.6227212655408 1367.3090961979879
17.803910493819018 940.4775545641313 12.959774750817832
269.23299240956334 685.074583099974 122.67381039714626
293.2591192496381 136.96373290876517 759.4350073624042
1051.8166226580208 1739.5288812754318 1329.5460259517033
1281.5976238226856 1033.454804304059 52.047784751297286
1956.872337676182 717.5064784292387 511.9967967469126
1373.3389900417358 543.0152473561427 789.2526436119673
1174.1410219483996 353.8112092774748 1008.4809360694543
1570.8937617202803 929.9285103735829 985.1156243792894
1808.732715856263 1887.655866910047 1335.7093900148434
609.024160264823 539.0677288813173 281.94332864763004
1244.0052920215544 1955.7067699396741 904.1345633456525
75.91732425596209 917.6254122900083 579.7837424359058
1455.127020730645 329.9951187707493 646.2454440377925
1307.1010642212962 739.6425517038155 623.1638888486848
1034.322271065488 1004.468808123046 892.124524360356
1903.037074077468 560.8722288338226 492.15235325383287
600.8098533199433 210.7314212334923 891.792961430101
464.11031915874304 693.9549941284877 220.28794927499834
1210.220572080873 1824.2051620864002 84.41124265822775
802.273510366486 410.87013962295924 771.6792544918437
160.77638770455093 1945.7438063341165 637.8544350995055
522.423142875991 861.7414139447972 774.9624345839419
1609.4876976573057 1132.9684244205562 398.7755337490079
1440.753275054852 190.45149830682507 192.16943236987672
1940.5001551370867 1340.8296455239852 82.42382266257853
590.379339333239 661.5963502995204 629.03242074892
1655.9731145635171 204.27064650816362 1027.1412140108237
1163.7060673153528 11.857909303965686 314.62532919484505
457.07321039217663 1218.4303900412629 1390.1210585657527
1032.241959843636 1735.1300607433552 1198.818201806955
147.69373127809925 752.087560183355 713.6137950061506
661.3468055342375 1510.0444139801139 163.5728792118667
1996.882316699739 708.8369540768431 1190.7924754831454
895.8681030814688 776.5517404105153 939.3960275857311
1187.3796823950127 577.8119406283333 654.7868298607791
1316.4380346387802 1522.7914185344816 783.7491599133549
536.9112719358766 42.929188730071786 1444.430469641527
1071.681171824953 1524.2553617420542 1235.4714517207276
62.758250167974204 1828.4078904438688 715.3932170682717
1815.3353160279032 775.9875550567332 516.7011359136307
301.0646551862948 1367.2581521273055 124.29082104977674
610.905228393361 1716.7334702796495 81.49373963971918
361.35815120368966 1391.4861075175052 1300.4779659610665
1952.335561804602 1168.7679032415122 1396.2760555505636
1658.484974660997 844.4705470527587 695.6138346175339
917.6447329572579 1143.0386581528874 890.3076646850919
695.8557556188903 664.0380848234735 713.2275142728608
1268.2572280975664 307.7135177703787 859.400159755091
327.11752098950853 670.3483804778263 106.68068576729107
937.7376559723505 1009.0855850646932 1232.117729289588
1170.7462764556867 1237.3698909624975 305.6035235596549
1598.3585762291575 182.23344017817288 586.9962940048431
233.53543051062897 75.79554559533008 494.99197404203056
432.17049488053203 187.03269904255527 1361.451659441786
1884.5563772140542 618.5253264753514 252.97456576089178
1816.8969939365306 1778.237653960482 540.6557367571514
1052.4231875673074 1713.9680542353672 403.18253568524534
670.9938671578813 838.0264245324636 950.3020136990509
590.3970202791389 1245.951040985201 750.6323556811118
1605.623639869825 300.4153198555988 604.9149428592461
264.6335393673083 51.415653194834874 987.5553955969546
1701.3013877907756 1650.245403731315 111.70173538823464
553.1326398301504 750.0181159372277 1139.9870118186643
650.7202189007546 775.7577101047876 554.3892285104884
130.33553648064023 1931.748473525289 339.42635825208225
438.02452093748224 1909.015804493698 890.7278127774371
893.8737483385984 619.1211538911155 223.978985248318
1872.7846501147783 778.8127226936359 169.52627425661487
1292.5293229224308 60.637121994850496 526.7818545813357
1477.8978103309094 81.60565191593005 831.1849545564515
324.3970823968885 1062.2909629815517 830.5692521217659
1214.6385611719902 1004.7942307762405 727.5097040306853
1021.8565126914416 1015.7357776206157 184.29627853257463
721.1582984966718 274.76947769520257 1348.8696802080215
1688.6611624980674 617.5956744532347 1228.9525304160413
1964.292420951587 1281.065158594099 158.8777428796146
1417.2841162970512 230.61185570171472 238.1630144566566
1628.1136115369263 467.38661667337556 1296.0915296819871
1353.3348178936944 1201.2456147382816 110.34104815349244
578.0419689549697 16.25546289246671 1058.133255114389
1723.0666379109769 234.3246120450846 614.8422362324233
769.2060459099852 422.39068216949426 922.7332682436075
1019.4389980714828 101.58742409065069 566.4897837138959
1717.3170406953736 596.8302729501834 16.30868075333103
400.5161913744695 1380.3707357806154 1156.9526023521846
1326.9002522127694 1378.6042179774608 994.0501463496086
889.5124798158447 1121.5720991183312 1289.9328322519718
1747.2716404118128 772.5484420384817 1229.0504330377191
457.34757765721645 1468.0307552912336 1089.859112799097
749.1103414585991 1757.7230735185492 899.9686462157367
1055.4001875472616 1294.6266341805458 218.97664328389567
1922.9361231054886 818.6863770641255 1030.1887679091274
1439.09903170373 376.7014846804526 1078.05885224631
1173.8929672718527 517.2462198110624 259.6285691281256
1721.240255085588 319.2486178880505 879.0188238619398
1906.8982824820623 811.1376952794942 1491.9201225998415
701.1376495948484 4.989727431313984 1011.2136735949545
1001.2519316211424 1092.6005892520307 837.233015220362
843.1401664563243 1098.2930353835202 971.7310447505379
1765.2826076317135 391.38472706433845 931.8881051901936
1883.3583766864042 1928.6804802168508 98.32829571355323
1310.1464935730778 1602.0588047811275 272.37430869877824
232.59566969422573 320.57872042810567 1257.5150179939133
1111.8641073362783 100.56926950585509 1134.536039077097
168.61490388272625 673.9890877190236 546.7642825782657
259.41897927252234 1860.039678000166 1014.1993638995921
13.78302972684331 1123.061461150387 1468.8825208822636
1478.4041400464769 1359.6067548704111 1295.6434514488956
1868.6281540330438 36.63429926464734 211.84608026781183
1127.909399043182 43.824422391062654 1467.288593792615
1897.4751095346141 658.0631748454501 327.5887452175241
1301.6469189475247 196.1924411046927 329.7370765738206
730.9163342707665 1123.2736972197263 89.84030345006211
558.3262464370167 733.165979771532 1095.3585321722426
1793.4065018177116 1594.9889964410913 38.90597563376536
1600.140120003503 1133.2909981381472 765.6616223116122
1517.0782951515184 492.5039969259928 958.7524408252999
1329.528660255658 1899.468199889404 929.7515042566685
1872.8599387814454 637.6413963345593 715.7743147178403
1746.9207808161955 1637.606013510986 1206.2810022312876
1191.5972401837103 1600.5558675675532 904.6360174726701
1972.1795317594185 445.5935940332514 829.4902487817025
1377.668814131822 1356.2781032346575 1157.6729747019945
1993.6337691071913 1162.3938607669752 1288.8687489033998
1141.186460481218 1691.0734111758966 4.5363033126133985
167.23938530446335 1365.7515666052557 1354.5944708371362
531.3568865159808 585.2001338832251 18.74198396781224
167.74316770086563 1202.8483645747306 406.70203507752916
1485.6459239885298 496.2785989109646 1117.2169634806037
253.7962810946728 473.4138686540237 1211.4697258928
1358.829864940365 905.3257234916931 88.45443706512756
1799.1203459705391 1605.2475754219734 188.55751686253964
199.51850937492367 879.393466717425 627.0181125319242
1462.704352810496 1043.2878667722812 1336.7567808848175
304.43141665906114 219.8389362393207 854.9956454578357
921.1015573273019 476.9430084835182 510.0443268834694
582.7600648464842 1718.9049551688768 997.4491547977517
1711.2322269285667 183.54338683877324 945.7254039668234
1727.3385342487927 836.440870924106 421.83520090531147
1558.4031455452944 745.4855053377607 1152.8658564189013
231.4511257599341 562.4494805046007 673.1908577268601
1891.886755415736 1461.7570479205779 1430.6159157106838
1053.9405376115246 318.80511305866355 148.63907893342986
730.8832999800366 908.7560148185534 685.5252563567311
1274.2236915969497 489.3350989667786 912.086320146929
1262.232254323119 1955.364833111761 977.9285535507327
1952.1091296346435 449.61380869022685 817.0934804669264
838.1514602156577 923.4682913509189 650.0419670781448
1783.2073913789263 1166.3104190632241 873.2682938354351
950.6608434034607 770.9301553345251 566.8810342086058
639.180776062456 1414.3975644923084 1213.2542753550745
1664.0917742675506 1911.1120328007526 1273.0881365230546
1527.1135607687718 157.31230255477757 905.3289099520354
1512.0499737945445 574.5727931066125 1425.894966039471
1508.5158764784637 1216.9827493071962 712.543676711486
1060.7761132161613 78.3911933967385 566.2205269547197
68.89745162008354 149.00199574435734 867.9348123478081
1915.7151689743528 1154.782417436045 1322.5985533034434
812.4105917789401 215.67295061134683 876.231902501649
331.63557056569704 1967.2901155764584 1239.233586952036
1691.6980046435372 601.6904181875591 112.14911057284688
885.5115981186732 187.64650845108633 1387.653485222594
332.76460702637524 1477.6857248686945 477.7593000694617
1137.319861869232 1829.1106523110361 1042.23777895904
301.0967027660807 1135.8034833145796 324.92606700199264
422.0048662534337 1827.8921261510684 493.0752625100735
1681.4681334717188 1379.0409833460742 1334.7891453744503
1520.8156396032928 0.6862551025479391 311.081126185445
506.52854176313934 1013.9095161136664 1026.386025653578
1809.134567606542 1401.7001319451315 989.5294648462988
1276.2803833361702 176.51714314084344 1180.5254014993095
1926.8077397436323 1963.8381189962727 918.5710671553127
1854.2717725215625 812.419133849134 1370.9511772790372
1951.8069103776404 1794.1378083473378 1005.3151481876066
681.7252597270246 981.7499203318703 1040.3260070883841
986.6104460961791 859.4752874627629 1109.569367045965
733.8686223276527 251.64550508543982 976.8866167720904
1736.3627282990572 101.15688991409644 1260.2432696419082
1005.9639810211669 1563.143403896324 1202.3584836383811
1018.5437742469492 101.54711562890229 923.4800650192184
1668.9494965350427 420.14810762707964 520.6434386384385
1897.974743205673 1807.5438183846047 800.8798176558942
443.1395335096999 1149.2605810770594 23.848619555478678
851.774978520818 1100.271904334545 1050.93126145411
1802.2163242953484 1037.2015421538063 926.45560975119
724.7499080734998 550.6930888400138 74.50360302408338
184.1752110744974 1407.5852061333972 1221.5268800197443
103.76330758558106 1856.2069433938652 858.242663649438
899.6976629741459 1778.5079720793506 848.6651367917009
1637.3677107448434 1142.5518331242235 271.1052112323085
930.6103249153557 916.6990787044007 1355.590484264625
1525.3014128377822 1888.3245513537329 872.2791784336628
1973.4839952548484 410.20449307386065 824.025954485858
1299.0435049777584 1960.2348209517208 692.8643754451442
55.90886830889197 935.950476274785 1036.1814222778805
759.0684875481472 1737.0651710279094 990.7454492915324
119.67240589243589 1532.137607662448 1383.810057650392
1513.2221399876776 718.0689474543996 60.28148745408496
685.998835355158 583.2912311826288 1190.5926829075966
522.9969011715734 666.0639485491333 25.126008738236504
1174.4277568329649 1924.490205487285 52.070177873893506
1615.0813703214924 855.4080676754389 1331.747851149343
1374.9053904983407 778.21644528449 77.51631861107056
1867.677556361866 178.21327958969158 496.90079692035044
516.6299834771619 960.1679284513383 1362.754465114876
166.00691179624948 1406.2623209175629 180.1764157936308
1672.3227269928793 1498.4418175291282 169.15457276996653
1346.8376971880298 227.41648718883178 808.3583134840834
1014.713659437813 1550.3246731926506 195.20034110284595
1497.9390157225755 1507.9902049416 664.9969746406963
78.51763547710289 503.84590494831815 1197.5237071734005
1334.35068332933 1212.5485980414949 1039.0709779127021
162.97773816486605 1965.4836725494306 945.6449386841514
1344.7531463747337 1886.7239801183907 739.3978752022792
1921.4233229236313 715.4800827881418 250.84151548896028
357.9146235459416 1827.2012493310028 1471.3255889685545
1077.9659472402375 886.2914249519054 53.38238562210501
1798.1294281822056 1851.0306840518024 16.983904904825152
863.2572902090562 1940.3557703034376 1381.5999687951623
964.597614747376 366.9756272754738 1271.380197994702
474.1533881767046 1847.475436902082 983.2601466195744
748.4706445999285 261.5342220142414 836.8840232599201
250.67749425726427 1154.7460852455608 233.7779797861637
1266.2560300440648 1738.896098144993 216.82686796109707
1384.1303163350667 1965.3446964131367 152.89273352190975
753.315876684641 159.65569034468595 1220.6314032390594
1874.1479441297276 671.8513846279482 813.97509139476
1174.157350925945 1938.6239849300212 1113.4516681394864
169.66620076475047 1789.2660767394846 154.38679948459688
1259.7906549575212 1216.246173590356 1042.1733307271666
191.8619101676089 1040.0938362199154 844.2572208384012
49.39312758011161 724.9756902942992 314.8932044405623
992.8953459633854 536.4639729388929 593.6848711938225
1688.4687154062442 1746.8344987750372 32.87099705473812
1748.9687737543645 124.30853179277813 1499.1285340668796
1630.3347602857664 662.4764527838233 53.36101646313768
1460.263647782288 648.0890525763882 587.9141960131997
277.0669356527955 330.7333964064407 1292.3761161487243
867.8723874968928 1971.8453765591712 1410.431960414067
0.7446039448606445 85.65076670475213 877.9574637229383
77.92505477682666 1255.5812290942047 230.4828232429479
667.7842763123081 109.7328357061671 1453.434064082382
1621.6451692432543 110.79114426095104 1034.685679455561
582.415901452425 1626.5801217787182 1170.0704505369506
390.0335150707088 1082.9910100347336 756.4150523884973
663.5565928257829 14.431840003740204 1489.045329550536
1865.1943744875564 489.46434657024196 75.04226075638893
758.7373587068271 660.0447373409786 412.1110915703664
1297.1996645450877 1408.5933601631327 83.19670782028265
1023.503816551268 1360.1558646120673 738.4163274855222
331.9458858661146 1004.3791526556536 929.0924334522371
1167.7996162552254 981.5269528692512 1185.1389757309219
303.8211248769067 370.7532679877745 8.790706184357289
196.14877889842265 1267.1983755755928 88.61582546611213
18.82811600222456 1674.499695294178 1288.9115387906725
1328.6076434028207 371.969748460609 356.30383758547
755.2297464671991 1075.961650678403 964.7704089429321
438.5687115821644 757.6318035273441 305.6393370244666
1148.1530441030066 1255.295700071537 176.63769496011184
327.8134070297891 205.73499927564563 226.6194184071448
593.3850773519373 222.65356191036423 1057.6890593938137
1350.7947410786244 1023.0430091060276 776.4348302264301
1521.964030400645 1592.5795402423068 505.6871706174178
1446.4555111537863 1894.4660722588324 837.0955164684932
881.1073257347781 422.44835042815134 943.972386562205
1952.8646547116277 1122.7475662243078 872.151314360202
1935.1453143395865 440.6341564691043 533.5280475964998
93.73390200240372 559.9153074515675 1055.0569146221624
175.9324988677733 452.6800103468376 451.75388545552187
805.5213767117486 417.6924862714868 179.266398601856
1472.7219483016036 259.57271854286336 1255.507233763404
1565.9010249045607 1680.8149583735728 116.75899634138898
139.68897794125422 816.2015257222415 1448.8524278650148
59.65526486860817 872.219771483141 1252.9993573277459
1919.6205280769418 703.2568131865171 1388.5286624401117
213.35800091102163 1657.6704737550251 1074.0866591242925
355.6966372752466 1392.4737061461024 1004.1520770624286
840.4870950687538 1413.2073225042104 1268.6590154544504
1710.369392681486 715.588202175917 550.5221671466114
1397.624480581281 736.4410805957149 82.68658331238798
1437.4342289667673 620.6773998356949 1042.1211546777056
1091.9672881258036 509.05970899935227 1173.8980013777878
1860.823183384663 748.6438203392221 1238.7891198880282
279.1216643433461 1868.6948608296966 639.5520415242086
1872.4893442641812 381.8901205193532 468.9058338765513
562.9727231671808 92.23772130743768 419.67989899286795
1399.0297408246101 95.86544701671818 1260.3621588014882
1357.1449901165875 80.7784483605607 468.13665231969605
1516.6970362027012 1155.2628373490925 1212.846672301917
870.4735718915189 1512.1401996679394 706.3787302395016
926.9079805604696 1829.6143821109383 225.8354267393745
557.5854078720406 1983.2770372300874 666.1530239254912
1875.0744834221819 1454.947391866846 1356.897128652705
1092.647248656994 295.612952293137 1344.5416600411677
85.84770512451323 296.8287229824165 547.6239519396713
648.3908679805319 1377.3773788588048 81.43625828175554
484.8392686533647 1181.5628623985563 452.82681769697984
1993.6847756942777 1819.315720000422 573.9655659679458
322.5425361618479 138.27234573521397 1351.3549924302545
558.11001095628 530.971862987805 926.7418478411408
123.24334296550865 91.92583513068664 318.88780848311615
1896.9720122336307 1278.4695493865079 503.12296892950906
720.2428652774485 1922.6658349586141 515.973412005809
974.141529830362 1240.983124368522 106.93196617893658
1926.9106184751176 436.3856548024532 1295.4775994059464
657.9538869238644 1955.5413412488185 481.30376404226865
346.5383727068636 536.5977395526562 1196.5619678058536
14.118582362905308 457.15663138359355 1099.6738294116553
1433.3633854578486 425.4960200089497 31.207303765234172
1163.353749735266 1897.8073203317044 735.9740383544365
1764.0305483103425 1204.8224945220775 1030.1900435265475
1728.0494990065783 1841.5577093400352 398.20458427960654
147.3630940727184 1004.7041604962743 1297.082002691956
53.32458474543 527.2899389179024 919.7368041573424
1706.5335776535483 1195.8614206863822 819.4561189214171
1071.5664163071174 434.3679600427772 197.63280946893676
118.54788025399232 1157.5313848022263 45.25542383023562
1416.9250254453432 1056.0807913481738 868.6412218939414
1402.0084839497863 904.7423807463255 496.1359996843665
1110.8066843261627 1815.4260451511236 946.4345014666284
294.14494023017744 1053.4317275915266 237.20008188003743
693.6698254870423 385.9006515047323 862.614717415456
1271.0990225042115 1357.6041067605602 1352.765213311308
1978.6009093032703 1262.3300510014699 940.7527520743035
384.32046941255413 1193.426436190052 1267.3835744912776
1341.1383166864748 269.2779035701158 77.2381788209212
1238.9434105107086 1301.4254851317546 848.6400443242585
1604.9304181251464 1745.5755023617337 629.6847448020999
629.2887419406088 671.0905815564197 98.8692905116142
377.10544672176826 1333.6621996736178 956.4654033323667
282.34110974289337 569.875631555152 614.4952369621438
980.1533732097867 1512.6482457310296 1262.8813522836972
651.656043640529 532.5015805689919 952.7301413641119
1617.9585491497983 526.9804501363155 1025.6450952332414
757.2502945846616 1981.8342272674543 718.2055115178513
52.144513642790045 1531.6860144909297 208.00189065704333
855.7196562110898 222.11949061075265 1175.233975807629
1889.8530855737902 213.72669172732307 1058.9427503470638
1991.488512866821 243.8035431773957 849.1242065956213
62.1953520669829 1942.7907370794528 1152.2092612154586
991.9243197475951 1122.777129366951 208.6931083638879
1554.7462135557153 586.8483334788455 256.3093459561689
1348.8973552628338 1780.8638761035088 669.9036113666479
961.1837331811495 1681.4415108168073 509.98911157645733
1730.1508883221447 580.1844973115791 678.6114022283085
1258.3940057811349 974.7874154676872 26.95123377591746
1230.243067348436 359.1996954682883 438.30721879290394
1186.9342346942208 139.8575928880772 778.911419934913
242.99216250083157 1206.1540467871566 1203.43624776024
322.81553297065545 1674.2791552683088 1321.9828537363137
564.190926751055 225.3431497676974 826.4085978136704
132.38305403396234 1282.1757840463638 308.46454662521404
987.2980513446985 932.3209441795566 1331.2458262043258
1010.5722409662051 1178.797492005488 93.65118930597338
182.49100268043517 1794.9226773946073 1295.2765053742949
1434.6864669776926 1975.8802821338356 492.32292044412026
1625.4141798860703 1804.3153224384082 1431.3875962139657
1770.2725579294886 825.386227068847 1294.488275852315
1455.203518891537 1030.484496590261 1245.5751700697635
1576.5663325865105 1164.8359048538612 1016.6584218686829
1461.7188277583195 1336.691898062536 1409.727684894083
1996.4485652546598 185.33668077216615 186.2812572714438
169.87850953806262 409.59172898024667 272.93445575436493
447.0837175641282 191.2408031235462 861.5368242129863
150.09468913812762 973.336982242872 978.5405468540763
1342.6029950793795 1068.339633998361 478.71507144796254
1388.111096930463 1507.9205386074793 1459.3926768696601
427.67288423962356 1030.9675070931255 432.10383082374074
1391.9348123758607 930.1898757185123 1304.672704345326
721.7749267253346 947.7836729971214 521.5836821718015
419.30485321765997 198.9636555348402 1065.5536037581212
1478.9561623358823 1223.4850514324128 552.9322435184208
760.4305821053885 1262.8077472466969 931.8296287114516
531.9286161917177 1962.332601173569 1179.4601617956123
649.5405666910688 719.9631144964441 477.3021825269099
1105.6546814470864 921.0448891931155 1308.2821284616655
151.29441013716317 377.80723122479196 1088.609288294683
429.67851352750165 1740.7522773950402 1402.6285810533427
649.0871770584772 1009.3886271539934 462.45133256038787
1721.7331784553503 779.2446901231913 1260.3534281160717
1110.316054805917 1972.9283790451093 279.0464036291118
889.6901664506405 158.70906273278385 535.7776778077011
754.4254772987133 840.9577580621723 1401.330916563075
424.87647702339416 1663.4391320076666 431.6547950625951
807.9029937634008 343.6890636210002 1255.4805767932057
1210.7913252160683 1778.3408425979962 1263.7204772402827
1998.6903605555199 727.4851443615396 1435.8737156746436
1661.4595260219214 502.64859820941086 235.972753905021
1448.1262053595292 328.74657451138046 1455.7816555806694
1340.6335520160887 1619.019874650275 1371.713667957269
1835.9008601593978 594.5235081946074 299.69435806473035
1608.5827550952417 1387.1057957922208 383.41152178502546
