600
1162.2492891350857 117.70491740131695 1048.0203893623054
299.09903179171215 1460.8570464151792 1232.7199455709713
1076.0073137614797 1075.7428315032405 432.53424159399356
1492.3900049627562 1587.4990304161392 1420.0454542009043
188.73644573502912 977.3785972707863 398.9976912821654
1829.7719378023733 775.7064862485312 29.688752952764354
721.9499065675739 1815.167589037332 1163.4635344952878
1114.1556517989861 887.5247059583644 1210.119419918126
1310.4455303203804 443.8186088195739 876.7248152033623
1785.9321092028624 750.5008960619033 1113.2874291606681
958.5034489736204 489.8196877775505 1091.7604849833021
561.7388742798069 1447.528330591133 795.3350269066146
1145.879533268291 1438.5083103348497 866.8130005466573
959.9702671143058 1491.201982360469 378.4866328009038
351.0502009590326 837.4967758226181 1091.1214654516443
118.72446215497968 1542.9618738428787 508.00440310804515
639.186970406604 1963.4898910459194 533.3411558020302
1039.710186872962 914.9711740361226 296.2351021889349
1494.7989676956126 918.1133712578782 737.2721504357967
2.28465034942138 1796.474941874481 263.8504335146669
721.3447234774968 1636.8206304856358 388.9580887316088
103.5114708826288 131.1441050297515 539.6785191981418
1689.0383957256265 331.0066872997568 975.8828646444326
1461.275270298004 676.0240875130761 1440.446728416024
228.9450190565363 5.826364225193892 705.2444028593794
355.6313039157628 1830.8532145155746 924.9646221420314
394.8455479549089 1455.9060086671984 1217.6465389911357
563.9507365934982 1258.2703955520428 1196.0486941226782
1202.2732221254876 1222.032616122319 1370.47904880834
71.05609155724335 991.9716841392252 492.9619318966457
504.3701278873571 1787.8643109749075 901.4979104094937
1015.2895740934475 1449.654887395772 1239.1736612384627
435.0243702910306 416.2372778289916 928.2040759318751
1150.4799762922 564.0439606902596 1001.3769547554035
1701.7816352571388 1693.8896311535075 1034.2602870128078
686.3307392961502 221.6315874445409 549.2793114925965
1252.1947948361492 1446.3691090075108 435.94385838659696
1220.2804728353224 1401.8404849262877 949.4682593927811
1537.7397797559643 1279.4673327858377 1221.0573155820632
594.116352415659 1557.3339786229155 1372.0242620434415
1222.6860890167206 1222.6502497370757 977.9544057290207
1898.9681731709677 341.73212030555544 255.7021137809724
717.4654977928927 938.560510032777 1448.4118181634508
325.6890862118933 1870.662053326734 722.8632344549892
1482.430148182403 117.62863201568119 72.51738029808658
275.3099668240995 433.7596619178632 579.5274252999443
303.7265261228321 1963.999968525715 569.6622667937477
669.9780626732745 377.00090517061693 193.89286579022436
340.7713103294596 591.5351143627971 231.93915666845695
1170.3576651306278 896.7135145977217 780.2105321596749
686.129639723867 1193.114801780431 719.6354668824556
1368.4627594766512 1492.7428518090665 1328.072018115741
1085.9573813615539 606.4874079040876 302.2886690107185
849.5986880212955 993.1211639258408 1431.8927594420509
1848.0293476673623 463.81439442398033 1335.837265717846
73.1682651516956 1267.792078802636 1100.271642332182
1052.2563715140727 968.4512617597885 1010.3962814666654
195.0866153452322 1128.2480857463179 592.1627967643096
1392.5203335797426 1881.33718493902 1252.2342010118768
740.4940416596602 1851.982883216119 295.34729620533295
1049.8106289105613 433.6525705719356 1285.7871472542845
1417.8796537283233 1549.8633259440733 350.21141552288185
10.08806087261549 852.5683698105051 1141.8896821683072
228.92389257301994 1355.4134145482103 821.2942061250715
632.3380520955928 295.9291390829184 442.4659704948938
891.7770316727347 1649.6746583816248 601.4416714904692
849.7095469335683 1977.7963086805892 460.8009501784037
251.61982391474803 292.88532205459904 382.07954611301375
34.933257063504364 988.434287248874 1307.0337170282994
1728.3471227746575 1050.3473219224195 679.4612318599616
1823.4444270957229 1862.8098862856687 62.0817903694722
1722.0009304695468 1549.630722318718 1131.0182535933666
848.0490786937305 1884.5838382865295 722.2268464724167
1800.0914603925953 663.2608179043125 417.09180464861004
794.21004270932 1661.9670487399926 365.394598264942
1390.4763124118906 1902.861488376647 601.7749925921735
808.7499168949306 598.8215354102695 34.41376517771455
641.5239717311691 111.37528588370694 1088.9907800885273
570.609662235288 351.45938564084986 1125.058331834707
86.00101828556217 1892.2634291136976 675.2874657038033
1165.1525617270433 754.5816627638942 468.43464348854656
1578.769069160069 711.9475891833844 49.75922205648148
1560.0166549537046 1150.4775800426416 674.1790902255264
552.2657059633511 1503.5850100481152 1054.375877377146
1039.4355651682201 1340.2167557473467 232.0666695685383
116.78691435058708 359.615427144357 1389.0037282939074
631.980072423253 1654.473930356437 1104.4349050570963
1559.0524152658047 680.4305823245662 558.4925310842635
1534.7066001602666 702.9905066322104 528.7488675023867
1826.2091722813936 1578.0936220770216 235.58111481354672
983.5070303961066 358.1625584090236 1076.15680903003
1887.3782152413557 1062.8584925731986 95.6748166325857
806.7617034385719 1653.2946892634195 1024.260366151399
1619.788838427474 1007.2535600281449 924.5284969363893
908.7690007488105 415.90657479225104 1493.4803262076707
1703.0553615038123 1959.2980227154164 1231.047404270016
1230.8301306053127 1325.109384524929 894.8849888796049
685.651836847214 1849.2729603101561 1129.0374886713018
846.7013601232811 275.65468875846034 104.70355148494276
1812.649206845842 1296.6237878138807 580.1692265265413
153.0580897771141 520.6481861826793 1071.584090362148
1852.2338464754694 1675.645074517857 26.69892402415114
272.5768512068558 1853.0108478443992 893.0861412438228
909.6514279397343 895.1926781968771 607.1404786027631
849.5606121105699 852.6967150329625 753.194467756572
823.4898556641515 1000.0500915916795 1217.493941456949
1430.3268717926874 976.1302748039531 1281.6298483565965
982.817409944992 778.3333325437294 1338.9035017716913
1679.871164857282 1671.6511413816388 565.466376567826
675.1013077726138 1711.3048703079812 415.1384669939902
388.63294809488116 615.1795336589428 1254.724194796277
1401.9377587575307 1764.525993683688 1217.7349577170553
1321.8733193948392 263.2096075191801 490.1927301293125
156.22428229183515 1004.354485024842 924.3839945811732
152.39832811080234 1133.9130787635713 1112.5775416995689
1761.3893640951312 1581.4620264507582 493.3404065251253
1579.4403596182613 59.491670654331806 1262.0227577941866
1863.9607043869496 1835.4653368832164 631.7653328795349
1833.6472989415934 787.3402868514727 821.4046984140639
1348.4517568994518 337.8121115009258 1014.0964458141692
1519.5576286431815 1680.2711043571787 350.3153180845415
1647.357058942788 209.13944378948622 156.0304871876612
229.84933244389416 631.938231503177 287.6756193317382
1378.0925241606196 313.4907542545655 1118.7927264082969
383.76095177853745 1968.9353871018661 164.84578160432656
1178.8432459108726 304.20446452441996 49.43281432727614
1809.2130164703005 1426.7550960598298 253.43101318299594
1817.1504451699454 677.5664105920616 201.37290241467088
190.6729441797168 1149.6164124519216 1437.4214550314068
651.9927704345225 590.327889104094 395.03783546049357
1190.8275979350535 304.35243984280436 514.8702754233246
587.9528754421068 279.31535044972543 416.4409847197882
1558.1248451384936 1240.7496722570406 528.6987931376427
721.8959746303708 1210.2315643025042 22.700396581097458
1203.5242200166072 1371.7373151216207 510.3165370839443
937.0487562439944 41.02884448622879 611.3650309099695
1872.4249083895438 1985.7190622615526 251.20129281391408
1075.021722347675 2.9593981171069927 561.498880275069
1143.0185969818165 304.7342441055827 871.2214287931251
125.60864747135292 1336.2020812083897 953.5792662611136
1288.837740654687 1393.2980630316401 563.2909392410006
1656.03519805435 370.83245263719266 593.7875854809313
1827.5589716757293 1542.9319110364916 677.3667832793325
1124.7581952149412 1688.0510091384906 203.6472979482349
1441.53264298069 1354.0117800616188 552.974439183497
852.4956864174201 764.7819823407858 478.6915803129092
23.211174033585415 30.55657306696613 1052.2337342863877
265.8388586036202 1689.7911857382228 1288.2433912601439
892.484882570789 417.5505701481101 1210.9722475611156
1058.0190777112402 1986.151765179391 480.11634937804547
857.7034368528087 1353.6989745429607 39.606286516381594
1068.2924040674075 1221.6668161114546 1351.9298598226592
1873.7709232880852 1514.0113998999352 1365.886766636261
947.7395706648157 1185.005531414981 499.3021193085206
1774.1823060873085 1699.5497353304465 931.7548667711354
1153.0169865821326 1078.2448733630724 913.140368582755
1580.8336337830124 233.03393933730376 1415.9679307974293
905.4958272603502 99.75406765450768 1222.1055376730753
1057.1062424436711 436.13144106628977 1403.8757789916074
607.8408787811054 21.264586995108026 358.0273550585093
1078.2881554765258 723.0714319791289 1062.2459758177588
1397.1365433627952 858.6512041300525 471.1398473336611
1327.899293440345 470.1417872713702 1137.7847113143052
1694.044412380041 1079.630084099629 879.8463835878567
538.8024389260155 1746.8344623383593 151.9077382402287
1691.1691580606705 946.8673076908854 1157.4910520302374
125.62527631030784 461.9918056754406 657.2851050891413
333.23025108570727 964.4562609202571 374.7391384469927
299.2740046110018 340.0612562147678 882.5551055979699
1961.2313597635575 750.8674714995122 1411.9691752759534
443.4549190896484 750.0916246007467 364.29517579692066
792.6233428040506 17.386528476196705 999.1358283130198
363.23517405600313 1339.0627045910703 777.3661098166067
269.7186957431561 979.0140730245844 849.6577311857068
1539.9727801078325 12.815546021682556 860.3814838114442
203.99356203244378 231.14362002146095 1463.176022314226
350.71355876314516 1398.4926670062248 1169.9797359268273
1733.7583395459367 1305.322019218387 762.7210677463745
1610.8997742479694 1045.6649645617752 331.6431420541329
98.76698220554015 1830.6986625975808 1130.1621139889337
1249.7742634860153 1475.13308516331 735.1547463897934
1167.452752116148 106.13372824252987 1473.6590173578954
148.0666091290932 203.91122214658108 871.4463486945291
762.4223759561781 1312.2512316291652 416.8262038591249
115.19091568056928 358.3112631534922 171.44300291607883
297.9236589091632 302.2033326555178 1183.8902198965468
1632.6906346387834 456.73503486631614 453.7330190080489
512.841932146316 695.4184289132894 932.5983840203854
1813.7580979546224 685.9526206458588 707.2082419558539
229.47266710929858 1949.184580139325 49.513458494884254
1044.1825708097138 947.8202203103511 14.160276824400576
357.72988527637636 493.5177986215866 896.2199771928775
1097.90192299589 1308.8322580031725 1154.3447792811808
670.7828382287196 160.48772672340706 38.33198756699863
1203.853403111499 1886.7165952836187 434.91356205783
303.28218838054613 1624.521249839641 164.72274181715963
928.4363635604092 1034.7726330466191 671.4841234943143
1767.731558409757 919.1365403818847 556.9788643574088
1510.4843500472646 1404.0902149568467 1224.5668173689269
717.054900988138 1221.3375968867144 681.3186686490467
1231.919124339936 323.99327844316537 459.72299262545556
28.864071643728284 1883.7091894681273 558.0033459773647
1942.6719571473452 1414.6256020157641 1451.2222639077197
94.63589125191474 815.7236215894479 731.8239875492916
420.7547905701561 1913.7450223136211 1367.0399634235064
1144.8582531240195 135.68244441967715 431.99496978745736
1264.6437633654068 350.0964143531258 898.4521224574808
587.9895902365511 323.34269926746197 728.3352801372237
1153.3695646838073 400.35542079618614 15.574352880900644
70.08108876843578 1946.624108476135 1298.9307041460254
1970.2902408248813 1142.3582287558206 361.63594665530286
847.5618424527571 1762.2296842151736 332.59535726845945
206.72909036193255 1413.337768082254 853.715156545646
514.3579456363552 1222.372641196858 402.2522310786786
1473.119409162765 1987.3633951671252 708.2527241344919
649.4403113140452 959.1003605577548 846.0789754563929
1240.9984613611414 1010.8273032910771 673.2336166441434
1650.2417113636038 198.79752969589327 1192.289112649526
829.7028731189979 622.854361345605 270.77834180292706
1847.8816646875573 1756.3385631708943 561.9342727263308
801.6246786707591 1671.0976609568584 1143.1263038188545
1382.6115241858488 1227.5902776647902 482.82628652504013
1346.9052210034406 925.9574707038829 480.68769085383235
730.8838420432244 837.5649351378767 1089.8647291829354
822.7811580520348 153.9939450101291 565.4373395080393
108.61820267612865 1435.5851510392904 108.68706377405957
1119.0172213639764 1094.0519041388482 1338.9732600207421
243.2434884645951 983.3336888062969 1295.4231193129065
1645.6284455230543 1210.7157669975154 702.8708064619499
657.7131003977908 1236.6197510582995 1489.0863431111534
1000.230405920542 957.8754253900703 1475.0539259049613
848.6446992867341 1593.132018007396 1379.873583607491
1169.3834244456725 1746.1294044644058 384.18468442006053
1931.1479785660454 25.176774783450373 1474.6354937058604
1649.4327880748328 1167.190460948237 1419.2598847552258
1955.7992065215446 1290.3902597123774 1274.7769360576212
760.465266004774 1032.1313760307792 1401.331658110237
54.99935950403989 481.1329297424423 949.5112748161873
1430.9569056277733 664.3574551843565 786.956956196204
56.28637310337936 322.1938964525104 974.2460968301802
291.9204507949951 1401.9666492853114 645.6964449222463
1214.4440376093241 1898.986536662889 21.66060698469785
1105.750163578967 181.53444434065946 1059.0709340728192
1877.4301773435366 492.93576839206435 392.2731866869972
741.2068893559954 357.75566107153645 1351.79679297249
1196.8376867670383 1853.2153611815827 1363.2542502557637
381.7484651565628 1492.257311904649 1067.5763004851497
410.86068167279046 138.14970664127114 786.1510246322503
741.4387631009675 1484.6850435350539 134.00850486628312
128.90416157836572 612.338101869373 1291.5960220448776
91.86893280876474 827.8825641856309 1145.4229928914776
1176.6151017444074 1984.4192464341854 1468.397462385911
1672.2877986972933 1844.3668223487423 682.834180053711
1283.4481834925703 1069.5770110313958 183.4538806074002
469.5321897607809 1789.9371298769036 126.68129957275914
649.2166468328011 938.8878870157478 414.22867930875634
1363.0752222698486 1681.2870053931415 1499.6648917042799
1137.2847157619901 1593.1198263076335 446.82439570839415
1703.9039063609323 233.09275708503807 758.3277742458508
1242.1580393300283 520.4222005466393 1292.7044157825692
375.33307875143885 821.8291593311045 1021.0550738059475
675.3539304243039 294.10906905676825 639.2779748484295
517.4292491787078 11.063827857275665 595.075014956885
1559.9901635348704 1370.7022888426714 1357.713419765671
487.48324634532423 1567.7941254821778 1316.2906880010773
725.2350313882083 1440.7522604084465 992.7646984860237
318.6070920524735 11.088972578301881 851.595976382576
1961.4742676964336 27.038046367426904 350.12487213146466
17.428450157350728 449.97475106632925 631.9589823846559
1971.3530322446936 96.97712039838957 1249.6833758665914
1100.3958747381316 305.9652543900702 1063.906991111892
450.6803800616577 263.90583055086523 335.50229775747783
51.814090340752685 152.25758599919726 556.6810005622739
517.0650718102165 1007.1606496781951 987.8667969378944
1241.0249956115574 1378.6501546211625 93.49698873350837
1586.939465515088 1901.4255653348982 1480.3940024089998
521.9908485350047 1364.105183607106 996.9907369143576
1661.9116616230544 1004.5287093375213 831.7469464092153
129.34010396985607 1986.8810460400337 1283.775965097753
975.7829076417901 1349.621405191352 1056.2860066751846
9.15991410502226 1638.9649352010842 981.3807114806588
1891.4201088297352 1896.8662006551904 591.2329942051995
705.4722592724825 1580.213546063695 1400.911370881462
1841.5538546486155 881.312846772741 515.8247610264298
415.55187914970526 142.81046796354823 1164.6045830369794
23.414575597060725 1045.1373273864594 993.7206998174945
1646.4917044128301 1050.1798501524133 651.0707901384917
1691.2466394481094 501.4626699476747 1158.7433786717024
1721.1790434789166 934.116327696829 1406.9029109829364
178.8737444059858 307.82282561569986 839.6431569947293
1240.2433160930912 1798.3065852865127 1025.0897132388957
1336.0821619889266 201.50454329828315 1491.040466697547
241.4916380302543 402.84937269713294 7.903039703630432
1346.1277134123036 280.0219370502568 975.6078039240283
1343.3435587224744 886.3966530785052 423.4775531737129
1717.512041660832 1713.273650246239 320.55811493297045
118.08070090711963 807.2898496763563 1320.703404323013
602.9418548037195 1626.7426607678833 363.2397151058616
1060.193287384921 1063.839336268519 1152.9259093100607
143.81367279692992 1029.9669020092415 1015.8788880848796
1066.7706035704098 794.6993387154002 657.702565469248
882.1264829690174 984.088782375977 493.4633549989152
277.74314955259416 1562.5954291764358 774.8010810326293
975.8053211980356 1472.5254142141735 1185.6600575813327
1606.9146336974436 1314.821715977299 1315.5447749527782
1609.9377925184333 1628.5375493553427 1247.037401771834
173.64807320493236 754.9313637640804 382.4452667617891
1117.121753288778 304.6656748856302 255.38557427605096
1511.6352251078158 1450.811485571415 1180.8860211642339
1564.6403756415257 984.7002753951435 1308.179131283727
439.88270486033446 310.1085757641131 809.6327274279791
314.74348939665697 785.4510512785511 493.98987041197984
1620.9076375445873 102.95153425657122 426.6172167599274
855.1778459897318 1295.2743993278 715.6399361148534
1883.3821790496995 790.3936233246944 601.5309854442855
526.8693897051157 916.7142536925699 163.62651014706154
1732.704413769494 897.379766734567 1209.6542687900996
588.2588333414527 1917.6575486424838 296.2353444495601
601.6250266514427 237.38448547189094 103.64213845263347
1746.2035007784973 1161.6577170350424 143.65412719832827
1699.8963462421884 893.4308586251989 1209.7527976215974
318.18086654134703 81.0675600280577 367.0699189953285
241.5225712953324 1241.81653638788 997.2997170593585
932.621094320055 657.4805336342107 216.55041096889988
359.71369938810585 787.9192929983984 416.9062158662749
1522.8905911135735 400.4989601166509 26.627767894639888
940.7702934453541 1462.1627191221278 1395.7501623641522
1361.8621735339268 994.3871352147302 939.8328707719364
260.88273280449295 931.2290174913476 751.0801179533634
922.5545539130304 1343.1249578208788 846.8379313056015
1435.192500517856 1760.1728013641052 313.5242492332625
1017.0290902268029 852.2056083160279 1494.4148889191144
603.1501515321049 1546.2647993876599 260.13502027758386
1995.8967818054336 1252.8620228209238 1122.1350503057274
1032.734053767366 768.4714297005784 720.0735345994401
567.6015580783343 831.1375318410137 545.3797604010712
489.82353500134246 1370.8468358755401 1163.620033775011
668.4006563021401 1148.8352112681875 654.8381783819485
1216.879414298645 491.8645011544522 1219.5339268856264
1883.5003742175982 11.63448433922265 372.8299871839504
886.280686439122 991.1800013376497 1362.033217905772
1285.6975333257842 1647.4040810997903 1380.1739739883392
816.4987700128507 1692.5760781771341 55.89822387443771
1076.2812651562815 1287.528514091501 510.78208661048546
680.6498671186745 1238.6246645643323 1184.2068500225732
1238.3938602322226 1648.8566787762913 376.04121984281477
1702.4334946121635 510.39538525482175 861.9384376022003
308.4501621456899 23.55061328576258 1456.8449823543108
224.289187384481 1251.3225377758738 497.4772601985007
306.5796623610764 21.03501354140258 752.1090231686674
269.2597099934824 1893.5131090156033 481.00075552318833
1222.1806154726366 1754.8901524139744 1086.8661181339169
238.44363443850614 542.8828423607628 824.5964677683909
38.34087433710343 941.0386442635066 918.8493791043888
211.59127485507568 1145.2172893911581 217.68113278462098
379.5278998787861 1162.5451044416238 1090.6084980773817
1478.7787865464024 905.9926154981231 641.6563804307958
1953.3723386209513 1289.5462090183426 307.0767110396819
723.3689755443902 1943.2090900866185 1411.5231125556459
1265.8258542581252 773.5843565455187 966.2369262923601
33.24996410356107 1272.9711179287765 420.43941419924886
205.99808821963705 1548.0616426853896 923.7780296857075
1190.9769668658382 1053.9997568139372 1100.7911662356769
1220.6264095160338 1040.3185631485828 531.9049915789535
1012.5491822627604 1475.4255917485389 956.5020641335501
485.9801881924157 1154.0815791657287 449.0819839364796
841.2347632634418 898.1458772712689 635.7764213090649
1850.7766363289784 1968.971900878513 549.4594395285421
1557.419018970462 363.8469083512268 756.086210942128
919.1847915737881 280.30497420946034 393.1211487154652
1127.349262475987 1820.5193973043633 715.4743150537138
1158.0749189078488 509.7036648222397 441.4959806157258
1776.14228247617 958.8147478729585 971.1302003987611
375.0839874100087 1547.322647647137 1371.960859108275
1510.8650546354947 319.37235753427285 417.9595419686128
979.1731239235497 1834.6886662820389 726.2360415399754
203.9942432691988 1977.6862956247567 894.6373950839492
380.6618517012537 1041.0657857589406 3.526096593448491
517.0536493809179 1042.1008374562366 1333.9265294670213
909.2224542436087 806.528370141768 1311.5207493265164
269.5658184862264 770.5632060263856 379.22982805281356
495.01988674181166 1969.9089474263385 42.42117232147136
1564.0945912796053 1497.705279700765 1088.2386157689434
1178.4553898105235 1380.6640195173145 1409.9424241032389
1962.229427769822 396.34713534113564 1449.2299019385405
1413.3263762642355 119.23617951585541 1172.049323190206
937.5433486914029 455.0247109957444 1.116341733763071
65.89223437586567 1303.839752941553 748.3269833556122
1229.2244941038457 264.88269795054987 162.52114453635642
1342.6422256760159 1094.3054333810564 1154.8066327765273
95.30524017438947 259.043585962256 860.9177915931614
501.1703337762905 567.578901257536 659.8568197144676
1499.8683423366651 1673.2279175457586 455.25334773996326
419.3118330950338 1986.249818347027 380.82039739812757
1688.199140260111 320.7499318783356 889.0947157275084
1124.2129320684146 1430.3450838658302 1306.0153900607709
46.439023130012025 1306.4337078601757 280.26546052597325
1031.3315376106423 1264.515772505692 125.02315951011805
382.5658879119991 1003.1972300763448 697.9910370410412
1529.8254049145862 165.7629957746287 34.87595481042421
697.1048219692058 5.30674998299463 148.6575791288751
1867.7997165467955 725.3656217881976 374.48585475915576
1714.4124217009514 507.8672055604554 375.49727868551867
1891.1885526444887 1107.9885041173202 430.00113007611327
166.97057337027778 40.76818174460928 1496.3302065032522
1605.3729450677279 1498.6752516072754 48.4593923322546
1107.890767639952 709.9553870932953 960.9734859699087
1038.2331571291413 1512.7082978781427 447.2346054754779
1560.5068487640083 1871.2587190110112 374.12699625615795
725.1192844397982 508.41564135534776 1389.3239124743116
4.128640175440568 1218.5363403776323 879.4451168320161
169.38075447950385 1931.521190996027 1200.7347367721427
244.15536051972774 386.0508723783449 826.5429101171172
82.83168117958483 185.24492198960328 1058.5291675577441
1382.3609882023854 759.1781618468416 609.1379770479481
1823.161453081419 942.1808763192279 669.2338054230095
260.47856253652515 828.9503380632063 119.780635279092
1370.0363879562476 1014.6451701057196 350.0026496496413
895.3253409780688 201.13296336033582 146.8813187589907
1759.7079603067184 508.70933284192097 1324.6529664537618
1065.163776883081 1697.0224374618824 1131.2368998006707
1893.8084800560616 1865.1416628950387 1462.4705470644187
737.2304060732359 1477.1344432472915 1030.7145861966092
633.6924989358222 625.749201762035 1302.9090196952736
303.03215972018927 1087.1393803029862 499.2555205871769
1982.9019345648762 1697.3196508535648 394.12118029216055
1409.1660354907128 1948.0369025006646 125.07341317253062
394.3223337035642 1632.8884771760518 139.97146257752595
1187.933524747362 901.5014701994148 1067.001277580477
1471.2812456854463 1282.3161236695773 280.84697316206143
1176.9807387838512 283.660895935969 1441.9461611913432
201.5367834609372 1534.3787749181313 1410.9235205281634
1251.6167541200634 727.0654892814925 677.9129562522958
57.17436984026736 1733.1081069070265 763.5454137928973
143.88598654091612 701.3082102785595 482.12251540594406
1159.671036156774 1580.983209431596 1098.3583081689583
490.5070219558929 1956.3326287483255 29.32749512216465
503.3696298190624 1104.0789075033888 1288.7960350756598
1228.692491821021 349.65296117640696 1494.4720136364929
365.726846854743 1740.02077336636 269.62985503643586
679.8023281343128 682.4894890482667 725.1421546754792
349.7003740126676 1890.8150922618738 259.2882050456182
746.4053248070821 1093.7063055081267 984.7534656219177
593.370310300674 1308.1553688104807 659.4897448297914
88.58169876980915 1819.3720197925552 636.3674786291303
1273.4255761302018 413.3846603202829 1160.5529100665126
1809.2952443408221 345.4643840968021 870.6382236021336
1553.0516673270167 99.96253965187907 1115.1703822602374
1352.78287302548 885.9788490121185 889.167219642598
1016.3535034891504 1153.8311509569078 118.0966394362582
397.02008515351463 1010.8928367000387 943.8482407291203
547.4860722676618 1201.8341509690358 1098.3954046886704
911.2809878975969 409.2215240031576 968.7157570852162
30.19984498659145 1201.0716053919698 1379.9170586900264
364.49385752763396 779.1624354726642 1378.4894046972674
1285.9523217287897 946.0865829656262 557.3489953263617
1021.1915946867715 136.31244244267538 756.0427579208708
4.647672241254064 628.4414818457993 34.60506508192507
988.5321922183173 1248.6735138808303 1185.090524549026
1722.3699937664983 650.2355422609704 646.0594159360871
1495.673184473905 485.0227601801453 764.6357073136852
1457.3109893712433 1353.580246701213 590.6951950994916
1603.5507273278295 320.5168477275564 942.6136688098292
1727.8716248368019 1485.1423991361992 765.2711779457594
1604.181112445633 1252.756406907556 680.5563214555955
1596.5257973160356 1886.3861101701889 1269.8578586625067
1489.113258539494 219.63055264290054 1050.412702055753
1782.1612151319828 10.562330620538907 579.7951813476927
312.77714796287756 36.651060666481385 635.5909092022708
1418.7436627690429 449.7169981097624 807.5788985591385
1386.3840284318226 455.85247325713675 1314.4483534250858
1842.3415303759105 863.9330733574282 820.8780286539769
1740.607569375005 152.11515235573515 137.13806358221086
840.3362926608024 1313.2268715870287 547.5879498495472
449.9101315548002 1619.2981928999243 276.71819701087696
990.4717467676834 247.61306118055137 107.80810501049287
1664.8933253714113 1190.4415716617311 611.6043677942797
727.2610863982923 1379.430348962681 757.4956477373555
142.29291562609882 744.1138194251722 112.20105420009435
760.3764191317744 815.9896431203184 692.8068360844998
893.094187415971 1224.2975157822755 874.7122813819768
123.85889925762372 1911.1546895725812 1325.371844255271
336.4171618132132 1085.5763137261063 33.911360385044944
1634.4258358059385 241.30197003278653 1276.7040832608848
439.0854095263146 621.4234516399345 67.14429865728216
1629.7953054191653 1366.9382000696855 153.02098115202472
1073.4325501764285 462.17236653398476 207.99786478144296
1270.8289601905035 1512.6985585787543 1425.8831538831664
922.2308088212648 1192.730656645106 550.9856723486569
30.759014881388545 866.3608667054561 1203.546726407883
917.468882308867 675.0812202627387 894.5461812601965
1337.3996730118063 140.3719965291994 1418.8615297997558
1384.17308743891 1447.486399994771 757.4220877051399
1729.8015252526375 249.46769371447863 918.4607701834682
202.13244069007442 885.5128655563658 1168.5881026683653
1977.5746544505716 869.3503146485608 699.0306495776412
1820.7175656558554 1198.0002468808186 286.4658432130924
565.8994365702963 946.1377852231201 820.888075652007
476.8346304227637 925.1958682163248 1336.1853293739923
353.89378255317405 929.4104455954874 51.13828604141807
1806.0087235467704 1962.2629579952347 902.2125788786218
648.5161992498997 539.6513293167842 1249.658952818021
1582.0932814272053 1129.8439433067354 521.6900757644444
952.9092276608677 1354.8284569270577 1259.6677574491307
774.4134813690753 46.24372937071297 1012.7716016765787
817.1389779157821 463.8340737202753 1126.4944867220984
1723.5139777308634 135.74047370023723 500.2205523222671
1416.340102559578 184.33666480601164 40.12868525809377
698.471911568905 1246.9727987871988 979.3155620173812
902.8845606626465 829.8894794546172 1329.9437163362886
969.8234904830796 1015.1091127384275 359.26834788990783
1579.4703915267196 760.9833274848584 351.00593475595684
1784.6464653706876 438.63925724604644 546.1060063618687
891.9571625407841 1014.9072450488592 1284.2795632082355
742.7706938839011 1460.1258594604194 740.2569757880973
1192.6683227483222 1537.1864649177357 584.5877800094105
1516.653087913411 1703.3823168053123 944.4768355666619
1143.409949077453 1573.649080273421 929.4159259141951
686.4245338532697 1163.3763180928995 557.4643130344579
55.02757698852867 778.4166566146657 53.91010568472559
1837.3735587412698 909.586401292974 932.8492792939184
90.97998585270605 1114.1356141091603 1133.0917272192526
166.69023344364976 492.68914261763274 1297.7801896255687
1405.4263907391507 39.38593680070457 139.58482900256314
620.1940500532453 1751.0135167584108 1353.2877475744338
1132.2507918375472 619.6236741007466 16.074692597560556
1398.509914836225 331.33501948775734 1312.1251924271116
159.30485569453134 1346.3727012942534 68.11129397267574
614.4021883831977 595.1845497689799 263.48877835995245
1699.841724502952 540.3267572439065 612.4129816771134
1397.0054017470807 814.9585539380623 532.2113907776899
1776.5269802707567 102.83482690960332 720.5504149292141
1077.0611661631053 927.0035376777607 376.44361181415303
287.2381493731482 604.2674716446219 1458.9568997626861
785.8484167077513 248.03339048883853 1484.0643521410614
1218.5988933552374 1320.139168497046 581.2550524905829
1301.6412329846482 1586.0182960544157 1440.9182829965805
1593.6267360620407 517.5917625675346 367.47632673797
968.4202390733159 50.98096276782549 305.2952624051894
1284.7268632441276 186.73565245643496 114.4740791850028
1068.81126273872 110.44191432781348 805.95737318578
1802.9603123011673 868.2018126899003 823.6868895113938
1504.712904871918 1774.032068439786 69.59052143390682
1060.7092368979968 1186.1651325948137 945.896219682339
1964.6415876548967 884.9469691953051 122.2709550659245
663.5438176230355 21.166836360221097 138.22220769338716
1152.013483905392 134.70141770353683 949.0011502825193
1363.1792143358994 21.464718738054557 1426.1642577649086
242.80205796309363 1789.7197979462148 703.2418399184551
1965.7824580997499 187.5263579123805 991.271099855956
516.3579049104275 1847.27431654189 674.4724995340472
1180.407127502327 564.9771191205259 730.5788332725039
15.459244962362506 377.9085818129524 1054.761102142352
1229.6532609208436 1140.9059254232309 643.9756878189434
1450.1289072886057 1354.2012550465665 88.32713527458125
1551.1030952227381 727.1135053631804 951.822124491155
125.78516761763403 1704.0595134731939 63.16177104366266
918.1223849153856 1439.5054367374826 1322.8075894241354
1336.0008950950344 1499.968658552571 831.6252533253563
1842.4869143671042 1843.6403149736373 1264.9844959444063
639.3011149728734 545.3199522131127 305.358143452727
409.698966239465 430.16873195885677 963.0873890914622
937.1413979463741 667.4776380643892 498.0344631841759
1047.0208080409489 1319.329765000765 678.1491107254448
665.508731335329 1592.4177397889005 1102.3648134219507
464.42699881427865 1117.694778612815 701.1283228828261
118.36353848646719 591.5524262452008 450.1634344485084
325.79311379685214 1317.8072287938503 654.6499548062823
121.60320206922304 1466.7609024775913 991.841381204891
1976.854874659153 461.2453288513512 884.2390496349195
951.1776362448419 826.8818789734161 76.92740491319927
1395.1619868148632 1952.069432622585 191.6310051931225
713.2740921528633 572.317650820581 794.9100802714796
93.6120583137099 270.6065303920802 1139.137425625
1795.5004079375337 650.2274779323618 1113.2088717071551
176.1087229727305 1113.858888906905 487.8127599875533
1294.3675600344654 973.3681799104261 1452.3202094006494
1880.1190770051169 1558.1008135212653 228.20704687710602
15.792250386373219 1878.1568289128948 1174.7173066600506
1660.8495438161647 1621.5411042260548 419.23372065970466
79.17390610981667 71.74895197575127 585.1454590314678
1928.7307484380822 475.08419703061986 861.6101314096
1786.4939495290728 1051.2975227057382 1457.7097412937878
532.6701378946555 1649.7032343728724 673.7620580464026
581.1556749808846 686.6409054750982 512.8353934515159
366.77966505160396 449.5801649082738 313.3288881951538
1280.401824175109 1002.6253279528808 732.1974518588605
276.318518419336 1234.39387995104 632.9014534998496
1956.7569670523171 654.3293325809963 13.728621742099545
1195.384499565593 1423.7770669313802 1371.7446274779425
163.37250999993947 511.54879875413275 433.600615696262
703.3487060283894 1968.0855661138107 966.4516459061688
1333.613883205645 1716.4981217547572 1208.16774913545
1299.7063603418947 1245.9688420453572 1020.6742237436777
317.8549274996083 822.3601664462273 112.32940345554616
1280.0758531762192 870.5052668102092 1385.0523499894298
214.17795497839754 1576.916316866963 805.4966996682952
1833.6172272208173 735.0668261728872 475.2256163655414
24.96063398820891 1564.283795796374 1452.5550914296687
1129.1863261823753 1343.6304122756796 1187.9544455638188
