600
507.3719566360193 304.2838329769764 32.05417332382049
1539.7775147349232 442.14919669046316 1438.9259709901496
77.83220782815947 1907.1299473525362 1257.7058462240761
601.0244291841109 1905.40162347968 16.39515224557797
204.34069403377552 708.587148191632 1060.2686938167735
1053.4935982240595 1153.5552139437789 495.43095366987984
958.5991247334864 35.493128865393906 1441.7559180605065
1298.423378704886 1680.980645951579 1157.3523100440682
1115.3325404881286 10.887941676002377 326.97099613268944
1936.1281859208716 1405.8116085103043 162.95317790818598
226.79660624995645 657.4895908417113 1485.1671271115742
782.8901321843922 90.328704973063 834.0387595838985
1024.867245292525 1743.7593839739338 1438.8092214154776
939.4272789919266 1403.374464000129 545.2671094861731
1761.2348480648436 1023.7506750126364 630.7602693473293
1598.6570026777938 1079.1000974199446 1101.167836505136
1797.8997292806814 805.1622950116767 283.3092762904857
952.1723791015318 1308.8495847096199 1326.7163515561374
1361.1307542644126 1015.9374288238682 318.42050098303207
1617.1325675530636 292.8276571515913 899.4738497597698
394.3084961207586 576.8063339926189 156.56147385852088
670.9132511231996 949.4024620476087 1028.9836518829497
578.8758795200338 1583.4889806513218 1206.6439905643615
625.3181304495276 1866.531089806772 485.93195055644134
1355.409839746284 1128.7119564299019 1247.9945980625093
1908.3621098820804 1004.7264319439632 273.7251113924473
1791.3928306299347 1936.6272260594008 416.63134049169827
339.90940024123285 1756.8640349166421 535.637111777909
354.6459707252754 1639.1700597451365 949.3630509417642
1896.0206860059948 1813.7537132504337 299.7302323336668
996.1581920065712 46.11603904360928 86.0832860168868
656.732664939542 1639.316040328025 1020.437198639898
443.29153816428345 1781.1724084167652 87.12145123249304
13.249220402907325 587.1258630999712 564.4596540425678
1309.1790547890605 777.9087756792646 894.9029473108724
43.57082842920023 575.3527746614391 109.97952048862896
167.95345333106872 400.1888879218298 975.319988898908
851.0349895847196 1097.954757867967 1192.6156014571534
1518.140994534059 1183.987396973928 675.7662002511139
1051.5596018464955 552.5865729630202 566.8420805909963
760.9392294785688 1550.682918003593 915.0353349943615
604.3264854645498 1311.965248151395 601.9411985208153
561.0489103965201 1423.7471588462756 957.1475257710072
1215.9493234041038 1261.8024811751138 717.7943702350134
1561.4401506008796 1284.373058155856 308.49852934090865
835.4542370971965 1995.6675818451133 1421.281061413277
1577.5720739434735 1.0148283377349188 111.96722903570577
1788.640195791158 1154.253012505376 934.393574895595
773.7804385057299 1662.6922914597253 385.9768316906809
932.0956520961738 733.4373011223154 895.6789396626892
1557.9031914809914 74.90044862260325 416.80500330438355
1853.8587987785932 1571.135669912048 894.1841969141213
975.1222387174477 1908.7906752108902 1397.1479760934556
1013.3215502180599 1051.3682733391904 192.7625401212192
641.8474965833763 1772.7196168982414 1015.1172043196322
1461.6487897991037 1064.024363589153 607.8353915308736
556.7412724090923 952.0617004964361 684.3444947137478
680.2913687169938 296.31484516557526 827.3319685845082
1679.2017868830285 573.5244684487577 310.9927519432581
367.62255247952646 571.1348838080397 893.4699552278759
918.2261202649164 69.59181914638468 576.2847174995821
868.580703060604 1907.5475225623723 735.7364127350995
1964.3234304736363 1055.2793068431668 1068.1125367471982
47.407203574985736 1308.6571857390118 1422.8778245139815
104.3712455908148 132.2356901935824 1293.7525612089316
1364.785196158986 678.8942874836728 499.91643036381623
1603.4059116563183 99.7580647911993 1481.3473881681318
648.0965400944474 818.6745922982561 20.435448726840168
919.6981144995829 73.27920426020017 1305.3876289798432
1213.1360603411952 1884.1681695981727 360.55985133840113
261.04748234557906 497.17136287327367 82.49291194875813
1156.9916992103351 1709.535470136069 1143.498804990451
1419.8779581414622 1049.2788351550098 272.7062828349144
928.0853561411321 1810.8381076461715 636.0072288174171
891.7458134610994 1928.983650019024 452.62730254984206
1518.92500008306 1825.925081615016 350.2702923921544
538.0312289758098 1550.0438803125953 44.55684865191534
1811.4534052275728 1679.2866795425964 660.0591042609893
73.07332550572387 1240.1305747977378 1487.7228580104381
24.22512412187472 315.0244230411774 368.5155701791602
371.05618334892876 1493.9765119655654 317.1085828743579
7.078164845111923 161.5338361247447 929.2998068381569
1860.9338946634095 1893.542633098853 611.8691648876741
402.4780489056494 351.5167279989095 1385.0127691894754
1891.9738206476611 419.7504136676633 1152.4679427185104
427.0424119774614 122.27902262200274 1306.6258179478195
754.0290397174861 1997.050238047083 1387.7476841137116
281.1198550519638 762.1182660595069 430.08328207750543
1668.8976434083481 620.8631106259242 853.9583649032679
1705.974275871427 16.522716224210754 555.6594882265908
814.3400521496964 1292.2072575363993 929.7340513412389
314.32442308526333 1214.6588466176966 1004.7052511484424
185.59315800491305 53.02857087610047 313.5277425888683
1710.962736779535 1653.1602903635305 415.2000157751699
1184.212848229601 4.146385572924238 696.8123603532512
1463.5042180425949 95.629104658026 248.0897332984689
1489.0524162375698 267.445115009207 925.7627031233882
1823.4398280978924 1710.565417969542 1307.0200044275355
1946.7126693245418 1560.4455930366848 414.19500342101463
888.3269902310045 423.6618834572465 1071.786715791057
1748.2702533096258 727.7514248974088 704.3795378937576
1300.7419554680964 1018.9387569764399 129.56130278946392
781.8637941110416 1723.0956142622476 142.9218927985368
374.07597802512794 583.7280769936823 118.97555609149325
116.54950186527601 587.06718159465 1140.2830952945267
860.14666283686 1386.3588533515053 569.6046989938094
991.1589693587026 6.188285281882422 1383.687247318734
1303.305978813161 56.46263105902904 751.9341111811272
1963.6821653620411 935.0305545620705 1438.3013726839924
862.5446144312838 15.370906651065663 1369.191340607563
256.54695700822793 501.0362620536328 412.2801407172676
1779.9444034645705 619.8930255658078 1442.4269421990325
83.64015541549175 1806.474415014659 637.6157392874925
1458.5278766101503 1408.8351064230164 185.9279368240703
940.5426646139676 989.7522212029917 851.0620339031045
1245.269959073333 683.6116295429832 582.141861479423
1305.4062348386346 794.913872298042 1309.1400993198058
955.4364794918648 1152.8043907970182 1095.6906769323157
1862.61402284712 1065.1938361940302 607.0266172497347
476.2189858198631 1087.1585818005624 1229.426908455135
1771.6844809022127 683.8998520564023 282.3784177951158
1392.3902223682126 395.4395433911944 850.706955237981
1146.864351344355 1959.6655168245413 908.4383527837123
1820.5491199630148 594.7915354409083 1259.8364228088876
1934.1431123925938 1420.9498586397635 1365.0120936437318
1078.9714798519512 1792.110895939742 596.4234535497714
501.2694661678827 521.256132545889 746.9615041205636
1721.752674052278 1836.1394053268816 264.9887341055356
1675.039693257291 1011.3304456548468 1490.0234908033026
487.31298794261943 531.2497883808825 1407.7664983478296
1527.9405666154892 580.2098601265624 1379.766156449069
1821.298247866497 1836.8803894354492 1402.766344028129
431.97717566629336 1032.7893468328155 1071.539336204306
1947.8598063346856 237.7642944834657 676.5068517088094
701.4164402101051 1948.348108945932 186.3028499754854
819.7547880259035 467.6280045962402 392.2839044382505
412.8174812484757 1248.604899031478 805.2555915586282
856.5111197310831 83.37256865021381 1425.7562612155916
487.922746199557 1246.7648071198375 429.04373073061475
489.23069989697177 1067.27065348372 1099.5253121724504
1974.0842163513616 888.5247422243483 402.96922035179574
565.8209591108108 1361.8812054247096 427.1124354830919
1285.6425543552132 1211.5724739204074 1395.7112149122145
1422.8600126271156 638.0689992872615 959.1883662083533
172.62135440107218 1077.8970857758843 21.33672695958788
1821.5419860292527 337.02688259329364 1305.8311844516516
1005.021588886645 1969.7822254135663 1222.896454573385
1407.6264772792956 263.2605076497678 585.760590498286
1985.9146139064494 184.98103412860777 806.9499680432751
509.23010988403485 1237.425083881056 323.85540464193014
1798.2865558793067 1775.582348117709 611.8277690996099
1546.8806203170595 1326.3060410339497 357.7369589764492
736.6044287167144 337.99110086983706 253.20776962086128
1174.9597800336082 350.7231330318277 821.2113213967782
246.23622473301387 1569.519530927934 189.42694749409628
678.1084122128185 932.0818576789613 474.84452138782507
1076.0469481352918 1519.6511915393567 53.4800299921589
231.57931047167258 1706.9473620305214 983.908997239798
606.2803352238903 744.1721891147921 1140.8909456542578
563.2684185663221 462.93091661134844 635.2847621969305
1627.6331041533551 149.1735727948167 1423.1490047134564
60.6063858413437 1198.8049905269886 518.5924172820944
1411.0349939857172 121.90976525951136 1284.0569486359038
1871.230732736766 1721.1176690420436 83.54922203342896
1003.1358635347754 810.3322989433386 1004.7533341823366
1617.6013159367096 829.6955846368628 889.8545120837528
1249.8424589742524 1164.5551581459188 1052.0924725833054
409.20897753820617 1013.2664106965767 144.7553875870277
1180.509209790984 625.6318346080394 483.6688871368544
57.309026181560526 633.1722603223488 362.82413289923016
1689.3324744992678 1484.2179052853428 1437.0062316495466
519.6588141600396 631.3009667606808 999.5283338386873
930.8163225457117 1403.897917178063 958.5393312997323
9.535116848429448 1419.3691054303442 957.1334782717795
1870.9189981800557 514.6886374266204 961.9512397950489
1593.7489873354125 467.03961828426753 776.7131415224821
1468.6439781425856 832.1988304215215 766.5452526812661
294.2332361955331 1735.0855937312263 1440.3436052044785
1138.5335915351088 1427.2321407546901 89.161152722931
523.3732938717186 633.8256296698796 204.27367358835397
251.68031149367232 1434.914780407136 1394.4042443003227
906.8365179065345 1193.0441599817223 996.8115093062993
1630.7111782648624 1885.6852204133977 290.2353725076105
213.8394554337728 177.93277360203064 967.1463773830818
384.71238320818225 1735.9670759018936 830.8912633667047
566.3751734033992 611.8548277399968 1198.5685834795943
1618.749518003254 60.23098787483461 575.1522644791596
246.08796469626748 1097.2175818527846 260.5269669387122
1343.741263989924 741.9405419272917 1174.6745482036401
1924.1556540745064 240.6860873170593 348.06338158072396
60.04337923082237 170.44638080617824 1345.8989584516246
171.15158578634393 193.12834023272862 1180.478947472892
1371.903491191433 127.35736698395871 1381.7992822228925
338.35312247147687 1080.6347926911087 390.7923383394976
881.0902737559047 1141.716344455071 162.5308085227224
134.23219190269654 1106.527067335871 844.4875078842774
1944.6048207241977 1256.9514667379378 1459.0136745166762
395.8037029930661 658.2935758115567 879.2602645031717
585.0353882237503 1021.2354039797216 443.2762258343462
846.2266161082702 729.7664721643077 1215.1745300881105
1441.1174059696966 1982.7174659540794 879.647170418661
230.51090145655917 1002.3533442465356 826.0031618536882
378.3818960920966 1972.614456781668 1195.7227374421957
1248.221366661493 1484.9218212923129 49.790491495060095
1095.1521228973272 1890.3992079157038 773.6656240203024
892.6784687047344 147.21546025332444 381.86712994044217
1944.378372583128 1171.0021693086035 750.3681650600013
1277.826374835549 1931.736992673003 78.80833027980711
441.1738447543787 170.92728380797274 22.718203562850427
941.9658250309375 1087.551048330149 1357.9095249075017
761.1602518882123 494.283317630311 620.7102703083177
305.3427912915412 1540.5997573337354 1177.7896195554192
1242.016910062238 103.10228442453572 507.2778274917888
547.4887716841052 1731.6304323969262 1495.21461236944
523.7363756338007 1006.7064462290851 99.44212109678102
939.206895538026 861.8118680193838 1022.0512050885976
1211.400307824022 836.3988762837962 701.7990676493401
74.6793610836598 1842.0717921323699 1310.285867596241
626.321183532748 1613.348607648202 1183.1061068060535
497.82153511952765 1756.8345561829317 888.3062351616571
1576.7582136775936 1938.7952902042102 32.573119866863735
1873.561882119938 103.0530885134242 1128.4753102272036
241.37867409162882 1826.6796338610816 1342.6413027931735
1765.1444076866826 1378.129064132688 1189.780518204304
409.75332756131075 1357.858530282745 964.4887721536348
1737.9589153833895 1999.026231429636 541.3815312012133
1443.3391094970757 21.558249769789263 736.4864643435453
36.3724166429622 146.03071477277064 276.01296750809723
565.8400409206064 847.2175207662868 496.66083914228034
390.66022220405495 145.63286482602788 1465.1572506952834
1854.5425752299175 1397.0574152312006 95.41756745387941
1908.847441689662 855.3124947439579 1092.8113313268527
940.982837097539 400.97450278892956 0.16311525207485245
797.2730514185653 754.6942969469557 614.131626606334
1875.0602385931568 888.6033227103313 298.4726788007828
895.89473457663 1027.098024851665 395.7407663655082
678.6958513451568 1157.1961190641925 1041.2381197868756
592.9592752193871 1998.0421087900531 461.92844146757
674.0916350163831 48.56792069606075 301.54911424871494
1374.3364051102467 31.49370835824361 963.0635494405317
1516.7481582840387 1221.277173168935 1194.770575749926
106.408797783905 1635.8155277433095 1116.3328628588686
204.9173446258561 571.7858445107879 1186.2315243860035
635.5896788889875 850.2412310293784 1245.6031768769028
1336.7407445238427 443.4236807606966 1365.8169675226823
1479.0811055704428 1122.4495001379184 489.543510063247
1294.989370450955 339.40142736998723 490.89065298034393
1861.9692740071748 1509.444920853874 1215.8904846901992
667.9510278526701 568.7163147432046 968.0494659415066
1438.7269658728962 864.1044658191938 320.35779676439665
1038.0765991508097 1354.723783680202 849.9274916528149
1153.5029207309947 1098.7233113936138 1333.2426986696423
212.60064803813594 266.6425117121327 1071.991793388532
189.71676119552748 203.6144224951695 702.3577609581515
488.8297210009236 134.19054652579797 2.9629299515091523
738.7884020408127 1188.8546050013463 1112.9946881413841
385.00904496535605 1408.2740835940638 1349.4807668558688
310.84638415048846 679.728868625448 721.5349859566918
853.7533210777259 185.79368094152525 119.78640381950734
1799.0138915425184 66.02812871550445 269.96606949235735
329.28077047784933 1482.207978701277 1476.5222599538627
704.6307816893292 31.617243444235665 336.6645106406548
427.14608380122155 1027.8763722413821 1256.084036705429
1856.3335981207324 350.09458103478795 834.6040740785293
1967.1735058867182 203.3522036345714 289.59241956285024
5.193491132238215 329.36006357890955 264.11826465063217
1425.4101104706697 1122.79960536915 1259.7120695822096
1582.0298242879473 739.0394738488149 342.82359687479953
1831.0318493059024 1786.1085632556621 1051.1736053980787
1323.472898920029 884.0198663110732 1213.1101659800606
681.836887742234 108.77122248625292 117.21795843394418
817.0246144149457 1418.9357638932229 621.9519640744792
1153.6194356637468 530.1061011710968 615.9941289041568
1760.2195062044623 216.65079916287476 77.14759321397985
1316.5866111987566 1708.7165552616088 736.6816956338479
787.176894536336 1410.076318437532 26.3412155743194
217.99030195541437 1369.1284301454973 491.4429208898844
272.131525444596 1237.5300829926236 1329.9109788664914
1190.788178246509 65.00486532835458 64.53608597848942
1400.6725002179144 324.84163388088484 1378.9845053238564
1975.0636585304899 1174.380878199617 1305.9146220418918
1629.0359155430576 1582.3449498974533 1356.7488684371297
1796.39676982827 1269.2169693546161 108.4838609961527
350.6313631716844 1584.006709550984 241.59358881084196
1784.4148185807214 36.19077977136098 31.974658047517146
138.1788374852009 1588.849884601058 392.1813353954625
822.7339190133531 866.1754611608372 482.3800064680598
671.2521286321858 210.8358188642796 782.9483134066487
307.23913581560146 540.1072242218554 1443.2561434028557
1029.2893339751024 771.4831368348813 1220.7113475007236
1733.3738516290048 216.70641592757266 938.6009654990468
214.83608609231553 1588.616787744193 738.1236958039705
196.85696754081806 229.15939820456433 950.6892158041373
443.5275423222735 1171.2758312031058 1162.2902626661235
1980.3674549643652 201.90325148431464 436.7955314432734
268.6408089923293 269.2945316407638 966.2519464825422
343.9796925315115 1455.070651634468 1217.7876202916132
1906.4679558128082 1162.0957669802108 262.58929222495624
192.49910705938333 874.6786988802504 144.21385161796374
1095.517399301937 1973.3375635737918 219.70805007699678
286.67793791144635 391.96958846557095 327.6497787717254
779.9989871234205 397.31923376803735 14.264368271902693
1469.3344793361048 1996.1071587242698 1145.1969348500504
1267.4313301262198 409.00314796903035 171.8707168393742
717.2464582719745 80.73207231072321 229.84640549275233
1370.6601161083863 1815.5538427776653 110.78861408241968
27.873273692535562 1559.58343410818 733.5551308003111
1717.7942481904995 719.483339721064 134.95397047023906
872.3603243872877 1615.4531379360017 984.6101035419185
1071.7400947950528 121.34433862844895 615.4249756433728
1245.4668302476189 731.8332992154968 949.2170775757987
1763.4235021642087 1618.0738403210707 60.158648033408255
1831.3936695204873 1050.6532740078644 557.3449147750155
1588.1461665058769 1030.7873417233043 1030.6049498774973
1788.8304249596165 1508.2404403408439 1267.4590577139045
649.7538663085365 1933.2738278089535 1203.7222367338097
1262.5307688263892 1043.2236611180658 372.86944254150166
1602.2575686297007 1555.6780928639037 383.7501067562276
1038.561812295419 1684.7337053283418 395.72221588331684
1751.0645022138067 1284.6313563228387 1488.149407934703
1817.1869781270236 1305.5345818225999 161.47500816082172
439.37375373437135 400.64779235743765 1467.1855255224214
1114.3868015967748 1822.9346762565854 341.16927520653445
113.63149883991652 521.8172581599027 1171.302541469955
1158.6879337793891 1950.3088450043447 262.76044188045864
1563.3787458632637 1054.5385804174002 203.22681069970196
1700.3263052113364 9.760340326927297 208.57147064172437
678.3381599785579 305.669467014702 469.26707233827267
1189.0319690991098 146.51464514896097 79.59493793980221
1319.7277559552153 310.4661211357906 1279.90847701274
794.6511590347963 306.02192509168714 1486.3137735555995
1338.225706675576 1851.1579966298068 890.974898424813
379.8620263817003 781.7572075083494 241.66776386162036
1489.6191337678335 1501.196611294085 1086.2910129233164
530.3242823018044 164.45503999484566 75.879614073382
678.3564635402124 133.75140199351554 1004.2654097350016
999.8413739136957 21.1266598100186 1103.988601855431
397.5266524697991 829.4712129864556 450.2235310237164
1490.3987413561354 90.64457956924232 891.7008457981918
1134.8082386555832 1568.8332396204023 266.263068852074
214.98600086091702 1620.3173345800524 473.5661362239718
1322.5588414990311 1775.1902301671264 1152.0216147381072
109.695829182344 1984.477279762767 1287.038872580105
1048.7741478162825 824.4460196986288 513.248720405494
624.1398557724393 569.2984297082418 294.5992267783453
1310.8322526905622 179.09143013964822 925.3429287596897
1540.533272887098 1070.0830283816954 1321.1951468529483
669.6417825162695 426.7673816627997 1188.3297846417777
837.7484534210375 1794.630474684645 651.7486304518808
31.85868226894084 1612.3470731197092 1155.3006330525973
417.11221380108543 1117.2669149000067 223.8788441334677
52.50691159990972 1805.9322142020774 450.7665453867087
1227.2009812486438 709.2881931331744 1493.8955817863457
1317.2074946798912 634.5729044344143 790.8353122391621
1293.7718703608416 193.4898668178262 606.3623042926961
824.3119777795882 1128.4279650490428 828.963187400631
909.8576052602492 307.57827953782345 353.0013513727791
328.20195994244614 887.4652625142105 240.806141063306
1006.8649452968916 1516.360156177608 444.7623099511437
184.57987945546185 1441.6571361201593 567.2211834047008
720.0829757448402 548.9986605792594 315.9263125922844
32.7407957910788 1546.0672890944618 1143.1277240190313
1794.349084299079 696.1459842433067 983.9903499917687
278.30976893326806 385.5800695872369 954.8340146722902
1521.518951889732 1498.281718316602 26.91940598503978
318.6626312569196 1156.4867339400037 1078.5608854710063
618.7149899696802 1546.5788062445756 1362.2212575084025
1021.1869907614428 779.1707928739963 334.67687520877905
963.608557500844 157.04415848445308 772.3508073724435
1436.7081154681393 114.44642389434057 1175.0979422027626
1579.7186053233886 680.356572871261 1130.5647448880277
1147.9707171492423 313.24196432648165 827.735171470069
1299.7570683940348 1261.433038192417 739.5782740607476
834.8967711774442 332.0070623744551 1231.0136678244776
389.830200633841 1824.5886836859897 1222.3114294091322
1143.5981374906946 654.9679177008074 528.1780297281866
636.1691826565077 1440.1132851348636 433.128127290912
165.5859128118471 879.8262949734357 659.9145879557851
591.392023476701 136.07448432606571 314.6629279044596
61.15512617250718 1230.8516641485344 157.83797951793187
1481.854895608316 1697.8845350215402 1232.7032001733448
544.3430797300579 737.4966433713555 97.75751041260521
1546.1029349477903 1246.374658306987 77.25118351907373
682.4790230300925 274.73109449686507 285.74558639004516
1112.0204284159718 172.67856658445612 247.30418855171587
619.5902628517165 307.7823522400298 1395.4398144202953
1283.4206821077669 756.4513099282286 206.33200632628524
1320.031650424978 1252.9907500769139 479.07671953495014
1243.860270865717 1740.38504865654 398.5452569740867
462.0060287453316 1342.3934858839425 249.0873978375235
397.1936376894729 146.2087959691474 1487.9345286768107
723.658987193282 253.22973439468677 573.4903145071411
1772.8586365070605 1258.6681908820494 442.8192775657709
479.34935426765014 1538.601418993847 1327.317060694808
819.2555556001049 1102.7085390748748 1001.8228235161746
325.9599632251864 840.8646164076889 260.2353171448616
1941.441104236695 1549.3506974519632 226.1309377739691
126.08599901731421 203.94523724885215 856.6480873398931
459.6885490923188 1335.391375381425 1100.2433090982215
665.0688597663436 1075.1368962451158 513.3632474697597
1243.1786410918958 1541.768558740156 163.48306418622593
739.6154117342633 520.7494014234561 725.6023464030326
842.2132495464388 1013.2065931299023 135.266489715084
1395.7642432088019 1061.2395813689511 825.0566886157037
304.4672672277009 1408.9709555752158 1206.86845319851
64.77317951657757 995.7324154565372 90.91492576004656
225.52595344254266 1737.496195475554 595.4719668150653
1296.0085637475568 1764.2408586976776 846.7263181494114
1208.5379994316672 45.27072668008736 529.0024975663541
1944.1809966162705 895.1980796650945 210.74545457063903
1636.3622573421342 265.7253481791724 1325.5838954442552
9.923442197977472 1178.559683395919 571.5919972298591
1427.0123773761748 1765.274675038894 106.91016959008509
758.742438613663 985.9634368333137 718.1461810166604
299.908557674222 276.119314396027 709.9508283368743
284.4584585062899 133.2147347687398 385.3383569091546
1409.7557797671145 1692.723775597967 551.945867716227
121.14461249936892 659.6476565961975 1272.9158117489899
519.5409839481762 1869.6630731988193 148.63805228895328
497.5251675248187 1946.4361214667222 37.09109949288425
126.27573494789601 108.89882663487849 1118.7867094220157
1065.3919559221342 1417.164812396226 16.56471615792876
465.47480378706507 236.68443434038133 581.7481172302203
89.0925046322355 1715.5444623219055 403.0921776172392
1596.486887719197 668.9165828809545 290.5818819992298
1512.8837223386886 146.8047763193816 267.001955573495
1714.9659533932052 1491.416203288298 1033.7288324054962
1588.1572828615851 1302.4691552946842 147.08052398899235
195.21998861775523 788.1521460296331 220.20343750059658
1901.1608723135264 1721.6931649936687 514.6623160512352
479.39045413536996 395.97002409632665 870.2173933289146
965.5245049248431 1133.8615623045414 1362.097101603441
402.4718495166584 850.8157290086282 1225.9860795287186
1956.706858975041 43.28717204490617 351.6392647777969
1919.6031447004104 1255.1338750812065 1468.9261811802116
731.613971699286 1805.3587382377202 207.69755938661737
633.7203924720236 1808.6974410763996 819.299622343934
1599.1914620492423 1291.4392188604813 1126.2646121078833
938.5361497594012 636.9151810859369 111.35571798140643
883.2889337859959 1061.8801172696378 1363.9286144888056
150.5897255609667 738.6993617576991 924.0652767240474
1728.972360739917 1564.7935938902099 882.5011653484222
318.9173622963033 1602.6306426451333 663.7371529246113
1690.4563702952744 1324.8875302199672 1365.9042894444794
1164.6719757549363 1315.0367146429405 923.4530544252748
158.43284900486276 1822.300818997912 177.18262574844135
561.4539482692024 272.73506449120123 1200.4046086577157
1066.0663486825042 465.81471719708054 1051.421076814574
443.37939376425805 589.6970159981001 149.15939943096396
1777.7119369066063 1172.9753523832783 918.2548172950001
1930.3361509994718 1088.336235237802 1159.4444306890655
902.6905120289141 877.7734819035326 683.3254158119095
204.56957263562848 372.930485732079 803.426526313311
353.5372311729608 1358.190282546041 502.2051780600542
115.34228644427303 962.3674800150151 1219.1049037778816
1656.206752111557 353.091134303227 604.7651941590015
799.8080112806742 1711.1344601451642 22.356593435342575
558.8594380100484 160.08472009191087 1083.7408537519993
1666.2610294705078 1561.5216083691155 1146.0388875523863
1012.9208608554706 1246.3541236943877 1014.9348868000598
1093.6278753981285 163.8030833649553 110.43649724888677
1855.0897099528847 1810.7953168478805 1329.8459534965411
1771.141092459908 1840.3291176909047 774.9880505568169
152.4351292708659 1530.2524704623413 1241.424208918732
740.9613702445677 613.5256301906975 1083.1719791201153
1146.8212047430159 547.1064568843067 1454.999094347037
1926.364832689428 572.9398785563868 1001.082890651919
1730.3724224582704 909.8611971849042 9.922626633422471
1241.2106950215268 509.59373590107447 254.75769470518694
1725.7914036594038 1083.9872856145184 636.7881299887707
919.858321432093 893.8572414858512 729.8034789556767
447.0222600649441 618.6480919590782 579.4887957595188
1110.8127692605135 1266.644772906711 571.4609722857025
1023.0359530222408 1825.986852676939 146.05518402351052
906.7940115425994 341.27916125680423 1214.0838805208598
1508.88632831967 1835.8536398904203 1328.6356045764035
575.9767363093484 1160.158035080714 1271.1810349100463
1092.9451210655166 1193.2787958578306 462.30575674656416
511.4883698143011 137.46270183280873 817.5692210172689
763.7684149195645 1103.150593261644 1471.0127889980135
1469.7450995023744 161.835890181941 1349.8859643003998
890.0817687914033 1811.3068283789587 738.6218889065802
526.3406943666271 1437.2609529892927 69.91033436343247
25.43897204965684 1952.7637200677218 521.1682839120366
1229.8248811356468 1733.607524104149 443.2773618648528
1429.3736465812294 1662.2848823832737 528.1125711314335
1906.3622548183168 1756.8010053220369 5.852000166861993
45.36073911534633 1762.3791542334372 891.5670419978981
543.5473170855356 1802.4392830755817 768.9642046399335
1327.7786360068299 1546.7516116679278 463.8678470609676
795.1001845157995 39.681485087980974 138.3514753329086
1826.6646913646057 259.4513350117633 1345.758557568267
175.54960575912858 588.3880558501726 811.0862486541491
679.8883764943599 1618.085516246199 1430.3902809699832
1774.190644638308 867.9773232655895 1343.7515452360708
857.4302398106425 730.8326616035974 699.2034158699893
665.2367201809049 1095.8858723943235 1399.409547995142
209.34230238268702 1054.457281761798 1097.03841457146
178.50363229658205 849.7842507155833 730.5343040387385
1663.5519397868563 1185.238403240259 184.96975110890818
425.61689868338925 618.6944063513879 1395.29295715139
776.5422825279877 50.97088329109489 820.0195536125225
946.4181544412404 1531.4170467806848 825.1030868305094
676.0466170455304 1404.2034304038111 968.2601753406116
205.52858613402148 1809.3416843280147 929.4177298515376
599.790756215852 1498.9852110037532 339.75903909743295
1311.1298076232665 188.09241835720192 555.586850980826
1952.2623982097386 320.62883888570923 592.3240796588649
1221.404470784252 1839.7724974970035 824.320522852682
82.50093403386339 479.5102914074143 594.3012570553811
594.8873198774511 1790.208613408589 1240.7543413770518
540.2377862695631 1609.7796023883232 513.8694803307283
1485.333733309248 1088.1571713718806 380.83847288602334
1557.6146629930652 427.69477920341313 1469.2959553535588
1922.272388218114 540.5979735851987 624.5763037482276
1754.146615450098 1941.5553070073277 1268.1043546698427
526.2344274115814 1665.5734099094184 425.0827247010055
196.73509694422876 1877.1747820130306 314.341845777408
1443.839252090332 1226.9470184025417 416.37279123014326
1083.6402798898855 456.9287653562279 512.8269538361487
332.65768193571654 1339.475770213147 554.4168267550242
483.4437334299386 624.1613291832886 777.199638612549
165.16752688472903 75.15206048285927 445.10492807343263
1791.978239423371 74.53007445421788 1214.8008759406891
112.0881335537105 123.17568086924035 216.8901166235067
1442.3326696762356 1221.2202479868818 245.3918915429325
782.8807105529673 577.8836952024857 354.6458694282839
561.8363004570042 611.0811454102756 246.03049321253323
406.85503697857615 426.93959379814083 963.4737304263904
908.9841920958597 1166.1314921634596 159.1593960912347
465.7667940529786 774.3611178054199 1325.6788311276266
731.4287658636654 1596.8415073834378 233.88249732967049
1541.3229623195134 292.2765157182148 74.57668938588563
546.4002893404123 1725.7414874234187 158.7638780915218
149.1513303562506 281.4555121678335 1184.9692285446135
996.0597467134975 1287.326268277602 933.5803041342709
1851.77280149683 438.55926959017677 1354.005749151977
822.6786475982288 834.402916599939 1452.4411690769812
320.01280948622 1489.6440100428497 739.7982681612631
627.4033557707477 1108.419788032427 147.31048518269867
1780.5896790116778 239.68686728015308 1234.8447457449756
78.62946547625404 1789.0254584041475 648.3663815063974
461.6314679574236 904.5642378370362 1184.0993509748348
1201.5477446531922 113.0854620935824 1354.8394948368025
866.6923251779986 1529.9398684879354 67.23001135093098
365.1195071081028 357.7914036573082 992.2393162680477
148.4879802086414 1890.2812772331854 1285.2376607961126
1957.0630858557806 818.6419289426954 812.5164323634976
1809.7946360761186 405.4584822275795 821.4505849437804
893.1234586290171 1810.5144516506089 1063.403574151077
158.25264956751138 1636.8279748577831 631.3249427754117
491.31726886642116 1751.0363126753539 1147.809840286179
1733.0907881377343 1720.0064645120976 1493.144409956536
41.47050913286443 967.165563396178 341.46777407803694
1233.880535937259 1114.787745512279 396.9914798636573
358.6412302362545 334.16223366186904 919.8646663392184
1395.7416112162848 1317.829784237167 117.21067371263317
1808.5447188020266 1981.657920579917 92.1035529964927
526.8924732586242 277.4717242936362 1319.2989214093745
731.7275170592608 1767.8550116241363 188.89569892121273
1027.312154758079 1971.623426468877 1493.9746671344042
1304.09001946962 902.2100372046933 1408.9998679377807
1094.750002231119 358.0241149327248 998.4245242309433
1571.415102373046 1114.3817383489616 103.59735374729046
1861.0588114805741 1002.1961689377674 736.8712904373112
1167.2352505526005 547.006370107809 22.23434466062185
428.55251250501715 546.6573796156118 586.1220534740852
146.73542771348136 17.41592339782794 975.5321099102239
1355.1285557610192 396.73045532642635 672.5634682730346
1019.608606891862 960.2311990304295 1057.0497262676897
1974.5366068255896 373.75693539698204 884.9554114366342
1164.1126668481677 412.1319946740167 1208.4860027582547
815.2060783514999 815.0644599808321 971.4596179846836
203.32836914507712 1970.049877672235 1268.7341720763807
1026.1239128354657 795.1662956226362 594.8524119365408
1486.8488509300291 549.6269407538508 536.0694056705877
459.79132277872003 414.04250794281916 1338.8580430327622
1395.6258573691769 535.206325393816 926.8704730130925
1898.889057926228 120.916813614095 499.8333252680678
1710.9220976049844 135.28725118607053 671.0530507618612
1784.2906855215567 31.04142741515714 861.6419592547842
687.9538576122724 987.9293470257115 95.49784032357961
275.2368256730857 1115.0205875425413 1140.3336968038466
1367.2369390787792 1889.4187555056278 1240.2445446870647
298.8120039408844 1641.2960331899892 1164.983223650711
1078.9317709921816 1129.4724256181594 1258.120190300472
744.7907242777776 1719.03499760609 1257.917938292674
1728.9176258981197 1796.675479576655 1203.700884192465
171.64867175624622 29.0903448915103 747.181206808062
1412.9952292065334 1243.4114985078063 873.3773590404439
1622.342799150083 995.0150686588748 464.3162410030579
1571.875445260205 677.136136286298 993.2993980333308
280.0037266788713 843.3029213779427 859.4989887423438
915.9921409706546 774.1587230201035 735.135194097328
952.7180958183992 1870.461975099145 289.2774542308397
1790.0264393903542 1218.5940935373542 1082.9788325455465
1830.7497764761026 40.47827117431546 444.48833061670865
862.2587539362852 1571.3171630811844 319.8211620815194
27.57839263312567 674.539753101194 380.84274005960714
167.373984614686 1807.248501580183 1111.2163196955362
