600
996.6345180669332 133.1720226010358 103.08259400241504
1174.0956436466884 1318.1742531876268 389.01279937840326
322.0113356336982 1357.9503613169709 342.96279086357015
613.6672747540755 1202.4443539764623 1315.0331972624233
844.6326091641365 112.56686303261576 373.6811576663894
204.66985329086197 312.51918183931 110.35902666682269
834.6331259243174 428.96165546496 1038.9281036431807
253.5624107673573 876.1665493595003 1286.575656764871
505.24565077223536 956.9160667219696 677.938637267675
1146.0686487382977 292.6828293799098 750.2442836009254
1886.961947337138 994.0826560210743 10.110486163872444
1003.1272398837117 527.7364500898169 187.32719014109966
282.4855420846606 1991.4658864946912 688.250332827656
1131.15060907935 481.2163659813804 326.858245832849
770.1448860045315 200.94788292427435 1455.5995797706119
349.59266018867186 1581.5274862094946 1325.7065544546354
147.31859824381522 1574.5610237432684 33.58624819886013
413.51325760359515 467.74885952666125 544.5727398759337
1374.1985883825093 1282.7199333759859 138.21423093797847
1689.9930553257143 1871.7351955121628 198.60147082258717
1454.0090183033167 164.4575695673578 201.8439270303351
489.7554530721939 1199.5545729445757 1499.5885362371657
225.5757607512454 189.58296594169522 1147.764297175
1069.6316478960982 46.4400961299134 1444.1845239053287
340.7322758664413 633.024495152956 1.457284805785941
1820.562932378038 1371.4345273397169 1320.8978794295463
367.6744376047907 1946.2411846260425 1247.6035608096324
392.4908092475594 1185.7742896927498 817.8084746942961
648.2810370039736 788.8147709750657 239.42881954227957
296.30061233451374 1855.5741341274029 568.5140520150626
758.0668381412587 1222.0403476624165 1213.046929481267
1406.0447971162052 274.83100757490496 147.93078949066273
174.73783312404635 585.3418685760992 606.8346510733855
380.76328771601186 1521.267776112965 142.18065873291974
715.1647359230899 1633.4868393878596 882.5673611664439
1865.4973832309354 199.35473060740173 453.48763757375633
233.6766430939854 299.48920073522834 1018.8426606420797
1683.4469633499768 265.1715607892793 552.2366858355203
1822.5051638609036 266.49448839874856 1302.9019690951627
671.8366234430815 1340.1464150172148 826.5020505036849
492.34749362895246 583.4798046486975 9.935102721693623
896.5456786778872 1167.9082838610088 549.7599413561212
198.10638451761076 83.20985386500679 173.98152199266409
202.14100975478067 628.0935880749674 668.3032056574325
1462.2035930233171 1557.7839855757293 116.62478160069317
1093.6904582892116 228.46375005827645 59.643232649830516
1326.8260140283455 428.11454322440267 286.87321774150945
508.0219985371268 1354.9546754874632 1145.0250880848905
1826.952589823295 1616.1176484190064 1223.8061834109817
441.6574003307694 678.50155760418 774.3530683866655
946.2164559840832 669.8898300369625 485.22071178043007
871.8363760235512 129.787542093893 434.2014692638064
1859.1119537979298 1781.1447167641825 1057.9470385702507
1477.8313310949652 687.6953440052098 189.13830743694888
289.7654939813046 430.7260860192872 477.7089460000734
1534.1975725988805 1705.2734339786766 748.6715409017316
976.0258397042534 1074.79219032248 819.5441728566558
227.21093521887025 1580.7770653397274 248.00472696803283
1804.1801216142114 1333.0388511085775 1105.7229458400025
1086.8683435311054 1892.178022050226 1207.8498009962018
1862.2324220576893 1734.4891771159034 205.65588853890915
1847.5886868984055 1817.8329081501806 228.81662761512638
719.2777932123848 169.9857614741611 177.285398722545
1358.054239253622 295.20252375535506 759.0960867938667
221.92931612581646 724.7919970057508 1382.1363197365847
678.6523136198525 509.73511077101574 308.0642726156264
1413.5558383006423 1194.0076395250062 1104.2683779359095
353.50997158403464 1810.9184659497523 590.1911537587036
1555.0654641854062 840.9622250223971 971.5402923522759
1001.4592423547377 400.21422770393957 868.4435267046941
1208.9206957704 1372.4583978497117 406.399045513797
979.4726849195262 1058.6662974733506 1022.9581920992686
1236.1230625464975 1656.125281044293 339.8371636678663
933.1259368767279 1273.533168719792 1095.954953550253
834.4303558127062 544.0353838729764 819.232798359689
1654.3038865207852 1107.5258495085661 112.86376799368419
271.60211638709984 1282.4451097223346 935.0718774017607
738.2209224301213 1953.5647263312085 655.69750763151
968.2173996261727 681.7753657122396 1006.0049171867494
1020.0995954549854 1605.9019840259102 177.10611844551838
1413.4565515626794 1168.3645936319515 191.94510725347308
822.2055374649193 418.50143828129194 597.4376000056693
1110.712567288912 200.8774592708329 1052.9494247752614
1134.3722794627663 35.84407065704642 589.8300162596793
1391.1088626118708 1789.7143607541136 247.69339035449778
658.0316401085848 816.9279487093372 760.464320075854
286.4852622960974 567.4637104691762 1079.8354777211034
1364.9356446825 715.3168701063943 1098.191381013609
241.2938829633151 339.83725505945216 751.1183232712514
764.5503241474058 1969.1899851136852 879.5298208407875
291.8215150875039 848.1043361402483 408.2980110112636
283.4565496244965 479.3607201209136 69.74526586138968
1709.0856588797537 1004.5490385583422 1309.0235835718615
895.8319414702431 221.5045691024322 307.70121660742706
1292.0949236543902 1514.592533605706 936.715008679025
608.4302255681044 635.186800064935 984.7428149724925
408.8655108409425 356.76596284777065 716.4342696819563
1238.575981313764 1704.556640852008 1101.104503685813
1159.741176806529 1570.8309766998673 446.4539139610962
1719.670512195312 25.499921099181975 441.52035491827206
320.8154239992598 149.10177648340039 1341.6379519324084
402.9694636187899 715.8583068944049 96.80036469171533
1165.9098783382994 959.1071724260798 369.70085506759034
976.2868349987122 394.38131310360734 1360.3681944482003
1517.3412034938926 1554.6079408696685 97.02886516965297
1438.9640727123751 573.5110028788571 1409.9787936177156
397.7594866794185 527.565766346316 1125.6647337451661
767.7341488588385 1173.1675102044421 505.4723282878954
1668.7561216563627 1474.2253156972988 1435.7131412628748
199.65560346166788 1723.6865654319313 636.3661139066025
537.9628389132538 471.00289649322514 229.06547009277656
1713.3840228324734 120.92758411999172 583.6926402502395
1457.8921877277146 497.1220229264541 1340.0979577663356
1847.379060546916 278.9692602360927 1316.9806689343393
743.3894547550985 1688.401421463959 214.73806980949468
1048.1838015289204 1589.5122246872454 1167.4158149897214
952.1418808580853 131.72313777452538 67.14983988554957
82.5307264083599 1675.5766633696705 1391.330800644382
923.2920664444157 473.53664726059554 200.21218164493422
1954.9535807368743 953.8200198490258 848.4688028236989
1673.2134459286233 1448.03926764109 869.5390492814903
854.7728006814057 793.0513261298635 867.7761375136105
1625.2830249511082 816.3061057344249 232.6696851736913
106.38974893799768 569.9016534968107 281.0676289213962
270.64229971880894 1169.6771925184926 266.0935547095072
933.0500298095918 1280.1795134504896 334.9055604131385
85.03858732712621 1524.826348969202 1280.1480677676598
1185.7830034274182 470.2437771246004 563.8270622435253
913.109841026023 1350.2966780239326 897.0229627447084
1395.507321129667 1358.2431950541497 1052.3807808374386
52.749061042459914 503.9231322624471 24.60736504950789
1592.9375864920823 1187.593545589594 75.56069787867558
1698.9172975291224 1216.192077283272 1228.8903387907817
1286.6143750156896 0.9223672817346706 539.3757773194768
1286.1112525122896 1386.375136459565 402.9282024078753
166.68416074241077 284.42766449458645 664.8775632227287
1555.0724472333825 184.61042511125459 386.4518179400594
267.1117857113559 5.962021354843472 226.8751937247579
1464.2003383707822 1165.196755335876 240.21941998820105
460.60681963670834 1693.6102111345117 480.4155847072226
1974.5645454013877 914.8043797629601 630.1244609828065
1431.623167853242 295.5256057213953 558.6666941910685
104.53596498199968 505.2048139951262 922.1385463677242
108.88154505483838 1577.5315253885644 892.1838452344085
1099.1795661624835 1759.7252510042883 659.6343059408471
537.4399878719422 1480.3383651318811 1228.7805411677732
284.49039590869177 1181.8764130062739 414.17108732925044
1320.856785919282 617.0141309237107 29.75888026948531
571.7495198811005 1240.9596744442586 1171.9138421376904
109.465656598569 848.5126802877105 655.1551581951859
1907.2087371731163 1270.9450303150338 710.2222477737791
120.3531511084448 1131.5485796090531 1387.3105410822066
463.4787945660641 140.656172966531 1133.7141975564382
283.4168520079439 1928.1106607337845 260.9538800093384
849.8189773934271 1435.614341751132 875.5206802960599
588.5778090246104 1246.9288822105602 1351.7531566326713
73.26039400495188 1377.2714046609249 284.79689773594765
594.3313635760186 491.07429627024413 240.23573898769678
1821.8860004219557 156.6303658424064 983.8212991676064
1560.72571389232 1431.877446136839 1062.8615904814446
1290.980965587553 907.5835725613 1121.6059639277194
169.80968183490552 954.4576203104712 1157.5894058580368
1668.8469263678148 214.9787591024359 1055.873903340412
400.5013902144936 1051.706461156964 832.4763752419867
1113.2981199374872 246.49609438211283 731.3651274907105
28.561365099502023 1429.2957386290013 446.17482457243983
1964.4177985925871 1130.559489963006 1331.1180866570721
1072.6259276971666 550.7840910039838 1114.2640762769686
493.1553047762478 1376.325082628753 1168.0558139436039
345.80650243594266 889.2415559043704 1218.822694944771
823.8439262935424 873.0586231952786 875.6379627280915
1279.7128374258543 381.1990234917031 789.6891248897515
1729.8680077503477 1829.0034186190878 406.2022473272973
1892.4539406044066 687.7462346217158 1318.5738375926167
1517.930551367262 287.68982721612724 1245.372240719758
930.7774828243827 1446.3440298041721 993.3239544365106
861.977437841565 859.2004505270663 995.4265245321408
1881.9244016970927 367.2104632503497 967.6135555547763
1653.487982787454 581.6723921310405 657.1104521443957
290.51045639219564 38.69383931456194 1164.1689241433942
857.9260691766997 808.5240723906326 346.6794911449494
428.1608889997084 289.06865972195675 4.538660732524013
145.16698882989166 1239.8465033669356 717.2083724886833
229.0333242392044 1158.2445278901255 149.91484865742993
1284.1012882151174 14.376658779875262 175.63729275309208
473.131851168195 1881.0842615174788 1298.5773784719017
627.6329199781552 737.4272903459766 261.2016829420196
1973.2032748453319 521.5558468382728 382.87665883115926
1427.53771175844 1221.1608101289153 1282.923980225854
1333.9043510836777 1721.3901036441873 274.54018480575303
1818.0209557228038 1264.779413026051 424.99120685514225
552.6361107846587 1407.0878797393639 170.98635778983297
864.5545126697572 533.5975059198393 966.2061054221655
1501.4920503099804 607.956682123637 974.8785044374613
847.2246782360866 1768.7235189086346 1246.8277773799296
396.20406114234606 1967.3760771501643 770.7137733274132
73.83518525058564 1815.6972109176681 741.0564092555139
1203.0041221389895 1239.6229988457405 733.5447838181116
537.7818408914876 1752.8634874233262 100.56878018301646
1433.0797122358606 971.0367932126418 404.7943127891846
1211.8526007139012 1482.8314727847223 50.723098406897925
1508.8684707599618 1621.9531723718585 510.58207379439045
599.781674065324 386.6359867637561 268.4150620039245
1520.6508879154576 1957.6453079796902 491.2950240804213
732.1129538275286 1872.954623396092 820.7275931690617
1397.8607665342997 1215.4814173454424 1413.8828968529858
1544.2629708342376 1144.1256515917576 59.45006533729935
576.088456917216 1649.4477893846736 388.1747177723673
1848.765118745974 702.3249543927091 774.4370907299868
1809.8037916573574 1708.3522481129337 497.5518437743688
508.2937325297665 412.6176878711303 1313.230746630848
332.7367895825413 997.6458548544971 1162.8392329021474
511.78670694021713 220.29286746087573 98.78026283487485
97.03732936042253 1147.2585850014923 1173.1502307524077
77.23530742853856 1563.4897651469084 622.822486130076
1310.6652685371002 649.9781034411066 1415.8776734004787
1363.1028104764773 678.1136874339448 1318.0320291280677
514.8912645467805 1587.504727253415 1194.4229905244401
1444.7233276384843 222.03352458672708 628.5165144052584
1081.1349550004372 1425.6928604451562 1398.5453347834894
323.1745574116851 634.2725879702042 1102.8901528564409
534.037600992628 610.8776761900355 402.63487294049645
1557.0685904168572 1066.713611377589 734.8341795517184
478.23399600790094 336.6973904543322 414.49023166498444
826.1712639170928 596.840554828201 953.1965386128292
1904.1575227219269 361.1002627772035 1286.8312795869465
1116.343490311066 1019.6790713568955 71.217656531111
1095.2338818711753 236.876289277566 1179.2624775885115
640.7150516821054 1040.300414757287 992.7158712068571
1660.5315317249645 1126.0691049953411 1333.4336911000446
150.71888873152562 1292.470023363592 433.54728904276317
1972.6317190800876 1571.0977044005092 78.19439344200052
1890.0412093794228 172.59468366605057 925.7980519516651
1085.2279444935127 32.40727646742236 1137.368432281637
679.649181634605 348.59815544410446 978.9243709534987
842.3578819661957 910.4077086878957 915.5430164529878
589.8699703607259 1216.5249027177433 322.3197924899238
743.1302271930984 1645.4467143936515 496.8036075831288
1292.5412063728984 334.19153663045597 754.3670462035492
879.2135289348366 574.0510391498385 548.8023917818223
399.35042852369685 24.3707492600449 1222.0627314917679
970.1441363242919 658.0584964211442 1392.7561859090436
169.50420177245195 1838.8460622958567 1477.6774790372472
1979.1335406028043 1489.309499482713 989.2635010079603
946.5863038441122 419.9511032941694 18.910049217041426
306.8911410890474 756.0695916497247 906.2791614573918
123.74631835059068 1521.3033301920268 1241.0318043088853
12.345573143097255 1811.770041590973 281.1100294680592
622.9608973307305 598.7833227734504 722.5578280537541
1375.8292706601233 1911.2786339746197 697.5081235622179
20.23163450628651 609.8970096432516 978.1415664694869
1314.608790600383 1784.2737327827463 962.1364284113872
694.1101802813079 1976.5870946217535 806.1662471499302
105.82213427754161 538.3205029340787 611.8368719261016
104.66753364648152 1253.6200286408775 463.4184804316263
616.004102653181 160.44224101428895 1424.5152649228655
1678.555885987277 489.35133246324034 570.2987830903289
1406.6714142100832 1332.9507537446282 691.5025521227351
1679.7929986385116 151.13697763268408 621.144194868994
502.1623085182616 996.7446169726277 1116.918429279413
316.2890920799053 1758.6394412527318 833.9435742475496
1907.2665882462768 324.3396128066713 1150.7597374876323
1418.2943764652089 354.2192115686984 961.7285741333059
1874.8977680443631 1542.2811405329066 176.45570232737418
1191.7987495836849 1917.1708441754442 1028.8224010005547
568.3310760459821 751.4901320181305 80.75104117903992
1153.0405713355 892.0780081504615 1114.7812186682336
830.6860976047182 1851.7252555626158 877.5949979766889
767.9097209097246 23.989463657137613 1094.1990036293942
84.9815752298766 1263.665338519312 549.2499049616371
1671.921252058478 1613.2454889901605 870.2504427886674
735.3777983891749 600.4648940248478 481.49685564804395
1211.1885706233825 1757.6536842246398 843.6653310956202
1183.5784463461587 1121.3399682950605 981.0261204678405
1309.0996821439298 101.65144676619332 425.64544352819723
1408.4552382687277 1383.101629879616 23.798335436604255
1087.502655033979 1846.263836301954 535.3500822472685
1151.0819407915803 371.9811389639962 397.34136582172533
108.92274592760765 1653.8216762561553 351.7586546150988
757.3212722266072 1706.8594645127218 1270.4394623096296
1506.976652400154 1345.947824952567 842.3356179737771
816.7979466415036 1716.1938674353253 1226.7839262780906
841.0009993061868 391.4417065653799 749.7602743331813
978.3621300012044 1010.5712481321116 172.5889332384345
1134.2583060850288 40.23728652686964 1286.8645151059293
1531.616533531211 1717.1263705691256 1499.3319332985486
1587.0395288409456 1557.051771694459 544.5947181848201
814.342423957767 662.6561665143571 1369.6933127476066
762.7381784673819 1973.5244304633059 995.3174387377059
1383.2188563411974 754.7237076275835 897.5507418214886
728.8244587276988 1537.5410193232933 754.4972670197541
230.92759741397705 1219.7459001018838 137.65366120698474
1699.5572424721174 1439.9818512652614 828.2793987644956
1778.9403705366137 1194.8668817794212 1256.1269186384063
1481.5239722936105 1894.691902262654 282.8813362389845
1458.0278867340874 1805.7044680577117 164.58653929178695
1361.483781179818 82.71168138655582 385.50888306347946
1857.8340871904672 356.62594165808525 292.86869206824895
92.45680007393075 962.9294090385822 91.17137719950452
40.88070399451671 395.366657642795 1452.4409022805587
498.39202438973285 604.2704436117709 1035.022421279891
23.881342475887244 1707.3037588520856 1292.6909942403806
275.85243226191267 198.42403862567681 1314.21846079205
54.08083516396856 950.1411392168144 876.701634509027
1701.307620613346 157.54079455551027 1219.5675908939102
837.4743144369121 949.9304189474822 672.3924045591488
886.8388808355245 1306.7395786594902 408.1158850437779
124.80092957285227 1246.7313636463596 1242.8642564462834
1184.2816818791027 398.50053747849404 220.68625476333148
442.2268220237129 1158.7346637914704 1109.0567718143668
474.90165968817746 568.9526243591738 859.7923192170344
965.9570628435916 1116.1695195056643 338.6998119719292
1709.5726657646037 1819.2203021482696 145.11708065254868
639.3102038094356 1126.600609459973 677.5286226799284
1731.4509161102171 1965.8974682495952 940.3299721875952
382.82058750033434 61.236059784086635 360.51295683715176
1841.6667890263748 236.980298483904 727.5000983775069
760.4721282002666 834.9924214084776 1403.6018227677384
1995.1385298323044 824.4587289969496 1123.3439384628466
1486.7192397767553 517.473519946874 134.12325546440172
1501.813219899555 334.56522277341594 348.92722427322565
1168.861660992853 715.5375828691335 1421.8202075199924
744.2477982547447 1436.4885753222534 140.96231386501478
9.029947141494965 1427.1953148383452 1445.5882831657996
1382.655090839199 1628.9322094131846 68.13481246150465
1379.1540731743519 1359.5402453868387 426.6566731634203
280.99692595909255 352.6849125902762 1104.4565462016071
1713.2229323540994 614.3136580180228 1455.1293632068096
1455.5688116207898 800.0147040096364 995.9651497179592
205.43264109177483 1144.2201449525764 227.74885547000247
1311.6220392302816 1847.7977601722323 258.513939555179
411.1375900752359 753.4157335503432 359.3278717801379
275.96817703974 268.8679218381764 274.9832040491404
261.6329816327789 1937.1889206274293 1342.8328227026066
1319.3780084316181 1422.4690225254951 1461.8013973866289
1004.8483477137345 947.3107522363957 222.3156270442929
1857.3669508360608 492.72356262281505 91.79012655709113
1541.4624818534835 1667.5865613472615 408.02282566817325
1709.7096186852937 213.47444440835295 28.571168366126997
168.03300581655577 85.524338301882 61.09779291768902
272.81078573872367 1617.7277577576065 429.4039163927246
320.384778059559 195.65446359439355 456.1035920010678
226.7571749910764 1456.2610963309671 189.08570093910183
557.8732326299049 612.6855970512397 315.6894667733871
1657.9403791339178 1828.9823997398003 1109.5496826269384
823.7138484100519 1005.5519733031904 399.5431520479945
1898.5139658419996 607.8627762989945 419.9882679703428
438.1135287531672 940.0195939018649 62.655104177125054
739.1637686696979 359.58382580575267 149.92459704791995
1471.4800285454833 299.8707914482488 883.1597976005862
1824.3014068972793 656.1206439134719 353.0219167157132
1643.9616333247604 1010.1206772699219 1238.1347790455131
1437.2843795980718 1603.8771605837583 443.18704089542723
360.7385329475545 1974.065489456532 387.2252791758163
865.3989930341388 1361.3810544355358 187.99355249014528
1403.4669360980718 543.3006763326862 761.1639545754767
450.42719434266496 1931.6214323431761 1144.5314954423236
1949.736649738144 1933.771423967456 716.8112853405387
1256.9795663205327 394.3498038462174 128.31721480841446
749.0354853128007 700.6748566475911 1466.5295052456295
1732.1787668809131 1221.5737773482053 362.8612464886129
660.5797796580972 1602.3279119984722 1181.8641395406448
562.5478862443367 614.8808285997469 938.4736331302989
486.77737683783386 1262.9361758169168 700.9453061540123
961.9698636236968 846.0328364728787 1289.4756035988623
46.20866028642246 1447.8848052421683 755.1639903040128
1448.742665952563 1883.339083513329 515.8992006021639
480.1617509584242 1203.6226359928257 918.3703663071539
858.5001321011423 1220.7683462560215 1449.1552414308462
1422.531515786598 850.1061038046524 300.1112632783401
457.7760157034014 23.36020783391679 113.65514592909132
945.8973988654802 813.2914354111936 1452.047282672374
1139.7552402045994 1754.474714397731 1097.4649402959685
1742.9062706451148 1618.2999109864336 589.5565514212867
97.97671950433062 1023.8838783036066 594.548706311224
1577.215896188598 1947.7284104056669 699.6896999115526
1437.624624357748 1440.3687814485852 1101.1197883453708
955.6699855082629 445.1044444741323 341.601750627825
1131.9233182413184 598.4092553409847 1114.2893470753772
55.50025699423355 486.6867326938176 384.23563035946336
1806.544893865946 363.8629611200168 1174.1092089543602
1904.7140388982314 1275.2203177667222 1065.8383943419262
370.4396002025869 48.01211528262672 1227.9954294568065
1414.0183241734069 759.052276531817 865.9772452895145
986.3602252883534 144.1917399193149 239.11930918715117
235.8772343650084 1908.6262630231856 1485.6421502569124
485.93743253260334 304.86143531810825 354.91504579209044
209.81374639432792 1115.5059179482112 247.73092904117573
1640.2899550324364 1660.6308018238612 461.1708686284738
1367.0926986507902 866.9856544475836 1151.168609402397
1072.3141090258819 229.28059878512096 1212.5606333861585
919.7235203941087 652.0378705926157 1454.0785054514406
792.1712105097037 275.8865653138587 735.2550633077728
861.2538022104754 1116.3774382352474 701.3068897066041
1380.6604106730895 1452.3903706373828 363.70181762522526
1740.4248137004024 244.65745432861885 246.02985302475827
1878.1760850404253 893.1631581699575 643.4941262394298
869.9425186485994 854.8384535343032 1075.4940115942945
116.12589876210944 205.1439937988786 76.0087837180527
1287.8378849147973 123.38976821269188 28.778741968741862
148.66195936182856 1588.8431394403979 1444.615825800207
1801.3467396237518 1010.4234423822865 631.331641692436
1510.0804885499192 26.547493401091415 656.0767145362963
1793.1090354864964 855.3879271452864 113.56897037504699
515.5817101319989 1030.1499685371948 1138.7151321888762
1727.9101134752814 107.98603827520515 633.3288138414473
224.18788806534008 1336.6070507684344 1222.4021426212714
475.03765509351047 403.3942494359475 1132.1232017270565
779.1394701202335 1027.217679681052 8.624749939193322
1514.2386063373824 290.08573943568837 616.7894942688885
401.5665889906477 560.3393649994051 1458.3923200263978
1922.9468705663069 1510.5426503573321 154.92438893413467
486.80518346932655 1604.5343015570932 976.2646801738856
106.88007688912649 20.312991284772153 1161.6512734115554
1129.149932856229 322.9624111793752 871.792030216227
756.0561084060644 352.9919508386514 717.1488178265649
530.400773036942 350.8476442101183 904.303006035178
1441.7968539887124 959.6837310677533 683.7284711896425
609.3090677956776 1791.521737662315 1197.5687122719405
1320.205261991128 1789.2636083807975 84.38465262001932
1475.4678213999714 1705.0177482920483 1107.7509705308837
1959.0899484253264 636.28108669027 458.4402122561266
1076.2788040757814 617.2554135149472 276.17757502615405
796.2500129630299 1112.6163873645366 74.9970561634662
30.223300836965006 20.428714046567542 1386.4139151432116
324.9479573038054 445.7911011015343 1074.8146057945794
777.98159717486 1450.6494243786192 1376.8607585106172
1824.5434706805006 1572.3845648877239 314.3794423438744
646.2434879126818 93.59676993429922 558.1496025416837
703.486660423964 479.8472512468746 289.2654650431627
1481.6961158442252 1405.6295368852643 1141.587742402756
86.96047971281983 1814.011531343509 670.4267778312495
1062.937431177168 638.0016420659582 1416.4520398419027
1251.7532181209165 549.2341364774823 1317.2248599971304
503.71215528468105 1594.2796316337294 417.17282940671623
978.6176860627312 601.9798108597538 1491.6671721443233
1189.1070318178536 662.4367474071064 1158.2224841063764
1072.1452841081925 331.3136828288077 373.02977355749215
389.52160742807695 1054.1209706182312 715.3108803108829
685.7432657923197 1282.6140785527093 607.2052078869211
145.30726895293532 342.5243734540675 1133.1460913242456
955.9571604738577 353.17897724331584 71.76487639871748
276.80469106708136 1554.134820075934 815.5302705524005
1183.5485873454268 1471.5674022180744 65.42577212564038
1900.3518043381428 1036.324788087473 1032.4324351712994
720.3498234157535 1988.3445532623289 572.5425844858428
1365.0351864998795 808.8026148843799 1420.6241630602733
1665.4403980288257 1280.8701710691475 200.4133396478464
145.14828638174748 1436.0451711540027 1195.5619445052937
1209.213220029149 556.9021381122108 1399.9491667090044
1313.922980577268 834.8024423499743 549.0205472913672
895.9568413639806 284.1601431240583 355.84974518312333
773.0749711164353 958.1712226372581 620.5017447563558
1720.181505910765 1061.470306968944 254.57994447211502
181.11154771547143 1099.6626376526185 221.9140965059166
1869.0690932157388 1223.5516440442964 268.9403292759791
1494.8732816203221 1768.7032840105032 202.063353016196
743.107902887306 1203.4776526146675 1042.140677346484
22.850460083534863 316.2897170232999 1218.4665173089547
673.7457668672347 1840.3022200104044 896.7211305526193
923.0486443504328 1249.33230319313 1260.753004193704
1037.3741632884862 1530.6397712459607 540.9191908332962
1013.5410261275816 1647.6920215074347 582.3721196436649
1043.8811631377982 1046.298993176741 1266.4601534470628
253.74989210752474 1636.3765082431798 1050.070126372728
591.0237303546369 110.17285116160159 889.0470422142072
146.72241319506418 1279.1617696416301 271.10864604725396
1458.97141321313 199.78728067626705 315.34195718741046
870.9201201281946 1417.2232604041506 592.4687298784279
969.5194915881473 1798.7286284445702 310.06923866113783
1684.7574534142384 1818.490346557008 1259.99670885869
1613.1604456399175 597.1729698904306 1307.761819445281
616.9290008355404 709.1911400666957 1484.5667533079006
232.40314765012315 1607.2259923263764 1437.256875195347
1402.5184102339376 366.6989411351047 1048.3348027625595
366.00901018140485 1499.7667929816214 981.3258251578792
1459.5711102279288 1860.5696865030075 877.2277611017378
256.3420065961532 1748.6381642045992 196.49212799509343
1905.295196940287 10.211585635601761 942.0483057708192
778.74853166744 1908.6444431977714 850.970113785996
1643.6865643789731 1580.2807796316158 1428.6453437000755
186.94943453505485 887.3045164157552 684.5065066503388
402.5843531529634 1250.6241202678352 971.4471892852658
87.21808479109305 1026.3140079443672 1284.2419712296407
790.2727805516321 165.82881894636282 1290.1013900934713
270.1279920929911 1899.035091330512 530.7963427491495
1086.3146289678568 625.1262345145185 52.049472078118555
1780.1190429510707 1252.2390684203735 420.977925676105
390.65042963711073 458.33729267668065 474.83461572439006
1375.7691383212452 1760.1498540185253 1096.487807155892
159.91961216502438 658.0038887384676 600.4798473880049
981.6827542594682 1214.8643390531945 1290.2201724407478
1872.1983344782589 1958.8224325951976 874.4782958443709
686.669360158767 976.241797483024 830.3024822377247
1827.587026262408 1344.066821858541 401.322737894076
526.7719462079748 1526.6595011230643 831.6636577215688
379.8717095565156 1722.2343117468363 566.479004078404
1034.4009206426515 1846.2155123949199 273.26018107643347
1514.2297910350167 1447.2692818639653 1261.24056898344
686.1558863952955 1247.1166667753769 281.86843903210746
643.9127724492049 878.3932796713206 1315.4127539886995
469.90172880444936 1340.8151577542458 218.32492561357924
757.3034947902406 916.5140141019466 1221.012557110429
1208.813445502086 217.4699391002941 1189.3729710980974
626.1186933367989 335.0981632621053 929.959145322603
900.400415940434 1037.2965755882592 1475.4542544913727
1281.2400639312102 1209.319004974203 860.9693409663728
1981.7306506753293 876.7999563776145 1237.869014592499
1343.743726795596 1253.0007336481085 132.46321798696968
1250.420056729252 1502.4197632883308 1040.2177160601666
297.13781804682316 744.9724756630616 1184.6121584114564
1938.1802332569223 861.0427927045519 158.92080880310277
1702.7534349199818 1645.8180363253643 1496.3793575616232
762.1434733427275 129.13151685037727 817.8183838763084
1954.2607380934726 1856.4274942982968 54.689264637671876
1388.965460675479 514.1165011809221 1319.0855967716193
1219.0067977048857 1503.4581691981432 956.385167195648
1284.4183657423537 1247.1772433412298 831.6215616946088
1548.0492518034941 1011.5935180130363 780.1803875157528
992.8691838387085 1071.9791096665685 597.6240206036498
721.8626167766662 1995.3129233789798 1029.54965657183
418.62372018654594 1718.415515966628 1256.147825522693
1040.804745851953 599.1382869788044 216.59266691734018
1502.6302338919304 806.1357495857482 836.1030447723291
837.0569582098799 717.6631273340168 1100.4974841261715
1152.0744034918002 886.9806049027302 413.8521973677473
1039.6383464947132 693.730583639125 1220.1857069230841
278.1676548570087 1729.203607424556 680.942523524639
671.0823761302782 1189.2058819286747 1319.0441026359954
35.69872849388123 571.3758216761928 810.5963733639663
1381.09624287183 211.98021521405752 880.5658844191553
946.6296860699038 1753.941781281469 557.5857179575821
1333.56366209323 495.1848548023596 1034.8163608764835
1149.5152466800052 182.1681273462339 1086.5101132763245
179.49890970307348 1138.413796575894 1075.116505451866
785.1514539402859 1471.2793365776129 725.4097821080105
1704.794121014297 10.331330957579876 500.5059248373767
1083.7830682339265 1919.5629644281787 892.5859900237905
922.4407828185357 1460.3621009430644 1076.1894892603657
884.5178219506413 1641.8299095952345 612.8546124090476
1790.2314793660485 1429.7442204177169 1095.6651880622774
993.5933648452794 426.1972472008289 508.8525197613833
740.8425906782992 1730.2116035656438 279.57971328511104
778.0303188658062 645.7400610631487 984.1380483221548
1701.2392732765836 1707.297752958478 1363.579786479412
863.3607837208876 612.1606230518979 1158.15538199176
1983.6917924538843 1112.9642024955947 182.03485847941374
50.22941462771935 1400.6026562913048 940.8344332057653
52.541067024763244 1874.6961728973145 1182.4850491046493
268.6378254885684 1850.2638903232407 662.1854709511383
963.5398170760296 1917.8360926009302 1389.8509521230526
570.828419178749 1966.6055786350798 739.4551708718614
1039.18373970672 1039.520571155028 596.7827256167707
102.43977271971328 1134.1080332570893 22.342171580061077
1356.0248603228097 771.6961125856609 732.5254174150033
1931.4581032552724 51.562903331439315 1401.1147449494044
1589.7016659840292 62.09857298894539 799.101628225409
1211.9002385848075 1957.1332504185475 22.615840271225874
487.5938160259365 1026.2633503006246 1164.5192485178989
1705.4649414448586 1087.8983236704205 501.657695436841
1022.3359010942456 530.7945894822268 24.46024858444523
1584.8334467137934 1370.9640415112904 333.0446627210969
748.3755294498469 679.0841879647869 364.69211152353074
711.7853622809263 1528.8636816198227 47.03877643561011
1673.8736691612476 1444.2511429608219 1043.3134525738426
484.7135038494306 248.98859469912327 1455.9741493986207
1477.0762628365528 155.81625205197813 1126.4184890207284
744.5183762756966 205.2615633160828 677.3016543578244
411.54437248202936 779.7201574938026 1311.5291574166513
1410.4955011301606 1764.8370224159314 635.9268259898698
882.4104281406586 1490.770037889475 1321.1772088583893
562.3253732468228 1038.5443809722785 293.1984470484848
351.8191455885229 1741.1174004684183 130.69993351515913
643.3077764990222 442.5379234518898 1304.2498542088679
1067.3402412545313 22.603263623999226 1154.347737250833
1653.193144835493 1230.687523801025 870.8384557725842
1260.1862095636095 1629.0871531479906 91.3147507999133
1425.5175882244873 1285.1473306987127 265.87711157055844
487.3763298587457 1135.0549497719114 14.627500344344124
232.80794288222407 523.28953528615 690.963968049442
1469.634736247644 276.2150989626799 561.7372171528343
685.9979075314437 491.1633325567957 314.699289044732
308.2623087613783 520.771083660891 66.10653389101412
477.11122292862717 230.82852937119802 272.72867529397325
874.0812977294505 1197.8895096500994 95.07037662812768
1980.7984986106978 1030.2490680716778 2.3724065390623994
144.89741028736614 154.69507153296846 307.8467251624571
32.98333253698216 1742.1417537369348 46.07666850279718
1139.2048624979577 1013.5262824405644 484.7220801668312
230.84219629853763 1307.4437938095698 981.06857996031
1480.1318346381101 1511.924678750441 303.60153527726686
880.4014157158117 350.67046550993507 1298.4226396181464
1385.648366249355 341.4836954025291 1279.5200376331773
1682.7223081121933 772.7280870668214 938.1153196106746
1837.7799800370806 1084.1544664567343 1301.8848797706733
1776.4107471714601 692.3815041043093 1111.8991751387134
1177.3001157970393 1419.1312556992266 1337.7673005733106
364.7444152504817 1170.165931329257 804.2833905932347
41.30637509587531 1419.5822557078 102.78935862604283
1256.1488901625262 643.2764227601244 1356.4967782727833
