200
731.5796701548318 1637.3772689162045 135.116457546748
1089.9912234711726 1974.5732638742986 1236.904297565753
7.830305506507651 1433.922270041804 367.8210848452512
1692.8845236030843 1224.4091016259845 756.8785893312956
1802.4143299356551 1972.8630911333073 556.2574884316889
1137.988015401984 390.3424604284105 283.54326728242694
1849.980567652082 1743.7264886986477 99.43458636310437
1623.5919970667337 1985.6257837076844 509.92879147716053
518.9678545028305 1110.1433841181895 507.1839126200992
1447.9562523962838 1129.1549808497741 812.7641184626068
1025.1186714666512 1248.5897100265877 573.4783855053835
1780.7237014737418 813.4619106799956 72.29237043324049
1732.8969401635836 1244.833871376246 704.0825550149857
1013.0127654337638 1354.0400073825579 1185.0499784398398
919.0751232808736 1797.4415808857004 1003.215533000663
1055.449404480546 943.9794842194649 161.55690808213603
119.83011946134359 990.4230146501098 1283.2154655119396
1086.7090936673078 292.4406320978914 737.0253637829354
356.322756940918 205.37917880648027 1334.0453190015726
1731.829978233471 1420.623355917803 757.4400807407184
1551.4707514083555 220.40934270688606 1411.8563765004335
218.09911053445495 1984.256457831765 19.23153371550751
1493.9490740901067 970.1177055445056 984.7150762894331
983.4968682959889 1023.4177101796815 1305.8726572520263
76.03650156827003 1518.828216123249 55.40616140920823
217.25436662491538 1393.2318544543498 634.1154258438967
1928.9420450809 768.135938049278 137.28080285068734
857.975708511488 662.581219540153 949.1153601004423
32.8891540666012 1971.3237052097616 242.81208134254146
1621.1313952161443 976.9290273333851 168.2884840899181
1960.6311021426072 1090.5739993141908 227.65029849958478
1431.3214355031826 1851.5746714919817 18.068203702206297
1134.4583971218412 1850.7222910061041 1050.243693542979
855.7075931679909 1744.5487432679492 136.2065796667441
835.6741941541335 456.3943182273362 857.9614804403292
344.50936134205557 975.6278091951081 1148.1045629337857
52.93849175890087 1242.5547537576747 1169.4732858000061
28.37103105076233 1921.629349668621 1158.1438014788353
10.793929436019312 854.3769655319558 335.4729855835221
1331.70562108535 1462.446561767327 368.0152631419113
1039.7970347345208 1560.789928875828 406.51801309041514
1072.4157334240215 1277.0945038145817 118.80461751697186
457.5562030704876 449.575099038376 684.5425882913347
1177.0343289564453 1671.8259760336712 775.5052384428512
1057.807564368518 1261.3569805876155 510.29778101863127
1691.8576371403033 1258.15004629247 272.4728449758903
1136.9072503727966 656.4592188490377 1274.113356570122
1049.777844501341 781.8459723415647 981.0550008277152
1024.4581184761807 435.10051783211634 349.9332258804326
1979.3795362565065 1206.2331688716129 267.5334771948178
1748.3061459561893 1454.14373058302 784.2197318271899
1045.418459783649 791.431143561367 261.77048565200937
550.5356967694335 1938.0404818600553 1252.1442888807126
649.102751793348 1755.7224724446592 912.4814583984435
1620.4955502420912 1143.9105075327047 89.14011838488017
384.2217436736628 1182.046732285612 400.6110662853757
13.802918529343788 1262.5649971379992 1291.8621233546983
634.3797943220437 334.5897615520701 707.2795565822163
1385.3288747102572 711.2457076577796 1196.9423712025216
676.0169518095851 1234.4994149469485 958.4244256717269
990.2773573135657 1242.5287199949862 351.109913007299
1221.0757701688703 690.4180925835395 681.6264731979982
11.895930507424213 568.8948015874394 603.4523152364284
1197.5252079698655 1675.9400331285747 1434.3374486921105
1222.46735714161 432.92537882525096 1325.2293105605054
312.513827636969 1794.7305906162608 1041.4479108368578
119.29454217228064 536.0615964074651 1212.408342390107
49.23472965244491 1083.4933840713713 404.5484985755313
1685.6115590519437 275.7499576380291 827.585550919111
651.6097936194167 1874.8754133340406 1287.8884110207475
176.86860859488252 159.48234105438553 214.69095654724802
1730.0857504963776 1303.2343989662909 699.3709019726415
61.091399006633296 996.0379102939554 1328.7173332553962
1439.9617685560677 61.84655025076702 1146.6616244441443
847.0670447953999 1753.8710585272534 769.0004406979796
162.10690565985342 1992.717016464283 1038.0337325889875
1951.9277327537734 1654.1085277052978 77.19379012226862
1830.492138307021 1297.7296736873022 388.94748767650987
1768.9688922921182 118.07506101216435 1102.1634391278112
467.34777576542274 47.30220441819721 1374.0934131936299
709.6218017167879 499.8485017142551 1179.6344939735006
469.11515453774143 509.002653916691 1.0131996183995184
317.7467833987167 1394.5681762039771 675.440266232166
1158.3544659188374 644.6998091638363 569.4669760435668
1693.6617676037565 1340.634354948767 62.65835289077165
625.50526642177 357.38703024778107 1322.4249816047925
1255.1575759671368 506.28348925182866 894.3295288498653
614.923089006655 211.82767181004024 384.0625396433717
126.03260518571568 1537.610399986119 175.81623432869648
1775.1511405380077 769.8514746325058 849.8590422380681
1927.5768606907516 65.0667451326834 1165.3297224147243
405.031452666015 1078.0893061305337 675.7742822482493
99.45000803201643 1659.3492852405025 559.611653423472
1887.3500040142253 1831.5837979878415 305.2653651308588
851.5428902699298 1516.4423086057093 473.77777278562706
916.9268151110832 1439.1512646677922 1032.1683286268992
384.80684629865937 59.25568781602153 708.0844301419173
660.4129417234014 109.52542618817773 224.51581536242892
412.47478142393976 369.67251435005187 25.772582969728063
54.4338369222892 1000.7680647822899 1212.1957232722282
370.3066387596314 837.3358932626358 898.53739556073
1393.3015733048098 718.7228241911698 58.7258457830398
960.8328051327717 823.6271989513591 301.27166676017197
1390.110884057371 1310.126246705918 311.6079964078688
879.1064795931267 593.5689011354577 1259.2026477870513
1452.8729235224869 1430.6713457014116 417.41852046773727
674.7681407808927 1504.7524977965595 143.09309325724183
851.7566074157561 2.2997977551504345 782.4473719914653
1765.1072372842523 843.3783674302489 1176.1498350214908
120.89253327538319 805.4644139064346 685.6994900415683
242.46749991468099 1209.054603265055 1212.063798328183
180.0860750600861 1797.010805019984 332.32694258364546
1151.02156408343 1283.1626769543589 117.4155101057075
1326.203836139331 1993.5865736768706 1227.4227662029928
1647.7925868919385 507.87388816637645 604.0576806541515
1964.590356418388 1838.1532129129594 62.20907854151003
930.1607643675429 962.5855858119663 1039.5005422663814
1199.538254024403 1438.9019922192545 287.827036067128
791.6971495003005 1741.2015158379281 1270.834788869945
506.34989522121066 1456.791337239437 1119.560088984049
1862.6324473190473 897.7399721833912 580.9725019754626
913.2879757646413 1055.4134241011145 688.8508058818798
1013.1897346962975 1097.6558728143862 1032.7413194580054
1928.9508526112993 731.300308586138 327.0687793886353
1150.2282276028714 149.21490571174644 829.6789635933748
540.9549717356136 465.57120811498123 1409.2786823696526
1652.8082588868604 1928.7295728200663 193.4119282979599
624.153960067233 805.3237607414878 436.66266041155365
293.67611441108954 1113.9281059724697 664.9656688873623
1522.5743165683584 924.4960155235435 870.7570448710977
285.9809265189046 1919.1935374444788 294.75759583927857
1807.638001995988 1661.8697324467607 1373.4164450117148
157.90448824102765 403.9381374362501 1116.6420708199043
1416.4452028067785 699.5087667573619 701.609798802679
1783.9463233797721 600.1380484127757 416.66778696918396
1541.3086227064096 668.4257044833432 230.48537515214184
392.2535738018982 1971.2879512674097 679.2403670689395
938.8488819751193 264.40217680977287 293.89368925938334
1571.5494998432314 511.208804955918 1072.8703328904087
1028.823884102502 1886.858965667778 545.3677877110067
73.37806420259408 7.17285736965767 1109.70080793652
332.9882822579029 899.215472163492 1318.0205157102112
1564.7123697444642 1438.28510366249 541.8843403562229
107.22622655099534 1060.9356360383053 143.52121826393605
557.9844339006025 551.4412135138004 1120.1958396349876
1379.639765051504 917.7921535492221 1373.8876917137304
1130.1714978679363 15.827765645369585 14.629989289705602
672.441638541208 1077.066063234842 132.21737093333536
413.71291488554294 1847.0981484949236 337.63351415613874
1606.8523938542332 295.16534476278224 823.0034067897237
1327.0146343638532 1676.7643117581356 1302.7743003080325
1497.734740221147 417.85120517757156 159.87269290042715
928.535967834339 99.87972169911718 974.8389979653163
1286.0411688395411 193.261007485797 145.8515080984244
1018.5118662422536 1502.5149453492686 347.3543744741438
90.14718984554992 1669.071935626543 698.5875183235304
769.4585788850007 1802.7358175939507 65.94062466078093
812.4823191173265 1069.7370031718413 403.92264021582673
94.96027038953292 39.388257324682655 1103.342124676278
1733.9710382168093 173.58130440681506 1175.0834039322967
159.92055389364435 1761.8507056758826 33.44305237851586
1894.5654420760993 1802.0866667544856 402.3083482265612
485.52592920218717 1530.3342402484523 622.8636190178768
208.73595004964395 1910.5008050150464 20.114142706724014
1730.1051721628048 1491.9715341332103 468.3832744700009
188.5142059879712 1525.078053516037 771.5980741151873
1672.7780377022377 1306.3207502187472 272.82712681107716
1735.3792051070304 378.7764797041775 947.5351098016058
1492.4806702874362 1858.9264780632434 390.95376160638097
1941.444197976346 827.4079155377942 11.10409811901758
1568.6901187971819 556.7293491247809 467.01595361300633
1315.4003811994044 1305.002060796375 1063.903126097465
951.7676896287663 84.86022032259078 1291.1756459992855
1725.054602784606 597.3759296988375 1103.053037958387
1416.9535712827794 62.536987135354934 389.5074102802638
1474.0439477977204 742.6910117084493 1332.9577302429204
419.7356452222183 48.37331084249152 1267.889774468011
614.1542544886764 1807.357416846619 969.1600931053358
1252.0848788304952 1495.3736239296393 1455.7927871157908
1307.6413098917606 753.2826142007418 153.58704223593784
1458.7448549494818 1893.0749747596578 1276.9989221355997
1197.7248802187805 524.5344994125516 988.3881107358359
1623.174813588324 1897.3438656903804 175.96955560140165
1196.2835590893146 1833.321112120144 194.16486220998112
411.36771321404564 962.3888023635117 766.3458556844624
156.36193064171434 70.18325156684769 853.0952227003697
1087.429249714802 92.41694243218079 204.79558985985435
381.60950836839345 581.4160385872195 823.435695824018
1834.8823854289724 1795.0109622282519 1353.2525492010643
851.654530560297 1099.8452047302467 662.7487863543993
1442.533253469386 1665.716047988228 139.41616417855263
1857.7912014895398 153.1603737788696 828.1039388562582
731.5222643992114 1698.4908146412308 1071.3831279485921
1229.2294714346206 1731.8534599945558 1469.4839530973998
1646.292647646886 970.3698167504025 486.4446368025354
794.6183733655146 770.5646362693661 466.10670085123036
176.95862069063418 110.92754749058464 526.4176671493292
184.81903283640034 1510.1340029103703 410.02174223538725
1309.3082204600576 1923.4052841265607 830.5917987188319
1780.0834394189098 1825.3240027815161 1421.9832475996352
