200
1261.3821901879353 1850.3422750780594 354.5918736093064
383.3811076334908 320.2987981146237 508.27257579469097
884.3635986635529 1068.8949193398694 1163.655258019389
135.99222780895226 815.066938243109 524.1922698336958
755.0867389193754 1700.8870343311053 270.1755447810803
1769.8204932753977 1916.7672132685082 1067.1393156331865
1826.2790084976034 1308.6491204221009 270.12840284442046
1668.9039448502233 1384.045923471636 85.13268699414934
220.6070673926619 1191.5368045376254 273.51420423742263
339.4170770397642 1420.5400152364457 273.2005085669833
907.3355934206944 555.1159152392914 1383.7353234172665
1874.7951158714761 1773.7098710438784 875.588588557042
96.46616956281973 554.1675059286291 498.44678220013185
384.3381836069837 914.9969134563329 209.63218775372044
1063.470687055382 1492.4033505295324 205.7725793746743
514.9257915737413 941.6357512903691 88.30623643508045
1010.0865584600893 1049.2746564681129 249.8741321229336
39.550508446835494 502.53965797235134 380.82453603907436
1736.0130998204631 344.6445402304743 1255.538322309212
1945.505456018581 1852.7900199196308 754.2235991614031
645.799843976961 786.9380824352754 1221.7454587049672
179.81155406477356 146.16380623712666 1294.2151950692123
1711.0230470321148 1740.897822753821 719.6588263527141
11.725832260406577 1946.7700212567765 12.783725075138141
830.9415226202852 817.632449521972 1232.5585096438308
1790.5756038807149 1318.8538817635383 280.1382429816026
264.39406942360665 1249.445827769746 675.323362236528
1950.8936125663372 760.953163624239 1191.9308248886946
1032.844556350061 1624.1907112510862 813.4802207049597
1813.9681511591227 1026.4417264310757 1464.38883635605
853.0848584268291 1158.1658153690173 502.96409082374754
1618.378659357185 728.8282875953049 929.3121985936773
1628.9693327044795 1310.0649982734867 1142.8741421579734
1002.9802130068329 812.6156127747837 820.4044786471115
128.82445987622137 1491.3062444625987 11.243056528883855
98.10090416339557 695.0862903915131 850.5872887646808
598.2194042885553 659.3404067907283 922.6377161398673
1693.2699700528917 1321.7258719350007 704.2082342125092
275.35605791521766 133.00654562548652 1414.609210613925
1938.535398066004 1833.7401591820496 625.6672919473752
1913.0452806916828 666.9412698463881 1000.951306561216
212.69896517859044 1034.1899946470114 681.8514266754241
429.9732621655934 466.80833550237867 403.2989603686427
1352.073366634863 750.5891642719364 156.11462744347426
584.702398574278 1724.5071524134453 1042.688204150747
1697.6439163239213 1422.9761433255744 145.47650422248805
654.5054174977092 1857.013919675714 1161.7866888570938
1283.904306283639 1385.130221634242 887.2991623158097
91.58858547684257 1620.6397778230578 922.5469790863596
1266.3474684110126 708.177932041752 262.5729040718232
182.40395302634903 791.8878223803416 6.791927693784617
996.8811170075247 250.43209146219715 1317.855691849557
1717.0136490995558 1082.5195613216235 72.10858950140985
564.9969612837752 1913.331971346531 1027.6425501629406
417.4222531111007 1933.6441273424666 1259.7254421851096
722.6267941229654 1530.267251883625 1326.09688197429
1144.7413826952616 519.421053055571 406.60212865881306
303.88550294749183 403.6042285853527 1253.066958431424
1161.440844615086 314.1266650539991 470.6398731903388
525.626962586923 299.1581895930613 457.11868642491686
1003.9671683208817 1402.584158370727 257.20808347042953
429.4182993898343 1733.7585347265722 1453.3025647959228
1906.1634978930012 1675.6512990108204 115.08471364894469
1941.8480019252088 1998.8866693460236 138.20987866167079
73.24672931816755 1850.1969125855992 913.8386537720941
1952.3241215533592 1618.6098874209215 83.00320569314995
318.11435999948134 1062.6348776991263 890.059718017578
329.94655017844485 1544.3093891382046 83.42441513606103
670.1992011818916 319.63945078770985 785.4452499138833
725.4493049242243 665.0913793366999 1205.9347041755498
1906.8315117204431 52.74954879817129 718.5465496756635
218.5865971963301 1051.2503788755025 329.43692246163545
1742.6173553215406 818.1916473924167 1212.060184033437
1941.1670703940204 1326.2666027615348 930.6410683363557
917.6117079268778 1673.304649044737 197.66425790427095
805.5351219662916 1343.8656196554377 33.937084248044144
582.2612392272375 1008.6153968779525 256.86365903296587
464.35845796839214 405.0185847769847 857.5558592281271
1107.9316717296113 1655.6176048867778 793.964171514522
1627.3014809736005 345.6491708310465 239.63862095970688
766.7746525507914 700.6470148560903 104.1001743691723
704.3920955308112 1469.0435943016967 263.61650207186494
709.5883101728846 1440.789774188099 7.731143139533048
1318.6116492617589 107.40508585307285 1256.2400465186583
1001.7488301223021 1344.41504422087 264.95273326959443
1117.740932681043 1488.5020537243595 432.88018246445705
515.9455967574138 1120.8967178385187 880.1990139302261
732.9848903706113 770.0900051404227 76.10772026119095
1399.8155155043482 1268.808570439062 195.1005691459269
826.8136341152559 227.02547054875043 1025.3059069264234
1692.4047355361238 175.48118538731305 298.14776758678005
1882.1852274346663 711.3027706452368 285.7466233683978
750.3366970422913 258.73280939931107 121.82499036204165
1868.8940241784992 418.2479770986809 1140.61062400013
910.2361679164064 492.3657622630215 108.73877830841255
231.6973079430338 1833.3953316001284 1366.7173599709317
939.1197593616696 1286.0730023017636 1435.6366487728117
50.956488605820695 348.0932286433962 645.817376205741
1467.8685996399468 354.95920811392125 371.20254058139267
1070.2980322816952 598.9031693860261 485.6182075997514
178.91592146605717 1730.145576391013 1324.2131719625963
1791.374965543801 1371.7275364754914 92.94003377756427
348.3326066233039 1831.3436580967384 83.85175099466086
1713.363437204281 1530.290159403745 631.6390911068231
1565.488629358525 1435.1857364447467 949.4183113988091
14.1212736153562 95.13793030534367 248.7965139770721
906.201657323886 93.16331103921671 640.7103083394995
1747.8887055095054 922.3595748174704 724.0588295283316
509.03973402817695 1075.7116431235938 957.3892628842353
1122.70481677121 1751.317467940147 654.9913631455025
395.13479434844714 945.8994152742716 1343.795116295402
315.7400820161955 93.34305753627459 891.7342577701462
178.7102051153786 1897.176941112867 1392.3499059366586
1117.7340296542075 1387.9963463865672 106.81500088801815
1015.9817055402311 159.8323161693842 434.722045500758
1999.7864227270309 131.45513815378695 136.42223440757724
534.3406417069123 1518.3685680763047 468.4212328200404
1071.1508401770502 1111.6830578863917 1274.3509181161714
1999.3885101543879 575.0244201134767 876.604984118127
1335.5148344389827 1685.4851237224468 233.46660226391376
367.6896557561535 674.7097385819632 1200.3665994794778
648.0623849388294 723.2374989866555 10.861966253200295
1730.3543135580492 1375.6338590423618 617.8996186280092
8.916504877375386 428.75765614742465 769.3074984698219
1022.3830363208231 1700.0025461421872 761.5066121643778
851.9248702371481 24.935302872214127 157.98516014764846
1599.4342752402952 977.4136397281081 1000.7175570919094
966.2867471415364 1215.1758977159693 1332.989835142136
1745.5772412463539 87.46609515840498 1041.564222354414
1215.851766763498 700.1341437589958 417.35007035106065
407.26876571215763 912.7495469862288 1250.0555624128324
1916.9998839617858 1860.321944643186 1132.7607908099972
1161.0213335255517 1795.05636498393 1365.1422010059841
473.36996892180804 1025.9213596749441 547.3798452532322
1450.7790237233514 1381.2450402054058 717.3511441619836
1618.591496096055 1376.7021943861782 1441.0056002751853
503.04250473880984 382.3351852010073 298.237629900835
263.46325609330745 1381.509481276813 554.4676515697149
1032.0810933595055 335.8410278947781 1085.4541029072457
363.60846265339933 1022.8627727989534 147.2486615542715
1967.4920723409168 1113.2443141315107 1138.6590460016896
1969.6313734290156 203.46311091122283 1250.0396117727582
974.2818384035279 880.5101851408446 280.1973520227735
328.27453205574074 1361.1332061148062 68.8123194790498
877.5837804795688 1306.5213173627444 566.7491583244097
831.0016903543145 6.612856991063287 220.66210656343642
983.7079156223332 1248.0447706714758 268.4141167715466
851.5971816080435 534.9254426638921 1349.8831182339443
1805.2272796148861 1113.3451110426063 1288.0377022608966
11.334056985174312 1928.177717780676 1081.5768161966585
552.6244891284962 1702.5577735438935 642.9159312003663
1052.8676873070817 1301.3555024859452 982.0102246285718
1089.6402197124798 1938.8317665707639 1087.5649247510014
1810.229127210072 546.1171205552515 582.6994667831108
54.24218438516637 1473.7266452490906 1402.4422412046797
1279.2919989246184 420.9527317239135 216.11137944550623
1274.8691831631345 145.54119337167904 553.6785308249565
1390.1561210045804 1094.603298615395 788.105545523954
1359.992839231763 1542.9875715291635 257.94712353156064
934.0859343016681 1304.323060929068 1436.9150616008142
773.6519794058682 733.4810418155839 779.7083114255616
1161.1873740433498 1742.7253146598953 500.059480145653
626.5069255063203 1693.1434017175748 692.6831533859144
1525.6393814583878 1375.7702541931244 643.151557898074
1470.6030343636182 1300.1638464385042 679.706031920142
1201.9109311603625 552.8165545583994 1459.2568945909654
1972.7467853747169 926.056556568789 1170.9262384700867
1330.640951702146 195.27965399028724 277.329790610956
1858.5609721207582 1471.383230470325 74.61234382623361
694.6851984517762 101.71515776660334 1288.7043083314838
773.1677983690178 696.88864059515 692.4711903820446
781.2966201818332 750.0843436126592 766.0067457661687
1969.671597079834 1593.3662688404308 603.4225013060869
893.6718199791671 477.61142698400704 433.50634836592417
863.6256403950391 1815.2095686671846 731.1142396428904
1153.8971110562677 1640.363486211783 488.65500450463634
1774.0959603369222 1132.3445431394705 561.3925556360831
1063.9643494490826 1215.193590870088 150.64180684417693
838.7493577199145 1556.480935939486 1193.410132847981
16.727603047246077 468.7015728114712 1141.8679838562484
1063.0556274970731 1291.0571487527804 562.2604215587929
2.3377583037422767 786.1911578842644 167.4472161308049
692.8838228579801 80.22219460703207 645.6382480672901
8.28407609003512 745.7830672406304 1421.9536205615168
541.762535099851 1701.29183134784 296.32149798081
1156.8314966278056 1899.4617191262955 960.4732055332158
1307.3058193970203 1778.707672251906 676.7528069001966
1535.065671271686 1487.3629699960043 902.4760759743709
1539.65974488412 1392.73504597208 292.0551720497213
29.471744636828888 1673.453559539172 255.91385450708572
965.2112352984024 801.1443204548676 940.2551673568876
1591.9464217060106 1742.7677372535184 1488.6514054178956
870.8405832179202 955.4078872674006 925.4579723303011
1070.9370138102893 1016.7105716815679 1059.6747188087804
1890.2709584991696 600.3717313834729 766.0359308680005
1722.9776360099602 851.1437576145775 814.8633764687404
1463.421891050632 1486.50692384548 1276.7087870051762
1337.9695428538648 819.02060346317 219.51555691308238
1352.5599655364094 1285.4733601112337 53.377570457632196
828.8903151110028 772.2725198537954 287.2653633233495
