200
845.0057451819772 1638.6115894737402 474.3778936852741
1183.755510012923 539.7929314148249 1012.6131322404713
805.7946157280622 139.47002986489275 393.54151116991443
656.9526509985011 1908.2226202687998 107.52568213635655
155.33492445278995 1315.3558275592497 325.79547923385746
822.6120631322204 1243.5470818049823 156.08210900929987
499.2604478803251 1765.6004248545985 198.82566712100152
885.324364173672 1183.516776743463 473.0122934663553
79.80417400368545 1056.4731443932892 736.1736180354085
1505.2579319879221 1186.4657008116505 664.2477464550113
973.6217600273922 1797.3122256174836 928.1974197907085
452.320812746402 1178.7269606354191 10.119029492416553
1289.6921509340925 1802.7449052797342 190.1244903089097
1933.4287942677008 676.3560018803643 271.5007273652118
296.938397095883 1989.4381364875342 1183.0105965171565
1103.2127788796565 490.34514917792336 20.17126506052891
1663.4872034534903 607.900921298495 504.08564167668845
1885.0415960515663 1514.6945180506268 72.58358851601987
726.5267775340695 1035.2859901516204 1132.1840091098716
836.5906713346478 438.3211127386899 938.5672624642806
1580.8426175018976 851.8549704846257 844.2253866070688
1117.2669077108173 918.5858761198701 1353.890725715143
192.32174650084866 680.5874665737714 1371.9726016997267
1103.1416564642732 121.03645744211966 1132.1768873524013
1095.1209097245487 660.6340354283875 451.18180748573525
753.1187043766021 1388.5438322260593 348.20064158735687
384.2136085637602 630.8539285487682 564.4195577105896
232.25896966838056 39.12407961014286 244.4247340636826
241.3603274906242 816.0783501186169 736.9304956306951
728.6697087253584 1783.1729643476185 1108.5729820331053
1150.5526959665226 234.4886264994279 853.5476227132127
1789.177434778288 1878.7761524322518 1072.701121745845
1504.658249177148 31.70105742241236 1113.012052969708
1923.5683245282466 417.38622068036204 659.9096124819998
613.9783489059478 870.4560017476155 1214.585980021139
566.705406619997 238.13150292071407 455.14329590728187
1137.438238218828 346.4152823082844 1450.045500614372
99.86128058118027 402.83579319919016 801.699519969825
155.0062349045267 673.9667011481396 333.57866169740237
879.2361890543727 1085.9083728455028 1437.5720385003613
1292.0615864045863 8.33663659063677 1459.2027730228615
1091.033128240266 1774.835963842904 900.0314049183875
334.50082490368095 1080.5266790659543 1241.1248952033866
861.1002670098546 1794.4858812231837 237.002150191366
751.9728486930512 1939.9151454325458 1280.4053036164605
321.686747199214 1488.2779465440296 980.2159769656668
876.5914509520036 759.8563303909787 895.6210526826683
614.5318293706194 1913.1119265526634 847.5635302456025
691.2220715815542 1749.4817907075826 1211.3329227252111
1647.3824414831638 1404.8002517337784 1386.3220159602643
796.0706835374674 617.1524325248807 813.3160371148508
736.4233175450025 813.9485329540665 950.7117829276951
272.1381654919959 662.3581179212397 284.8971202970593
352.1228274165802 179.81319606096946 613.8593484187991
1210.2216609501309 1687.490630460265 677.2544664748684
1921.6336690232956 1042.7521220734786 1380.2743564698812
1307.506200168979 1838.5849234783645 847.3296341119504
1991.0802780559159 1755.825967913028 1136.1732177198164
678.1350164326138 1730.9414416451295 1475.0900036107332
582.6098553719265 1136.62253301828 546.7807052644889
33.67788175082076 1036.8090875221885 878.7571288694185
349.4821610265202 1316.4153644843536 1303.7740187731815
1675.0100331542144 1143.5681522552668 1064.642007864244
49.199382609336205 549.45299702 1398.9035956667915
1636.391693739281 1079.6389208320027 767.5222050642287
1630.2147740642365 391.0290443656215 743.9092548744167
1750.2487465583888 542.3810172863904 324.952203757066
1674.0995559346832 1245.6779156897576 854.1943164835592
1367.3181934727954 1180.515820502176 427.8525818896033
5.626266570563088 1269.2193314680283 235.8158042450415
1620.8925981683324 574.0737866514813 487.1742443751383
1090.8736461323826 380.0424136548635 126.06385650458884
1990.5503328629497 321.183064823493 1071.6941057993902
190.81987369757124 1462.4443145799958 788.3875270529592
867.401729632433 415.6668902134961 649.1073174938228
1645.7235256093431 179.27430619237407 64.12392204273549
215.127155533833 366.7941074698613 400.1732299347064
49.38082489588736 1563.9471567318003 1073.635644853204
783.5735086000666 757.7252305817494 777.8557501674303
1664.435862895922 736.7522360153368 1419.5884003990427
1603.915315230693 1876.05180172342 947.8478138539087
1123.4007019663686 759.1238096325072 1283.9078416963828
955.2028650355988 687.1319065327713 682.7407271059544
1594.4734781893949 1005.2301837421267 929.1729257134091
1463.4250242317448 1293.820852284503 623.1772111958816
1164.9264763616504 472.9010704437213 510.6732630322857
1433.051329709171 1819.4650108440862 1370.2055408138735
792.3729176912035 1126.3542180547636 1068.9033315999557
983.3221611429808 755.2385227463366 1154.7867324925355
1766.8312567301355 214.50187091831953 428.08195682402834
1858.4794904565233 489.1336908683124 583.7522641969691
1103.9641420629557 1338.9820386832532 673.0610509318294
1620.0753102907545 112.90622661384853 448.8047711614338
626.3369117084853 1111.8624440006536 1314.2949777721626
35.648753288304526 1089.2061466618543 605.8259620556147
930.2254432304935 865.5566324750752 1102.343778136256
1279.4801031518264 1495.8896943144455 894.4045579151842
408.2054411324927 1323.472246462846 290.70340119943205
653.9482296123789 1781.6118750011979 680.7838512016162
745.4324999698924 1987.8840004895221 101.97760750600271
1162.3952236065188 1707.7351499576898 1482.8841006419093
440.34146344103897 1044.5984841753368 1241.1176247823855
1121.9652633463822 11.143515556518713 219.82325015576342
177.9400905775568 1659.1590882588964 148.02406085679215
1430.8344555028052 1600.4061144810084 349.7839846334107
1918.3942283044125 1096.6191184748454 1432.0893698115958
793.2888251032832 1338.06546196808 1292.1133953621677
1007.3562577653437 488.884777049859 298.39211181505704
1217.8852675415014 505.76223288261036 930.110449314049
1378.6347349404764 1933.4355370554604 873.4525939901496
395.67032452157116 1728.3695337932393 1460.7767363780156
515.636321214872 1283.575572460222 776.2800293765895
1057.3350214048846 858.245118682005 332.0966979075436
670.5634527514488 877.1448642705042 90.77870635621377
529.8677567018215 372.27947002282446 1301.3163735925841
931.221024805735 1580.8536312080275 1303.1002503078323
44.85419990315576 1780.1671099038388 100.5632074945581
1932.4619176373963 1926.2352623394468 1130.9311752478739
1697.1338170574638 726.3043506916708 1114.074305492014
174.0849064105605 256.8074871499479 1119.5057979307621
588.373115986463 42.03507000625528 436.68144766632287
1347.9839989316552 472.62341423026123 995.1974815740504
685.9887304631844 1969.672000183116 1303.6568683089147
1484.932668566932 480.39272941548217 53.00952190342989
945.6103206503084 1903.0668379089316 505.08770643600235
1195.9900085210359 1751.5221234091298 809.595830583738
1397.2771016710585 1980.145354567895 1015.9007173026503
1704.7342896216674 208.68624870149733 479.0629498643972
1187.3041165426375 1968.0812719692497 810.3624954126391
1935.9785525968364 1645.3742151120014 197.09353447065985
20.173404110267022 148.96313487774339 968.2804960272632
960.5394831128547 1297.854832433343 370.21885979327095
1898.0200389371641 1487.4229100035168 1118.9990244065434
914.4528707203261 535.9114826440534 544.3019850945699
637.253395044942 1598.5212812272682 389.7554580280652
579.5219327863872 1665.525488586317 1409.3120132648414
566.3329004497326 1867.341547710785 319.96881224332367
1706.1759072043128 474.94774600238566 926.359435360509
1496.1142091970225 720.1313342965603 672.3830761782095
910.0550254720947 842.5156001352159 218.247732807525
1533.1728502247147 274.39662929126894 208.7700944111139
674.2305770807819 1053.2231812579491 697.9429704272724
84.73448374955962 1140.5111573018098 319.61732262070444
1201.7027355420653 1376.2506539949454 1166.9048565640385
353.8988861107939 967.1585664647382 1238.5500995874359
1031.9724802706153 667.9901663973618 986.0247441922428
104.4801784527507 263.0654808970405 315.4807441429537
596.4073653721211 1853.3278031405289 917.0890382146132
1776.2541916736238 605.2757393012054 567.6972812918718
672.3884344611777 306.9822699299727 784.8313165788628
636.4848761125908 1862.0590454609544 659.5727869031012
321.30883851625146 1718.0267424102851 218.84853607032323
1097.6690318382048 495.41829212475875 127.46150321681272
1173.0356828605297 1991.279266608208 1096.5625868869183
1178.8331982865998 700.9864754536628 712.529687299156
245.8093689533205 129.41652905189983 741.3030198534269
1452.1417078287911 1165.8909919348828 1438.5050435229987
1137.1148058331732 829.0354486766685 683.7616954702572
1997.0506568958474 1780.250698487395 1338.3751354530768
1491.1483271161953 33.00490001647161 771.2604076034729
462.5587182914461 1733.683626357518 1391.9618516155308
387.36244488375513 551.9139094390306 1202.1504410087566
1511.7098767557811 28.874776859391105 1309.1672437870704
1395.9027263103249 1371.890038047647 981.6834891132438
1088.9950133097268 1287.6501261490098 187.44836620688838
625.9419674559122 1279.351131565818 752.5784026006872
828.12182263774 377.5220287443248 537.6379554373168
1542.5527361440568 1959.916217771992 246.1618518919264
364.67006409648906 729.3152923000155 1064.861003441429
1044.2199736598977 1378.4580007489894 733.4036455068281
1703.4869065576597 999.820228133061 1236.7919567340655
1034.8750345420465 130.93126743624305 581.1842131497687
1969.3343932143807 1628.1838991335055 736.1707196461883
606.0558140194197 1963.9389792687027 1475.1250149501739
361.379979546385 583.0782082767989 1051.9829662185568
165.59249961466804 1508.9106950286075 245.5057181740587
1532.569261455773 195.8911201041995 907.0078025459078
371.6952912897726 992.0695827629238 743.6718120480501
1554.860595705193 435.0552950070068 1275.2132750847386
1825.6598780669162 1605.5130665934241 492.6362741338385
1569.3249307434617 613.810802965028 1411.3453417420546
1440.8158392100456 940.847550585896 653.1212448704667
145.318000161345 1489.2038518454706 1391.653038514041
485.4542902772423 949.4391739692709 330.0789666141967
1091.3568148954669 1009.9975396830062 578.1659800903544
875.0718352588831 237.73434444196573 971.4697878446098
1652.7695719141382 628.3077539880362 992.3935257031324
1388.8938421368962 1379.269727959795 523.1773733885384
377.96983888483027 830.4169942903061 1145.7897840774729
1199.6400478279688 1617.6706553184094 1094.1432667100826
1020.2698191958051 722.2732351533947 195.917729955697
799.9707139187882 1634.1860904897094 1080.4712696978033
1758.6723470126974 1487.727802634902 1391.3142301545586
1703.8686871787334 1968.5650902512775 518.9577085315864
1261.338770305507 1402.9759273211482 451.0042104639368
938.7267345708264 135.62859802729932 506.9807443518896
1075.9595938276943 809.1835505041249 824.9599843864868
795.5824611299734 1892.4965301267118 459.3701219617252
352.51225442209756 1648.2592817634595 210.56503250379288
1263.0905100858447 1244.3681098330953 797.0834070509269
