200
640.8260907626515 1387.427892252674 947.6842681459902
1777.9032794435748 537.4363776455971 543.2364808195883
711.8453258014823 895.6325272073917 1181.090325257394
512.721633991033 865.8724306545012 54.255744144198644
1939.7790062527977 1025.062939373507 911.3426940815145
1610.0407488422666 1584.051217072043 99.95586367535358
21.27981785632005 627.4878983538308 1105.741108829002
79.49797361779632 1690.9945011641278 495.9810983456015
733.5729722127713 1129.3976251020335 172.83675192055497
629.6509611139933 296.4011277806631 649.762789430256
703.2839469970951 750.0726624602798 1191.3221901363308
190.16794872267218 709.1284040676707 835.0691638577122
1561.4580485734066 1132.5621808515434 366.5502982585453
1938.1106919159863 491.27688357707314 519.499493997522
727.7004048764612 811.5699513956771 1335.3716237563174
1602.7383883782393 1067.5409261124707 705.7209486703713
874.2152044562935 1578.5607527123789 799.2346765228692
1748.2934717551707 1180.5332597655724 678.0688638248641
1611.8577156318122 1445.94238568298 464.7594812417728
173.35182515859105 105.00560946991433 250.67461011054382
688.354889152676 789.7495139836097 270.58172113774003
446.13244093224404 1196.4538367637567 1292.0759165125112
1587.2111146333225 239.87565243955578 90.2700375897037
1830.7667926818388 1539.8756044083152 1439.17821507712
1274.1625006259399 1258.0969932358262 64.10773003142705
257.0126633318397 438.7993583062477 1004.5693308893581
76.51278773618687 1393.5986022201598 1125.0408327536911
1497.5157587842739 679.265086816508 98.42772473556882
1560.2779017181856 1369.6182366294784 113.54909556136083
230.34591743972487 1320.16985835401 1025.3020400008947
1884.8076462478725 1592.0944184559396 19.263171317528695
1769.9527130459267 99.5599838015675 730.0367694064706
962.8491456986284 390.7813503825914 629.271122510075
1025.391791607913 1163.6039887082509 1201.7382611478267
14.969891487336184 333.9943551903692 403.2242566307909
25.480689534225 861.2606927209838 707.0962526252105
1311.408247366934 525.4593437748354 613.4402377671518
279.0588351436796 1706.6110103847323 1257.917205527145
1719.5418845530462 575.7088115883578 309.13971086292094
797.8613816650034 1798.9713167559435 555.5282485448627
1960.7932905955834 1649.3439271853065 8.472519162777415
783.6665428606551 79.11833463280482 1053.8646137889707
898.6692151919331 869.672504422797 692.8163223926093
992.2256944832169 349.41087247667247 1155.2245856631114
215.12183870257928 531.2249826994429 878.9051912035707
102.74355826357694 804.4909679257006 1019.1500250721386
915.4141087993759 443.91584901445503 1132.7366190673315
12.664141519797889 1886.5734030692356 927.1997697170019
222.03885899854492 680.5696108049257 1290.637615802904
878.6141722810447 797.4272027176168 452.08463844448835
1065.670783455426 203.8954844747203 1293.6251240258212
993.7791180931094 369.2974402994911 1267.3682954154222
1632.017273589249 1306.4387391823186 30.139837822713677
1863.4152425956154 1082.5663752567448 150.38885220852748
1485.6489536067434 57.72657361037936 1402.9115876867277
630.8471251640351 898.1569058327914 1022.3884937017402
356.29412604014396 1336.1074391591637 1386.5772119974874
788.940095979507 452.9484050630259 633.6542971346303
39.09990861042889 1571.4906386185903 1071.9312367525592
1694.5034114817222 1641.9245871958585 54.07191377395165
1010.5229824474598 1549.3578710886566 462.849436284951
152.83871002183957 192.8158663866364 440.71125204215696
1994.75139048378 912.6957817611565 1419.4028339093186
210.63566907930144 1693.832694380646 140.66506892398246
744.7953836310948 1397.4923006823465 714.0446971918
1852.7296464750739 719.2815135810417 1301.2313732398666
1041.0517975205091 136.20165808376328 164.7271718055131
715.572305980245 534.7635464884557 490.0662627484356
843.1660732750444 1297.213915519016 402.9661503967259
1033.038878082266 365.7926959314126 451.434605177624
626.5424545159428 879.3101142466746 1249.5065484837644
371.2322930052776 292.1081901239515 1139.1161589173103
1051.4983756620074 1438.5525600111237 237.24234772979085
1626.0151574079473 1021.1011105559327 453.6992976489682
559.0124271658326 1644.1248632312947 1191.2203892157086
1276.5041413976687 1691.7171219257318 365.08797059445743
989.1893009355001 426.97190823469765 173.52842499485843
877.6961760580587 264.46919380603504 1447.135670358695
1324.328522566568 1409.410667184098 673.9867728856696
1892.914137928978 198.86753094555831 745.9164468586426
719.7444147345044 184.91914682735054 1130.3176330922565
193.18437333736037 941.347228561306 545.6858510403467
836.9971773940987 327.8553500547259 300.79708004062604
620.8690618593804 473.93959495154945 282.7660791184708
1798.2200651136566 294.2401127774401 495.0337229061302
257.82497769408263 1806.9662405236736 176.88662793345426
384.071985601516 323.507336574985 620.9094699807155
1190.7559710979472 384.18550786750114 1360.1378249041004
1543.3849050270292 615.8838367872204 656.4296971734019
1252.0483893778046 1108.3088850537347 291.4084593965418
149.72146477365555 1756.1676384260932 1172.5983135935985
420.87496804166324 1983.6533890435962 420.78900400369577
176.00346672403379 543.3290383221365 300.4769799000428
1615.0052258145902 902.397993781765 1432.9924750448854
219.22045925801692 801.7651134243494 893.1319639053536
1499.9433975805175 1466.1670000710221 1357.2993210367815
1794.5080019033812 1225.7011471753692 1087.4472795409342
581.6679772119442 1504.945615650569 1386.444093284527
1370.1087281954606 191.34908468263822 264.26888913354003
11.760683852579223 653.4917413765424 1365.380715015703
164.88498284493613 2.9060209652884694 897.7865950380954
902.7896321118443 396.7223942790474 704.334945836063
1617.279564705617 1991.1483511032873 559.3712894694731
1522.7655967411838 229.24327184461822 1135.6302022273799
670.050439556837 1572.9448166784696 797.2280724822076
1368.7007765494589 1783.8225314895742 1064.9696506879347
1677.214942154474 1755.688176582893 1212.1897430324088
758.3578215536513 1103.7749284561005 684.299947364855
317.6112086894432 1313.0781626268372 1136.1480882686362
1423.3020816963785 812.6102070631465 1334.873990488952
894.3002413842953 891.6558621839789 1048.1865719791156
570.1240382452369 1236.2080118861845 1060.3093251682149
880.7342696705018 380.41436901537475 1406.7748277134745
417.2161561795478 1490.184796398929 384.95778610566464
1271.5758135181459 767.4573648223042 1276.9810816351717
1859.5869241529936 626.6857529648455 202.61195777049028
1339.5171211106313 15.749734195535048 392.13344095839335
1258.841779764561 708.6619744385428 663.0814927951
1499.634419107198 149.63409688953445 992.8307827206636
182.25561392039745 467.8595244527883 1267.768021303558
378.79389054714795 686.529088564975 1103.0155077622946
1449.7225077827143 685.5737194195885 707.1799700308466
425.1685248871968 1451.797460083276 1443.5374113106288
1294.7581757733874 1670.5411112454058 482.7686778150271
1050.6556729003737 1446.6756435099016 415.6070251669712
63.71408169147741 749.090385993455 117.15059749926615
1404.2706283571363 1521.129506316599 685.0601291647465
1508.8777787957217 13.744035758553652 917.6519780348988
978.4795426472781 1060.9260505511381 382.9034241849717
439.4046424960605 1449.9625749991008 131.55893521515978
746.1111773455522 1554.7278727178243 980.9269871353279
54.85179491794101 1413.6324238445795 810.254296653714
934.9749507850036 588.3402937610638 527.2113562281021
654.1351755881175 1852.275441458085 203.4914211168497
690.1603050883703 1976.2383228870483 1143.9325272835233
1250.5453608473947 273.0083765446689 993.3067395209382
90.74126786207782 185.26279840932048 219.6591718844512
1274.7511522050531 261.21587336084315 891.0757854826326
131.41337713211755 627.513656429743 313.03236826808785
800.0044626854431 1632.835504481292 630.4352550285129
1460.223249354187 1092.5269306395662 1039.196604671307
1991.9724753055957 1927.5395557246547 983.7834817079668
615.4993812013696 1210.8533974396216 958.8147602457768
1578.1640645866682 32.8733523213478 290.34759464388986
237.73054952453387 1680.6482943479386 590.7624976458511
1145.5660305030012 1727.7830033466278 1151.584306059041
600.5339860399723 983.2836667317737 1023.7067613686377
496.5900278133901 628.1387631891648 235.53509724893934
641.1458713394791 677.3125963635524 340.78534210586065
664.6552779331903 467.2347829189951 1100.2461522942692
1410.4047896138054 824.8289364594706 1409.2600584008908
407.6976521009512 306.64257961353746 650.8954539421027
1608.3411819428602 643.170795795029 382.589451333558
1354.033471412184 567.3279291367137 1457.0062610500859
1829.3814029303232 1481.0984693650162 920.1846333479624
1191.9177098884716 1994.8798490680915 244.5111624540533
2.8152820052349536 1699.6997056597963 800.8017483980254
528.1851703982703 1913.232166511256 1139.2643540443005
592.9721415536653 1671.499391531358 1096.4368799882773
691.8385033471359 1133.297732141126 11.866878202489827
7.501612631842569 75.22796510559115 923.1995305692946
1690.6222505651008 370.4720031600659 565.3406394165738
1822.3935063529552 813.0973737298779 535.0554449204395
1078.88187272102 8.059143626614196 881.1754763574559
461.16282271640995 1930.9489530065355 172.53905282779942
516.9071752573789 1067.1230736900734 648.1074314970344
1619.1271566303465 572.1592171877163 486.49693134246263
70.86566108287573 649.0496388727883 666.2966405848002
1848.757960752757 716.192641626039 423.3447884925286
1101.8003678804876 852.5049312297413 43.82276486507436
1214.436100240657 1082.2129815569572 1219.4117287429829
1865.8891065058165 1817.0396713596685 1108.1809990655365
491.82362172588864 340.9529216372227 570.668841303854
479.9674497248989 1055.1480887893424 649.1264328889664
1339.4827827066138 906.6621321459329 1352.9169593382094
1296.1617896191333 557.8329809945888 126.018913181769
663.1849433165726 1456.8359026682565 1191.459675154456
279.0760295320907 1835.2549339366772 737.7023223461983
1689.759950692108 159.06771346124836 1286.3602171912596
156.11289974372377 531.9292839943588 457.51277635720146
1492.6372501054946 1223.729719592924 453.084455630242
1402.392551905712 1566.9459925713388 467.0859890650415
1683.5374678558658 677.8863606451771 1301.6276465736028
1614.5047162823812 823.985299831121 453.8560340628377
553.1338775993162 1996.3298937469233 1170.2478199585769
1563.146190321536 1621.3025799574318 571.3053392185349
810.9611694712031 1073.9038348193021 1154.4198536283507
1150.5250060195715 1013.8185601358814 1023.4631879376982
903.3245144848316 307.2750783112157 17.330055333855288
973.1350829658135 90.7635862467957 148.32830581904315
1181.3364015122127 1032.5252437286185 392.0019484183713
837.5022291484142 947.0884153972514 24.24065395706043
1520.6420595942259 1115.9294500435476 1139.702151023375
391.42195769823496 1058.6779208987973 972.267455519658
1766.068042160121 1287.7649903861102 535.5448030863514
1258.750114558266 298.1980837515501 60.4622227925814
353.83572018326623 459.2048441820693 322.4843944012998
690.0488440754363 308.02518473512055 526.113652296296
789.3157952539476 1888.9085831844352 1435.3986237959523
984.828368629896 905.6392954504779 341.1761469693507
