200
1016.9440767532598 1671.317560029742 1241.4242779179594
715.4385940805786 411.50353481221333 1214.5756697116276
25.315425078201503 1977.740621628014 814.4203082053288
1684.4011972075787 821.6157791279444 1452.4350866523118
1944.1697339304194 340.5376113014986 148.0476706573301
1226.971784937662 1710.5203307514412 281.4630520450606
1869.9490849207343 1591.7182388267029 1342.116616582364
1654.065485210588 66.67544938241532 239.06824828807527
876.9441394949744 1876.6733108326473 467.1344190717519
1822.7106460444554 1798.6038318660126 480.6884234476771
792.4403959307571 846.2512089202767 563.6978862901098
1928.7167882220526 1977.2563665367923 601.982363099281
549.2152017895695 561.1656834377676 365.63510707324735
1925.037850619598 130.41062407774385 1275.217224361851
1323.1172517396458 1183.25364893762 32.36623978987679
825.4436584295989 1722.9082223085295 1198.7627233258968
1037.728002586906 1023.3460559963783 80.91551659926172
1235.5518823729963 139.7596757751638 146.7967479365861
1978.1682502103738 781.8474128541593 648.5726337858664
1367.9609225196807 1667.474836175316 543.0341260539174
1696.7707027102583 1348.2891984898993 1421.866446174761
760.2090910559197 1365.0885403193768 1471.8178380549518
87.71540187017402 977.8721315953496 835.6382818482361
1390.553093616378 1448.1154310884403 245.85617819604215
1658.5351780058656 457.2580684067622 267.500018439193
611.5085994625491 237.8007785585974 51.34188379021326
853.8382000330718 1297.9931903448346 682.6248329884498
1008.1310889148365 263.7826896308755 1110.837479501664
995.4283950611824 1523.1886566612882 1220.2623685390188
1578.768455631829 275.3035592877482 104.50058396053258
1791.576888322789 1650.2488087966337 123.4338612332031
1368.7242300507935 1835.43815580388 475.19070930515
888.4788899295097 1827.5697395825873 653.5784960842777
173.07447584451486 80.39876182183647 395.8015166944276
1484.234562529517 152.27432782710147 359.01364007657264
1722.433360421107 1332.5489264130138 219.5097750215382
788.2197667086613 1125.1940067115831 1333.4170706744715
1176.8803170292754 1584.699508078029 90.63645682603588
187.9286905092541 513.1870214226717 224.00858649536985
1806.548623561372 1344.1172506700248 377.01137932738646
1984.3654104694779 759.3544568340247 1352.604234277218
1949.2420938977684 1740.069691243751 172.56164930919527
581.9588927643871 1925.9986880460924 975.3006128477117
1523.0332780202136 573.6574746718945 1101.3701297784175
64.31939460267921 1931.179771068788 451.0503787862415
242.84022867157896 1943.01673906266 290.5919467339912
1802.8377266425075 1536.4043321267811 1391.8435145642818
645.0807616663953 109.8972380641281 863.4771183475266
594.2707200332202 727.8494794871473 1015.855395166329
767.3720478951523 1447.8577013411953 291.77360674885824
581.2191466402796 514.8407859456398 115.43144289151475
584.8209862294423 542.3208358104313 1209.5395803717317
82.20546974933795 1374.681268571767 435.5317819412063
243.06528527538563 632.313650952661 2.7207479209824803
866.3872243694564 999.512458826811 189.2057248644693
94.60253525913664 690.7056222982864 1053.08927902295
1854.4162557643303 460.5098858285281 194.18708285402292
1316.671388253851 1403.844165361478 492.1111529035724
636.0384448274121 962.8689479999506 106.80629381551232
489.52708437966 930.3571113028388 952.6277479034561
639.4525930789754 1903.0551175460637 212.42866155452484
1387.8333919322044 198.6794555365319 1204.6803642027724
1158.753304218347 1805.768383823569 522.0101715980962
1631.0840271465202 1749.529285213274 107.52615856279068
1091.7233735879865 1417.589085608014 658.5611268938121
1772.029924185334 79.3296957048224 219.6062115806543
1265.5406214042198 892.5561619048455 858.1925024617302
133.43361612691206 461.186376073687 1273.6014444238697
1761.2805337873103 821.1898112594174 910.6197244829623
758.4471042826347 1658.2112540340095 1240.8105746432902
192.7026571708481 656.7257864650143 250.46740066104078
1545.137792489755 1224.4047575425136 803.4189029128349
864.451199772021 666.1865244725724 637.609423413754
1601.6421365247993 1055.6370021959374 1431.4507222763789
1412.348678501573 98.65205496551121 619.5305084798621
47.83311625965059 898.642527508531 1495.879403461748
1561.0737676367771 7.304960006039529 1052.351482949877
124.63243135430125 1392.6601217102082 123.75672318069286
869.9387512676553 1218.2632753514915 192.53624546282123
251.6025923720986 45.19623901168579 1449.160041039457
649.1259680123078 180.53915999102753 1477.254514787173
401.2140567732039 1383.7097494062734 630.4144324204676
637.8798192639139 1240.9521027282983 815.5641590022279
1168.404164913878 1338.017937021064 672.0478983291106
736.6086144690939 1502.6273193939285 797.7718017017542
1562.7320438168128 491.42187462686326 1348.7790829083042
118.05787404459988 1521.3042038864837 600.8277511678466
1390.5215993335412 724.1221064317365 1204.099671380416
1472.188527547632 466.0919109131014 676.3312201971225
646.4941102318635 1466.7160754017698 7.385634433192734
467.319834131086 1988.358000004549 1047.852215706058
529.0217724581998 844.9182819208474 1376.3210339461975
125.56995917985914 478.06286313119097 622.1220003901196
710.0050108814522 1593.623382610486 1441.690944047678
1980.3335815313756 1397.2292950574538 1428.0667358221338
1389.3757364809455 822.4792294123997 1362.5153017964462
30.6501868557707 663.2101675977344 351.81870721597403
573.5423853706394 730.7391326613746 179.74808146360144
1740.3767258470386 1051.3635704434741 829.513736341892
852.8685109615042 815.4339050390893 514.2837072567158
1712.1169969984073 1814.5048622606532 854.0792544017621
1058.7245273250874 805.7444930387703 231.9232850045378
1120.8881522700133 1628.1087520049332 1171.8792055784372
1231.7776844493428 1810.78239777082 88.91766056061113
1696.3420864082138 983.692910529532 683.7951384408602
1881.4000702214119 1838.1951491391567 676.8700952298302
1211.1344536854904 19.623684823534937 284.3839719170043
1842.7760532817465 164.698950203765 108.175593694051
978.81211338291 861.2448230562042 995.8240832871446
1018.5030172736862 587.5749753559965 154.75432838301145
589.1454101504246 32.89099610428492 1477.410074812136
480.99104054068806 1960.5414506056588 1207.4997432524794
767.1521048737542 36.466556484899606 1289.3090396938185
468.43407701984387 1989.0810675496275 416.62467937099825
1318.605189346784 531.3008078524106 1112.423269612797
775.755669166013 45.5500179417061 888.8491484279734
1102.859286639767 1341.8440425874876 1220.9068678169451
1110.1091271109824 149.84875534766906 1138.589042479233
1364.8304388479082 1878.2540395497258 824.6184998128654
947.3477466020663 1997.8278140554255 1048.1441541387026
1509.3546017576166 1891.2503378356482 661.3993643183295
685.4095186889413 969.543691910417 646.9563834251402
1454.9263456236179 203.84387359992905 1242.2987863237538
1375.971415145306 473.55151426201434 364.0932858291619
325.15363067736234 638.2192775939745 1289.0146855813923
1510.156334781445 1638.0872997592162 179.0768490935897
1831.2524379536312 1059.0922949359738 1432.7657731029922
867.1733257984806 250.1157979080031 852.0748602972589
503.27811061900366 1218.1073463609405 147.36018211548085
938.2943641170616 1031.3492837755618 414.6891397844148
1036.8095691776698 1031.9941352515784 779.685087617935
1572.9145999560715 399.54461325635646 193.00486021289055
678.5070427771504 1099.4604333182776 856.1011649147551
0.7707493937338938 1256.4078914219172 842.5347400044143
996.2605639947777 1778.908602261879 310.56309269719065
1555.2304158908737 1318.4481843629237 9.360870290487377
1531.0936579223944 244.5496598417074 1355.9362071162705
395.23058952155463 718.7803669704693 1440.7524846958256
815.8786990870373 463.62717046264714 578.8726137999736
296.47842593979476 1445.9850691662969 594.0761158760951
925.2942378883824 975.625982133013 966.1074897764307
233.9276105014465 155.09083062192875 895.9397655771079
1390.83549668713 1394.1676819811544 802.0128600054832
1296.7078497115976 1855.1470636698364 695.1199452582396
715.3127099915187 428.20213112992866 1340.4117405702084
91.22796982047498 1526.52383003687 742.9441620046674
1919.0107455091738 904.9165843751812 188.324934398294
1013.2814388373847 329.75542987963814 605.6622813286724
1029.5614724127347 372.9052992221695 125.16875371824754
1801.456807219213 52.27027573823628 523.6408514927654
1571.8893430702183 1883.1084005353102 595.7305082132873
746.1047445860382 435.9556114614915 969.8798849725127
1566.627125673141 1002.3162992085215 1460.4297740760105
340.89393145422054 265.5321163086459 568.9258516446955
1841.1138287779115 909.7001469090812 1417.2172570260882
962.7656117131925 821.8709876520267 1062.0948577342724
1857.2579108731638 1161.6388154479246 543.3334516596007
142.06521773106283 933.701286961367 141.45571205282647
49.907574459936654 623.6478247259021 558.6823405956698
350.1572525000136 1382.128631149071 1163.6154933382566
675.6777282006257 1608.3213129016592 474.8738894376939
1560.7675135065838 1273.201816998628 985.8780954415081
747.7900593993508 524.3693569850292 489.27880805264977
1373.3897259771322 405.6209240471391 1356.536049350574
1998.9572366991115 1298.1753037991623 159.39426075052276
1918.1351270667078 341.5252454594577 643.6105825781495
322.9082658379694 226.23865301605784 751.6643298602285
1976.68281380468 1238.5570012284927 294.0189747409271
1553.9678663979753 495.8656583582417 912.6150695626893
787.7125596118262 907.8907780545306 998.9424308029933
216.77953466950407 799.2121835968371 15.764765594047548
1669.8619775878988 600.281429373929 1051.8341866548146
1910.8278045094985 1426.3434129336717 117.71287464052038
238.3103493576384 1806.2608813462073 1259.0309407047448
474.09963662388543 984.185312891589 1477.7031707708393
1201.6803862903384 142.71195002978243 450.0130009084592
1119.7230723016844 926.9889102947444 1391.3988195983923
751.5327881198198 1822.7394454499977 641.782950526156
1794.232454520811 1929.993208428487 704.6797971016038
1543.6980504832945 1316.1374428145434 997.1108475387367
188.79690780032777 1600.3332196081356 677.0128457491571
1474.9164534820552 1138.611799150072 1154.7100853424597
1956.1263192063207 1531.4879758334757 30.821102629944086
1833.2496796114367 571.8115847907328 32.481986153991556
1135.477201813695 1483.7522802798694 192.73902347582268
570.4404715986686 1781.8413751955338 824.1949655129159
1512.8611861823076 1370.7572508974572 1102.0382713561578
1875.15142375437 1580.4646957578525 235.91803657370806
1074.2156170927594 401.54283785143207 203.98439388044852
1122.1035081230225 420.00575383229346 982.062771869824
1927.364395234476 228.84784131203696 542.2860744349408
1683.3720749697668 1571.607052376112 1063.2828657941036
998.8848022286834 719.9285771881152 328.6606532976157
1580.5206378623654 1567.1501348195297 1081.4906173563813
729.4898767893135 282.6745056715645 1218.8791038661757
740.7014148507636 636.1333508208846 1360.6371402391026
284.22201737291175 1172.3063591602431 311.20329890704807
1390.3661632868439 1883.9533796700898 824.4312371419552
1181.1711692544725 284.602296446538 765.4560783724082
21.012334828646175 726.3413492304678 11.420117163583377
