300
1774.7552833685127 411.44924141605844 1261.3176374770314
1420.8445567367148 588.6010400133055 812.6506406781042
1306.816606059503 1083.667426640183 1199.1433817813845
108.93105469503928 1387.6797134929775 1419.5305287793608
1869.4334062009266 575.9876101326021 323.425139316328
473.97488055396053 1118.1766347696068 94.51677380886781
1547.1639093584577 227.7716024587344 210.97928133844036
97.40855093257905 1295.9424245077823 1283.9891169407254
1656.693122222876 1522.339199567665 806.4297580145404
1217.0691058479886 682.4661420493377 137.39076525964612
741.269442198697 1529.1448297171703 1078.387037426206
995.4728459549798 307.48167607634144 1362.1351656829193
797.7908372746376 1148.4410536125858 783.5150402009513
1755.0711325328944 195.033526358394 1433.6060167720975
1533.4113670881857 173.95296603668652 524.267877743107
1763.0826288449687 80.03956106976395 1439.5013592047
446.2224026506085 1767.4475955817238 94.68384667129042
1553.3898765553445 1230.894243059704 1422.8106205424583
541.589737637563 1524.755041952565 482.6765064715904
1725.0550952952137 1569.1632406479341 533.9236456792158
482.2056331740623 1779.0027825190234 1188.1958357949861
1973.00919777169 1864.904368233406 375.26462901903943
1128.2353318345015 284.85695791663846 1366.4844335023702
1530.335336423065 1171.116114690412 363.8585387190586
1984.2399343206048 1181.724907409873 281.29681664543136
1788.584957727997 1244.4616832473228 207.6500032034711
295.6714438560635 1960.8797430529542 932.8093005397266
1799.9583621041004 75.33613020164576 396.78621726697787
1842.8431047659378 1640.534961719869 1349.636695831968
93.87179697640491 255.085037770578 1164.197620045001
689.2902597614648 499.95213440884226 608.5438814281289
867.6722680534788 865.8251262763465 434.0310625897049
201.54252407925432 1763.0878050913607 648.3545799453753
1540.6914225048492 652.2969163799451 1488.1455333600445
1611.0490438673196 1279.4534464726091 229.17371602075048
1343.9412054249829 1686.0134419621943 235.02593534540938
1622.6679863940478 762.5561050568899 317.4250743590304
1708.100907506251 434.32616362134536 629.0145041720383
1297.036459513573 994.2237098398725 1103.7788075886265
1892.3843425392154 1568.087019309114 79.37860088984472
1741.4788437758925 668.1913215929895 175.47415922698346
1923.3438870972486 1777.5132163597411 350.8001230776226
1776.2503882295505 287.40373261603213 220.34831739679112
843.1748845543636 1473.6832920434356 185.06849855603508
1517.9175011024593 1573.5791823516513 294.6628159724478
768.76574314921 262.2649470277767 343.0756522716587
471.40850237227517 1056.3437930300527 30.966475300560404
1350.0626950617789 906.928796709636 39.821822977545494
50.21160859605445 1674.5780326074148 968.8457789464771
1331.5913590197767 1783.5128225084575 686.2927038772473
1141.4295141650023 1406.785704417517 451.2619305881129
1443.4068632482342 473.0217455265351 956.1648822520355
853.9176806924114 1703.3751412555278 79.8222560178567
1360.9722430646718 1189.4082615315972 826.245805538332
200.15104610229773 286.2040927287559 181.15167909149505
44.9011168071769 482.27367103451655 1227.0522406610874
369.1549162859027 1922.6688724413398 1425.8274451294096
109.6503353011804 911.96739128804 1491.8688516174234
820.3807195937525 235.8502180003217 291.35969401695223
1066.6858561840008 1771.1401448387232 117.03363051475912
1032.4797177221155 544.4105323021984 1484.7836898704961
12.902460262132376 1797.3796105532492 696.2922615297193
512.5446790663732 1193.3380723371042 1254.6696137804795
238.33198851131488 1729.3306777458288 915.3117315812409
986.4117832082666 231.64169813128765 637.2029966736195
420.8099286800215 305.89988420981126 166.797534569116
142.9969122121235 80.07534565420782 343.9277332304557
1372.7045127658243 35.90721503440864 1086.2028883294317
131.52988244644192 1959.4046448077697 1153.6738425657052
1990.0323811381804 1431.6454769766694 87.69669619667975
1556.94725085838 126.97978417406985 830.4119125759678
770.9062310357594 1745.3751556125173 1.2247963857455746
499.92815362203345 1205.9657270294306 769.7006094663587
1602.7243150782588 1723.0211763729023 104.13245011013983
1340.922180192207 1652.6716363011567 1428.190213407838
0.10695962833340289 1425.0259111658818 641.5496959254681
1211.256007133705 79.91715786244957 161.17211408270944
1115.355329351804 1636.7542365097702 23.059776938715583
1191.6157176758545 1187.7279812154763 1227.7338033360502
1879.9119685430232 88.7765408820278 986.8159928551098
1633.6611005263503 1631.4186760477062 615.6832007903051
229.63439162843423 1331.507527195098 1443.3889472450958
1305.771243186012 1586.951159279257 999.0177785168611
586.0530338976457 1495.6325809474345 1239.8538938437828
1116.4008795129955 66.98716236492518 1156.4661772553413
1786.7285786212015 566.6794982635599 1478.0571152705925
1419.9268996618057 1827.7328287981165 1408.323318484478
68.26199307869985 470.89574762520624 1163.0653216721428
1025.5703479407432 1358.8973280737764 1210.1320015965423
485.79021976868165 455.33891209064194 935.1682166213936
1971.3477021466242 1899.5575901219154 1438.5868129873493
1781.0740203817084 75.01003049815891 869.6497699101992
1025.0447171420878 455.12622404559846 331.751126226069
854.6841377252223 981.4491862056616 460.5686808175166
619.8396348534285 1115.8891214300183 52.3089251330765
1976.642210256514 339.0713069978635 753.456106996881
1347.8398855994105 356.9776864198859 900.9028064248905
1343.4840422864904 601.5576755062023 403.3700166306014
1516.8320611699428 438.08714209147024 1202.3484480510213
1869.078159046461 229.49463059722163 1218.4686043746083
1217.557719348411 399.8453083980478 43.97919851769383
902.3331104909587 285.3083375719554 150.4750871206949
1478.6187170409498 1211.1154342030716 259.7718149579556
600.3775379749205 1921.0077571951615 1331.6490104541292
470.1445874351518 1982.5862009831767 770.4537376246482
1842.6663080657645 1608.2044116869533 153.83219099589195
207.7027222275334 1169.8129189668552 1278.3129733614826
1498.4481344772548 1487.5219683109913 1238.4379402187637
1482.2188254572538 690.7612012163725 1330.903809545127
189.06267949696075 1629.6005254426536 58.329734538535796
877.8558211264991 1987.9043964598254 1467.8873015068853
461.0998518356022 43.911864553795034 410.2836153220049
219.5066680261879 496.85359625119617 687.9372947981426
1411.9130682527468 1705.555603663744 1439.7045466231043
889.3833360418395 1199.6588698752705 1235.6452651861498
1269.6639404865084 922.7104685015535 1419.9419788837458
5.548559191758562 1632.9547046819625 563.7627332379674
1189.1379804725973 730.3829909972142 1018.6582325476013
1145.0160572725176 1722.904808916704 258.90393242127055
912.7304569286616 1248.6477568982657 1266.495608588623
827.0283346495318 237.33062027493855 93.7680290250159
1530.7294331143576 281.8414167503565 1096.0739624173532
1516.3842137964377 332.5305192120942 675.2915391930353
964.4219982243283 1617.8061134855898 73.43811004144001
1815.6682777901226 1742.6065423647551 564.1225051725932
107.28316700854967 1227.1156369332589 851.6137162699295
1712.5619924369742 188.26399835626884 531.0011737777381
1610.6580154529752 709.5400333674049 646.246730330015
241.17874118637195 1529.2141600731707 79.67995324006716
507.98137085424713 1036.241135028589 1313.5546857641737
545.1948064167146 1765.4091181315769 691.2958397594255
691.0106740126733 628.7344292026485 614.614487260259
980.847096478274 1497.4910588453833 817.2751184795311
1625.9462532943592 27.580829070850577 1479.157081425234
1743.569846449179 1191.764959011044 1137.9709513850748
1590.949077004157 232.99893200685884 1082.5422293390636
1964.9044995861545 300.24145802823045 1090.510030221653
674.2903585974507 531.1810453278949 746.7530608758976
929.4133743624565 1894.2664799332642 1487.6748512228887
376.062471390183 838.9728258212739 1212.1144373097534
1128.3999457406087 838.8222204855558 303.23906922125025
1856.3599245873024 288.7954990737147 100.98648216366024
1055.8844206892325 741.3053861565171 73.50907227720788
975.2635242477102 1906.922897161073 1069.7891934382426
1235.3921364117712 249.0241484294553 837.8257914924409
1470.382315122026 1509.3314634065189 811.0489267700135
1441.9728420564502 1599.4311841434082 627.0541280155453
577.836990413066 1879.6185055650535 385.086226112317
1407.4736100838059 1173.485869869247 126.67213624044521
744.5535322368248 1930.95988366776 605.0399617474466
674.4769643030579 1578.4324454517605 1224.1065630876783
1145.9022715605647 862.7554729731495 889.3959481962065
1308.1440524464124 261.79519144662345 268.84985686096525
1216.6749715885526 1058.1478867580367 266.5581372880648
971.4621999024804 317.95953365893536 1073.8796620162154
1225.176740475228 59.580663945068665 695.3546598606941
883.8388821713787 1512.1588707121307 919.6957686886001
426.9339283504694 723.2058113071957 191.34611715435224
340.49214061064026 921.6632907269553 167.72462868222166
644.2003586111014 943.1184353987608 1137.3361207542482
1703.5647557602986 658.0114865904513 568.4417914371736
261.88335033440825 675.6899257706195 1035.1544404399688
554.4766139288362 1230.579705990665 450.1412415450263
603.8164637442225 768.9937445616275 917.1808650583941
1942.4620240165093 1994.9040277802153 458.52951095489277
68.18775179045056 485.18568955810395 666.1574205444305
1967.062767500829 1885.922522219419 1291.7388696745816
1977.5086945874473 1482.4387215085253 523.5375369208414
1578.0913003631767 734.4000167023321 1259.8405083189618
1437.5831192390344 101.76184500895924 59.28485359694818
1087.6457035553613 996.2809338141033 25.531122163283516
240.28956998191586 1502.9734278660806 473.91773996184776
1795.3522864985712 662.6012995422576 509.32296978476626
1438.3213856291286 1190.3791982796813 212.72379522834163
1503.6105642250996 1338.1815768712377 1053.162568588332
1032.3861935777472 1962.3099398194058 1198.6274656854137
680.206306454404 1459.2278974242902 277.6039245164332
164.65673344364728 555.3802835316966 550.1484368932062
1488.5078338640678 636.6271935581533 1435.6923032449965
108.35180988105897 550.8069794077508 341.0245587900367
1263.7133677944598 717.6647426481369 1169.0740543023448
193.20694893646163 29.538363309721703 1462.2726074999152
1889.5273958436467 287.98717793407434 893.6610988247214
874.8365041554333 320.17497651189063 803.3419196621368
1925.760390816477 1293.847712378773 259.44791469433676
1557.5393411322386 800.0921137321519 1365.0987551272763
1416.310132120362 1733.146849427021 1281.1066035437077
1825.9298880023382 1674.678355074741 238.04887615940018
247.90959927897705 184.09204021130043 435.1470119441789
695.9126728826019 580.3218874804177 463.54971069197984
1505.5810911869244 1988.3579206513757 610.0034240894607
294.059045522937 1945.1587713777924 730.1588011150366
374.0842753430824 1523.3482439012269 414.07222411086644
1529.849595156612 1050.8628209862957 1089.368728953029
1561.7816503616714 971.8781704648923 1331.8799078687225
1444.9302996692174 48.48894358643463 419.2159387171767
47.34056047559343 530.5541320032158 1073.1303016299246
1463.9828381749476 779.8993440990854 337.54049778662414
705.5268189264075 1434.143055413973 31.292339998132245
521.240610091511 1518.9066551757526 1308.5068480426655
1890.8478173816766 213.30845773350916 832.9629328174213
557.897132986114 1037.016471867891 720.626084692777
1738.6883123758973 205.41696107418562 552.4887369147035
430.1731323057578 207.77998363823014 859.6127897849799
832.5275450564546 5.075252053918566 725.2945406726544
247.33934445791107 558.4688909446307 393.2257232015866
1117.6406072186287 830.5181395105869 1010.8453059317851
941.5743447219551 1744.755622900052 1054.0414993871525
1923.1203625640915 684.692443723677 77.32191786695437
1939.2891959565143 220.51195623250663 433.4052234064706
35.78391141524584 1594.023568132212 342.2092240442885
175.54438516945424 1743.162427353499 910.1052664165763
398.57201488669847 127.56408837501864 992.6617565267363
1857.8298643882194 613.8780105619887 960.0249795588293
1025.3215574822266 1217.360613625104 23.047101697639516
1733.3100527850918 1249.7955727466879 1409.443452913133
264.82686890745487 453.7190368810267 825.3436014656845
85.9399254673645 1920.5609778144085 1256.220815729813
1774.1000251534792 1914.522031008671 670.6352948006748
615.7255748485362 1631.9860329250055 283.05192238324804
132.5157712127798 1952.7268996945502 804.9480308728066
1842.131199385362 618.8648182616687 1421.0633978401386
1925.1543833002472 884.6237625383453 558.3339329301964
35.152142139352804 427.80330387711007 970.1822386432066
1485.999094809446 898.4078981971519 214.44102420436963
416.16621774129527 892.147844814662 55.85838950357069
1598.7856200917245 1635.8733036081455 1002.4342502393516
1107.8846923159847 549.2241118284593 2.546977220044877
1370.6049331420375 1205.2647691778736 983.6300460511152
1370.0397033213933 408.4816143877263 447.9870646339678
1160.6458994662441 974.0076981137166 883.5651906930881
89.60900051715993 1906.8642688550246 539.8428641412202
1091.5233767941897 155.17941868663422 1342.322006969425
1620.7990199169299 570.5589437723679 934.690139791801
924.1588132254517 86.21545689137888 102.12637160449489
329.6404569447682 622.2810135311141 1190.6754307924987
646.2467743183653 898.420691044958 1153.8897511891084
1453.6610682161147 1309.8110439171305 1343.8516848039428
1889.8844073376388 1550.6957128009767 821.7395384751867
1446.3902267907597 1634.3827861020789 611.8041800274012
473.87281832837937 1935.563551490278 1244.44953425291
1225.2188952713802 540.2328897066477 1410.4123946405462
1048.3467428730069 317.45700885942796 212.39954405202937
1638.4834662730195 1276.3367036100497 1480.038043480765
386.84308967144096 52.28561566190004 938.7471749894146
1449.7623196337097 426.39117442221084 10.632679183585847
316.2877773711732 660.6250702914298 1086.0124434218453
879.9994385399746 31.321272722872884 1045.353706878748
140.28188466254156 490.13680934612603 390.2394049611692
1414.8069237920959 1715.1666518583431 942.1490815881513
1387.0222933224327 947.8805763641069 674.4813862829641
589.5272128220204 417.35410578750054 126.40774960929619
1394.4058029254136 1218.376691924751 1088.2464536489188
366.69983830444886 628.939799815552 592.5703945818991
564.6033530763401 694.9782445521819 133.0171499230237
320.7583702297938 318.15151485916135 986.3965386306023
208.7131486896543 312.5932660621462 1333.54844280466
1485.751325778325 267.8046066391901 513.8146683922664
1826.9678720194252 1536.9749423190342 995.4755711776105
579.4935745040247 1474.0992970069271 19.184253537008033
1718.2401462465023 1511.4087341633012 1288.8658668460625
865.8752927326327 936.6439214811905 357.1562765041019
933.2708497975295 1219.8569295318136 426.94793616209733
391.86642556233943 685.2313904395393 712.1225817308738
1741.103572438965 1169.332583484518 1134.872981531797
721.6706081752516 1974.9092294375457 160.25199392135704
1596.949105764983 153.07224874443358 867.5368892838175
133.78837722180913 1265.8682999120656 1356.1153803351065
1543.931630906619 1466.293297048245 409.9734060398338
970.1152635205154 604.2734878366423 963.3563111835979
1799.3212718813397 1112.1436617392562 528.457475909541
1836.0710882888504 1274.712087505126 777.765034091161
342.57183925008917 929.4545511362744 7.558309747207337
1703.1155993824434 1177.8410981901084 405.6606865378386
49.536097781824 1199.8834655221451 987.0206428595845
1823.147402764671 1663.703002929242 813.6342703013663
1873.8784073340676 535.771957185172 280.7038882580406
1917.1963313443327 518.6718500238245 1115.5704109327507
993.4301195088657 6.831173736599361 615.352983431491
543.1307804422023 841.9303076663393 1164.3641378464893
1952.720627241951 132.66432675534668 583.6846041348509
1640.4646285570059 675.5421496608446 493.85708972453017
997.4764386785573 835.5563136153204 1105.5860427480343
1041.9609986366315 205.300075268696 9.003938410104716
903.6407034445222 249.69650907707197 329.994937330344
716.4197401359254 1346.6005241798916 1045.8779317489013
667.8640137693732 1130.754799407333 1478.5281911738907
557.0550193222084 1653.904759148906 1274.8879791034499
1276.9903870010442 718.2956217312044 128.88603327834375
56.44023626262262 1974.5960438241584 990.6417104734966
1592.505568482684 606.7453554562829 1274.279666016263
801.7302340577519 1379.0145553014113 300.56413951750824
1781.4502455542267 951.8694021179499 143.27202643995085
53.61743596930513 440.8944314024579 788.8289052926156
862.6900432755706 1655.6487542950767 1094.6980170951463
1504.4537385422273 1023.895759956873 598.9322521189254
1171.8275095460192 975.5874624891778 1346.9919447538773
653.0766862828092 79.72800932486467 1143.0115758810782
1821.1933384013585 1522.5875460398522 1424.1194569277134
87.47741280555599 1394.4260728023621 560.7944225361806
