300
1557.6804356988973 373.59347540235086 799.249052146126
1768.0388436978674 760.5496039692059 1022.5543804402839
944.0145551487371 674.9869650196584 978.4822880438489
1863.0047172531524 634.8767310923906 1223.6495683844685
875.0231216572471 636.3668873749806 1454.455080322576
1870.3093953258801 1207.5831407695275 691.9203984203173
1110.7691888841355 1666.2154008089703 966.6961762179743
1945.120425224816 1152.90816575369 55.7086460684279
254.5181905501246 1423.481032989919 694.6590558607544
1932.1254929805775 793.8314381387264 506.0786655525402
1912.7815599015812 570.149227331681 378.013034803149
767.3635486369028 465.83377671543127 1076.4245963517085
427.98108939710255 586.3073335014948 1404.5796694753599
966.3606529683968 147.9624264763193 551.8107014676267
1253.2873492656677 1337.2465826773987 994.2467486758374
396.38244568249957 1244.7061042099351 708.0886757874072
455.82378582402373 1747.8420961655104 1224.9821330728305
1498.0430103356941 1567.2003220474749 914.831248631379
1224.1135899172957 1318.4685216312075 746.4812181337643
675.0268449053756 1434.9258197727534 429.4378483414939
704.4685564571882 1766.1634615348949 985.6602253440761
948.1781441185708 1152.6161070709777 210.01784214365136
797.0263231578358 1124.5708958478842 1082.460395335182
1004.4423530752787 345.83792019295487 1114.1258700379708
894.0269793644959 174.30243339738948 454.45024473866977
1876.1390853652726 1376.7444694810413 1129.5901634649995
544.9377812062737 975.249101120814 985.3451824328558
1723.112268539308 1659.1409162101518 352.99691350680206
395.6074083158092 669.2419304932604 619.9431424962129
110.1702152949704 943.3935694516664 760.1313689229722
506.2772453059068 1877.181175519084 968.1098269376682
127.47275545467018 957.6246246982525 65.9354269352178
156.2536393477858 1082.1819687510329 1301.9426427965952
1417.283550685985 506.94828792048605 1085.3937057504504
1087.7392146709562 1547.2068093999965 1341.2594346954545
1334.0464768127642 361.16654507883794 1219.1417348654093
1801.8405192337082 690.9919629443013 768.5808022791516
406.06217218083816 1919.5598162702358 668.1253313466605
308.3381685409392 503.1763358977972 1038.6790320302089
1281.8035317412953 1012.8898048005235 700.2891690162313
617.4036551985225 893.4712471565136 855.9754991894478
14.842007693181891 882.1911754827232 1372.6982672036781
1671.3877946120776 862.2799547708855 831.4828574786527
1208.644426573886 1741.603978631319 158.67821374996817
532.6471922365996 755.2139404189797 530.0665403448276
1644.2136544571179 693.1090267305628 490.4899778549947
1620.0673834792403 1187.9368283775948 711.1083370092452
10.892499081718077 467.23434218092217 875.4625153507235
1959.5099701484555 1579.7879219439963 384.89716290600285
1750.6704830390636 1670.0104228914374 718.0491810628151
1589.8127291064693 978.8262641335186 1457.4642157666187
1207.8690239247799 402.9450834920143 1255.897248121159
1681.1891693287623 1629.808060036395 170.78343445138998
1723.4717071652524 1883.6885538232527 1064.4754139277613
1005.9548912826033 840.9128838198613 1213.3062101841904
1608.4373398056423 875.6767420918612 877.3502619383588
1038.1496560876628 1870.0095994312862 995.7673299330132
1121.638796836839 682.8677471873494 773.3851112012578
1089.099057842849 1661.6110643588643 1371.302691110399
744.0673492884966 18.562831950726498 252.95149701139147
102.14086235170284 122.33438977285704 414.4053232870155
429.01070981494536 109.00286657782488 986.1222478995612
180.30425007439476 1394.2841192053847 229.52588062807584
1430.530931390292 1144.1410501342277 29.88916106238626
1494.7124540889672 1886.6614608704103 1327.0816409605977
793.7903222543225 709.0331805290124 467.851471805646
876.8831674436477 1448.7234464122334 965.5811487967245
957.3908839781813 1898.1230019742552 176.2389228685012
1899.4379207203835 80.09736593233163 962.3781683832843
1311.2419610438883 1444.9392112146672 293.913971560529
1877.2456264735447 232.64139742536005 95.38365988381969
44.73993578661006 955.4608379328469 460.1332022233714
1025.2589183047055 831.7303789229011 463.880196750254
1728.9280216296208 1649.3173547089348 278.7409450071614
88.93599612682502 1852.0035900309647 187.94377126471574
16.53711894879706 520.4210505168154 873.475782942998
1027.6179567047238 1295.2448137213992 524.7702302289798
1095.8139849088122 61.19211266433311 1459.8750508691207
1457.2657781264006 45.49233654207852 1031.03262114588
393.8069052206199 461.63427816787686 435.37529912348464
1018.2056446183916 626.6153860741844 946.0923534882395
1961.7502160480565 1230.0500387971335 214.16898612707473
1403.434572221703 1951.5927495999738 1447.7774441760157
295.36215342523553 1442.5349160652377 1445.0971871584866
185.51543357237853 1308.1927828427322 1280.4048990677522
507.9994436977864 1512.1182069700342 939.6157005283184
1100.6498529022097 1940.282848463738 995.0794421205791
12.392045055205303 1708.5105076284483 188.96435731050047
958.301584640598 206.3186952965379 994.9729534430834
738.1479334193073 1339.7643995305623 665.026901859045
493.89931733199364 1326.36717517961 305.57148218549764
1435.4443447455158 1809.7518282849835 1496.585718654919
1563.4421662871325 293.6738429050034 1025.3669706614232
885.1345670965813 1609.026491628101 524.7359618822991
1653.730060133963 337.6245298585789 1368.5269909613774
1405.5401253460107 1164.4606796589417 254.12118625378383
1271.3280389275353 1661.5942295431068 1113.6085626067745
738.2450945485671 387.6542723805592 550.246839759366
389.4742505448985 1851.7215931459575 1088.2633178991616
1558.3177705714527 1522.203061553068 1127.991723042124
1241.0903864930133 1846.370252100075 1315.6313114487548
1414.8869741794028 144.0467803670118 1028.3875604180919
191.98827926498296 1081.7026053921843 580.9153407484598
1108.1556530345563 1520.2302815869105 24.005478390855483
618.2115522992859 20.318230155514037 1483.6656278590328
1969.7928562522086 436.71993651763665 605.9546024157106
262.45021078728234 1228.3262270833638 1368.960615056309
277.14252066695377 1084.0041216862467 10.15539812031946
1015.3213698747923 1431.911520062245 139.5036210221101
1289.3772698464463 1932.811181337698 1184.2518818751232
1901.993843759919 702.2610331353362 743.7069014430215
946.7057549245058 915.5059334604057 838.0068954498149
1139.8457060426156 1853.839000119201 1174.233568896118
1266.1393942522786 61.62775298737033 260.1238367253084
1816.686989101724 1529.8853226051292 1203.6336238873205
1112.4922038459868 1488.5867754306169 380.06401098700485
1980.2757246590054 942.6969382907678 338.5196920925871
58.480668300489256 1632.579761592558 561.5034611725563
508.86656932810337 1539.9440738609155 714.0317263534672
707.2333807089286 1444.5297368738638 698.3482669483955
1095.7747841882856 439.151411196411 339.9305342362693
1165.6729397880777 609.8328881118715 1055.244446550466
694.2849665691786 436.27288894130146 701.7535075561672
608.8264643775672 1536.7305115303413 786.8288465420245
1253.307145230292 688.8039126392594 803.2742774116316
1921.3357411703844 1285.7750964700074 412.90974756670295
1804.9687882630838 1051.0534016162394 1264.3746470494855
1265.2013078161365 1554.5555603343182 336.111608592767
1477.5976592963616 542.0950958119026 533.7496751013178
1195.8221838906572 1745.2683446843942 1292.2170881088184
1275.602661192556 731.0053597397201 32.370437997926494
1100.3743475654035 1633.0687943446896 1430.6924831112883
1509.0755275500742 1751.6845338820924 153.68289384995026
28.30812935202087 1759.0003617323637 333.55991769032454
1891.9602809799196 755.5819598810481 459.1864401253123
1487.2175635729197 1699.1864564339396 308.1678258309169
917.2967285456659 1992.5668970589475 1232.9456257207792
1639.8291299000266 936.373531551695 121.60037027909681
956.8027659737388 841.9394092179775 581.3762701319539
1069.975527577796 1827.671921148336 1136.8128352019203
692.1565495283654 1284.7528758922342 1265.517351159285
771.6535733610324 1245.0036320413312 1386.311989566637
1214.8963856008652 1793.7264631732005 432.2607017011613
557.9980750546698 1714.4977434907819 1399.7364048725776
554.1912086431112 107.6715780731643 52.10376738810507
1771.4643901688848 33.054746638432555 999.0896938927555
1451.8469123652585 1602.6779275688696 991.4069742693786
635.6186837265501 25.798338808237233 1039.674556823958
1680.2817988001054 865.0785913336647 1037.5887540580377
1248.280633836698 1166.3534999482604 1374.3052703170465
26.82378958581055 1483.6622661624483 490.33677010321037
1064.566618810673 57.8052196771528 887.657333740971
430.79536508756 791.5671127919342 1397.6893932716807
98.75778339619568 1502.6430164256478 1143.5779210394924
1403.1260616462614 617.6327634249133 159.8162748126744
870.7957761731773 699.6094903314882 454.02737771280425
1649.0433548472556 516.5635845856011 771.9061261422679
304.2682457150991 1127.1937523489948 776.9295321969065
321.54275863367457 52.06779228698433 280.5531046703324
1932.812338647626 1334.01389122492 666.0340815359884
618.4785020793848 1624.478032640049 1032.8272377229305
1106.8188727585034 962.3614542881683 1291.6865974686293
651.391333530968 994.9765311339834 367.0014257473306
1669.8251739741575 199.03548209015787 1217.9913666957318
136.57493776242436 39.209256870339274 1471.213503098512
1572.7712682394763 891.2486539941023 629.7174072710783
1845.2201028943537 1236.1164941151042 591.5571459236471
1338.1646804949398 1803.7726464727475 1464.5641581784892
1365.7721078180098 1423.1456129179728 723.9846350848159
388.3146444368577 1871.5222063330789 988.2824804884657
1348.5798889448085 1790.182394452017 577.7752792918118
1036.9664152656844 676.2351619144904 1492.8623853622753
522.4645922170985 1663.260491564997 1301.4928848445281
1858.813411036834 1772.0857090003847 945.5282776400846
889.0263200998918 1318.341902050735 519.2230827671957
1065.3970162492421 1546.0668590484156 736.7200534348738
231.1052578363002 184.24902907934194 1384.0295383445882
763.7885718435205 870.6035971414296 147.87412413436934
14.29600539076592 1079.493355570648 1201.5255827622161
374.33144232889083 1183.8697478903116 824.0632432882545
1960.0777232599976 32.57901383683648 1403.4911854266443
979.8583599339021 1516.5923877951257 1442.1666630625907
1880.6668063097284 776.0011019848745 1422.9896169831393
165.95931302383326 339.4462142551169 1062.9301679674056
900.5911259559826 1120.5118902998809 62.29574326050857
1028.9007890590638 899.9382441012731 570.1976001898837
1717.5717392440586 1894.8141042356613 1408.0505309346947
553.8337920034166 1254.109598230508 367.58632570418746
29.607464710704523 195.82526528125422 1194.1861556668728
1941.3540434183328 1819.6270139133003 818.981077282057
361.183379425162 211.58857259858377 944.0230208987359
408.68350192759783 623.2927351035282 533.7169958371278
376.37773346909944 1836.9118221878691 151.21548545720836
1835.151223075924 1010.6173386577792 1496.08457889697
242.41647384338117 296.56648032126174 568.355195522519
328.51505464335105 340.0735191144386 967.4665749961055
690.2493771811191 167.81279995009334 1304.5172873408878
1897.9538261225796 1326.671621188907 494.29183317646925
1375.7618156634521 454.302281037207 556.5390421295366
719.0858027730185 1080.6699487019382 794.9531058070485
545.0032587660534 1194.7855215516793 46.39431864006388
1114.6538064569893 1553.4893755678306 65.6345027705737
903.3732236112108 1821.0993394394895 1168.4142133328237
1646.1241987470842 1552.3111514014477 818.6027914823809
1428.1625980198833 1854.9735258744322 634.2252269793486
1968.9232568835969 472.0697774607754 1176.8496754368487
684.2995794703814 1872.2660567604592 1141.6651272278436
864.9120188611015 718.4220767925027 456.7354132747681
1423.1577638573133 1374.690887388681 1446.8865072587218
273.34364455842694 1618.0351737583655 320.5698205118774
542.6639883868212 1263.2439310959646 42.946947650209346
1419.1168272673883 400.966266237911 556.8883799493946
736.710969782615 304.59639511163925 26.10529665256417
64.81397343729145 1955.4662137481682 1283.0722136134216
1671.4749488288371 152.49742447186532 817.6024512430807
244.8363619587266 931.9643094260355 1008.0983128918507
51.82937735617155 1969.605964577588 100.87291233761658
1687.104780607928 967.4501390303507 595.7753963839888
1767.438854584063 48.78835709445295 911.4126258428664
238.74114843829818 653.471781859774 884.4870365503681
1431.5293890730475 1493.7978768770577 560.98068213933
791.7927281803998 1133.7443975797257 135.34619857804137
88.51809372448893 890.4981857928055 1148.476224884983
1037.4452722111762 1016.7381105254348 1037.268532362629
1400.7431463883563 1064.8631420473832 1206.797980707143
44.025824488024945 1397.4070803804402 1498.9527215773462
1950.8008880198438 1152.0255260417566 870.1150983104536
145.30359006137306 772.1675437184325 0.9677161969255388
866.8658617939784 934.5965490845687 591.9741900318526
764.4990353456083 137.55565730875907 236.4273448097708
1253.640813254825 919.082274579517 40.41523865743829
1521.710713883952 221.84478805174933 860.0937159333861
1889.6057718001136 187.1317191488715 125.41610253050517
53.54397785342879 1939.7651384007866 871.3018938491393
811.4799933450654 1136.9076633080015 180.65032624687362
1525.9173790643472 1751.562773618733 99.22655574088685
589.3008607395602 663.8475094607952 387.35045188007166
124.75212731053831 113.04328959847321 32.469937360209535
1964.1739899602617 586.604634161668 490.69226995749
1466.9296295484442 74.81430704315217 1071.349008263949
626.1131215172621 1514.928810162111 1453.0728751636993
622.324662541851 1971.6979372392072 1480.628269520143
1929.8526691989562 1815.240863731874 1458.0400035335124
1373.2367865054964 466.322206274439 55.88370498330586
693.0945906466263 1916.9476762732954 376.6634701591489
1724.45212238779 441.1076856534677 390.7884666819377
1654.5920197132116 1149.7473361327209 838.6009010449445
1960.6536139256546 1677.8782552594305 389.98107254859815
1842.006981500973 847.2285036406357 1425.7457057482084
126.15805206712794 789.266432551333 912.9684270449285
1319.4242339514258 1678.9018916400469 403.8992306556081
900.6613324361266 192.3029244971921 888.473516092964
1077.9231440434328 1864.886465541013 1307.7918637979021
1731.5262633033776 1487.9373619560874 29.81062307689786
324.48497047895455 1683.9928021613882 1307.5806105513466
156.86023679485396 287.97976275379324 895.434345912964
1247.053128205572 1159.887014471167 242.3929222262627
439.80206602577397 1626.622777436704 1015.3619921332208
1296.963766534575 295.03796833307547 281.87304113080575
1400.2728778040553 1876.0088968139426 666.642943289438
1333.4235061879228 1858.4803393070422 1406.7470047657418
1591.314838821427 1240.7256637680473 487.97880649420057
1024.201680391742 1026.509044741003 953.6237096986205
317.7883964247368 835.5060100800305 1142.0811228077587
796.8703712567997 1742.0702860811061 213.47453224688155
1368.2027098213978 1399.915969021214 805.4356952007579
803.1897845916918 1964.7884279029113 1169.0182172073614
386.43042814181695 1487.6623765318118 269.3566587305411
995.0084250758126 1772.3968431018532 347.7000826399591
1275.269167466391 1588.2616676401574 542.8624710118169
932.8570447635076 144.53243455884302 770.8694032344687
796.6329243472999 629.5187516529552 787.7443415278067
1143.8390177316462 648.5448934197988 159.3400929635479
373.542153894636 1127.9041589073527 664.6016069543274
1778.496772420288 414.6093710713965 1089.5923003403418
392.4022361360522 220.45268864951174 376.83864252863424
734.7452812570411 365.4802283390539 393.42259180240114
1841.7767742038623 837.053027187137 85.20314240142352
900.7760648473693 1136.1478520471785 887.6707512910601
1094.6445382892384 1427.9006117494669 1137.5880910559304
1593.7223047437428 1060.808403200922 130.00996006062593
965.0185562975921 1988.4520620191677 555.92868674923
1504.2326720854444 194.9207762414644 10.433277177884948
1836.5305229677704 1040.0867773000975 1323.0282148916692
1380.6223475491056 201.95580969164428 1438.199151367022
790.0817620855238 1276.4720446125134 1362.2251990423447
1919.793666249986 1173.8795038877481 905.343674524633
1879.953980705913 21.282562507987546 1238.2124422347308
685.4085207901284 716.5462914639187 655.3032255085475
234.82759421600318 1140.4276800812859 647.2942887497804
176.4644610782453 209.69867902934158 125.78215877385168
0.5934028728629137 1561.8111636550843 150.64733933557378
153.8251350222868 920.7461937248121 1350.5301296824525
1650.8642844267167 714.0223420572205 1050.0785185543775
565.1233441678559 836.7228694286961 1018.9929492038456
853.1235544768263 248.00935811446956 4.618002764730955
1209.7370740427123 149.03374404450597 267.37505032987116
1051.7818865967247 277.40850775780126 223.21736512627584
1557.7466841822309 309.5541099803769 1251.502522586812
1342.04887951198 1846.9263313777244 1464.756641612135
