300
254.70174872997387 1415.929229294407 994.6524368750199
1561.8009357674875 1713.9040940532968 72.49587931764451
525.796736686098 10.263124562670534 940.4466086023531
152.71908769514386 1264.2381618965437 1155.6552228176004
1214.4119299466067 605.4587934790474 1286.453813188638
259.9926639826442 1544.756358786609 1384.0252054009113
1219.554778081932 912.0682010956689 511.60985488360427
699.5165397778283 1429.8783887083787 1196.6943366206149
998.9064838560431 1823.6313421989023 97.91697844381775
137.60302153266113 1092.5394243940386 584.2699836279008
1768.569998078736 809.3333345014639 476.8383215869465
645.039567245167 108.57193729506065 608.2695621529276
917.0135868500369 1470.9569594732507 501.12101308277704
1433.1394122100726 610.3557348107802 876.1015981564769
946.5914274128113 878.1683722826183 348.40516067465353
9.325000974796271 1589.74284895619 312.45688716724374
719.5709517930031 1735.1102905314635 506.9078378878267
118.17764835566291 561.8533131718671 808.0553181022657
1204.6205489769927 1332.2940681350206 1330.8511293641661
1757.1439357534168 1284.5590121012444 1332.2040704946824
1935.9164397687534 1079.617362674618 1132.8047252887025
1602.748215968044 1974.3740114675463 634.2244392626424
1802.1747971645445 1785.23771069319 378.52229836561725
1014.5355075833793 457.8873752356216 995.4551628758596
1106.668282450825 9.84554010409222 188.71810058473642
578.1460069318309 1119.2937917901854 75.14257749986952
828.9226986327205 218.12028720464437 861.5781667443421
678.8025038921242 26.869237387878275 413.4506404235734
964.8384782565058 239.87315517520335 460.10344489155545
432.53234919917617 989.5860078812913 873.1090863871285
794.2437782802143 589.5320612320587 804.8019234238676
432.87980921538895 824.9345812308337 1408.2020376836963
1334.8684603638412 1009.7494780412961 1274.2203285280602
1348.948613089112 1188.7397002801663 700.2425799589154
450.1445853422117 232.47009942483143 317.0657386172507
622.0619737748355 1431.9511200955515 410.7024136163332
224.69991305164405 768.8445905129697 1038.3458727001253
1025.1753381871586 972.7601196801598 1371.3056359009204
948.2610075844647 792.2977278879818 957.6399960435241
88.92622963950481 401.12904050361584 413.11809183634085
475.61373510719386 1513.6839608921414 1320.318660921361
637.5408758945978 1370.22140819101 354.64328172121776
1866.7893075480317 1994.0294954106025 876.482261630255
778.585363296118 1446.9880156823274 918.2113772174692
1014.0955198588277 1555.9229132489313 1156.5904016841675
427.2743626129598 974.7764050392171 1177.061916852936
588.1922344680728 1213.5998308481314 1119.002956788111
1699.98889734821 1682.3066416671916 465.71735039911476
390.8159604285668 1751.298154518993 1398.6782668205742
889.0943324996565 466.4374404369755 247.97966467507072
1305.9869618096589 1790.6929833466781 1298.1869418814304
901.60784536916 1740.9242724816436 926.0149292906926
331.2508100452978 765.9314504824168 640.5164689125766
1682.310006725346 609.8118829511614 87.59270030142258
680.6570705776846 1307.401950782068 1204.323947504871
822.5604258318988 1301.2518917400278 213.26572230563724
1267.228179998422 1213.417657389572 1452.5056484720203
1253.8840127079295 1252.8043995863156 263.46925779142964
1057.5003079314884 1344.7479838386546 1037.5566089334159
1173.5529866587624 1776.9036249953303 671.9607693026331
1878.3496696331026 695.4302489370212 1479.0714666005968
1170.9502540537314 633.679714286679 908.4844861265354
1994.5126223543705 450.3168410568752 497.2582836991343
792.7063431445615 1011.643194451628 916.1209990878233
661.492085536356 764.78784402833 752.7837545106636
550.228915119249 1634.513558156211 270.6247251641484
1280.391465236579 1526.2433112504395 363.47137803816383
695.7234886426849 240.64964383116583 1121.8580139946728
169.7399714460599 1823.1494566321373 1067.3842548129055
817.2487357503757 1648.6786966734321 89.47657570227314
1468.0568188163393 1223.0401065511262 378.7267715097823
1270.280868643754 1592.455238882406 233.01757323887406
1011.9276398583186 1731.7025983798515 565.5993412579304
1109.0935150951423 1506.6747940959951 408.1358795697023
1167.9008347584527 998.943842874098 842.7635106107443
559.1685341340125 843.1075969436595 508.9732140593798
203.3070797100882 461.03960543876485 1199.601930809563
1537.4885334565317 1242.51729763339 495.56655497330024
783.5864284595692 474.6727537926154 1382.2777969157978
1089.3116476240264 492.50529055052607 180.37904376278908
1711.0745684975602 1638.267620896227 999.7687452713313
267.24843444610815 348.97634778860254 34.90098137932546
635.3052935360695 1470.2149859254978 845.5174626750486
1753.9857662598665 762.0062237654658 1260.674869340221
416.678945474249 1219.6561875928905 359.2878722774782
221.36931952886485 1766.6740902940553 818.852786123635
343.73258371177593 123.71475488108486 317.6966826968716
1760.820537849966 809.9339529324585 181.27429098259938
938.6236595411417 1167.1179217730487 971.489131540687
449.21028026624634 833.5829706240718 965.4698770861766
657.5409723210555 965.4565459556901 1433.1169728738098
124.9866066196823 1035.0889452161482 834.3774884144266
137.40582443681438 1078.6205279035953 176.3106158428768
192.84437908100017 1706.9258653634677 732.9486667537597
1063.0724470555383 1075.3758490345335 579.8434453983949
550.623871615183 13.83400351075914 1031.5539172525378
342.332827440393 1660.5269641077568 925.3664959614226
535.4786965627632 484.03472378964227 1180.9953529801971
852.8130221319099 1160.0770619352447 95.05193943210428
666.3296086437756 1545.092993437865 433.28420518690666
25.48545881419173 1446.4247842832287 1335.3820746475328
734.7702317418278 567.6422364157813 1410.5186529335565
130.79235035983095 467.79552846051087 906.7958685074403
1979.9584195017796 282.1958631914736 488.7032192583004
1823.4240917408144 782.2328339631639 1079.442404596291
1068.4966698553792 1893.0699306623462 974.4934459495331
418.387644846814 1170.7309513450332 1251.4701562684695
465.6771660726329 543.7113379560706 514.7215782158518
1735.5530373370127 1897.137486042539 683.3931968221397
1189.4041861112696 1350.922616504304 1468.453714513381
672.1714377873262 1958.7159412905764 560.5720418806358
1704.5617390222817 182.49574804675905 1310.7843324689716
335.2453520989942 1423.7803989078704 1076.3730633443406
941.0132672789881 580.5063979638168 887.9786617086904
136.02413974218285 452.0019120263938 1261.6616530498293
1520.1986130773448 1384.0135002014117 1173.7333306226049
39.74611483747093 460.84055252374156 88.53611934845873
11.056851381462174 1954.039946296894 1389.205913898228
379.1546026612176 176.79767350156374 285.1481474242293
1059.9707522129743 437.1987824562598 431.8204921802368
474.6659596289058 1519.9192832476842 1161.0059067285772
1236.349912354635 74.83765376259832 498.66969581945574
1465.5520247447182 56.062138982044374 792.9445692181787
783.9666033903266 1356.6539895233539 1447.649639533484
626.337858394306 955.751282606853 1325.5628676577937
798.3715522598258 1276.5597358840107 858.2891596094297
253.38870026796155 90.8376372212929 385.4784538948372
1206.0519147904145 1615.523570218195 1011.9881619668877
1285.9631488285552 987.4995249002991 1129.2685767929968
835.6846346609994 734.3696735313556 85.08221575029856
1925.832150020407 151.7555891620106 1309.3946007168497
1339.3950260746694 1714.2468081647257 1469.0437074213712
1249.194447397019 1317.642874589734 1494.225102957387
1594.6545828239232 1756.863826159122 961.970570265662
169.14221681798503 1570.0833984336386 1489.375959378752
474.4879645052935 1209.5010637072933 948.5952834378916
1349.1089588221744 1055.557831244787 471.6381565148121
268.1555423999438 1679.0311358715592 406.5297362661361
1050.6978988021285 1313.2565121134724 523.7757634097026
1281.3690948148685 462.54313925467306 1215.465111223603
1828.4939961634477 38.110598670503926 158.945942820827
1570.658461063535 569.6914407251319 649.9165086721332
1059.8985844176184 616.9091271020468 162.18265107457137
1316.5171278865328 363.8361186606154 740.5401321353797
882.5600581469956 1061.103950387264 1151.6638282554338
1944.9534545443064 37.81818102679635 1453.104946848819
1169.3929387169424 1842.1406387919205 409.781128286428
525.6286829160326 1842.518229259996 623.0649261041648
541.1095340105019 1693.848940408848 1161.5030713334893
646.1980730374015 1465.301544218531 1121.0000455216284
668.2545145273549 800.6221332932197 431.03304694967073
419.9078688135409 1214.1904817633915 520.7940948973763
929.3631867772139 1012.1642218736249 436.0093087348211
1135.642224978552 60.34326641668364 757.3501658237246
1533.3751236295595 227.6545527971503 578.1084218639674
1900.8990312999379 1353.395400779465 1060.3614376743285
1399.9232186109718 587.7979071883939 559.4192084427918
430.13827985390105 1307.8940543316671 772.9543913350392
1580.2280732280894 1876.458068844615 603.5344128708155
1941.6903291227359 1653.1029651958738 899.3536511888971
1385.4812648021475 294.985609892972 75.1800817646025
961.4659155186671 836.2222817696434 387.2025540102015
146.5275849822556 512.9039733509316 252.4466490253624
1706.2697435596774 1258.2391035675137 203.37951890366617
1260.035660752289 678.4340619927954 1357.2891241796544
105.35465731929428 513.7424800312453 173.92179888685678
149.94881455161058 447.6385988567371 1188.771412001536
620.2587662671301 559.497853812299 262.663535771559
1509.5645439131183 1240.1836440424743 1055.2441382795298
851.6826038471559 23.555398417292484 135.7448703204091
861.2587718901897 1120.3179643835317 1101.2817874274788
788.3851341703654 1539.3632052008168 525.5156982889515
1441.9213314913413 744.1480636107442 61.473102549094996
1330.320610376858 1973.9685439320135 338.6123589601325
1086.6036545627437 952.0754923182158 492.6360083820082
1020.8930349161733 160.12619662939142 783.1344582018808
358.32479139538265 622.6716155405953 399.3945225539639
1099.2735447198077 910.1822099617252 991.6063077259843
1563.2945966189786 1538.6166447166179 811.8689371909483
1502.895519751421 226.07528561841028 449.7795758341525
130.02935131550907 1137.907855197667 1194.0292168449414
213.2089300405695 103.86059773875056 448.4815257011339
86.80633985598973 1976.7229195276543 1398.1268288854342
1252.4361829423228 894.4754015011722 40.581835705588766
1955.1399991931023 995.5166346285522 696.422684748381
490.1543194227591 1844.7537851311397 695.801682207163
1433.4397734999602 1317.9625487365565 1030.6765553718683
10.842023911199483 587.1137917533347 1077.273439983659
643.5936909686113 428.6565663775299 262.9175102165754
529.6215286108857 1687.1596612992134 1491.7698406006764
1449.6202185707205 1936.7555512918225 370.8417004018544
748.7195446731027 105.71123867924426 1278.1011964322224
652.9870784400985 312.12972496204895 1356.1663222701259
1585.4977070774955 1143.2290799393747 1327.807755238604
275.7160106219168 1840.0031346431906 1417.6334048796414
71.93246711559631 415.8098460768287 58.32148889275046
21.02314291933105 1097.1389032231132 498.52506221072747
1655.8821990497045 1231.8211353359643 772.3572507916973
68.34172525783467 1900.812181598871 27.93564937455012
299.8583629044271 280.9201191755677 995.6951380228319
1663.6042251952854 1003.6825340092628 398.42868757081663
173.7879796252677 556.0342066448214 519.1587584348404
768.2148323682846 1367.2636925571612 400.6922827092051
104.34470676585717 612.8676419280688 435.15997381031053
1118.8384754477422 466.0241524794337 794.5342795626209
436.59823545799225 219.95359097437972 914.4126858692854
339.7187306322194 827.2639964795748 948.3103425760665
674.6163346231755 258.60507452916926 629.5899676012705
61.64432682342236 234.24556161115783 1320.5793593781823
1906.3226763381397 1167.014008274388 1205.332744223988
1685.658533203723 200.02057235904823 1231.255672241683
1277.0956575091418 1582.7517347044259 589.3034220601787
1044.544842320902 1235.3525406370984 500.4499743402454
575.7494635536085 1010.4013612762006 595.212136529216
1613.70828940518 955.3810469900102 1445.9960236407878
1260.6637741892307 1074.9281885505147 723.4588884878887
1299.530056273916 1257.3779542331026 1050.2455860579234
1621.1563449678938 19.014456102959045 683.7619673746126
1938.500195475067 1060.5312960431002 115.39372000771941
755.151490254141 1364.2182699956184 1463.354906969835
1292.1234352573201 904.304877890777 247.80741494660109
1558.3197312311395 1755.386726781237 1342.5205433235644
1169.4102229739615 1164.8760582495609 1264.4776774464747
600.5139955084768 172.41861179164508 710.4408608944366
386.8069316663705 790.7562207566851 279.1851261083241
81.1190178842216 692.1178589177104 1310.271542817809
108.05466955603404 1623.1256279546312 318.63990224228803
1382.148796237569 1422.1729821058334 438.6694549251723
130.06107976924451 36.77090535313621 665.4386819582355
1301.8026363041167 806.3810818766841 960.8991123659397
1704.75197115779 631.0149948561439 34.957361546300525
1543.6721294033719 1204.9450467884847 1226.5933980837806
1675.8551616395446 1087.3510184412548 18.38318816443746
1695.0917891469046 1349.4560995666352 336.6462141935511
497.626527757719 927.1010927719224 617.6531973987001
1751.9057745779726 211.80129002135573 929.2057022376235
1868.7889516738674 367.9258173910944 343.09618988657974
702.0554814396016 737.346061363146 958.5672784769528
370.9163016945935 1346.6563547774253 714.0438051652314
1258.4039208210029 1738.8351652332874 326.55969776135
24.395078212035905 205.74470797715682 820.3677892969783
1471.6434302800333 459.4731692980136 479.14320965210874
1916.6375109407782 1847.1777684339215 584.2631974352089
313.16258378237217 1041.3585469513343 625.085515831331
967.8256335195883 1698.939158083112 297.8567140916755
684.2958086972689 1224.8362818136857 1030.5265337871976
994.9099401951452 1805.323937877752 1146.4144260256141
337.94205357189065 439.2743633674059 1320.368128863423
1472.1179336960874 562.590267724753 416.41042448387356
1029.6124473602438 985.248535375717 368.50649509460555
958.4056540964232 857.7285072375953 579.1985773976386
1191.9045132225717 1013.6853972397479 206.80988947787233
146.71816776168157 958.6048465793666 687.4448889281833
154.09856973052015 958.9221459420801 627.4516257609647
1591.2153311668887 597.6270806076253 340.9267189059726
1478.326462959091 222.03832426195302 995.5711422443331
1455.3688779519991 1016.9105603228621 1009.0634279616494
1591.335974953445 1279.3610673117428 1161.3211762280741
1190.2618985384186 526.5977315481385 529.8729298198731
221.1165766712535 1286.281963428494 1101.5132195694414
972.3746522847756 856.1661661921615 336.12075933059447
843.2403499416821 215.72776059630706 389.29810716380916
1227.7766561480473 1468.8662372575518 69.87652332691158
1828.8177717408466 1218.4438539372604 1338.8503511116483
1771.217681993035 1437.143749299012 681.5577829298633
1659.2075500974106 1687.9880858727647 258.02603955643485
488.42656553341146 460.72930452580675 633.9719600529326
459.9559493293708 1477.4739608958043 207.47419740542315
17.370306988528483 1342.5667631435801 1129.6612848077575
856.7025731505453 1457.2704126598023 1341.6162474409155
882.1144750682508 699.4356101599135 1289.181440067059
1884.7070858454456 941.2894810114791 193.33149516967347
150.49054259915118 596.9698956353968 305.94374962016275
223.76308883303665 750.3058935341564 1491.494830973162
1730.0466194979078 1488.5600676589079 1446.7559518056792
905.8404676941059 1165.214181407218 885.885151232518
45.07874595977479 1118.8068769389677 1123.4893614657599
207.820012980674 273.77042340704395 1011.1697843555582
1527.858677876596 507.9394681495546 101.52192067017852
77.0650172981855 471.52911362416506 1410.2602782698655
1175.484378352628 1175.0297875038102 792.4973608943906
280.2694519961517 157.21511471007355 180.7163625821558
131.96768829364225 1387.46569119002 1339.504263789221
1621.6575394128035 680.7081570444169 822.8912422303547
1930.3489947986955 1843.3881787626678 184.52468361803986
1677.8294579354938 340.68642397565554 244.63219803608223
1269.0714344747732 275.098427505494 102.29014654380659
249.091576419191 1061.060739562365 148.89599193751783
1705.404332037644 142.0931289703209 847.9985225757209
1077.7600994591728 1813.7949262066322 1061.211833420763
1598.3767898350177 1568.977681538622 825.2633769211787
1698.492857507688 781.542665236334 1340.4178600928615
1976.7819828159456 753.3699119354646 772.3825810079048
69.5972501134039 1430.295201546604 164.75843174923065
784.99416233034 1112.2685925170456 257.1082198767694
1888.4823369420567 946.0520339275844 799.2263835408651
1938.099330869982 407.2880769077354 908.5807783497006
972.352659606784 799.3078576361114 759.6683646188798
1769.5532239859388 726.0674663201252 187.33690443669542
96.77675007748743 7.843464520969512 1226.215756135618
