300
1703.9674065966728 722.7833012376428 1386.309916651814
1822.4465739753416 1614.2883516455922 1088.1649413462576
395.0395730334586 989.608262299702 42.26480626847729
1990.803340848701 597.1918688281102 1204.5101159129842
402.81095552219614 857.0951685703883 424.4932042806228
1790.2351020179785 1617.205929516547 1468.0393095183074
546.4697864018437 325.1186411532858 1118.5954823335398
1905.5048315545287 1214.4630133628452 1381.8436757966547
979.6876596915852 141.32978464912503 1465.8788968972365
1102.2151703611253 1839.7254554767312 730.5911539767504
1871.511051927641 1417.122324191848 1261.9959283419894
312.50281131079083 1864.4902797530433 962.5967759322413
1846.2278329640442 1330.6457736222287 611.7377124285056
1404.5739339296483 758.4347743003095 1208.0266602801141
180.3173365217232 1052.8770152665388 381.88002538614364
1565.11977101383 1053.95113842559 792.0585295055149
1781.0253934905754 1547.751035233075 950.2300194989091
1245.1724375416843 1155.4191566039594 1428.3114209120822
6.734646819144929 1270.8178278896498 399.6239902789665
1044.2220569978967 1898.281454257123 973.8650909810555
1201.361060600791 1590.4462831895362 1366.9878219833738
1885.5197762552734 773.4940817355085 1116.3446932420006
1894.8553718204755 1636.0822162897953 358.20128635730987
651.8539627141262 1950.841351918803 1330.4297566572018
1465.8723557708195 1315.292237982814 683.0190279931546
1842.558191705658 619.9987816565724 874.1472952461429
1748.793120281524 1043.4090936446576 1068.33181471025
976.6945363903694 670.1161200514349 1180.3900874919457
635.1182819627116 1124.6976305865408 600.5525680689675
1012.3295190878758 1553.9286676270206 1143.4936747240372
1182.1652755887044 1922.5271011165912 1103.5062179993681
437.1978374840593 1625.2005275875113 1089.6182743904608
1078.6974749777144 731.553193847079 1233.6933715103216
398.2391521283524 1570.3275327604235 850.0803411286452
75.32142600767 1550.1332246579477 1129.7407819502234
328.7529174746311 871.9391008573167 734.8115193739982
11.757599057655055 1518.965077206246 935.7978020220852
771.3543477366893 39.95854629837314 1026.0909446006544
1167.7724889880672 1060.2681108442318 1170.3361519817233
157.88931588097532 1886.3522654412636 1233.7546613744491
1409.0930774154672 1846.4118185808377 1474.4790003361802
159.17179043371843 1725.2975264986092 908.9748977966104
981.0467437115817 206.04632269644708 1422.5989021228686
71.59704725226356 425.2978977922921 1416.8547365236789
768.5276482724989 1801.816282479697 168.88167584067997
1259.1438134535244 1701.5301120459676 37.13069491720306
1924.7980946074479 1346.584773319643 102.2110715811268
1981.1847318643463 1587.3395538299249 471.75202746643527
126.06317244789555 1746.1144805396832 944.2271168741654
1239.2799851629065 1899.0121653775998 810.0452392595985
1541.3550536302457 1869.8068088597981 576.3670414717071
781.392477018287 1403.0272490133825 105.88522773938358
900.6339198248685 1662.2296387017543 542.7873464107518
1985.0428020665615 1079.5713216969978 787.320399998927
1341.1040296641072 95.66643598650226 586.7042665672392
349.1869406788841 448.3503114592362 990.8087217070193
510.9994228062946 409.6103994190208 1404.069336689373
1374.5617454502658 1947.9566469324752 591.3112844606827
1720.6923386123376 1184.8627775399157 382.99192132360344
1304.8658259864587 1780.0350863932094 612.8156421779082
301.8388364584894 1647.8457474934332 88.48481600557179
445.7319096069372 1754.895793318212 953.8149088044415
261.726498566901 349.1129830757518 858.2838658861255
974.4360665532319 1957.7573366293134 9.990160046549345
1306.7416285431261 1423.2662407905354 433.1179923694403
781.1389260725816 526.8807489890448 1273.6021220869604
573.0914018221787 490.6282901252115 1208.9006002222036
492.0027573784489 145.80744482208186 1386.1454522886297
1129.280663366862 473.00198294192586 1134.2446003035734
1018.7071798356803 1328.9534242646912 1372.7048222489848
1196.497437278189 1514.6728424026232 1004.43784636499
816.8966754402392 1952.5546173397095 52.41772404250039
1695.02437534724 520.4827802451042 975.3711884592311
633.8020121328616 510.41517894248466 869.8597925362235
849.2365082894315 0.2100504557018823 873.9907926056384
64.70152265993323 1434.5174064119685 694.7749183760635
1392.1373823030194 501.9738011893116 1210.5424894547343
642.7874918051897 1995.914317773388 332.2899087564311
1974.6784110572655 1070.200570874457 1387.0648427802948
285.2576038764059 694.7072148241282 712.3221309895616
416.4420958714787 63.450029908603156 1216.9506948686962
314.7525772167048 76.65391954447665 725.4565677356727
1713.0067021850339 1361.1290992431884 911.4989488033874
1307.612119638146 819.9227416078554 1171.8565026314116
1653.924005823886 33.68794987771872 1415.4670847301934
1082.8157714946701 1403.7405151640457 855.0082721651911
779.0248510517732 972.4725138392594 420.47720534182895
421.98884948802015 235.35143843470198 569.2966447635844
574.6250817787034 1019.3192679429224 1486.5932261084147
373.6428935926972 347.98750425033796 322.5160035594486
278.06024914126846 523.3351260843062 811.0888140591661
569.3203723875868 341.74995519896646 515.5120176836539
613.0839472305654 1471.4979425274776 83.27583783696929
463.7717143257014 631.1387887161421 556.5759105480719
549.6717514825149 716.9628252219728 1169.425075731023
973.9010837904287 1631.0161462948636 1492.9470256793834
558.9896837173653 796.1909116082146 1061.074160659891
1796.998795157245 1597.371478671252 852.6543939902296
1343.0621045443863 1643.90542662639 440.69954667063837
1497.262839900978 1678.2472029622 974.6463276600649
617.4665785873848 1790.058226248829 687.522669981491
644.3771167228596 810.1419752450563 941.095663935247
894.3498066377895 1690.977677905378 907.1581978408315
1992.5540093177347 473.44057755213197 215.9663633109038
84.39798615064676 1203.0035107329259 56.235110172061674
1709.8258739342884 88.54537639561477 1223.230428164747
152.2122758770441 1011.6832962617664 1047.3772228924868
1149.1408961489467 155.02443473139937 1449.1579283208216
1497.288903639692 1824.9248188863783 342.47152785736534
216.2266745052175 531.5188523730592 867.6167001668807
908.9593164195453 168.0042675043196 159.5403760957822
1562.3053169230611 1217.0468280624614 1213.723616080661
99.78079280372131 418.3098006469401 588.9068332033114
1050.6072200932883 1129.9481336736246 1265.6988603517434
1494.0427124973742 1552.6573606989336 633.063551292572
1353.2563640700002 619.7301987675437 669.1110446169196
595.135611520986 1748.2989510389161 416.6023946114957
858.6703723051912 572.032653734472 179.38997893073798
1481.6437291358327 1421.1369992932441 1236.4814467887136
258.80980973523225 997.3842256131667 1422.6339122573336
1431.9079643795712 1962.3230811898784 1448.2455584375577
1914.172503981827 1170.1536104745176 1429.583399215736
927.8930784385016 568.233556118281 967.6060740466488
1673.297681097145 253.40134234826505 1306.3304171156153
1886.356726997066 603.859016452111 1312.624416726661
350.8133409281431 285.43413171116686 798.4594681172024
1189.26857762939 451.0210083273596 1431.1849240625181
799.3304403277825 332.8706308137819 1444.5197856499515
1568.4764168372567 32.48742265728799 1363.5173095108005
864.0184916635525 1658.5705433403912 352.6194590969148
1123.5321317792234 837.1334921088711 674.904632806004
7.336005945923096 202.5845289143673 484.19764883808233
539.3625118535183 1109.9071681301273 928.9136702223653
76.26532975796584 1326.986823475618 975.1802896143988
1164.4631766174148 882.8878856766406 709.0325935802337
287.13355330434575 1146.4498145069049 470.369267088063
107.57218242501354 648.474760456285 1453.268111004821
1042.1480736004116 577.4655885368289 62.4941590523872
1332.8393027763855 864.4899738576183 1406.3798444080785
1393.217057668459 1803.103785255598 345.0061370768094
372.9134204217417 1570.766017717158 378.6132957400907
785.3990579736229 1422.7541892592576 1194.7906369314026
306.6414997044204 1664.498437389475 249.910408246244
723.7227042289305 1180.2384507202712 930.5238349463885
813.6833627613591 1130.1845865982698 719.1581122185248
1280.9165554908798 457.7637813835096 602.9073404286355
504.18906906754347 1293.4935868685343 330.2700843428036
1096.4992515805582 983.1404474123703 768.4607241147484
268.8700998149582 1618.6543750564429 1243.3800751817228
1014.2152315564852 10.212499678878162 1486.4106841679668
372.84173063981905 440.6119821421941 327.06393227857296
1900.280532612118 1765.0111821929138 877.7981813774398
630.8135553149021 879.0964494993119 1104.2273968640616
285.29445628823447 1444.513978110662 929.2707809347353
588.7617631355533 1716.860482670725 1168.7424639399555
1301.3102761460605 1683.585327828163 991.4299395741298
1573.3236542472314 1502.7465321784055 654.314464836697
638.3235281626231 1487.8995767677145 1141.0717698542906
83.133187658039 1604.2398383172597 290.7846606990137
1578.9698628534002 999.9247959211222 295.62538381154013
1127.3707673738027 1676.0444659510417 311.94154104492105
1768.0122726919353 750.5305733942953 1238.8366855772972
467.2178455993374 65.98196802272072 212.71245594333848
173.3372687551651 846.9257532788134 302.7417951352677
316.06046327522574 730.9653285309159 49.853005884417215
192.8443102496118 125.3611761424378 353.66596801022257
789.6525299403829 1188.6445192064202 1248.920091784645
971.0806307091162 199.1649095720933 1345.859913037553
1120.3300490036252 1704.260098743427 820.9999286762894
193.9280316062497 356.84820969474316 1105.8648570605578
315.3720258965902 762.7722817068037 1247.7395819824867
542.0113921768668 1469.4391405389392 548.7256984878676
1347.9565918409078 1434.26222515618 370.82063410057896
566.9834801092128 775.8164257383586 439.6620614011041
1102.8644910362138 1878.8665687701132 1301.3447183804537
338.42646188493484 1396.1498534098907 118.6105239374416
1959.9569578315331 737.2778012889847 221.13304148232632
9.999557201415099 519.94343488973 114.65620801813658
99.36421255212147 917.1027565584038 797.34421559379
1921.7794904803422 1504.654515018392 806.8033534355969
1831.786603043947 1361.8222850015748 291.33925016122606
1737.4476035887653 104.83011501939643 912.1488511124402
1180.486883944179 1414.6716891235287 365.0082430528709
638.4139319067956 784.6380396834567 346.3616947685259
1522.5180570742298 566.5985769585857 259.62874783596646
989.8875059377881 363.2263124491888 35.13918926806031
1526.8164620843422 820.0262405127128 850.429127549469
1205.1751487692927 1384.2562986181074 354.6675759489645
1746.438250418995 1838.0201435314289 1099.8554894136662
1305.587595319119 1491.6581603576929 1241.3623297511763
178.40394095048674 27.54091961424909 1150.912414947496
1652.389236161151 896.7074960022958 1229.0440818527325
1330.4154286304454 1251.446249853886 1457.3083950970372
244.8074231024968 972.1555989801311 797.5820731705455
1357.7275490797763 1690.1395212058117 1022.7536373679616
56.12552345081001 17.312054447730986 503.3165347627082
243.49256955167098 1209.3987752751261 871.1668067079548
1239.6985396572563 861.3062196602618 586.5855102206152
817.8189423649804 1460.5735240438441 551.4815485010599
1533.0113059841497 841.2175280930753 1379.3110791197676
535.1612670294687 1518.264533480066 1062.245561866075
1052.916383063426 633.5154399326112 777.6923376258181
1270.7548607195276 636.5186790663357 953.0976545401694
780.613430067981 1116.5811858975312 584.8029237400226
1467.035753662744 396.3864462835953 115.48459251667192
755.0107383509219 945.8183481972358 688.0173956567879
1943.1666259695492 6.049337980563951 1171.4707489539148
1082.1346671343392 1378.214213522289 744.6325073215114
497.02828165988564 1409.4767481600732 1428.2860065593852
1399.7340404502656 192.85678735622636 1418.433219528707
1257.4492192740472 1130.4712580646392 1092.2531085856965
421.4416208943952 391.75635920770844 640.0369588211735
465.2621423606644 462.18518216561534 431.56019169108015
738.7174209781545 499.794275058304 293.80350690422097
254.35925703949437 182.5662710108602 1282.431226078452
174.8903784583864 461.5757872126873 1430.832755821332
1518.1049470851888 129.1235093812191 1293.8812315208002
184.0655720536639 870.644548536934 1240.4431648152138
48.77974702921506 1353.6496309089357 645.0112560034231
1627.2180060498858 306.88758346590396 477.6030094177747
136.2748328662262 324.5050504574572 1121.1721512104718
1211.277115134248 1046.9991739324973 560.7536049706958
1202.530404000669 503.1136905254008 562.3583188466085
1963.420170002085 1798.1028188756825 1475.3103500645143
24.553041948955688 1200.7229737781065 887.3394404660561
706.8745537459307 350.2234880964563 1339.766047255546
36.29109992541601 1346.1592303545976 286.13842640680014
607.7016806917042 1745.5359320448404 1135.2318012253568
1177.7635164502144 1232.4324872352051 1274.7757008497397
1380.0887819852067 1352.8218903254026 1369.7210034370592
471.7787574333752 750.3456745819021 321.5111352076272
1833.5468418208607 130.84609426650195 576.4249621684216
1577.9089771806994 1154.522298777999 263.6005564539997
1817.1309133817988 1673.4447795516076 166.50015646602844
1375.356501757101 1217.2584588671566 231.82459323477346
567.9735454683586 824.4892597453086 1143.5862317610192
638.9847305268195 528.6728880580682 856.5645848806994
916.6178283590709 610.9220444934041 981.8608757567067
1866.6758106284146 1239.5560233011422 298.69455006984623
1184.2739307477852 1527.1562723924014 67.7622711171273
74.81300801168089 1974.7557838012062 992.1598142608976
1444.9882865646957 935.9439644612755 1430.2868270178824
870.1349344048077 868.9527676528355 231.49410441681619
683.1687311869243 995.0530694634152 231.9835402407835
470.1409783843624 1488.9893128002516 754.2507827570679
1902.0481649900296 1419.4735631677956 722.5567483254538
1976.1144300459978 954.4532440612678 749.187487393852
687.6995387696285 1993.466012567221 1229.7961710582485
1253.110660128209 1606.336885685054 384.797765951596
724.384108877076 363.5351257770632 855.831409589483
311.352561000106 1547.7147848416444 1211.3375822676385
1277.543093910358 1152.7482541872441 847.389616412452
1205.391100005564 464.920091862256 195.99923409919361
1173.0884426315913 1722.939203967683 193.126764796265
356.52073698694073 1021.931702400496 456.02709146096817
1000.7839570674524 17.010429782109647 55.59842131954868
23.832346061508858 1866.741126440583 918.4995688298359
773.5953105544133 1046.6076254876396 286.89252068123955
102.4209120921442 1911.4674990316178 331.66436630446435
865.2894432157501 1877.4177622637237 892.293414386589
685.3847144558547 179.24469517734676 1240.4914847146447
391.6064727668522 1750.5911366051366 1361.186858498117
933.8606432842312 1437.3674827991845 134.27038626014755
684.167793119744 1077.8370271629617 1130.0095511856941
1118.152777970627 1537.6001821114544 1295.5875378210144
1921.9908589161691 540.0674333726319 536.3186641850107
1092.7497049032006 6.990893609414073 810.2657982911504
1865.3915139926137 1134.2852491437063 607.242581009127
1079.9799075586238 1597.2496385693332 379.386071528483
1448.1122970135277 1916.84745166938 335.96812880329986
459.9670872017507 90.2101205746335 1475.1872039685936
540.1520134924671 276.7305335753309 610.6062486564562
405.297318887051 1430.0614419120861 1221.2485934366262
1180.9787801427224 496.2275356106478 554.0097226724492
485.45410793565156 1158.3436408279417 977.2974882548631
1684.0933991297177 1443.8683619676203 978.0377316750518
1099.1507004382663 176.0617017864572 770.6475128720565
464.81672468536806 279.4295604462367 671.9767458712339
1486.6451220364306 1847.702401692485 115.60203532274876
298.12181447591166 500.0116249633588 80.1513444090356
1724.949656866817 950.7433120073683 357.0835764760335
166.1476832633908 1636.8311484433636 688.347857494711
79.72134955254329 638.1753379876052 1299.3598491216546
1601.825162825925 1375.8014880486662 159.78127649103246
600.2706943201275 60.873712439813985 1360.097978716257
478.4354219400377 950.9201968035994 1349.4491431016877
800.5138847347108 1136.7872715027036 397.75161439978734
20.7096590512823 166.71197079421972 101.96877738629512
84.17464959345034 1284.7681559696534 256.3170324006491
183.7671146534803 1596.997527166767 1128.0337219294352
1518.8423589665942 1747.6699445541128 319.1005554237758
1754.6696406353547 1355.6311929680608 525.4212588521369
1106.0820436754846 1571.6591596103822 1033.7547902755114
1726.5813345147494 1477.6210399263468 221.24815578518843
877.9435148112078 436.876495859035 911.8830074598982
1200.1362051427725 645.5076443512993 968.7656343231242
77.19211597537945 753.8339671237106 588.4938807064144
85.1755586646874 1789.0453153930944 656.115905683105
297.200649608111 618.6769987422435 1143.5809041584948
927.5161569045831 1358.4781915547796 221.46438101701116
