1000
1189.4268457559758 1226.6809406629552 1197.481310419332
1031.0624370361213 991.8426783206987 990.0065213008407
1001.5529582983738 1120.4652627388243 786.4353455297999
1070.2737299758928 1366.741070688901 638.3818197899651
1212.3939205293111 1016.9425925258269 1326.88218540663
909.5981865700211 823.7849907045334 1092.9702100860382
1009.4570191596777 1173.8110914533725 574.0708396461093
1345.5518944291766 1050.4396535089008 83.5994123011377
1032.1943346697983 1525.0864837954778 940.1319680089174
1362.4420569097726 1358.1170438339618 1302.1608659239628
599.1242874634934 910.4143375086413 8.805941845483002
1084.1587333812724 1051.5838683283164 1189.1706417724095
1182.5443995901978 726.4807244033957 296.0639014814555
1570.407727854002 1144.7513909345996 598.6597629272413
1092.9944642421374 1045.9676375047952 1179.6506399570549
1148.3974714497613 938.2698040841838 1042.013866155702
1335.0278901313693 958.94279291129 414.95992870224416
1139.14342406229 1189.3932228488104 1393.1996276898478
1095.425887091218 919.3430547000596 230.01667698277407
1206.6990628697483 1078.883365043548 16.505189031175092
1211.5617421649783 915.835787893758 309.3446568538885
1289.5071584649245 714.2974996659511 473.58795927133735
938.110100383838 1237.5365253050154 1490.6406968071221
1217.0015599591752 825.0559742308186 639.5585789491059
1260.6314568449716 1266.4533596904544 1489.5057345660955
687.7570006483605 1074.7670188770564 456.6027553154205
712.336945494999 934.6074327444974 1221.96518893171
844.3425513641923 1137.0053737418516 1488.378978985796
1022.7283212161399 913.7966302717216 1482.0822704124337
1445.8644732451203 844.8604975399466 1390.329078618071
1213.948164334486 1044.1997472907087 101.69594687127397
1097.355757427472 1056.403378775513 921.5317337510015
693.4214114726013 1022.6383925051679 708.120292276427
1066.2003256574149 1049.2409798746846 44.392761141514136
1256.6477176689505 980.9341602416031 930.7077677913645
1170.5562487782834 1218.0798872982537 1256.8595953226702
1008.8181710318985 957.6451072375522 731.9306379027913
1109.3536204506668 946.3127820573634 987.0093525696669
1072.012443094986 1059.2795261723502 455.46323117506506
860.5275338221367 737.0854264766367 1229.4990858627225
1045.1522191356562 1662.7495298065594 266.6551343827544
717.1594342945898 825.9995334610815 1159.7042322252075
1240.0343479233875 1021.4005063979057 46.88788187418186
1240.8618494240955 1186.4306573787605 1455.936898446354
730.6734144785239 1741.8529622525434 67.7031310576507
1101.3286161080925 885.856734586597 1493.121999452531
579.0435185094029 1109.4316528040285 766.8646408166703
1119.758161301188 883.3144064878292 705.163060994778
786.415780394964 854.707531869062 1289.5291028184995
833.2046746093232 998.4651936919902 731.0930588667086
1035.545483190877 986.9069459545574 587.9294308557512
576.033797518792 970.6002644801333 61.085904022690706
1309.1899601283953 1119.24924584966 1294.4182541010566
1148.739548972536 1051.6681986958395 42.7035210144886
1142.8303846138149 860.4909228836801 1173.1271747356427
970.9250115270622 863.5218580092077 171.16538862098278
637.1000269938565 1092.6023755900544 222.19327182379317
1293.7979767357615 861.6410864319221 1010.0507764758208
1292.5695178406384 647.086638205799 1012.57692547103
1030.151135262465 1308.7698768937476 1107.286561786574
1081.2963049640248 1204.0150451224663 272.4933964271809
1044.9876654271202 1633.816231068942 704.4172793500875
858.7261663602976 1427.8017533499892 312.40317719039604
1024.2180304440017 1200.4513453108486 412.8952160316072
1106.7916547549191 1287.6847983825269 371.95324697470977
1088.2640644222834 793.3585477434658 1123.7063928195278
1117.1293715080753 1163.9375358118896 1172.9325840807626
936.3823781593206 1001.5253829757504 498.76157903645867
1430.0909678961873 1188.5523784675242 1286.5994931103567
730.289308700814 568.5766352295971 131.93520696369654
1281.6615741699597 1269.9858616449153 866.2642042191839
1104.0786028235816 1070.4059995501555 251.16194545448755
1192.5930278458382 1034.2961834681366 1164.1111552536722
1268.3121198339566 759.7030313250191 1231.0922904514844
1206.667117623175 1235.5681190537775 1405.7105911956062
975.5300474443319 922.1860806279074 234.43649246108893
1044.7411119167512 944.4961530407635 1485.3726036139974
830.3064538951562 1173.053898158024 386.9876343766556
894.990713363724 867.1444586372188 722.7035214326609
644.913103552655 1311.1190697829916 810.9970649107127
818.0916392996362 548.745620126632 1291.490569753369
1036.949916252603 1165.700507798075 159.6885587053925
890.3318703912939 834.3642642083373 502.37837181980683
1046.5308750881425 967.8144668459455 100.65073175555439
951.20716824074 1501.6503926416844 1162.159262494832
1127.601644993246 943.9716599356542 1173.798582577143
1382.4268193850066 1373.9861648090593 1379.9971987532574
959.9869776552771 1057.2582910065198 145.58925112027165
1063.19242048888 797.9632290138281 1319.5550891818264
1409.783997941566 1231.0020110315081 413.3443107209241
1421.75722177861 797.3552702059719 497.2294920014863
1108.9727055862177 707.2640190590281 146.90579568876905
820.0088812297536 1172.3319775698146 335.3218029619454
1484.676167660128 1118.781340619013 369.21895525482756
1211.5731081416893 720.909531100082 309.8351356635358
1117.9430478838945 827.0265210868184 624.3669247174709
1059.810894207161 1123.2978638663544 1268.1029424555322
576.7257745491645 1050.2921565816664 870.1038242783835
925.8642710376753 1285.4908039008124 935.6008783435649
1109.051640356315 1206.6941747478684 788.3929081157123
1053.087467618669 723.4384130289393 660.7245578656975
1071.4168414004077 995.2160819121443 994.8956275617559
903.397903432232 811.0836219512537 985.8188828517065
1031.5222195979086 762.951740385495 986.2433997817991
1317.4079560607393 1068.1551176669434 903.765439283513
1266.578592698979 1326.0546069043007 372.21574792069464
671.3066627588746 1414.6268286401573 1113.3212856792268
664.3396783433486 1413.1518039294576 658.4519902764148
617.9688915376009 1016.4752287261412 240.74364285741362
871.8199614401724 1054.7244161431022 111.17566556278562
588.5840626174024 436.0080627383845 260.9364001869968
1067.508589630702 1046.7467107479113 506.7147093973703
803.3618117615953 1059.6361951300096 603.6797316645199
971.4610167096625 652.4957796064405 980.517912738175
1239.1121744620818 574.759861097896 580.3886003819772
976.8195245851675 1062.193377129545 112.80578959540865
583.2545310386819 1115.7367268083651 356.251268978719
1006.6899700546734 1142.8238034480476 1343.8536191788096
1164.086661194112 1242.3946244056394 386.3940947218529
1135.2647322242979 601.935304182467 414.6454257164052
979.6720449663347 945.7938635868433 30.044174453664862
997.4831092259415 896.22201630876 171.28799291570095
981.4286938007671 732.6150675177719 1122.5211581797344
699.9588628837064 640.9145736834741 450.16133317580204
948.5043320644046 1127.4395193611642 412.13791294943996
1105.045648119797 987.8147687171253 646.2949452706903
673.4257379531939 1033.4790444193932 1250.1242114342667
972.3198446682813 957.7787824294413 226.3682093694755
837.0560023657392 1023.2423522243046 41.08765110137613
715.1679530561967 1417.7627508367225 521.7105719605543
856.2297386210491 793.170421736671 1355.8623790909621
1021.476927337921 749.8345340582382 1223.3149865066814
882.9809854945818 780.1852266809094 1089.9727824728495
964.6684872159278 1076.455744225372 388.3668650771822
854.9565876300085 1336.376331789497 1001.6331057863382
614.5009990665778 634.3328424072205 1308.8156249077576
438.2028211410484 1078.8680576805823 989.4998376655401
904.2519404734138 837.6716936975996 587.0420199883839
837.2683235093709 1183.3396611203068 1356.4504411829957
781.4232026506378 504.0681468053136 505.1145811640848
1258.0742044767485 1570.4338815471224 1441.8141546470881
1077.7351249292212 749.6916673234443 1101.1875852827686
670.8498592655186 1492.4277442838334 1148.2372537379085
970.9484959573232 974.2312157494451 1351.4562009641331
805.5438776518038 716.8615257461106 627.7209578602323
1088.825481457513 1022.5188019879012 1188.8223861720448
1694.695905812235 857.2979084343783 876.0551804187226
1035.2209398518867 1148.6907352264695 1424.6192348585685
1361.5836973743153 1166.046001990453 1022.5212476075329
1079.0090226275324 777.9658481070238 1047.3256399280572
620.1547408312323 683.1498896724015 31.505120813762556
913.4999639584769 798.7539777500986 766.4800657171056
1263.7503603251125 773.9456627487109 822.5201162045058
1242.657503341264 1170.790516749434 1119.4590684492894
1120.962182245556 1225.787149005471 413.34297630153725
1050.3907115561674 928.2377427191394 248.1923553022663
641.3094088836494 740.2825910480861 421.6888330115504
590.1547127850585 1064.1006319862322 489.2046260138414
881.2244320366246 634.4204113626346 424.21553871637616
1209.7106306762103 575.2704048057014 960.4582988363096
756.8940142612216 1064.8383276047539 106.5525069621015
840.6405964750469 1365.786589892667 962.2804246207177
1136.621760863903 1116.2083986013827 137.019362040251
965.2698438330763 977.8866752098055 19.906539848252912
914.7255236222766 1051.2588122089892 55.98150732871454
1212.0423120094956 1138.9953395210698 1455.2778320330742
1070.255698544015 1246.0453085146569 761.8354153002248
1339.1211837859519 968.2277683519069 1268.0931184866577
1134.2836790697008 897.9350199069994 1289.9047257569234
1153.7559990192642 1177.738368906063 457.190975359991
1271.7794650346996 751.3049141968959 1005.6644522436676
1069.3448037420585 970.6443082910258 711.5698160880557
1369.8254679785796 1456.8719993531247 1056.395222587452
1196.6318063960675 1042.7113799897436 213.78329722195727
1273.1475811462374 1032.0222564046003 1062.5704033478871
1083.6272325689342 1002.2841231217086 851.7576707513115
1215.1502682463847 724.429347878617 11.801731452186493
902.2194175735616 831.7435862702347 1027.7562402583346
828.3462639684765 931.6654518223733 1295.9148541675565
1219.4531425813268 730.4221463551189 1109.2308490171404
1102.1428058235044 1004.0247960062553 1277.7676378337756
1172.6030221143637 648.6673329822645 1468.0064901277715
783.2879369811506 1439.446014012416 685.7291118903996
907.4074575177631 1015.4860955794594 1153.5841987109602
921.2184206093556 898.6299581657734 822.7794388790961
1331.9963214241927 1429.3949762253897 900.726373344496
1013.776900473426 693.3460891558492 209.4615330460058
755.9159169342558 1467.0860714193332 897.5953024351123
1151.0582206876775 1398.3105142387049 975.701095663149
652.6535202688596 818.313349254277 309.4975585835832
869.4977440975829 1076.4636694987662 883.3019372646455
1379.4075646714552 1098.5558664795954 116.18242222398062
1065.1875970577137 893.8406279349867 359.5925405565581
897.363908486106 881.8720726681904 1065.3338738452974
981.1160878567069 1327.24202234251 726.8757749827848
789.5300742392809 1271.5920910234322 1078.4972638337138
1003.2833398981577 885.7952534185421 744.7250596924654
1155.135473308161 1266.8091226509737 1047.67719255319
1162.9993865549577 1143.47352535401 889.3999953330749
327.15705644274806 1039.124958455876 1104.4613267740444
1042.1385161009755 988.6100269581976 808.3875749685545
922.7734529087008 1010.5929773954803 555.832077546481
791.6860949694236 983.488425095869 1398.2899539655996
855.0765892247206 1086.9009022341695 1013.3585762994325
1426.5405531795825 981.59180625398 260.4800922599144
976.5449254630576 1157.4543004705777 53.14182842102583
1136.7908567966756 836.098741509152 1347.440126705636
805.5286187446027 1128.5387872206334 1059.3194378872886
1042.7720509863113 1418.2532252805615 1105.7379760920678
908.3766747287742 1156.4284197418037 1278.567066438412
1144.8899554475072 969.1084310655244 1179.0500268403769
864.9903576052058 1076.6290162863634 1400.8808479565214
1169.855289620546 546.3010804149623 745.8639446300896
746.7303273777605 1445.216897100886 416.87340461637103
1255.4498950053653 994.2602639644598 505.92678717088467
521.6744748172327 1039.049702549182 896.2170622735251
973.2998065613284 670.9017088969134 454.1876084699782
859.603381484002 968.598145511697 1340.4317596358146
721.9225848137769 656.8700187687458 561.1143680610232
917.8285755274248 1428.6116385302298 1335.972735574867
1362.081995938899 1072.8113316294468 390.08496487245634
551.1152017403892 879.3917035753108 641.8928747824548
883.4175721873962 1094.0345012019066 1097.5717734668663
728.5962372797372 982.3102059914794 1140.0062188177
1284.456898466773 749.6354931746617 663.65531671031
810.7568584093217 854.463696161972 312.58364323562427
663.673017569005 1320.0606687260283 830.3397687355653
784.585883241256 1257.2764809887165 882.4225680465398
943.2220854405404 1088.8694843508438 1322.337337469047
804.3745827618793 1443.8575368535771 1020.0710186404157
849.6682680856031 1140.3434449193016 1109.186019831346
919.0393851646272 1018.7851851254893 1332.6905466715184
1578.8388476027444 840.3533699261689 812.1586866154263
919.4639626482289 1063.0177427514775 1322.8274237911896
899.3866768619106 1117.9828256475716 466.17887674062064
849.6568999931145 1197.3339296117174 463.29794266460453
969.7818292754682 999.3907429222503 969.1061491534757
878.2981702152529 1129.8339199954003 1458.1579854274953
1123.1061179889093 734.2724070979152 1170.0851743280682
1051.0063284343282 992.9817242384457 193.57449807182996
992.9771006003812 857.5657201205682 1347.790899524761
542.2358966727795 1229.0539580221084 64.67116846968985
751.6225165868492 1147.2192090803576 771.5656468238392
838.5891370297633 675.5429191493708 439.20060950729925
830.718960453839 1266.4536624085713 510.1128171103547
638.3868774345763 885.6455033601756 486.39614240547075
885.0946730222778 661.8986718529094 897.3179608343411
964.2095221949988 691.9247716194998 465.9161454168173
1214.4804412936446 1359.5478369729176 209.2548969804196
901.8657103514118 1151.424964605817 547.7502844035931
1088.8873682924386 1057.9449784242825 1487.3884263323175
743.4259105319707 927.2874066580187 1027.9184503262038
1251.4442467723125 768.7543203469008 882.1157999770303
1254.8856632641862 718.2683784305154 1442.2795577918212
1310.6459518320062 741.6716497514847 1429.5354063541279
1046.8468469157701 518.9733803378695 376.3421504770907
1055.157341218699 1094.5751776177456 473.7523928594049
1434.3313582380083 485.2709395505018 278.5427324873659
619.1708415927112 742.4671444169103 582.1621677461266
1140.5484422306763 889.6303438686733 464.71584961469966
724.6995530564368 997.0999010396114 758.1042079506223
510.0314838570874 858.7201170786395 456.0901165761173
1153.7001889611674 1002.5187661170512 1475.3254419753537
924.7665120399513 1195.544608716153 1156.9641180313492
1027.7967593045184 746.0641291677036 1392.8709723361167
1080.1044435256842 1091.9980134341522 1453.271872521481
1164.276309852778 668.2710240027677 1364.0080591711749
1201.7672742255293 1209.5837514754696 1378.4342665478657
666.8626850225876 866.2771009575144 697.9931207308041
902.8338377936333 1120.827665589101 1093.3954320271869
1413.7032627259168 1121.2207766001502 1212.284399808638
1229.4363830644747 639.6092774123526 1181.4403266295574
1105.463944974298 1260.5118049174298 88.05305592637308
1142.4953538499 1076.8669344036127 1231.8042474007668
1236.2156376358691 1262.1212580840006 373.8546831059363
751.6887037676147 797.4357991442087 581.9991931496493
1809.5264486426781 1388.171935538228 553.8512680483468
898.704037123141 757.485005811459 1443.6026554398145
849.5289486638935 1136.4322508861585 1179.106065607546
1097.0713089015599 1057.312188039012 1197.0542011426849
1133.0897962524634 1109.755008526261 506.615460835979
1379.3251020946664 1003.8614126916287 969.0520439300835
1198.9209831926853 1512.1063329767476 241.74898440263365
1473.3767476079274 1244.028410571608 1439.3313033403642
1283.1680111709911 1066.902317315021 926.9702475700738
820.240885082553 1505.0763326936647 1254.9966272165664
862.7622841438199 1306.2289777445326 870.561705419307
917.8493311767241 699.1283776439084 1193.2922140390808
1424.4340047930766 840.7052096523314 573.0951699596952
1304.7315465791316 1211.9216946052907 1042.4052101489374
1302.2232387887586 1036.1149543070642 793.2878790006332
1118.1987203516567 679.8097109052914 1101.3914004873934
903.5694522812842 1179.16162282555 103.84012917108149
902.5014520793378 890.0158377735435 857.3522571030594
729.2891593155027 569.0149699762109 252.35112298878616
528.8969061799532 922.3501874848665 1076.033274826821
1005.7665591404706 1641.60378620427 360.510876053361
825.8874866669581 838.7383751052954 1376.3266242261393
565.8210552830578 1171.6592591142817 1372.6914688382471
1056.6215555609242 708.2557553462269 114.06827446947976
1024.171841940815 1050.0018168970382 1029.8854287700153
929.5306926121133 1200.4265582130806 292.1404216410668
960.9625883290475 1063.9577731332554 332.87865084207664
548.3798592637023 637.3060676746477 150.87324158380255
1034.8899231787898 1018.195251654183 69.67660910654416
761.27878301258 796.5711048418824 423.82854842677636
567.3526628444206 899.1370635319266 321.72560172731454
1271.5777097598113 1552.5087307306626 718.0025374662903
679.7416355159394 1206.2164984862452 472.4323365420578
649.3549578666574 934.8668000185128 678.7673978148906
1207.5376054089118 1266.485049393007 1164.0778443890317
1388.719580859296 756.0432468059628 354.7563672927934
771.7071452666239 690.3208727002238 1132.52005685991
916.9468781661345 840.505660371701 1284.1207995369423
735.6700988129488 1395.2189647798423 667.3125163604232
1597.0849287321353 860.7344993645277 117.64314020379146
820.1722176083479 815.3138134439694 677.6217043254672
1345.8547668321846 1308.685484940641 118.23172336186738
919.2172418068185 1157.5656649130442 904.1677392498145
902.3906154449328 1166.9428969026035 1251.1547415228754
1099.318238584061 1089.0761383482613 1480.960645987508
1108.3902905234015 1101.2862689851859 283.03089134732795
1051.142973862833 726.0350067630106 1104.100540867476
1056.4965641862386 1160.8667105768882 205.5873920541207
575.0454781982604 1265.3963698159291 1155.4460776487836
1257.5535427572643 709.1109179387952 147.1349661920479
1211.7439077567653 1237.3425004662895 125.00309885865008
1049.0684835430027 883.4992635237695 1193.5671515768072
974.9198824093096 707.1185549785614 640.4314943650184
1195.0543727253234 1353.9599738699105 567.7461102330349
1004.4037260938422 1080.8563208586306 1068.9149255247505
684.4650828498031 1216.4626797774977 1158.1485682099474
570.5420588100524 823.5047523071952 1297.917768168197
1051.5695594265778 882.4855857684867 382.01346932066224
1441.5343397736476 1197.033620681204 813.7706713701939
1132.78321434538 995.5477543438944 1105.174059320146
739.8343908130548 993.4747746269846 1044.9311732957435
1291.6377887064593 1226.2162700580107 619.8075504005744
959.5550632491615 1233.5036027160534 777.2635783218881
824.6061886035584 757.3119277569687 188.75775750005437
1177.7800995859047 864.26983486479 1065.6898294860846
900.9912143831342 981.811799054349 1354.5529241663007
865.3952736032011 1026.9187846364987 389.27113937954346
1265.41313717099 795.5472453389098 760.1444107959253
1226.5046093930002 843.5186229607477 676.120429764219
967.044801420086 1166.350053251013 81.158534205714
488.7875512640061 537.5014235472115 909.5746161575619
1106.4480774687754 765.4262689851888 639.6443964221161
1154.3284261521253 924.7792613689821 644.0707456630037
894.5776858987952 1615.2146646766396 248.81363904455034
702.7992277452097 1348.734857461201 826.9612474918171
1050.911311996407 1184.4203095271262 617.590567879237
1732.9276523517717 1129.8989791880297 1430.9827537191427
1322.646355496615 1064.1809863040883 273.85873175727755
1528.0221843472132 715.5072965048321 840.1720303231125
1156.2264668161679 921.4194332230029 1100.6646232137455
992.0309473137612 1086.9366833672414 297.52683352526617
1057.6352849834943 1494.3891534689756 80.3608405575591
1168.633195845629 977.1162339655001 1440.4917370335802
814.412345319663 700.2963843713994 1254.6334655915405
1313.3190525750654 921.5369289918406 617.1488015647881
397.8099296264261 604.1630176621571 230.00880547731862
972.2953748775298 717.2129315481025 1271.7355702995299
969.9589633703849 1039.2109313478716 380.5792724661774
893.3477831212188 1291.103826877262 112.97390235517335
1001.7676097231881 1231.722149685517 1041.7471621407915
741.7437488072887 1149.2659872498593 69.54723026678272
1562.5397862575887 1163.506739222923 308.1088359120369
1218.7942682054868 430.08393382339966 282.18286994333477
873.8969904699882 1247.083078701949 1244.8954037682884
452.3486080806464 752.0279957789962 1459.2016377424645
882.7154890698251 1377.5095929723732 477.75101910509284
1060.7807660671442 1297.5135523400243 610.8411714672314
1254.78938929251 1284.857784072901 261.39839059907433
1320.746181535037 868.0062154133559 357.7715463824038
835.4881295975273 697.366815829738 643.6864575305535
923.8325255892106 834.911924905879 1348.647560287072
816.9767744635128 1429.2767828929207 725.5918660870212
1631.5086570397455 969.1895427092797 1460.070086951384
1132.4143800049458 937.1414290351167 410.94620468425137
1003.8422248925455 1083.123027884807 832.4690628176222
845.581958536739 580.6900059770882 785.9157922284102
869.0384120725258 1288.1956581700488 287.24193572490447
519.7569850417956 1009.1766477107966 634.1974704407439
928.5767360204387 569.7662815287108 930.7496294653954
928.3537397969186 927.2704803765942 759.4257295970323
951.8990126243557 1067.8875328867489 1068.1729343450459
1075.7013393109705 778.6764763198609 1319.142555851628
601.557065889069 1086.0336702825164 899.2818093624672
1032.376235067892 1316.049183976562 1130.9852217079
821.3343046045168 690.074092925501 608.4654742541403
741.3881729228583 1359.3899271925031 201.86782284002624
1406.0969864243775 943.4172569342644 1328.8735596233398
1041.768323596932 1001.2483322018371 996.37187498155
1009.9189870292728 865.7418610440388 12.296634932108807
1344.5300670179172 1148.8518072694083 1408.9169826514856
1037.3971724457112 700.7731218404172 1371.1467259988763
1409.9581795614235 1334.4306764504781 158.82361738436435
1225.8412459256012 684.171592441924 525.3206221278451
654.8288367748953 1057.6003264645726 691.5151140218402
1218.260946304166 799.0694746898846 1332.5690402935625
1119.1516742423682 1030.3358044863505 734.5383972838339
1293.2586950381126 614.880928898034 535.4045784404963
1267.9636930850143 652.7619132363722 699.5469286193962
710.9787318805929 977.6176902393281 359.46738634230024
870.66250454208 1126.5826783675561 1439.2009906336154
663.1980497272901 989.0611348950465 634.6333969636468
1007.9858801032913 892.7578655336157 219.28431341970028
1753.1338982031425 956.6508836371389 566.032252872042
898.537390355752 1212.2833257240454 221.5297172651824
1312.2834273237577 564.2420571526147 251.4401183848866
1168.4970499038445 1399.012573976428 706.0980861769333
1151.3849511530855 1144.222868545364 909.2648031231504
901.7275117042786 1030.6913366804947 308.62701435981745
1306.8950079542703 995.4030047939622 1226.3149593190958
1600.2304892525476 1201.7834913315796 1037.3208363170813
916.6443099368009 1221.7083095899125 1206.3439140744515
775.8366586573497 883.5621882473104 1284.5028974890802
1169.712916926188 1283.1105445566104 30.186352582739385
1034.79219901926 781.1411554058545 455.82992312504905
842.7544662245344 723.9461884399154 315.8116890716961
807.0956255625936 728.8966576705066 714.3746562559467
1207.790789225515 909.1936618898352 1200.0138881936562
1279.1721649614797 1506.7356700097414 592.5986461444039
1284.1796102448782 848.2107289645269 997.6546642658802
698.6104608420876 1240.259504197365 1281.6477075197768
1146.0547759652732 1103.4273411206777 284.51050723442734
627.196837766513 1234.9270429521753 311.1254007367748
985.9809663708712 1074.362263779981 1093.1983502887028
993.1512666645425 1008.7498095853972 988.7275335836429
433.0042707702297 759.7017203814141 382.7063803050784
1195.016958437295 1016.1969534064323 729.2324741286254
554.7648654617121 741.0555389596445 77.29713614198775
795.5796938080217 797.7288125683267 914.9549410425487
1188.7952601849308 1276.596206781007 772.853289832586
1509.700636421447 1450.914811362617 849.046595383311
1079.8932542266655 539.6374700024141 331.398642296297
682.1501601558643 792.7922621013857 1349.2378211497733
907.4068163937347 933.321185846372 463.6741404599248
564.2689996629415 1021.9135320242569 454.0329724927559
1192.3678847765432 990.933767185985 462.0993213574654
857.118241267143 974.907897185285 299.9852244940852
762.2968596023547 1165.287249002216 511.1631496998988
1089.8665293429028 897.211650152201 334.85217701583485
962.8398015413974 1441.6513267335101 1077.259951245319
764.646645411126 666.3507201860461 322.445273782782
734.6569988425888 510.22469156301554 280.451696454912
1135.4514805521485 419.46420220629795 121.52462499928679
737.3932285950893 1029.1892424323055 1376.665290325815
1011.474895968396 806.6191405940956 868.7229197862129
832.4946126598966 1409.7873226035354 1373.4719323857896
1074.4532458874642 1103.9937545705009 1267.9206696853018
942.4525082619267 1058.3311610466587 1393.909141693091
1525.6283669657114 1184.9275754365676 403.66524877896705
1275.5626248923609 1139.2521125974151 636.3411887310248
754.4248992257062 846.3884470583398 1463.1499634969707
1805.6693574426345 864.5131839902082 1313.2793919724888
852.6013553613022 981.707443756904 39.33205566783715
967.8698234783305 1080.3192175899587 881.9889779453437
998.950471673227 1176.496086592113 753.2103168091488
1485.7157214605497 864.1686062528615 1371.8874119490256
930.686358331306 1279.5109791275777 295.0229244763342
726.3444806488963 1117.7025419893437 34.112458149820505
1074.6127681148155 1017.5496643056803 1110.7036146616429
1051.5085138664617 949.5772777859393 258.47954484113546
1446.3247027345917 884.5317556984371 1254.557391753705
1335.7707293010994 980.1354304878458 1076.387089607423
828.8816291783903 538.2039867278609 828.6574292532201
983.2582603572929 673.1936353974638 980.6357443952892
1105.6771561305109 694.2268669760654 879.4687129919544
1537.1914910367893 830.3262813384986 1013.4887993864718
1261.0796268080708 985.7942658339728 825.2489604729246
893.0711985775064 831.4641832964487 1006.3155939445243
1231.6930854703137 1158.2556486594704 1296.8177913148436
940.9479180206313 1189.557572836459 1366.740704157482
907.7767323618215 1319.8643613695954 184.1817175598186
866.1279103026188 396.5471095781809 1320.6176414053723
554.082926526748 1595.6713621334184 87.53682187666362
751.588448520047 980.4354169385416 226.9996932078245
907.4480474261616 1641.2320415399356 1418.628449193472
1094.2427960080788 1217.2626853886252 326.88859878619627
642.2773937058523 496.9256839077396 292.35548877915613
638.3125788243445 1078.5399725570205 427.5023402459742
856.4839780584867 980.8392445498089 776.8165242222018
978.4578894244207 733.3127752015389 727.5571376393212
882.9945397671834 595.7780422691183 797.8361899076016
1140.1678738683443 1177.005617700282 864.543597073232
567.0186045380524 1351.4396515798765 885.2315413449455
841.8277576845014 864.2727294706061 99.73825922705215
822.4785066113574 887.8297006885149 594.4821149372424
1114.9952061971849 1007.7804379906185 1482.395773417417
952.9233747522134 1435.8400817893366 1061.4639962408874
1751.2902123194954 1017.3273804924685 462.56087634557804
799.9524659051352 818.0090420102422 373.8968310514797
1154.3289658653803 1157.2868073668137 791.6176432658464
782.7048523054077 885.5958549223726 686.5744192207202
1439.4901512172528 871.6286008925925 998.8113266118875
1017.3817618437147 654.4860346555538 10.301292585824406
1485.6913939908131 1415.1168756621396 1491.196767201337
901.6698825030196 953.5351110775414 509.6786092874982
1228.2363921093315 780.9200239703056 24.585131273225812
674.012462222166 605.9950621561903 966.0321854751987
986.4549284764155 1326.5593922880262 832.436785349615
1085.8661929255168 785.9553796295618 676.1634030000072
889.7254683470054 868.6200364631702 1257.5985921782878
1163.7893642773952 816.1854913394886 1384.4407190183897
938.729681490214 785.930844659139 599.0267349997164
1316.1963200390478 666.9383685443763 1473.4633335289361
1007.5133996461224 1083.2625929063004 520.6431386810011
1254.8342460038155 1034.6886933426542 641.145579000773
1050.0483039236667 626.4542071914334 880.1605034798487
1240.9472526932675 613.8221001662337 775.9390773983189
1080.9279303486194 810.0997370955758 352.96843287509853
793.9779042479208 1426.527664216586 50.807124700530615
848.241481107774 1144.5206670929806 26.082576111433998
972.7278777464519 1231.9173946686544 121.61237853607759
1250.7395345047537 625.4746872368055 1378.4378221650743
1142.8267895132976 1033.4927416255669 669.5129317059576
520.5391278545605 547.5995469360497 644.4034590870122
397.15183074837773 885.0260340374224 1404.8624606599064
882.5773639723957 1289.9309479060764 994.0477706333452
884.87560755652 764.0630958636059 372.5261403532541
1000.0070356086799 1130.677117602753 488.3924377172187
641.6640767372602 1107.209759622948 1311.8036516515406
1004.4927068914614 637.3196988615846 8.88073566110692
823.970874516488 726.6419156786869 201.26267295536576
709.9800860688426 643.7889703147832 485.98592777700225
1266.185273076219 880.1872012713723 1028.6978330410939
858.3094977186008 1131.047663236199 480.4100874651467
674.2934648833298 642.4143194585154 1385.7059375009992
706.377487384255 1339.2296642817023 289.5101565400086
1285.5113176294324 863.6941429680177 561.9460251253256
790.5214263377237 562.3863341511236 992.630726655474
857.2672644947037 742.6752724080718 1029.4161491157622
940.6937789219903 786.8938615916546 1156.9494758316089
874.7773872367283 1274.335652832646 274.4471990360998
747.4489662495276 871.5171804720039 708.4540656068477
911.208151179274 1000.0607523593441 1102.24162785932
690.7082454921209 827.7732679515457 1270.3176888337644
378.3638386518086 1027.8521709441552 172.83257834771132
592.8537378177773 1067.0785589593338 822.3076422148408
1089.1546796531002 872.9235226923537 1489.9128063777466
954.89018784471 867.5253322115566 948.967696238345
1356.1961004684872 1170.017760433291 198.4476001608559
668.5262760397595 1211.0112674933096 676.08181307774
911.7997929723475 964.918860750112 64.56090825958749
1215.485168376087 869.0955188878963 1285.9685160801075
1195.2416936442967 1785.5529597780605 82.73361863666639
1002.9698626497433 1167.159945611732 1234.7313387897864
517.8037758580612 858.9674520078781 954.0577409967951
825.7729197115956 998.783690419237 1010.6689805198299
769.5717497248227 1064.6134816367191 353.7620064034561
781.5958962615955 823.1652869348986 1208.239851099763
1120.8394719940345 1071.693676608978 1305.797288264212
1293.406729502462 597.6635228039552 39.08613488220497
1284.0518942426756 862.9533531376911 861.5803816707468
1238.5520045085325 1224.9582008905963 644.9982722256143
1101.733589878778 955.0098455741166 339.34539127926473
1330.2417138907856 882.1298811708585 1108.0232981201054
1220.7022963666122 1429.7801597867206 1051.3108829873836
929.3758319544816 1519.3191127622595 313.570913950902
1382.6616173308594 1447.181732891673 1300.392898530728
1040.0833073011656 1118.1562169442727 228.5564373792295
463.8270500040244 645.4666482421399 732.8999153503081
888.7655950534737 1173.6347062790674 875.9733540107164
1553.237279308785 1123.6218661434486 914.4999691437873
811.1061564516083 1153.7112932116297 309.15976856052043
947.6272208542164 1389.83355055809 794.8980410876283
1720.9888289075457 762.3780299484401 340.6975969632427
828.7755373691764 1665.5173378057993 90.86079039816214
1166.1344978643695 1239.0587368081542 226.58441013111653
862.9030053260954 1092.2709654330472 955.4836603837285
1165.6018328342752 1378.1281128894389 916.4245869272241
791.8971628932958 752.4688240389088 925.8728378050522
808.3173358224351 1127.8725118273815 352.2680258573694
787.9736488509118 1003.288961401122 1466.9932212763108
1105.2143787245095 959.7650276119589 1427.2220955346147
853.6602565175357 1156.5815938412939 149.43253776403415
1192.0447335975316 715.7488390943552 1402.3495891790271
877.869628242909 837.933366007095 1184.0083729795751
1093.0103567030496 1309.5163147907501 209.7734969517965
1035.1443373047769 942.9610441972826 58.627924405859346
1092.9958923256054 1216.8325271569754 1352.0798116919825
879.0168610909266 987.6244055683048 1303.8475962904265
839.473232427828 1072.1891515488076 489.38724433957617
1415.9150504161607 1012.8740750441432 524.739911484334
1063.28427910464 967.0505732937356 541.7155959776665
1103.532180997759 885.7135786087655 117.34512882674913
875.4300797019757 999.8305701537663 667.5950318868458
1213.8463495724354 714.4925182665995 602.8354257623631
1055.9621667835738 1438.3703388837166 272.71690919406456
874.8033067466414 868.9316617311365 515.6616228868155
451.703790172945 1271.4738979248348 1441.1168131686575
1669.295554553757 1179.818762095457 863.0919488355263
1182.5143117209855 1366.4117300373546 460.1648862823388
1442.7476409509786 853.7896121665483 1250.2680543335675
713.1863231719392 1040.477787062616 924.6934909897246
581.0714963430639 919.2853748607885 1000.6130318822555
665.7826070372282 912.8730439568857 620.781964202524
1321.695103064241 945.953502978013 844.0643453868332
797.2499941410636 828.1666002483132 993.4945510007262
1226.043037965943 1079.1239332063744 796.9138861721906
1176.2300966883367 1085.845110797746 337.45638150649523
909.1969068913306 913.0412486919492 1167.8707167925027
607.2384006421054 989.3760535699616 780.3964332465101
1040.563483153754 1033.1144711252302 1087.5892728195986
1513.2005958976258 1051.845924017751 1462.2674545664354
825.6116559447225 1194.2061739872318 866.3705623675899
1314.1103904891631 806.9574247122239 1483.5236462466846
942.0411314350831 574.7915356123569 946.4821512122122
1376.9932482083823 1112.3602895971367 450.7235897313861
742.2414435983989 1555.1626527244655 1222.5897752088806
941.6011119189307 750.9195246136081 464.8642736448002
1112.1245594537975 745.2065092968963 1307.0002497388205
755.0527100895881 1105.079685499178 1463.5308509862907
834.2194089394919 1442.2369592770208 1036.853791270206
982.1358457341199 1001.7638139967058 1461.9497999217165
935.0313304613741 858.7117205305457 180.5572077769454
565.7711381505874 1071.9875466216824 1102.241418716762
620.2122807805379 1424.7010330365824 1447.0076019738124
873.188892354063 1243.889000655292 1378.2049959493274
973.8686149491149 802.9595823175773 252.9656361347586
1508.0707617594426 460.61932961202785 915.0077601430688
947.5339207957505 960.5503897348523 1059.8021892671998
1015.3793660817105 893.8524006555933 1190.7526396486421
1103.2501727319177 665.3200350804029 692.3111265212159
695.9671045649029 925.6998604875163 1256.9212953188517
1449.2948628938761 943.9109193314583 1172.0221123163512
860.9410723718896 1197.2302698043072 892.650568509293
704.7046466561225 878.000234930249 795.7210993720219
829.077244396884 896.2414348619799 885.3971958307877
940.0451717985336 1194.2717596150844 594.1762282894541
1362.374559613916 1024.4785933669073 336.13673610278755
959.5240877112639 1423.6815911931685 1203.594835756247
503.74519857216615 788.3275484752498 478.7883439945714
1205.215451856757 648.4843608839374 161.6737471243486
1014.227688515964 983.2131279913787 403.73481000590044
578.1397558215111 1325.9473895192687 430.9205174760836
1203.0266137570172 894.5195242745452 611.6674521398312
480.3593338009065 1107.962181296496 155.99953239681213
1071.9312122413678 1177.887398170356 1388.4219690529194
907.4955784876274 1312.0481733840911 463.36353348952446
1320.2179184096635 545.2861273605813 439.09428983879104
887.8285610417872 973.9153040089657 1162.695970267748
880.7509141732855 838.1380781764503 1425.2188039773016
984.3760970684257 1364.6806976304033 11.539668726429419
1151.7927574995724 913.5777255623998 1462.813824478513
665.5027667981233 754.3271156763419 164.80244501787382
834.1224560168473 1114.86938796045 1287.2096288281407
453.1905235220836 1052.5097587768016 1218.6703759555967
1141.9783112458772 1034.0249980348765 1212.6997848765616
1163.4206317564526 1323.3838499239523 989.0108191829225
709.9935083989218 1047.868269073482 453.8522973271588
519.6149566564028 1044.7281645957523 981.6134301361598
890.8940204815701 695.4648047760331 1002.8461550192441
935.5859081704074 972.0664801358852 695.5533123042864
664.8900521493231 1014.1345237738656 569.8291680852523
666.9202673004825 791.0660844163981 250.9728106578849
1451.7187368940292 1082.0669438431191 1221.2445411288384
616.3142936450154 791.7166018574521 797.1261387722996
984.3576265406895 670.3389035308262 657.4880248393173
1469.655811815031 1250.7786952946756 917.3546417836578
1068.7723402010777 996.4819480398626 1464.5307999105696
1049.4136104563427 947.6752112628628 910.5280978798135
658.3797262032763 1391.7176487025476 994.5143161658016
996.5813643669413 969.9416979607062 7.474257684451979
769.319811401674 991.369810459046 666.2187337329364
1344.868970160118 946.0772001223037 1161.0423070756842
1091.9533224577158 1273.22062987087 1163.0758457300517
377.50737708385896 1371.6616425031607 1441.681804490727
595.8770867008716 844.1547469050403 76.89850335172704
808.8499371491444 836.1126812294801 784.849811151538
871.0166350827702 886.3026874157504 448.4508598430112
1138.2044937758515 693.473543431666 405.6732564624666
758.5895236180994 1033.0782578557196 193.14709790732488
1522.5730645144968 912.5876603910358 1133.0367550894853
1115.9303338390193 882.5208242090896 304.8218153938671
730.8411628104338 1141.6269296664786 416.5844110072967
1303.3030301577064 1259.2401235082543 536.4725873289302
743.6747461383495 582.6329955918798 242.1710492392809
1142.4259701602962 751.7363709380859 1119.308445822441
1238.2960451222616 915.4258378217198 929.897668868115
893.6485425432717 1100.9813854679633 616.7752341123544
1093.0209016252904 1273.9757144279672 1268.6105450846387
1152.2587300110322 815.1276509964546 1018.3630993452326
1159.747588134741 863.6340923679343 202.93530866303084
1050.9566361142236 873.5318056282717 812.3151552877479
1268.1667461869943 1123.6916413154725 1406.856030505641
1029.5855692650114 656.631201917336 394.6434777330951
1305.429643511028 1356.3929937313242 866.8505192995801
907.3365477212011 878.4608212352018 904.6650679446028
722.3907535418446 1141.6236825687415 373.5557881449682
572.673647718023 1321.1733287540121 75.39862439149874
963.9625666218864 1121.2179322291793 1046.3619463341415
1204.777254431007 1172.607051112444 882.2282052188311
1135.7552559736052 998.269885538752 732.9989184904354
1231.2994428379143 521.4009110656734 970.1047038891488
1181.983774667464 1673.1140859788861 1305.4657801999917
884.5383558784248 1109.5171464001037 1215.0872568346317
689.9476525470748 1056.5432648410415 1000.4215871474571
1102.190119713133 702.7058850897813 394.1921216500125
1092.3210481796843 1369.4763880507128 398.5315642431799
1648.844452943092 907.5760330061248 1225.4523267514649
1137.474467710857 1384.4442897560798 233.73483514011272
1110.8176132074946 737.9012937533482 565.1495636884943
952.1256654861612 1093.9580510373794 1083.0709441350184
784.8272992019032 1022.8790254667285 1264.0351707277473
595.6573921816467 1252.3896757831153 694.3671255401463
1201.3725678747899 741.1307269648773 1486.17609055297
644.2685871261785 1172.9017017572573 1490.6450821367096
1061.354195379925 1371.2639172805175 820.7198443441928
1061.88652426355 1147.9554917911264 46.756789893381224
1226.3052633543539 671.8778932414076 1228.1575682978905
826.1829997842383 1083.1078068094782 1403.5686462256024
931.3197976975794 1537.207428872296 678.7785155506524
1330.732936987905 918.361977771967 508.9513357441054
889.7301299367111 1132.1900007707263 696.2690454267256
590.2049138054301 1003.5448629262302 1440.876203889287
1083.1710311644547 1115.6928276847877 81.55194224806789
783.4026583333524 793.825455920771 1255.3441483201152
1138.4977402212253 1481.0909141633035 791.0995057281095
1223.4552294037544 700.7904549774368 1148.4115715086616
741.163788221302 1066.934225206125 1431.2624708515132
636.0883905895522 1113.1092965589003 1119.9794635544026
1051.9382395472237 980.2934433035412 1255.3704646886831
1095.2864953906098 1093.2347047465926 36.15687783531146
1286.889292000754 857.0365600434657 1444.0539324573915
660.9438154424195 1270.8516267327407 787.8414399986664
1005.8733723177555 500.25230339461933 835.0055081687688
846.6025660780746 1053.2489410984724 63.874796510000444
994.9630405076847 1462.9306997234714 1026.1594848333928
947.4675778259979 943.5384932162145 103.50778961227248
969.9554637880742 812.3862280466082 158.76129331335832
817.6671160279195 1179.9061192240326 1152.2894342585757
1122.8747072197625 838.9817431626382 1495.877591236502
700.0107805189385 746.4124048891532 669.4088073763517
1014.7089841024754 896.2094305164148 1200.9335203564915
1004.5355015531467 1173.8564126639449 1273.9910173420017
832.8456884091909 1117.1512560512272 768.1279241910438
896.9671439979941 1212.758467146888 1371.0975703595893
800.6950912707284 923.203393315363 205.3661778004533
1246.7568221912475 1038.0338653249348 132.54518206839822
1136.6758068143433 1197.43316786473 1438.4106032598863
890.9714134606871 1102.3737050620985 779.1268851455238
781.398074799769 871.6121978104662 379.0550200383609
1140.0251708625972 1129.9573237254813 1224.5060668147564
1191.3641689169112 1287.8832614431076 1407.763301605807
1158.774315623348 1092.4265013570543 305.46576790017923
1056.0636412892213 1515.3336872166135 189.61779512529992
789.4310870910163 898.1734812007894 623.7617033632613
928.789637473815 968.2856782941312 96.64858906855866
1052.6825695727148 999.1354554133806 494.6580545795788
943.0399372896467 763.2446213856732 209.51502699628054
1117.3290962363872 967.3421205632623 784.2630282030275
870.8967212401617 579.351124697814 313.21695976495124
932.8766247097905 1211.1520631664096 380.37742806440946
1142.608943746304 1125.6287431745202 34.849722678161164
1187.1299551341465 934.4462849742255 1181.599077493654
602.7057953477178 707.9032217468628 810.2096907919693
923.0612135705437 572.3220363709478 1180.8847365123072
1019.9311172995264 1153.5134327522494 876.2423012213129
1173.029941249728 943.850012771617 955.9000264690659
770.2783626392479 646.0103100388633 932.2036636215672
833.5781715157377 975.2232052908408 1152.8652610913853
621.0882702886752 1012.9871532918482 1353.0537570948459
618.1297873199817 290.87236624388174 700.3161408710782
886.5731793480861 991.0716490483649 899.2006973079606
794.3245215633683 727.9590896800244 1154.141578547862
993.9363875054961 842.0819828940473 600.568710663179
603.5279821405554 698.7127415666946 558.4964840860957
901.074115384493 996.1693831665442 956.7643363943805
711.1226869404255 994.9504475714581 679.0685664077683
1106.9360752099224 773.7957364365462 145.69252195120174
926.5468040530238 1131.9258528200546 69.07629407525917
1285.8623690763068 1065.378552813936 18.19434761786798
1133.4529770984266 674.6079427352279 1446.2726624540371
847.9095952936144 1312.6857432413428 824.0238354186101
1046.3000386130807 1006.9121646259196 754.9853043875825
1192.2657335409667 728.2022881708326 400.57541833709564
1296.8279797140708 799.6655866782202 129.5653627953907
939.5086724264913 763.0677532873766 1059.3242249725108
1208.7125049172294 1074.9500259444333 938.8071254870964
899.5315671688296 1186.075040344452 75.10513209541553
841.7408200973296 957.3464192738237 720.5704394674432
1238.4828761241615 967.9679578498722 613.039077712007
1432.3434764610743 741.2694001349485 1379.6001797885815
1372.228638458615 767.32277854957 1168.3157403795194
904.8400299467828 1181.9822039943938 258.0376234802908
1029.3093251179168 1002.0063532156113 1057.4693000169227
926.8490029562201 1327.7425839008624 569.1922905786403
1069.6010239016555 1081.2792963240051 733.5281171816165
899.6077286503785 739.0060914106227 653.8305889405669
1078.7025726847276 1058.2563939079716 178.72460570208682
396.8422304992939 979.7034655992534 131.36334167636838
1227.9200642309904 746.067773871726 385.4590601974911
1025.75951486665 1126.4581222700178 640.8342794707283
1080.814546374694 642.8922794217942 269.40520899852083
1385.6096907059552 1404.088328101018 868.1964244914365
1084.9720209614927 1039.161118044252 784.2672556157021
1248.4255923209128 741.1723249396217 10.831437286519307
1226.687704843678 1429.7052458287837 369.83962393147135
983.7980512132838 1223.8253740741654 817.6086389074686
1221.2608881947046 1148.5509625189022 1419.99435909446
1029.158736757292 1085.912340324033 1065.994709041603
1050.5501616186307 882.6274053855495 704.4353478938525
858.3907904781071 839.0118594748296 1008.3268362826035
841.4566334824923 969.25320333089 839.972527407313
865.4664571882433 974.3722194583196 718.2557147862541
1271.5947647254086 992.6185508663182 695.4252624563658
908.2358495285116 1090.0350356138053 397.80444783517385
1047.8292403749322 897.5964424707156 1119.5564749149141
869.4095692544632 991.4934593867756 209.92630392858996
1264.6287179302612 1395.8594422969704 914.1721667188485
1285.1635320319701 1288.5639065525702 636.6342059854919
894.3958554413375 851.081456985613 911.9093698902997
810.420224492949 1172.1091408716425 547.9094567663576
791.1800198589476 863.6975950271935 12.422685785536236
350.1378261314943 1291.7144516252943 744.6807698083559
1173.7561076452816 1029.2786833800117 536.843055573302
801.723670829155 1007.2651047945753 597.0102577346134
483.6310481537877 1127.122898721685 420.07835337990315
543.5035950872164 995.9136576606884 899.5818306789782
1371.853611486937 1100.1858327854393 959.5734825113976
800.6854159829361 404.01346506782113 658.301630667506
755.4112960206926 883.6280069226648 641.3152295879074
1041.979616851797 758.8952479361596 390.4657996414806
1134.9992703892901 701.7102188916207 994.2867009251454
1293.6480306891885 1277.1009109066824 490.63901703582195
798.223280151903 713.0201753006711 370.9989061276704
1191.9683740270057 1027.6435311484927 244.17143648920964
470.9165147540291 906.7021057916573 140.81979613879088
666.3607877286269 1351.6506222373973 844.2310616228422
1044.3585923623516 1353.6038541665998 856.4392711090887
1457.5087386713697 1327.7886767827335 1334.1153818886153
1558.476808427361 1095.052349559353 112.54041845487744
965.9439268706681 1071.198682486417 553.3887235747959
708.3048000199758 685.3716718960987 528.0830287479262
1387.7543651256135 977.1750305433669 1457.4400854237272
745.8913036313052 657.2008743988131 773.7172550061376
1112.053714475849 944.0345843449066 624.1579253459437
683.2677109936949 1229.1454679120893 1294.1497937151637
906.7736914186044 1215.7410494730648 956.1747814714778
1063.7177558523215 828.4848076561756 416.57008073356303
902.3670168421174 1168.57706115698 1439.1302939447578
1067.8543126313134 1103.533862390766 590.5190540874418
792.0281514161663 520.2427127762107 1420.3727692035548
676.3055719331524 1186.4372449298448 236.00606200120666
879.9357342217122 1124.254357789576 455.8769812829754
599.6549851074556 980.2459280593768 493.5233027823102
913.4570957483189 732.4269122728203 1344.9594289435302
1309.4261549092969 741.4877251600352 1135.9121817059033
549.798219179942 972.0479910517333 828.1900762011218
858.9902948625884 964.6762237807839 1271.0326374007955
746.7475945577671 963.7601926799422 1137.2721552208282
1195.9129882127063 810.8252202617662 702.2534489921002
1152.86383741104 954.2762636807265 185.08819953230193
1127.1141490491 1198.242002935905 991.445394523453
989.7347986162771 1048.174693859505 1324.8086609156546
752.8829975630711 1601.4176061748813 1459.758362453722
391.2516833264749 668.3314715669687 1326.7077414327157
1421.4919696785864 1306.518491189632 1256.2540779051094
1213.2167720919697 945.4380610143318 1256.4845603092
704.6012251311798 747.5482712119682 1352.4205335017982
1053.1420590903388 1070.7994644140954 1243.406671689706
879.6742482581087 1423.43626435659 865.1293633564175
1027.0965397548243 313.2501425476037 935.4941339939087
1393.9162715605905 1069.1115870540327 126.52909500117721
960.4915332450063 713.919370364953 696.490843476806
1571.888617675239 889.8914985538893 226.14121899553018
1338.8945711254748 1577.6941439881657 748.2146974306569
1115.1079905394115 884.8408917357277 230.42307195074503
1201.2323841611835 921.4917852410532 959.3613585184171
1041.7514940204094 1005.6447994994912 231.2750629027042
1014.379550286188 1212.0858406693055 1276.740394348702
1323.051583415605 875.9522342072457 533.5052401406298
1302.4839408245937 1121.7383117623517 782.6878857364143
735.6485519110223 787.9813220804181 796.4531235213973
428.8650815709991 901.6670655563834 657.6424538862541
952.6789547948068 661.8927911111916 1090.7184490564503
1125.1861742106305 712.3483419679359 166.9217617052436
1077.337301723652 808.7702587094366 1347.8428178666484
1313.219459524432 1094.7851790255006 1221.6302655465781
1045.8534430357176 816.5582794942925 146.7483143513162
610.6503398438504 1228.150066013258 18.886401587460078
681.8319411209484 1007.6010728518872 1299.7661431916797
1259.1879160111166 688.48705180773 1012.3813872314222
623.0082864849187 1096.3216778866959 1453.716323620183
754.8496168546362 328.9119221766275 1204.3179127412318
1263.0349431982904 721.7426868878144 483.3968631317494
753.2238858124454 875.4265475393132 1317.91328074171
1119.931197498603 1161.6840688731331 125.70633515894342
860.1624152669428 1195.0825776684337 1291.2230348257606
903.1584116312416 1120.9565630160878 256.2779446317973
870.2949487538339 1103.3488981736298 43.49000243267803
940.1875239324361 710.178913749772 671.5897470282757
1298.9702803100658 779.5865522856355 1058.8055344693812
858.8587536385663 1321.4124786349319 1019.0320963274845
1250.181536643241 758.1573654101461 769.8184256360646
1227.6375593625146 1059.1570251798819 72.46568281559901
986.25634289606 1271.141728453824 775.3177827168396
680.5415440808988 908.7828223931267 596.5271711478571
1044.6935565247197 868.2481504750798 70.22584703603158
818.7695452903873 1338.305561468448 760.5748471812049
948.2599812214959 191.730635110579 768.1044089470666
1260.6884569680803 772.9169328547841 682.6918100686487
1111.398688608363 972.9565127343576 527.0232093523641
1350.9288964551527 1039.2055543346733 674.0275552211926
1056.7153029329816 1164.0499989972693 1364.512593357344
1117.231061472718 807.600875143625 601.942463517303
1241.1601784748973 1025.457934509009 243.29599594531172
1288.0657867946636 1404.9779696965754 1230.5439566423458
1130.6095679471005 683.4343708866131 413.4589464376754
755.945176043095 1073.6909450910864 725.9123127825392
705.9880970452687 689.5050807276446 830.2452410151068
1243.4811161333187 1178.2019570726222 933.3448885815673
1719.5548886794518 692.6949880528288 1333.981987668473
368.7207723648694 990.5878694419872 1375.3271185514716
1293.1730797986881 1041.136333786773 58.824657464415786
1292.540929420364 865.8714672100308 86.49845816604795
940.6096127161217 986.6913846210717 1383.5873512402034
1217.5567142863308 976.9513924602159 127.34663551289505
677.692020084685 833.3314413027116 309.2864699706587
1144.7839349490414 909.5489335733422 1049.330383838248
1197.4889115643657 1082.1196351670546 125.69808260573761
1056.8013033665477 1316.9809672094302 511.9290268720496
1036.4503715861097 1283.6303025470736 1021.7597534437487
1004.9105595692076 1139.8012075509423 1008.2367512191774
1006.6797048038653 1505.7616658159898 258.13846301329954
1073.255563745785 1020.0110380490295 1395.7523472434018
1314.8502689518348 820.7558352976718 926.0362906886568
1143.7309348526783 845.6226357390101 404.2126672680508
972.7134826517349 740.9680792273562 831.760339280613
535.2768764996188 571.9913047678986 776.7574101147687
934.9826700396153 891.7392847017971 863.4523275083484
731.7284818737629 672.5368735491704 220.5876628063322
973.7592682182599 978.5798695430667 937.3785689820195
1219.1375729484305 623.6828585870016 827.6633564012118
931.0674598054917 835.5872933355688 1200.746068769864
792.7385358402616 1023.0698450835374 84.48455725947201
1211.0895736858001 945.0843941660718 758.9788401158631
1371.4170999905064 651.748195295303 702.4464987149372
1360.6239640190456 1307.9386679171398 457.44341694325385
826.0097100069709 1681.121006691666 1063.5852233327066
760.2212455076339 1174.1206351963515 1437.5521292286342
682.6685389752852 1251.2746310348932 125.17572067805594
782.9377396766112 1102.6431060199109 1462.9708839080795
1139.1889118461131 921.5729394943862 491.30674939509765
963.1381440878372 796.4583737576831 360.2041077706281
848.2975962251465 781.1249214549459 392.24795217595425
1036.690598544937 1256.3996212320749 1254.9691860949113
515.8097449781712 1463.2834893282331 532.4207516859974
1137.5094170610694 875.7599178434203 593.4115926444921
1102.4379787287448 1110.3761655043559 238.18766158839765
996.5164120959871 1157.0314354928785 634.769652830867
968.0882317847579 1340.6199131051603 1418.9387699988042
1222.0669443296763 1269.8063680595058 300.65797924332844
811.1047778436857 953.2394321186512 909.8151714464968
1197.0094278006281 861.7650848946785 1189.2319065465072
1212.6793439401886 995.8305173269468 1234.1521606135227
1108.8574855686777 1374.5323774685216 1155.039392730705
1067.3449950437382 1061.4023412114486 851.7369190089298
1304.6167573360403 1207.381717943921 429.08919104356147
940.6046191311121 1159.8330308958866 900.5674580531419
1350.6567205460863 1252.5286726104687 1288.5943180778986
892.2924119082784 990.5379948720406 1300.6893625522962
1137.1726869220865 1242.0425281818355 894.9670446118446
1393.418002090853 1032.0874044113027 327.0348077300546
890.4593412525634 1335.9366252130412 948.4128508303913
1096.9421701907336 1003.2406891544249 963.7693784054125
1279.458530210913 926.2481548783958 1361.8112689394516
798.0663489396329 1197.3580507266365 1000.1869485773003
1369.974749391673 888.959306293953 595.980382924223
812.7096600160583 750.6084638104701 237.4689998238404
1301.1009304240456 1317.438148973158 1407.2748971557073
1169.4647197166714 1096.545053185035 1393.710746874238
454.7818056641721 1339.4987401667913 234.0434139188133
974.0808358168505 1235.8911714846802 1171.1833939510866
864.3567168607298 940.9698346232233 973.3587381916042
1501.706737277364 1070.6819729066876 1101.837978672161
900.0385405850637 1031.8423553031932 517.3051323159725
1215.8159917215864 1096.517855479696 365.37861629695095
581.4075167215584 1077.3286138559213 197.64392813692555
679.1258975170135 1287.3498529444364 274.9594435405359
853.1721346586894 1019.5681952219985 879.5591039568791
1383.6283692520722 1139.363916614429 31.991551006890496
850.0987885271475 1171.6910700169667 1164.4425034733858
1295.501853226973 870.1720087780475 50.570059193832726
1281.8353367662999 1453.2647022086571 1179.7272871182233
708.6992239829747 853.6026482628724 1125.9580469313141
789.2224551710467 965.1399263631686 670.4142315051791
1261.0678165788395 1184.2031803841326 923.5401228227679
957.1213038177984 1333.329912128721 734.0912020653967
1041.7531198585236 1062.1832440875673 276.0388243926835
880.5892078337998 1210.6339124997594 314.1190736696186
1280.5186655330788 1160.0159060541664 992.5783693211379
1005.5940178573172 1164.3876740370263 124.7663819796897
797.0482838410244 804.4018460610537 1079.2791009231355
701.5307173681283 934.0362771095806 1127.7947718571754
1087.8234834249267 1078.562098835703 572.1019170198988
1263.6527038758898 975.9297134524488 892.9149761896072
