1000
1169.930891402233 686.3982436719243 955.9528759998587
956.5492159107584 1018.0207994757172 1133.4106653914232
1393.1366722926614 1185.043055158991 1114.686592485092
1229.541895274325 1094.2561656808125 843.1212264769698
833.0108311149701 625.2587683034599 697.2564676953713
922.9903149270546 1466.7310685351245 1333.659245109646
941.5832051253923 998.366231932401 580.1228152516405
577.7342489023001 788.7593887289684 1116.356857924078
817.3141544243459 815.6128601823422 840.8162570087077
697.4937454177557 1129.4121498745894 1121.0768447491764
802.683984110859 736.6539758359465 362.45173931532383
950.976415266457 1302.890153793994 432.79811317675967
1207.8807510679217 784.8989689463859 1138.92594012976
1312.857394770912 925.3523550394343 558.8641127141677
1096.0276927716773 649.9200413147455 179.6330809108815
1248.4715096370546 785.9395981526457 534.41642928295
986.9935701868596 1093.591138002557 1024.1478019837916
1200.1090773726942 945.8349805642328 886.7622009979186
1265.2936853794147 722.4375273156062 785.3757426254867
1180.530449452891 1278.0480467656907 106.40195569072264
778.8049138733485 1007.2112381757611 963.3929552453833
1109.4002206774394 700.9375335013959 303.2246158669499
1141.1815489435999 1300.7629813673004 1393.23432384997
629.5915795110307 945.7351381310983 1132.0684421395333
863.5291165204554 979.9739847667435 630.8799969442109
845.4275749439622 1283.5587864965692 1310.8951861859662
1215.6629230956084 1218.6231759760399 440.4264523592102
1267.6990255452629 1060.5634391768715 367.58235193395575
1258.8911968471857 835.7817372616188 276.77424998856554
675.7312843833668 1177.2935167877722 1374.887510633107
1285.0329657980974 1199.9980779030527 707.7564266821405
863.4550596742488 1092.3785916958886 341.7323013716428
1064.9076893812085 977.7716889625821 130.90991554735442
1001.6179720184301 936.4266466116085 707.2873815539025
826.0543941400467 804.5838350971903 1416.779987817208
841.7072884215612 1041.1922784562335 1203.5948378138555
1162.8602546233071 985.5438158988542 137.10211448375463
847.1309257907789 1303.9619501123698 551.6175204203935
593.7322717486113 1054.134980590773 268.5121419200798
1255.0805630265536 1051.7119341066548 1259.8237714576512
902.6385877332489 1314.6578420335227 232.15977537082523
1291.7174037162647 1435.3620444385763 1368.4322910850021
610.3319662318236 1586.7479930119737 869.7194195192187
963.5499868882108 1303.8840763898836 62.713695899776546
1224.4995984003845 1018.9298559432021 575.1135643030932
812.2154310023121 828.1871434729356 1246.413440805097
976.2452909893408 1217.2270522579447 360.9311434255775
969.2900614436427 552.1732499156583 559.1827876876667
1234.9173085360585 1020.9480499446353 54.392694334796374
1498.751479675761 1166.503002779415 1493.1299351322532
1118.1056698846214 1118.9801088621941 969.0065838550415
1339.152109939431 1047.0709540240423 722.509873397294
1257.4138943279327 1120.0131421808026 1009.411379803631
1096.3509521164283 944.954365510249 137.16989742091346
1346.1798227546788 770.7543297243541 668.0749930834878
1117.0357635674843 908.7959055094444 1245.9024249425247
842.9095366804071 1330.7159045518877 484.20841052310743
1017.6184091733332 630.1840195419045 1437.1616434206883
1149.3099002565352 1011.2052252801201 294.04480510738233
1405.7242601730688 1099.9228581304064 308.4101235061947
858.4758621852005 692.2537079773346 1217.434072534109
994.2995685153144 852.3596887856107 31.64113213633446
1164.7233411501663 1265.8919006251494 137.58893808417116
1036.1323585124094 1281.2667476363627 109.84362331661707
957.6264430752284 1115.9545964315132 822.1335683842045
930.58804622578 1580.1342015799319 395.6727888026748
860.4370235692959 1196.7233333577676 1289.0098942966974
1028.131701203273 652.3420104616829 954.9292844178041
753.584455321638 1082.3014120456774 569.3009010042848
1240.454965260697 835.6607722291034 1093.7773391416247
1057.791765746245 991.3924359495239 313.9328424148193
739.9558527970026 651.4341416125079 1085.5445163493769
597.6558873409246 567.2117593592371 1155.408809801379
1220.9136457121922 862.9467634002457 616.6610833736171
694.7053398947298 663.515300814631 800.6377110314014
1161.0619839817748 1189.3070716925392 1181.568308938419
870.3961801193087 1105.6174572777597 58.77309237756917
1030.3650165482727 1124.477513758807 944.2836001072866
1226.5641692054583 983.2477292220683 1055.0374229591866
1098.308334542719 894.0090096584818 45.865644863071985
1222.2716852137446 1170.4579613135986 275.23054656805635
1191.8908453532906 1085.9319884877636 901.5698412235793
1039.8329901855336 1615.9847681189744 983.6529186179074
779.7209102464606 848.3286266508593 646.3093767141988
1250.1772357117977 1214.3566503041757 1147.2426942291845
1181.642662414583 1089.9054178040278 1294.522827779566
1076.6284122753088 879.072616496389 991.3539306110125
1191.6136916311152 674.9095343533086 1239.5320929791944
888.5487540930426 1047.2351850498437 436.0866448782924
765.1698046220125 1399.3888466705694 916.2049056740963
779.5268576474414 1014.739097849819 690.620873796723
950.7456948129548 597.7851947073191 275.0137419930167
1005.0392087783234 992.3358417411129 347.30778219556834
924.7784073109503 912.5382764262991 1226.2865684135681
1180.1236873406995 756.8014027245886 1038.2582210878877
1208.2563195051139 1321.8636279918537 440.32033969338704
1193.044240762245 903.7542450591111 483.3677987959688
1247.3478382559695 841.0693874312224 302.49938762460425
947.8973275515955 704.1943235638075 1277.7237260683564
1328.5821043183087 1277.1124079464425 595.0519597421596
953.313387261513 1035.6497445937828 273.62896475082897
483.7183296249325 859.3654378968116 492.40192384121224
970.1454712772609 742.280669070158 1450.5807781956112
660.839251641364 947.6809629881836 648.4123193228455
1350.416752752961 1094.8002974779147 595.051541732732
599.6929874584991 841.615544160429 530.593735136387
730.1381768008154 937.9881487557388 291.25756383146654
653.8221493185893 327.41001550578176 1180.8143934492023
904.2574615620267 1595.9366169792447 450.99269930898174
835.3245183802893 1210.5663212653071 1406.6923162931578
1000.4463853807173 782.6421520952232 25.409560534798203
735.2062164479457 788.4029943858694 930.7567153428075
1115.1501882802977 552.7427439361857 431.793029679201
1257.543867404728 1031.655795412805 765.1312745308612
1059.333015511722 749.1573784613944 238.8961492084397
656.4012761669387 1038.0346958574523 623.2903552905506
1797.2083375809184 918.5557174827194 412.98455748119227
968.0843596011802 935.7815460213665 676.7284242044573
1216.1574746171673 1449.0652012401017 1174.821187992795
990.5158727299386 889.6371017951722 202.5642991316584
957.1125876803737 1175.9109719231674 817.8760289744337
947.7303892620731 886.0425602057069 120.80305696667382
872.8140719306093 1236.7458668697298 1048.5001452762742
1003.7091570813706 1033.4089656470992 573.0977813943168
1124.9687426206747 674.3843465412565 749.7614924219488
807.9101387090487 795.7149545031338 275.06756897794634
1281.7490476940154 751.2554762216546 973.062570860871
1323.4973225222166 997.5954355040968 803.7770445803258
749.5474140489778 564.3023331236562 1413.9434757133133
1098.9496924777907 936.6090035847748 30.891603731361407
888.7635497348606 1212.4925627785356 734.8053372844206
1086.4081893217863 1077.7779537701547 242.25396852457294
1445.8405706998778 750.2531931455921 1263.0289969242242
849.54339633064 774.4797741957425 948.6491615703079
764.2347216640128 1002.5866252719081 353.9310767329786
686.653630317749 1008.0555971314642 1407.9065788351093
1328.908810503682 1090.456604362978 60.829782183040194
858.5610201070931 1066.4449337734106 112.14232840225341
305.20443669793406 698.4406150184554 594.3799528712995
912.9201941159654 1005.9579889995246 237.06600921681192
823.3327377447209 768.5560046374841 186.25897069814644
1279.776407222304 1143.6317666065345 643.4714390748944
1194.146450045068 974.625997648743 30.312827734408685
958.8737952406327 1321.1968912531408 997.3696194068527
1190.3217959798228 1013.4807264563717 34.200641571896675
1326.715353664537 642.9035400102326 1303.0000804772935
1201.7211329810466 964.3641289744905 1008.873398658587
1088.069776710001 989.9872350763247 893.4063294884884
969.3219102996555 1300.0798411522755 528.3617987132195
639.0467421405014 1098.189387857874 8.966381602812934
1183.3946173378852 759.5105943280504 17.57375693541563
988.4500652883426 1114.2388057591877 113.75387582326796
902.6405203470727 980.1972282877534 702.7104509707954
1543.9773624224067 793.2665513022862 736.8852880680889
817.6592970640676 741.2005457499633 757.2058506404531
1139.3872060351487 901.639903583516 1060.8630635388558
1214.5071681142874 951.7617446825305 281.8201087304629
1211.832104902726 1203.0767457397283 521.3585654444972
1253.2389803123774 826.0880666295525 1098.4882595085098
1166.7737585405669 926.2230743547717 41.25398913464839
777.6270634262095 967.8669828859588 788.2307489636594
1354.094683669177 913.4219966431295 1017.5475549747794
857.3857351874935 744.7525398636087 592.6981822133638
957.5943859611857 827.4768842668359 47.24923926100932
1089.4380299164804 1578.3012042083244 1164.1197875429214
857.4965803460099 1186.4543495879013 149.12492649108978
1040.065896479138 799.64662641064 535.2746583755257
581.2748482777165 923.0706582761042 588.8734752955454
958.9087005143043 778.6414751345665 167.22940778922336
1079.5578396866244 893.7689460820578 1072.9760409379596
488.32919504266283 831.4443250221669 904.5943819121968
695.5673162624373 813.9408999185957 493.12039527170316
629.3394546682405 1325.9516576621552 1204.0749909116703
1118.921671654987 994.9588976293396 1357.2371020859819
528.0859767723314 885.580430346623 521.4723417870265
598.7440224231407 1220.3016763392532 1088.7546390846621
1152.0921145205834 745.9718156886377 584.8181565142847
1013.7191286027509 849.9864487941204 1221.8583994537528
1128.2613968497685 1050.5316474630358 1018.7335338225793
1354.222738449914 891.1224254321404 702.5363452432596
532.6403792195349 692.0473462844943 480.72352730950877
633.3157795659131 1178.2289630878524 982.5649391716626
1211.6679707042288 872.5081160800519 647.603422148676
793.2421927616168 878.2670632036527 1289.0515857168477
1080.3932637708347 990.12144074142 874.5168219387491
983.780431444176 1272.2691761196481 632.0403575163097
1424.5545077422928 760.6747567210512 238.296687699753
860.0590742199064 1393.1513148482154 1413.2841313855743
1088.0429847950409 1008.2013532947547 970.6280965235692
1066.7315828638928 1047.8053385876542 1365.249199050522
948.3539587309417 746.7042876787809 717.2639068797794
757.2027140880745 1530.734616151842 535.16184253227
760.3247849088389 1223.6057217003324 1265.1274875482304
556.6452293655424 584.1375242327641 307.47418010945796
750.2372320031966 970.5980411693367 791.426409996464
472.46638697685535 1309.0431764969867 805.5716904754025
932.3329926041358 938.9290687911486 911.2729730976581
902.0243890404043 478.8433103505097 661.8312070336198
784.2702831647971 1374.3889820525214 1026.3201104139055
901.283814550447 1117.2980698080821 934.0701022346817
790.3272460851064 1142.2074667573688 1144.8788087746061
957.4770243331639 1173.2341585707893 228.86150857380687
730.6558489363491 1221.041508860714 917.7382761540653
1060.4255993365775 1303.3553818991002 1297.314197576095
1234.4912918579437 1180.823430629082 87.45483620909405
1006.6596583924011 1560.6967829335044 1454.4128520500874
935.221141296854 1027.7270737054562 4.833984565508542
1144.437190184737 896.0499383899055 864.1286526783852
1179.1284783618275 710.1671026670158 407.6421507052156
806.2702059016835 979.5591324679526 133.81717983369208
1249.0599705474947 1192.4695285691753 1302.1167510676437
1027.0618641204783 989.9243045920214 51.13263626881265
866.3019472805332 555.9094856497538 497.6825154072342
561.0288837902815 1055.7372882880165 1374.424537341252
705.9852275879292 560.3844188641274 709.263126731587
1032.9207345754867 1252.360467316873 1365.969471869611
914.9034245071798 693.6703814221632 1473.6173286238215
1004.4913377376928 546.9651144011652 440.7093186699361
758.4778675020245 483.90570362782864 1083.658215400716
1319.7994349848204 1305.365409551298 928.872623387128
910.8691240895519 1411.222940437381 1223.655179640274
1032.0735948994318 661.6348888885971 378.7344928526332
670.5989982760302 1093.410062794208 975.8709143453916
869.5983912268587 1047.1408557394482 591.2651559257295
1523.3507645459586 892.3240931414 558.4102785009726
866.6219780827239 1102.3193597740503 640.0493827086297
924.0935513004874 796.3524726243713 1138.9834445708823
1256.9430422687847 557.4126752140061 1162.1202959483755
701.7583320729434 757.0407190216603 1331.521288803562
1278.8158108116013 691.4396656796619 1277.3704007118233
1081.8180759006661 809.535297783548 1205.649258862845
1330.6705123322354 1216.8146342551422 577.8455258790402
1172.2107128799921 942.7859243400889 733.1141955946576
971.8641139605456 667.2799999705754 320.45764483897153
1002.4921695053526 1190.6433598340057 503.798322540928
1022.2662800667222 1026.0858894069445 1433.9042188455583
1754.8539067503816 1127.2790402832832 136.2084366734032
968.8973622103699 1044.0437772147475 142.38364571284495
925.025884878748 1042.9510896915976 1071.5588878926412
1067.1664554697536 943.232152981039 470.29611336750247
1015.155767122613 711.7011420005781 511.79427671860896
1314.7825951489885 1003.9706275502853 670.4011872183318
1440.972963588073 1370.9706507550593 1206.7054314770012
925.0440247050906 1157.206493634867 1365.58032704664
1510.9998926371034 1323.3329580588868 831.6286664103527
1032.1068244464616 1383.9616136303184 56.03734569855828
950.7199556193958 919.4744673925678 350.18266359476
560.2035749233244 828.3609594101309 551.4474679129361
677.6279664384563 1343.4201879433938 1301.4940175699203
1156.6098151598362 926.8576450888057 389.8622395902172
764.567168370835 1078.6465646814108 1178.3408983492498
1365.4179285198402 1392.2801670900287 1409.508296690809
1258.4300944975976 1067.003680524272 1425.6456332380023
712.0805175901528 1074.5818116624507 352.2234156282279
863.3936495316691 1029.7104576522077 736.8281206517083
463.3798075364916 1017.7872154908365 963.6975753946022
1112.7245412444306 920.8922564853729 1085.4710857703606
878.9970645613532 1229.9570439784843 1239.6839774869788
1087.6134904247617 961.0355103197073 1022.9089121530615
951.3621795558107 758.6627660345758 1364.5857782345456
900.7818260463259 664.6487641163187 781.0001335030231
1339.36834604229 1031.5959098672806 308.58918752330965
1083.6005118622857 1577.0832554768022 1004.0957947301771
1076.1376344765276 1494.1008837176737 345.28009193017726
557.3596762408743 1347.9322069864002 804.5289530053313
997.529921293896 1280.9131005743363 42.119899587521324
1243.6332777593998 884.1672229334395 1350.4861667886328
1026.0081375776763 1096.1938332122195 555.610858460948
907.3880312072532 1211.7115669161094 848.1793431389261
914.8064784211992 776.5371421565787 596.1089356419951
1388.4882140529671 839.0010350084538 1313.4199540522718
975.5454065521261 803.9436098625129 1314.008606516719
778.8691670975899 1243.6577282800124 181.03765084488106
1047.081145325166 1097.6851621872652 76.16428950994458
1328.7270491288757 1207.9534656516253 1141.038026547038
1162.2840117005185 821.0717125658472 336.6588336383607
962.2643748465147 1106.8178213529393 294.45146687882345
1058.400060612343 767.7657493140409 1173.5898857858601
925.6101056864251 1062.8032536044448 887.8561229628958
1004.054782170119 863.8791374870711 992.8136731906637
790.2756290375285 1081.5913350227393 1392.9058177454476
947.8129599447875 954.8962828145857 1090.7273230718467
1192.5877961001427 1094.902614534841 1382.6776374249896
921.6569665327194 1125.254789453924 814.5169382601492
1071.25019298212 1292.277239629011 1311.5338658421301
520.6983129281459 770.9469244478151 1283.1227155724096
991.046051602724 1162.4752751063738 1084.8426814703942
1122.5946791726067 634.3865441176138 204.58722003901713
1212.3332754608666 1360.730853743857 360.6988690260481
1195.966454217618 1096.9353602082717 1112.6274156636384
615.7992195433326 1391.3393040643925 1129.084545585362
1493.6283830896668 1064.5945165234393 865.2763116256195
1380.9287680218247 1044.859342127493 29.11533627120194
902.4793572162457 883.6184135550959 377.950169137896
1043.4374479473902 1011.5453625239088 1308.4174901766137
884.0565692517328 1044.3780143416138 85.20376651953588
1303.278642624434 1266.1403783594337 1000.0562185154262
951.1272457857427 953.8878220797096 1470.8794250461556
1222.0047525839634 1264.2437147137528 278.1690786062522
1141.347877873749 896.7685790500839 1251.1771281068386
1005.348650787569 813.5288558025879 183.68140080642314
899.7672854127685 1291.7489465879203 109.92461842548157
1304.3587216130406 792.8070214805579 946.4360888252984
1189.1268147012875 828.174493936658 1384.0475719933406
922.9685845901045 1087.351429028909 108.56757414435914
1203.2854683557975 705.385998114045 1323.5476871616272
688.4715806458305 820.5249606304437 941.9236259358623
923.4287320171879 1369.9495807735334 597.4321731712295
824.8412238880308 1191.1874026570244 506.83203687444313
1368.9828879069432 973.2680029923898 35.54981837013377
800.8914738150004 915.7313902842367 1337.8595924325898
760.9364074635238 1248.2061276842956 582.9937191036053
814.2966592129843 1182.4229974552031 879.2070434010783
731.5844281912547 1032.5300193687015 95.99255810490925
808.4004354728976 789.0727033634403 1155.6890467208802
1431.7108503507175 821.2369236427977 419.36586547322827
957.880786328034 1423.4773519178077 959.7770355871916
434.2560021638626 1174.498749576132 834.1431955600523
1356.0072716305244 834.0698120154833 917.0364120750727
752.3634400068718 1498.5992604840878 289.2930121171684
1294.7348198322911 1074.9122232793575 599.727084429588
622.2158663533202 799.5899637433672 491.3022852331519
800.5154112608961 1140.2881180259324 1084.6791558081136
1130.9591832321246 1029.3025702214986 1450.3586987371068
707.4086143333678 874.839410783052 1264.6715274982892
664.6494707975256 1255.7387971563726 975.3149958304584
1124.4636112452524 1079.8912752622348 63.765858079424916
624.089807539151 1253.7181647759637 992.2112994675509
1199.6754545988724 523.466240430655 873.344273778757
923.6735097786564 1153.3150652150566 174.72488656580805
1010.9433368393461 1247.6207707860315 1297.7149134243566
989.440187740655 1149.9682255250946 576.9449683099903
1355.244298569001 786.2375648918314 215.21887381381143
833.3351350938833 928.0782711053603 222.6555269168663
617.6523926670308 816.0679883050655 470.72613516591304
835.7112033684426 721.6891565746664 155.19267053043362
1180.1148153646698 765.0076361252267 1026.1602730190496
974.1085960161627 1008.1561559564495 670.1817209909802
1288.0615718342744 783.5156314011886 370.9123661493704
1000.8790197140909 530.4460796537837 1117.3009720290581
765.0819129601368 958.6056691867833 591.4266023599819
1052.5457304824047 567.4064533972326 1181.1202155170586
1335.7712368158068 1126.4730926399347 673.1146990226596
769.7703689400458 911.5967959271776 1219.1995423863023
1317.7295552083742 1309.2744273066114 131.74826340072426
999.169436527761 1004.3922917598686 1380.5791934180504
707.3378348652469 815.818410621647 208.11522558279327
696.5808369226856 1047.884576542297 716.7955597652287
1168.3983154823366 1155.710425234994 667.643397249286
837.9298023137811 1224.33914446267 1422.48347076014
1125.6059290577502 647.2828777037082 729.9343248142701
1286.8678092142072 1150.2410424713 291.23453319218623
1055.8857494135666 1129.695238199419 643.313879746651
967.8399417897801 1127.6864121318126 1363.9640341945365
1444.8471402509656 916.7764869716486 164.53292263071185
514.3490226782637 1072.8126429476752 1074.4362095714905
932.2117981179726 1427.26450331242 1237.0775676482453
1128.6108565360707 1117.5889979012106 949.955082723069
597.6327739303692 614.9747086810194 1391.5438343762335
983.7529811656221 1163.3395792480699 1441.1574322736303
944.594001187393 746.6633616453419 1317.34379583547
1342.9543822024034 770.8836651271323 1329.088808244417
1112.9320804613778 835.7827684200568 1447.7066498572751
750.6002821856767 808.4683239694976 410.2965228267253
1152.4824621199157 825.878183540186 342.2271071944745
1206.219397578751 1098.944129866776 996.9640228244613
905.213785758521 1318.175691701717 1016.3574408486842
838.5464177246148 1407.49314385892 627.077282474284
1199.5464549310936 469.8268377285053 891.9460427218545
996.8126103431746 1185.016726019432 686.1015052746187
794.3226986897635 932.2422385934372 587.8231646619407
1065.7497595626737 1142.6737806925464 514.245410839544
1214.0304744564776 837.4526548129079 203.88826189111748
611.4660983183164 1039.491621436551 789.9874764688532
708.5819453488706 1130.4561389673477 611.9949902299816
1242.5740344054282 799.8665426495324 1228.913752838192
1274.9024213152206 634.2943567185432 1301.3024289167633
669.2563612919062 813.1449320549889 578.5460532900486
987.9673860714464 899.0776610105014 172.49940553612038
984.5666110035442 964.5819927150364 675.6460059702201
1071.8586816344382 1090.8955467939982 1484.7208412658365
874.9102787894587 703.8804142605071 563.6113760513655
1106.710646769052 839.1885299891419 10.668839242006234
546.9175839144658 1038.1318901883446 1077.0201365782425
864.331061145135 1208.0222042302944 117.3936446610831
1253.562785410294 1341.1936010236457 670.2734566092001
1268.046789481795 1119.1002772659272 328.41279231539363
811.8290336666272 1034.762886591374 593.5182181431557
1220.9410072972428 775.8581404027685 343.4846940007363
864.3590230274606 997.6705214295575 1146.7735474553408
713.7017255077435 1182.7659393431186 201.4758848692207
1462.7793754376082 1398.6526523032103 996.5076866176166
1217.432086436286 1035.8656357748996 767.8156030459996
899.5738837725116 1465.0009296287408 625.9342068552434
1107.848947281154 1069.6666983183186 251.52053847903792
852.7401172254956 976.539708433746 571.658444012116
1174.1918570938317 1000.7404098843923 1351.8241748473142
1322.3635295468905 1062.4340933000562 940.6241310101875
1428.4591083721177 474.2948635954523 950.6392953543661
1115.092722289142 917.6246173312882 1105.365512802557
852.7920551569736 1000.6162162382357 685.8540138718032
1073.2974679584443 549.2912566107841 395.79823525546686
634.2827588737438 1595.9256598757584 1284.415736553616
901.1846483403164 780.9487575835365 733.2038975075305
1332.5398721875251 679.7854960877233 664.4201548100665
1211.6851034964648 842.0201304982547 726.5434004765647
630.2831956501044 398.5353615538378 1415.5054617535843
904.2234919045942 1130.595977672438 1272.139488013896
942.0976374343758 938.4335503749192 199.36636056375644
1124.5827607111758 786.5148727024322 444.25937096677524
1188.316837190627 1086.5361001886247 1181.762793323861
1019.7471146089683 665.5410657119207 662.2344009299901
722.6190147086668 1278.846530443483 540.2216182319447
633.5721404497616 770.4617729443917 1069.6320095737078
895.7763752417902 1063.5991378891536 1390.673206521495
1063.811313934072 1105.2116089428707 774.0152774737356
1004.3627429029385 689.5805130373353 646.2840168394131
922.1607772236554 1117.1867887939347 1215.2409476970245
1062.4427741549068 690.796994697017 1177.1792879893155
1283.1738309558552 819.0216407926761 1043.5814050296892
1268.6799507877636 751.1868820890636 912.2909371854768
1001.2600431043263 986.7176489870188 804.1768669285057
1152.646512502439 694.7561562563296 469.60419038819117
1392.5297773773486 1078.6084256384786 1361.446513394081
770.8909080408458 912.5234313041392 347.4610926065973
411.0773724748244 975.2121121757168 1132.7494938234665
820.6790684608235 1073.364203188589 553.4040664367661
929.5641236993648 797.1318669985719 1298.8290300124745
1342.505667819046 1222.3792577465847 1453.101766600658
1047.0350896920252 499.7822108605283 1032.903961755269
1749.8308179287749 909.5199760421573 1032.5062680546037
915.9443403693991 851.4627888583423 952.4203520572767
960.8561794983476 1238.007869768381 1417.7901876718233
674.3510273818499 1343.7143334960663 79.7846118714538
1180.4742821473303 953.0753378079191 1279.587002104468
1070.8604035398193 1278.7240000819595 76.71244484754402
1075.5128663793123 915.2265749137084 1033.7446780522039
1356.5319906199863 815.9017662132399 898.1593536947718
940.8876637945575 567.12276864774 889.8546640976485
706.7591121348084 1064.1319909577876 191.67767353624976
1000.9906920776789 726.0720477879903 1308.563764412365
1325.6777415049073 938.3527533736371 302.88577360996527
816.7181050562934 849.4106099644066 446.4849093723715
1061.754537995709 888.4617532354433 17.05956660470187
1081.198035134156 1252.916459882123 1099.0502712058674
979.3065710863061 1527.9536603747633 587.2180216716496
1227.2371172540056 1362.607235570452 277.5537434991148
729.6011587327873 1315.4878022953505 98.18707235115892
1257.8171189778718 589.8066303164441 880.6196939723824
974.9729610907426 707.4285174103112 235.77288952723197
846.0848332795051 844.3475320876931 876.8483140673557
928.0082470569747 1271.0864240368128 810.7700450710824
1120.2387233747636 1068.2256046906004 1333.7553654607254
702.9089876641553 1023.3879198821995 225.327613100674
760.3487388641132 977.1811648636182 266.59228677436124
653.3677684559609 1158.1759681589638 1370.747810729045
1432.733164261714 995.9609351377819 702.0457065487391
998.7811237152209 991.8612031888028 1250.8460805778075
970.8394239344603 1256.2700831017278 1276.5011733646172
884.624916551245 898.5430907634438 57.21371941791376
471.7665129796218 1323.1584781195154 449.0860792123194
1166.6181774618153 1336.7388368665902 531.506808074215
1123.14281975451 1018.0965972363316 771.1548354462481
912.4918358677451 1279.1581300155985 585.0269206725019
950.2792333249799 856.3032208048959 1023.7169746747811
911.4149145591557 1310.3634747130907 131.39141051479407
914.1423669829474 850.3585643171036 326.5727862382689
786.9753195705998 501.8445822238254 361.9391533234582
794.6894759567956 1151.288494546417 768.3702576391
1343.8777638005402 1279.4511178986645 620.8096939510577
574.475846868833 922.1753768888336 498.9133743409312
956.6805118783603 1136.711248472444 1442.2682254005053
1156.1689894445055 742.1670969988272 915.2346537353881
1119.4562338887056 1109.7312449314393 454.41900637436044
1064.3523201455828 1390.5690779134438 564.7967350736299
1124.0397445547042 1437.401434713055 488.552404563459
1082.899163589149 798.6962719836031 380.2781785811294
1045.8833501554243 694.5733968758668 961.3455119784556
986.3325955480426 983.9544943078286 517.343899257309
950.6512778298011 1293.5043540331726 605.6565224043784
738.6320465722956 205.50733804701292 1228.0740516822668
751.2760671241332 1255.5429569196403 442.50576193664637
967.6318703346948 1260.5262996977756 1039.853221004232
990.4676438992024 798.9122863646339 323.5214035530023
1647.787447552723 686.6618260106164 1039.2806924833108
1349.2943859246332 935.948506115504 1136.2709834975253
1311.6288690955082 1075.6069289237482 405.76848795099625
1183.6626411134062 1397.117361078388 23.52104448804826
713.8778581744965 1095.7977613741298 1320.615437145027
789.4815767464828 760.1110579887468 581.7413664040689
568.682885942747 860.4553611744606 463.07105251282417
600.0327353513444 784.8928337123989 872.0505978600613
778.3493175975708 1345.288667857602 711.8920269139916
824.9372423922933 901.7656768967478 887.1003465626497
1153.3728990695213 633.6761165362851 740.4972452975801
1357.88907455872 987.0156768643483 1320.342159821175
912.4546678028016 1191.0739663701875 1157.4038971867262
994.1397154214403 1091.38298294912 767.8788219930809
1010.9209737529264 1154.593550407606 755.1211463709153
1207.0887140629245 978.384475645948 1306.2453629732593
396.4736819856331 1064.359665076228 286.871785470508
993.5026332665461 869.2762252294505 992.3779629199142
1307.232711864196 794.6526249140434 301.7783520930044
582.2745407448108 1197.728438429212 820.4532336363122
1121.020589695636 1023.3970565887748 1434.1844709834254
765.2656172606312 1519.8434156017938 93.003896548218
927.0843977644537 1063.2482781150181 52.92749110650924
1778.2109301455714 1099.8583120339579 943.3917656184342
838.934046983816 911.4090414590394 761.1286663046532
1138.6870258875206 851.9402768631883 160.381536204036
721.4388004222401 909.7582349588677 62.20226913693849
1009.1637410999946 991.9863420452288 922.7796864625851
474.3607649359333 996.5956312974517 354.54148256725733
1112.5150489694702 1349.5503226650553 704.5928688452211
911.2871043233051 781.5891928047647 1412.0314353964195
823.6658652052465 1029.1900052239491 429.16570610472496
1011.218266952805 735.0375979530052 41.652441899274365
1314.029023995263 830.0922824566635 93.32156474604159
1055.5163228780705 1146.2320120264062 1331.2219244602545
776.4953013072436 873.7199844884951 933.0795693924942
900.1513390345996 545.0658342342216 533.7972580453319
786.9156332899867 740.6830200406387 654.491662803317
644.516787181281 1066.2879237945451 1019.1346541922314
1008.4987227833825 945.8687942182262 779.8945946180147
1353.5101356132357 853.4786469190337 314.56218238403187
1461.3686013305637 759.4778927671147 524.1765356992553
1007.4911363044437 1181.3652145011943 550.1086432384415
1259.7582973611231 1048.8012835722488 8.620168076994839
673.5700247369225 898.1879533968186 928.0710337772497
929.3556591720221 1051.985200086938 293.51172881295486
938.6876604604977 713.1045869355837 694.0028059397489
594.0237760396883 983.2034302996689 866.9064332950877
1062.4465963288817 594.2325689716781 85.60760802385865
969.9299670622378 1367.5272562965206 141.38289077328687
1289.3338668479873 1255.9266751393836 1084.9751641145806
684.109649906788 397.0152490860345 443.3923913948517
1184.6151622030345 942.2440855056801 97.36735767472865
1088.1193411053262 742.8719606408229 1437.6747633966904
1239.8785344565954 1273.6583389043947 280.1131829583604
1137.0722343902503 858.1916172205022 1243.603053827111
1262.5226929042828 926.452782037797 1312.4750926775812
794.7036406111654 1681.2423649470818 51.467871615240355
953.5174486395717 839.975812931041 666.7280765775973
525.3119450374915 1386.294086691101 510.4579292683355
995.3789180109959 762.5720504019412 845.0272374990337
1060.4877474229002 903.2010588483176 834.4940865130372
896.1523747698276 857.1890380898365 1017.4291717783375
1389.2050269641998 776.0411611559119 998.5054436293451
920.1558981291083 900.9336805672216 480.623044886172
1108.315012156463 748.8721492513727 1006.0011069375482
964.8714955612697 875.0555921295164 975.5166262745
1436.6630096884564 731.0413426957656 764.9414967672138
1028.6049109660419 941.1095734141359 179.12985126555287
631.6425597749919 1116.3012776283263 924.5544067735062
492.2007592007044 1066.481949842023 1285.438086339238
884.568662378818 686.1189574644657 282.7612592375501
917.8953721154027 1011.8868251295756 1158.5270039373913
792.4396162016369 1039.9426234216567 256.6761588612307
791.8065253847271 1295.6102997649 1070.2364654369253
1102.260902982747 1087.8787079414576 55.50697151987893
846.7933232114491 913.7946179320602 587.0877544543705
866.601556388714 1232.8711219298161 162.71643426427318
1067.9648793840583 780.8347678932366 1147.7600353680698
915.3531816060082 769.2970864188812 1126.301498108197
844.0877992604982 929.1814447808621 602.8030230945396
890.6415436430945 810.7464719100722 1078.7813605697143
677.9351488622542 969.4789631103292 807.3719039054341
877.7213871897545 1041.5928702607084 509.466200059549
967.1114132450317 874.7665344503398 308.4333739018183
1225.3265590162232 815.5612740799222 229.11231374239816
449.98337626881505 1078.2742375857501 1063.0850447269381
1018.5721932311517 598.8238545098367 785.7358445908702
1258.535164857065 1130.1175843147128 1098.5765770101164
1018.9774111835126 293.748052747697 77.64369188892678
845.2826246912521 989.8143770025957 224.63753144471167
801.7739159603557 1640.6209869907618 1251.8245234337082
1368.623157935371 731.9808840563919 873.7395277642249
1056.1734088338194 1161.245627909379 1236.6643907329365
648.6683897273967 387.9639033554828 258.0709129746066
914.0146793395865 927.7764234543264 788.8650781249717
952.3959629278123 779.7848167160349 872.5758024870333
1310.481864422148 1158.9426132507472 652.2588818120479
588.9305335576296 806.63533888759 1013.5555593521594
713.4320873335946 932.4606325843259 478.0838611602079
1202.8768588867283 407.2545934637045 1362.8450698015345
853.1845331905171 1330.9857749593841 1296.6064957543147
1250.8158351821733 1846.5944982055735 1358.8350422564035
1210.2339160350293 532.294345454977 747.5486050618301
795.4619008376623 904.4563530629346 301.69128447489777
855.1522327817477 1155.4294755954254 189.26505402732585
782.5436172799066 878.6971168912831 1483.069130263855
1082.4405400208611 694.8342628641506 683.2309244395163
1162.5401257950812 1052.6796780608029 350.8807895138698
705.0984865602138 1023.9176850002847 778.1514578537405
720.9697018467573 830.3125506341073 857.0388056241999
1056.5614043369394 1154.4922009515813 731.0869333578668
1399.7735269058403 936.0605726625797 15.204877222402768
737.3260597189891 883.3084627703525 479.44276533530916
500.78904221480974 891.7337505347541 755.4211613324974
976.7768289105917 1028.151654391221 922.2120139631695
762.9145645288187 1524.5215662503767 270.483066912754
949.7507198255481 1208.3886561745112 1155.9392846859114
760.9566377980032 1301.6725266796816 909.8308016367632
743.2225924451039 1330.751675325618 13.998656153491051
1194.9250512722174 1146.1051960006469 474.8558596412652
1424.641179286528 739.9651879662533 1066.688594747316
1156.0285907435473 991.6267857264078 1063.6425317994076
458.74731499740255 1533.2088011083479 569.4420492080336
869.427094277115 1365.8115196608828 467.2775605998147
594.3238844226493 786.3847473581047 749.8453885471978
1199.2781508907206 992.7981013182169 376.46923257152537
395.9184956221809 1056.6156610363148 1168.0636731684526
1051.524838266504 1196.7475322224084 653.8519805987486
1142.6125737903842 1249.9832332865024 861.4319824965935
1039.1457022455218 1424.3308260519648 598.122411791985
980.4820414732429 1173.0945499596778 1267.4275666735348
850.7213361530519 940.4721240316064 1232.1409703216175
764.0542480239224 1063.0465652707185 798.0879873532166
924.6396988675976 976.0488563444871 1077.5304340754883
968.8225419889804 1146.1454088608752 452.0034692241736
671.192511340789 729.8758722565314 888.7092315347277
819.8485818623877 810.1388784534737 411.84066688478424
1070.6741815800067 1084.9965124613527 147.55952506500813
1060.7790719841616 435.4398358458393 1366.7050163512333
1026.9561445298452 687.3866670225643 1313.8708972508737
1216.3774598809177 751.8614940733244 627.5314814589652
1207.0836349367078 787.423919792928 989.7138533154875
1102.6128962763373 1103.2562366950285 1394.1493949297678
1091.9776065456304 762.4426863161702 857.6020871469979
1235.9912672656603 1326.4378945812111 1153.3311829656207
325.4899699594513 661.2953029462169 739.7193407911216
736.0236135543385 1307.8718132154481 703.4776240128382
843.1561505304311 976.5646181531088 1136.4119275298508
1033.211570075782 783.6591506434131 536.7924271869707
709.1046428498454 910.1750796223163 149.95532624575208
1519.329786754021 978.2947092638271 875.2014965835368
1013.4400851508144 1063.005114957335 1343.5559836441107
1046.724439244516 819.5492465963682 1086.4552907680777
931.1786843945356 978.852871684674 1366.959094401652
1050.5684155317585 882.7005886489329 419.46638725744276
1118.1555464449661 1025.7860545689605 1180.7172767121651
1064.5102420413375 1075.912991297217 206.8403393952627
1058.988822519575 1342.1815546415673 220.43232120072938
1182.0156572777478 929.0246479576273 1389.049800943742
702.1700817415883 931.9584690289263 308.0522351913592
1141.609568837559 1060.0729961395944 1401.1229850519894
1343.2612499545855 929.6338234253149 532.6743735152907
1175.8364470013269 999.6010905969669 530.6323131948338
964.624941042655 990.780047929374 1060.6915080462995
1164.6660905439674 1012.3461378424878 493.163114661189
716.1559321204154 1288.88634635077 819.8128450387388
1037.0649831750552 612.408363695801 1201.8020763032514
1486.3364485227453 1313.3391513875579 400.73098543355945
920.7147269458549 1408.406750414716 1460.7243362754907
702.6639903263697 1385.45755664635 411.03639544077816
654.1378274779852 726.4448226937528 184.1286403235593
650.6608783947793 757.0140384214898 626.8177366260924
1189.7056427125322 941.265466102843 41.927062963344866
797.6177761221793 702.9407892572598 230.09424566780456
1158.2706294719635 911.3971822690565 1047.6160335994743
910.1299155427514 1072.320194553396 526.4779114353356
898.2800878558638 619.0916947935003 1369.5982654167344
600.9589417715988 984.6741444610097 485.54095464493435
667.5029368983077 1113.6330268719714 583.0288617059856
761.4927708167329 715.811381880548 1127.7163177576574
1227.5251239052197 831.7945886398593 774.4095081036905
1176.9818456455077 891.4163463878867 1344.3788275291645
908.2382925815272 687.4984774907316 1056.9364462296019
708.4864009841115 1204.283142967272 1347.267439869733
872.5966542654046 948.5079446159781 145.1993109376395
1150.5330081714885 1203.082012328581 635.0611394796883
1284.7309859256718 1109.4689744157583 589.8029370646448
873.0799474567473 1080.1754705614499 1170.225979276377
606.3391762680266 717.182961206444 28.869927753054526
1075.9872681695451 1057.471379660913 1440.4034111519313
863.3042741159059 696.6819575354648 361.14678850613603
999.2961273033965 733.4914588011502 1130.2225073991738
1645.8831506234465 573.3563515871431 472.0958773615655
742.5571703785247 1333.0947070782895 313.26862807452187
1373.0242364319352 1109.2198569007442 447.7991909372755
880.1684614367188 1198.0602639328051 977.2818404656887
830.6912595125115 1035.328386360795 362.4819943730243
1066.5223727907435 1204.8244653528477 446.55542170846627
1387.284444987664 1259.139995127418 208.75487681020084
816.5350885995642 954.0464710582605 1081.7612563902214
908.2154504703707 1077.504874860936 1497.4559997058097
939.7560211891665 1439.5917122758033 1009.4674859328171
999.5958921686877 867.2559602047348 1238.6246029878148
1011.8199271557005 952.3073816528349 171.88192592556678
770.0698897022456 1080.9612248131261 512.2128404503896
564.5530755344275 584.0378844249535 492.6236676809256
939.5254861485741 914.4272733674134 372.10783900764767
919.9291600828931 1072.8893014931045 703.8907368611694
955.7194987366158 808.0028389409291 186.8568216155943
828.673465190753 895.2791001263777 646.0044839213622
1099.8459130882015 739.3956558302259 413.86392112528256
1018.2322898553889 1057.3082997323256 566.3667229336501
1206.403239769466 1067.0478838727372 995.7969619655834
954.4042099048849 885.3712865298851 1394.8320979162982
951.5167511288926 1603.6669116836788 1167.0968468052574
893.4162431941454 1608.9017739913825 594.5411476767717
904.6739334156747 1073.6303680698882 505.4245914467409
1210.4958709297182 1089.4670959332373 481.9554459908668
539.0871702683735 675.7314850402457 1150.1691628168905
1010.8835703993593 856.4196467083293 460.33968593776297
1093.3948027945394 1486.5063901850574 880.5443313663349
1140.1223193946053 1233.4773186141754 1216.0667645415067
1065.958411118164 1025.6076365712436 1449.2221258101351
941.2597203576073 1266.5963802334195 298.21530519145216
744.7021611546086 630.0844741702305 1495.3665506075038
746.6644335619308 750.3819446158005 1037.5008047693836
856.109968900675 1434.4400307963015 416.7540033279131
1100.3445593846554 1192.5922718381266 966.1144772641788
1024.0868755616048 1259.218607212159 1247.544013790605
945.6108926357584 653.7341274877169 824.10953355909
968.3640232105988 847.2760995040836 748.2350054106302
1162.6533220368624 745.3201467335471 177.21322149771945
777.6449903797452 1257.173172469455 801.0537254220653
1299.323135109993 1025.0495291190782 604.0739653252425
1533.1208425132195 1094.5979487538168 150.65721393648306
722.8638973655673 555.5624166455033 1261.973238015729
1552.898263185224 856.0930199073866 501.6390751967268
1048.8865331513248 1417.694707306811 218.40056591164563
1116.911105359899 957.202523742902 724.6275558269017
981.046570920932 1213.1588018581078 627.4932051923588
874.1041990715495 779.1299131681618 1344.3514565752037
943.89032737286 849.0215754207369 1030.470967181013
1127.7700556013071 1181.6103718018055 1470.8004567194153
1300.2171114898863 1110.7317950896356 837.6828554795213
803.7951660140468 662.3290550206539 573.2311412126536
922.9433882270672 926.3293961196158 305.1076549458214
819.3171688726422 710.1341114333998 127.14372600096951
511.74121282394333 1345.3648545922463 1048.3249307145625
467.6483932704002 553.4233524857785 475.37726602687326
608.1285590570563 1321.215335149876 58.83579004021699
1162.0029395090103 1783.0619503701612 387.0019967317118
1406.9224323487397 968.394891286227 810.2654701858243
882.0879386280025 965.5471034701469 880.27596899735
765.3050232804317 997.5081369361125 835.7664596360197
789.656508974874 1036.4850365229947 192.67568800749257
963.074668585036 842.9241958565472 154.69431849282356
1001.5649886063603 941.7251110093155 1024.575456585145
735.5300668080178 1125.868563694752 1416.3275667073776
1478.0820981042932 1187.7945280441913 1087.278448186399
993.5264731013071 1062.4931838318487 1177.2678407341764
1058.3276970943405 1144.2557561401345 1084.2628167355545
925.9040573142896 1383.2409665690577 1201.4107565070537
1044.1845025965447 814.7703822467781 330.76585321599117
652.5937356506195 893.789005422584 164.9869902889079
1097.647634662639 637.4129774840012 833.9099659922872
1339.6392887671452 647.4807049417882 425.99625021228553
757.2946148238129 1054.521808123775 1483.3499409264102
1123.4643675192474 748.1934266053895 720.6949351761551
1192.7935613986524 1669.8008509832734 1113.1661616630572
845.7524716261114 1104.5299189739117 947.0405472091956
742.722772370979 1250.2377910781238 446.3807931723758
898.6242424696156 1152.1735987026902 1425.078895355449
1112.8462144970972 1052.7426947017027 426.49670072571604
700.9876907555831 1672.5131081595946 865.7748403708476
1075.6090398903912 1252.5054318208101 1082.5387071298287
1338.3766462755627 1280.2873136551316 327.81134955364143
650.3688809132736 610.8768850446452 1439.9667945884198
1007.8041884232315 964.5784321567928 1381.4791808177501
491.8289563671012 815.5223996841277 168.77493585391161
991.278520281723 1181.363502581095 1051.4252421507053
1344.0881168552976 1229.787236598645 1239.0639823672782
1388.079651688195 957.6328981850244 1497.7981660193193
1034.0632092881028 1042.9859444167184 1132.2088980793371
1334.9247714772255 918.2221556940474 1129.2850092028102
1006.9264870284015 599.7259112970382 734.8885487408805
1067.150594279273 993.6030612506395 615.6951738531242
925.9025499725093 1120.0536787856445 115.97165674372023
1157.0402054518274 856.5983547500308 734.5645230735728
1501.3354283085628 865.384521232904 1059.9332020062354
910.7569773606015 1392.01943981817 1490.778635855477
1060.2485310170257 1246.1713349285756 1272.4919540710139
1141.8993978881585 969.9062194907731 1448.9011208103484
428.5361215905077 1301.3707746931527 365.668306955781
781.9784208405875 943.0161372712014 745.1365638937984
1196.4373269599018 1305.7964739118324 559.9558607888206
1086.8675818580675 841.0221802991186 777.0488606040848
1447.570023935839 725.9285253627994 1304.208847602854
710.1491002055755 1662.8095286169641 783.8886177566932
1247.3576982278762 1184.778760977668 163.7493001526327
1221.665756939565 1323.751011770601 427.2667102289628
547.1120126876003 1090.34838316912 762.6150640545029
878.7447630848042 1361.235439198272 306.1288395424717
550.4266878808129 1121.6521377123306 17.01704282526617
1121.142944219594 540.8884111999713 640.9262045861808
387.52469447194005 1479.9287036484843 386.28448920469225
1229.6758120985105 1155.183909491503 1067.744945066512
1119.5451428050235 1072.855528741944 1067.764232282091
820.2113097941262 686.4112563335523 1216.8649525714934
868.5825757447454 1013.5808391669632 1277.6299782512224
991.428471256562 718.1475858183595 422.00420438178537
811.6997457995772 576.1295191913306 1028.9286589127373
1097.109263969946 791.6885521445034 552.820233696373
1290.7772876582817 590.0725610665794 942.5680740027989
797.1821634052858 846.0748756107872 1046.844563241645
836.863712819598 1150.908947360026 54.06330310337443
471.22082446838556 593.0739333589739 84.52715164356783
1171.6194834694068 1328.3993597458152 1385.0429356034665
1160.391579360916 782.048299396336 1357.011410693687
573.6842951143235 1203.8632148070692 1113.919373375565
873.7885482990492 679.3336129416822 612.6430734804211
1135.296890407153 867.3430509283551 517.4665431602853
826.1610634689418 1131.3511846715294 1103.3581798981675
1115.396245701197 1247.0907177684378 131.18050577757757
858.5484436702369 1044.6815376878367 226.7219325388974
1313.7708979840143 933.4915987022789 1098.4618920214552
1123.5197599471162 642.1415586872879 1316.2906807154798
1109.2512330374573 749.2439840608422 185.69844624704473
1444.8708847870444 892.0485541822424 651.0455913372069
1287.8644400337164 922.5216314450095 79.4098940484188
882.0982914209604 1160.5461375908162 1242.4736095394564
1074.0836116029304 1282.863576919992 902.4779530606756
1216.9890155461571 868.5631345920768 1175.570644388579
174.74849501926258 1216.0943856515185 398.06208022054335
1059.5397250829851 872.2080210182176 428.42600701987425
701.5984704387138 918.5964594153679 965.6375423915924
1124.1100519833333 1300.299570586639 822.1978945267398
822.814001603205 1175.7878977726964 1021.5784898207513
192.83721980515475 945.8152358758294 498.0876505731052
910.1846522862929 1180.9239155147066 840.3780819499151
714.2112112006541 1123.7310569120434 425.5623319951523
340.5073047250712 879.0023618306438 806.4558560892792
1146.781830155647 993.3836801477104 897.8542105354886
1185.3012825242404 768.5564675470885 608.5612265290566
296.2720618161485 1090.6061004849669 785.8738958633372
761.0621714519323 1473.0221635327848 302.2506033175393
1280.4099562526314 1113.527967128059 12.306639195765467
1300.386045654116 556.6638179279926 1475.842609456224
1410.916071364781 858.0240904095442 852.4987498289602
1015.6444379242839 684.9646195079513 962.162493740348
768.2338414736789 1019.8236897378122 181.01524520473683
966.7132182068054 1537.4454460935758 1035.6483362289732
778.5329998890514 1280.9489524480884 1420.8265518854544
1048.1202087766067 1247.9095002653835 609.4417770779278
721.9222477293604 903.825095320242 1151.653757386794
1118.8362073140358 966.6783991126917 239.76747516071524
925.0433700234021 1397.9116396078412 1285.211323184436
1026.9470630898118 876.1302867620242 1475.2358954383649
1172.5450141310798 1182.0655775750652 1010.598729806714
1022.2213293639059 1211.9140047929516 438.7915147777543
1129.9974684337722 844.3480796117931 648.3450147852635
840.2494969034412 1086.7740181954953 310.60134930397084
1215.5321372726874 684.4791744259845 767.1208408802725
687.5769764146182 1268.606635821813 969.367945226811
1230.2748885013943 795.551944629146 361.4666484843351
1086.5163894222644 905.4991225702033 1301.1269360196936
747.1103106707994 806.887864476718 474.22525668299556
1255.0095516878855 1772.8424594175717 674.4067821991003
1076.6861577406098 1187.398909447417 1038.8522813887369
1183.3922907152523 1011.4642691322318 1081.300320935126
1185.0174903495779 1354.2775876316068 585.250869748851
698.8535565622747 1186.550548049588 941.0586624927938
1009.1287599054605 1104.7045987706258 1327.6892511893568
924.3579085646061 1123.841460458976 45.798185580513795
1029.0274988116978 1190.038284395781 480.2732660138659
937.388606944413 804.3796164341654 560.4874423752483
1335.4715485018023 1147.7325976455027 601.3094624616758
886.120804557903 987.5397495552654 138.832217115398
252.0836622760636 1284.1879663852421 376.34676109004096
1126.3443609130866 1412.0042307720835 739.8930873292925
740.8863168110885 921.9721450766481 242.46968379293472
995.0510245530434 1120.5826421739405 423.09163385342936
1244.3894996802762 829.7636255104758 1497.6536107434158
1103.8797300376732 1141.004148206462 174.89844770915087
1088.2310088186039 1002.9265221416445 1003.8212706876164
1177.0112624368817 1720.1564382738707 619.3707044711148
1260.7360645689973 775.8365767417399 1295.9837869676671
841.0927245318655 689.1881567253365 1236.7272021951296
1075.9446416389842 686.6087526127271 661.3797774727954
1143.7439089064978 916.1587357284438 495.0509272042097
1077.6786275957163 989.7770402647072 696.8164985755074
859.1457006639807 524.3756457297775 1389.4659658372807
1386.0517292640761 893.0018440355017 1162.1991541346986
823.3593694728083 831.9821110862758 1379.8078441185276
720.1993863963722 1078.7624120620742 254.18697157334114
1127.5445731169527 1160.6255934889846 528.5577901876653
1165.054766299949 543.2423990286461 886.236958860647
962.1060304100173 1150.5648954078595 297.7056291563061
404.5019378461077 1403.617608053148 850.3623867607268
1118.0007965039279 1120.8361374197111 803.0325192245543
1186.5385496916329 1122.8164561618971 869.7271126773975
1446.3798720615523 829.8937923470396 260.4992727580628
550.9815376762332 1087.163167443513 1340.1994932984167
888.3092351491447 902.493990593974 1216.3867633493765
1173.726619868284 731.5685288886543 400.5425131559313
1142.8446757852505 737.360222365781 278.6236108679634
1106.1994027249496 1042.5253850359175 374.39528768257264
1114.698800556867 715.7613784456545 984.2204547433413
1021.1024914358969 985.5860551406307 750.2259706669574
915.7524528871 956.5748618948659 1311.2945695673116
1033.5009131389838 946.143156981119 1309.6873508159194
746.7692227477689 1048.2538179786684 49.76743295609387
1079.3463206964404 753.5428466826484 548.2764044687929
1009.7814357031698 954.3858792449182 931.893442662214
1188.8770249175109 1072.4972967967904 192.5706909228645
957.3788144133908 1339.6944188229718 690.3408277227641
1025.0220734649617 1214.6760338785002 700.0832554276535
1599.2628029575658 982.6848210688264 942.4734935786395
1090.4066585935454 1050.2268175445686 1212.341383850392
636.9659986884963 1000.7110753679191 418.0322897572584
1143.1632476610494 1046.568569701968 1170.8678104589442
938.544112552533 961.7332326882853 629.0529831651446
987.7296581936522 914.9435961446051 989.6309091359188
889.6432300841135 877.3501712196584 1326.4872250303067
990.0885497797887 1368.831141202727 497.1268600173827
1023.5729559108065 1146.86590476975 828.9244539738008
619.5074463444166 851.8018058052932 824.7687819289467
1068.0894558467617 691.3695251266734 878.1913177687863
1120.4809041581561 1242.6781223079554 17.58762875741754
1252.211056020521 1062.2325127770916 5.094976062012313
1292.4260295329152 1192.6540719903687 203.8315516746695
1034.4957666534772 1123.719526449325 1450.4054958001973
882.8269469692929 480.51295966771113 189.29635419409212
1220.1379273110856 776.4824669868299 1242.9299281947492
1577.6474980753135 938.0416684506741 381.0083008942255
970.0281496627372 770.5700783676034 1479.510524369441
1059.9241954559286 944.9808424652343 343.26803229949394
909.15186313055 814.7073030345373 185.31528735627379
1205.4562818536074 1312.937479837258 1251.078216776614
852.1676049063817 977.5665241168363 754.11933090385
1050.9017583540929 1512.780511797002 1379.9566229791837
1121.2335850894688 631.3827469009645 1200.78951825295
1408.1246444769613 848.7180417666018 801.6471365425027
962.569267564315 811.518132421505 1377.0811903009348
508.5795861156496 990.1329656229077 469.42553444663423
981.999750343526 739.0514476010208 1152.470026000504
1373.6635968233973 763.996783032606 272.5817979723983
720.7067308980512 1138.2488389917996 509.35090781023416
495.5655434037548 726.841290501341 406.1489865194834
629.0299815011091 1067.0987836777126 514.6742359219804
1585.7640042948528 854.2654765101363 408.37014941922047
908.0814003451001 760.6857790522661 65.69969079177307
1012.0669929859522 915.0337338844398 21.767814384914153
608.4453141441145 1238.0084426246049 1009.3951357609491
1223.0194227603097 964.8981570253634 800.0779696448898
1226.765986069716 711.4405398956261 899.5161239114944
841.5635871394151 922.7579660985054 945.5372691607158
1037.5026233570134 924.1341598392912 2.0397812174534624
1066.675366942841 1176.6321245818622 1023.5299705381383
728.3860501246991 920.5895029856807 107.92472392282698
1037.029433079889 1115.841247128106 829.1655542278387
893.9937003215656 1398.696636564327 347.41727312670986
618.9191561159984 629.7263717651698 427.8045030131049
1277.0553314993774 1302.2396273611948 386.2788318377375
960.1188851738507 800.3270535185056 1409.852306258898
1145.4529628487714 845.5546189507032 632.6783387724439
1206.342570955369 475.0268981157949 1358.3869300527235
797.7165238776421 762.9745372224074 667.753677594337
697.7835687441279 1046.954082363926 1024.2390905081518
781.0693158700672 842.3196678577312 1299.2912284200836
816.470171512534 1033.1098415959461 1463.921698525714
942.3496967861383 1022.7936021744136 362.9021510797646
1256.8898652940786 1140.4069460950507 549.2511762150575
1082.8307813326028 909.0011207307673 494.73591772323863
861.8219377422985 1129.8194660549757 578.9405096805101
1269.1523280001866 762.344405460818 722.8358893159375
829.0591403013804 720.4142514055943 1249.1852783921447
588.688031057313 1310.8486831201421 423.2522113068075
1439.5743245872497 1589.1834740532631 1031.6433103538154
743.1021440016887 1210.7758045833534 876.403394215122
717.1782012538716 1058.7746219282135 1222.0465843032002
871.0262922899869 1110.3506667318345 1210.3421305540405
784.130903017335 1310.268544561967 386.57562569976955
1310.581205169124 1468.328225796041 372.2808049684467
615.0954645409147 991.1212571410804 937.5692127805214
871.5512234260801 1393.830769057672 1310.273726826251
427.2407147612232 1161.6790038117035 277.662226531891
853.1927883383028 1261.211739733227 1184.566648462838
1198.2649348920472 1177.9220402400242 1112.5120155007621
1015.7679930664528 1007.3004544369585 1087.1612812344874
1278.105808615723 709.9616284987205 420.3536565556489
1199.4553112059787 1004.3490003090741 1006.6501522411496
842.5170039479872 1088.1047292152525 265.4208103712906
738.7321341058588 835.0317864707681 238.17315269145013
930.8068393742502 766.6121002530682 403.51035360801694
631.2046992404308 1303.1527686995587 1408.3373398501667
1621.8078450738376 329.9804750461964 533.4854433551797
1005.7896903547435 1151.8754679015879 93.54859026380474
1061.5632241141545 1078.2630195366996 112.16002029996142
865.1712421596716 979.5953179697138 1198.3631593530165
1143.4574885201966 831.1999528598608 644.0614285063278
1231.6346461005162 1334.8742509295585 1107.0461526400177
1778.3112047843113 637.3716293005465 423.2237712925364
1345.19746337022 1043.8032237005184 358.7094104502848
1120.3622928142445 968.0923196273741 271.6219337600931
682.9230910541506 1002.9585822245963 664.6773493108233
999.317821467573 973.8902073592667 403.25442347326225
1120.6370235761856 275.0664208244118 315.2025137308271
1220.426817628214 1163.0257184704344 1390.5547912755276
1025.4729472871848 1005.5468788408618 1219.924005993047
1034.351599457641 868.5569843629396 1045.197025149442
1232.6075893133327 1415.0995639920275 603.7148884918835
1457.646648751103 929.6250988557607 61.830853570297826
565.6132707675829 1023.9677493876259 284.1076222265276
817.0194264504828 1291.7711937768538 991.3054908041902
1153.0938124866782 1188.2174814686105 814.941071113947
