1000
1159.586453473388 866.4410245355962 917.6372419926413
1186.424194548922 1195.393265847415 7.106738090349229
1413.5548454460854 1183.583673022748 969.01124880426
1101.2578679788603 1604.7795569311818 81.86951722163815
1354.481408889053 1366.9330657603114 86.63553613478209
1345.9273725987593 478.9921811596488 945.9537817104725
384.2589259155194 1336.8918222372156 106.33465084586041
705.9279234601264 737.2060227597749 869.3031513201323
1613.101982901836 861.9782186021496 423.62243821133296
939.3021742145219 667.1268478948011 802.8040599363361
896.9983426993816 865.2722132699078 33.51334904672498
813.3423653847151 1012.3944452726835 1136.7021368344347
1355.6667267489356 897.2095123528344 626.7251467772343
1086.3835207860661 1233.304542779283 308.0971888835787
891.8377439881367 1010.2895477273511 1176.7228041124215
1155.2431092356371 850.1251344316345 357.50126332840847
1082.8403708551493 1067.643791481628 1167.8858473371783
1073.404135327707 953.1999136662965 902.3662801221329
1048.519246622371 989.3189959136068 402.5568428932074
774.0962638263219 1321.7585551381212 1344.851820565427
826.6898970084732 901.3270601414673 1072.8964102825773
1407.1694550844802 722.2352747725326 1020.4265809433559
805.7942003283961 1085.2768251272785 1161.0410136650667
1323.9257123186082 993.6296766543034 1452.9938128737417
1155.2084394385968 509.23680780332256 565.5297133345106
891.9730460851931 981.5125652915124 864.9151157058975
1338.8303247035847 728.1286614484466 1002.8764007957086
921.4945397502362 1083.5808509987328 473.5076537137286
1744.576862385835 823.8232828848892 710.8432209387346
885.3105546346445 1326.6191834515635 1026.744373253655
776.0318817447433 734.9757686351732 1344.3799285495656
1379.7673496404195 1040.536205117233 1190.833573078364
1169.6245139010016 1297.0575938314446 1448.4631957393185
1037.2968079353197 1143.8159767808131 1124.5682906943316
695.4620485375056 1033.0492637445493 944.3166503868023
787.6321904780882 1012.6362740438908 122.00125786082371
1247.0326596018867 386.0104934014805 1237.3181060493935
888.4382867308201 1107.8230759593964 1108.7067426885524
883.1293902659185 1141.657881366893 1020.551110467442
923.243368786139 1023.6373778643592 703.4140577955615
1310.7219512960294 524.7950378105108 726.8097420815789
740.8621702104631 1023.8541255750868 612.4423604979457
1058.492919887198 1103.7557646411663 1002.55073034149
853.4328323997307 1357.0885886911349 1255.7260047718512
569.8298454027838 934.002015882304 1129.3370374003403
918.9494512985154 912.389747347082 1179.885346841633
1234.3680672664764 888.6643843971478 1189.0186404926255
936.5503404027892 822.2390462748549 414.4221907418264
1565.4250109317459 1164.9357762529223 118.72088528499603
1516.0742290268427 1256.5808388910502 206.6043753233853
1403.1477195942184 1185.0000664148176 644.5076715692629
768.0372909996776 595.1626490322378 1403.0512453368588
773.5142344764719 816.2055248793683 113.29213901939306
1047.0682223578951 1172.9546813873244 252.48010014846574
1174.6808538338419 1568.7841127380357 1405.2074637745704
668.9840288057358 511.76634293547966 857.1007778683404
1188.8791549907546 772.612294548333 468.33888658660715
1338.6933377242901 835.6950359711095 1023.1346990042806
851.4274843141588 1137.8864608213244 192.09300233526884
741.8160429131642 1057.1205574843427 1465.250218073189
1349.0865670315084 1053.3859639418297 462.16721731382586
1162.58269525565 919.9677996134133 231.51711810564197
609.0275792825933 1017.2992234544815 839.39782125165
975.9681489823595 1028.29629113918 420.7199292720418
979.7225017424051 744.3479224980606 1343.5236167831172
973.5785520039076 869.6752693515955 1057.4487837552992
1228.8531787802808 1045.284429630616 107.47930092470138
1058.5991274262885 1238.8567881654371 1092.2813285852963
810.460201172243 849.1868351426742 704.3346704549197
725.9646791972082 959.935963357144 686.1008543548809
792.4785102702621 1051.5588446973202 543.4308119280083
907.4056393665663 1263.4149123742027 434.1134343173949
1133.4805514860936 837.865734741652 648.1052921688299
1337.6128411156192 1520.7663045581462 10.899474196690074
1442.5919656534488 1071.7883167473142 1275.3299505180087
1018.3445688937982 1275.4750901482325 63.627995810127956
968.3078298490992 1189.097855467685 414.8085902362065
833.5843653230246 1114.1793929713692 1002.0399853161034
1047.5627383206147 1213.5856152484725 1056.6702842662853
1267.2236147939843 579.5851795546814 1053.217976615244
991.3559291246935 1341.0557136303166 422.1813661772132
1462.2725502729172 935.7166246990548 941.9327321955685
1301.8405271348993 841.0267019304838 669.9821113263903
883.6100534302755 845.0652560317695 941.4943634473075
1133.4232323238243 898.0572942376032 388.86743646322327
1119.7237321641699 1543.8195304279989 432.4531428421497
928.0957576336284 1502.226601552447 97.38083709659401
872.6395255170027 1198.97515395347 418.19951625837547
1005.9151687326747 787.6060693728582 1498.5034808355729
1253.6253874287358 646.804457185124 1348.4523088485503
1081.4299623366503 836.1319087447619 855.1161647130735
1364.9490134356254 735.5063792612748 1027.6140521939667
1166.5194979724247 758.3522250024096 1302.7600414721926
1129.5332731274036 1365.7280714048359 845.0320004157583
883.3596722098906 740.1277998314865 1018.118791145904
1135.4553748777578 1110.2812088344635 727.6489204355335
933.3756853450996 1199.7265171810832 294.1962833045342
669.2473568551522 1222.1457273000176 1126.776988346219
1316.0773022531193 1173.571040087898 1368.9287906531247
1084.0418894938668 1120.4980531725844 774.401856396764
1166.6205900084487 699.3024844773756 832.0435626451809
922.2462093737906 1283.8566185413238 917.9331766170448
1185.140512400062 528.5081080876332 233.57978204410546
760.9765086148633 1300.2693423513304 996.3002503072013
984.2506119617179 620.8051937581506 835.2216822433146
654.8433640991899 1153.5398788131774 1096.216608501511
1358.4297036276043 1069.1004921033207 1124.0825189597945
604.4757771795029 806.211879219391 965.8218038074159
835.0759449395089 1289.3509139554758 133.6350576127624
935.1195191736613 1019.2975880057513 1489.6048518401276
943.3302024554068 708.3148979703894 1195.9811124378182
717.6978399058174 1063.4374560745184 1360.0630549264222
980.1001059319087 910.3654986223356 594.98543095632
1087.1029746202566 804.4584492397533 1048.1980395295852
707.9361522780845 1145.7449701416017 377.09405435613587
944.5088761455685 849.1718011682339 414.7157762236877
1112.9653036356601 1189.645575857698 618.0323736945743
853.8568757486935 873.1538393649931 1152.8463545033546
1285.5771965487618 910.4461837930191 1116.779719379016
679.0963317743349 1422.5784720362562 1290.947677027947
1367.1900445638184 864.7569182079543 1290.7910143002237
604.6489723411563 1142.6764382334031 744.8965211760467
798.2039977272051 949.0745509653138 507.08965376127304
1171.5996851481693 887.5899371317794 626.0286526861544
1002.5880213056345 1084.53711472564 1453.2738689409143
815.4912832054032 1287.0219350077396 1361.5049686919626
694.9079168825288 865.7531680612304 991.3892597170445
1152.091129008953 806.4551005137855 1390.2796803468173
1155.3914843670107 1113.0380818611795 104.45550919525165
1510.0949875874821 1075.5275303546873 78.92193666975949
1028.7976328364884 1056.1446472102045 882.8687880043806
1369.280704547567 912.7504945583728 143.05445967027347
1512.218982253804 1029.5177674985785 1347.3792603906961
917.3658234952562 902.7805502936691 1162.9892079185045
1111.4018351733027 1250.5275795858695 940.8370766093274
1197.8260548909252 893.3466840640041 163.54171177984662
1020.8826806179501 1061.8435457316575 1388.171058625997
939.5212341200576 1142.0644692018602 1462.8742413309149
797.9118598511288 739.4990057174498 664.658188298301
978.7938722662104 1203.4842941608847 17.75814217501942
855.1093575318547 1103.611687352733 1009.845880194446
1038.1882531747924 1605.6912000397956 243.5916438693952
588.0141556054409 884.0528288387769 1291.3905458888241
1231.3258208735438 772.7775911014052 930.0395795635023
1215.8377223673733 910.8983769840336 505.4406705671137
1299.932008493055 1525.3860933021924 350.45339813338256
857.0893007688293 736.2852564279234 1348.4444949511212
708.9525685861196 920.11514452725 359.50210896159007
1077.6618724796747 1078.4301747764744 88.59539476094864
1266.4579044995564 676.4973835892802 409.153024087703
1244.7606588304693 1164.7488470563808 1463.78006997656
920.2185356778422 1214.179738234287 798.2281962656616
774.2544695834263 1070.0137308644746 129.3810445453758
1257.41585598148 1120.5446669491637 920.2016606655053
1124.0095214929113 1288.2795497697653 983.775773897581
1086.9580097177807 1057.7618026933294 656.4513513729149
1114.4376424788456 610.2167478130877 1032.6458532743673
1015.7972527331866 1072.3398387645975 664.7306749903923
1079.8663759761316 1311.085446384118 304.10027659775267
557.3208510156614 813.7421284325668 888.0177888154877
1564.4079448286348 1416.1445632090426 1202.041450857546
696.3689735367916 992.3843327278921 485.64602153577124
1056.8248701131379 726.8813388585404 1086.6885834244504
1187.7500773833235 895.6738741997406 707.1915023251366
749.1794897821046 1092.6947852564886 549.4980110827025
1152.1664376234899 485.776225320806 467.1516171438277
1029.2122374031728 1203.0614573972382 1329.70270264046
1767.8578526661959 543.1288570222872 444.7409458488735
1024.4203514887884 907.3508689553793 729.8340647982072
948.2245454804242 859.8938083503592 64.76728579478241
984.2862048795992 918.1981756830404 21.658903537519368
703.0259750636235 913.9809760398571 635.5241190249335
1454.9860610912656 601.8059895922893 1413.3147913091732
1436.2929556241122 1045.4922756189596 765.1395906043431
1339.2284686290875 1117.2262428442016 1074.8103123219453
1371.3125372787053 1044.4262295137853 94.47573513131825
1099.3957113920665 586.9565392399038 299.6308353356845
1109.532344553627 834.1255451775489 968.4898897854903
734.2262918760819 827.0033039367236 611.599698559542
1568.081803469789 968.2037163492291 1048.726444801916
936.4008904861003 858.4938373088456 725.8108484019051
537.271144626118 953.3963480484618 792.5247563045152
970.4793277326188 1162.6064377993698 531.531542165618
982.7059610681 788.8884811664639 1277.4129648276794
1318.0310862988936 1290.7261508968281 1463.2544955273645
1152.242395303997 1069.7345517463284 1064.680521570086
831.9037605209938 1183.842672622135 706.2032154109922
1307.0444387750092 1506.1198768325144 1429.0033845695177
778.72007808071 1178.1776912567152 1371.4475145118308
1077.8288010240158 1174.4222025620102 693.9804030840645
1164.0314256448544 1106.578098296415 1394.0514093226907
799.174654552351 1187.472370093554 1415.3061909435773
453.9239933135635 1450.0169972383703 520.2714411497017
1135.6492725459314 1106.5916742524805 1076.1210993941559
1035.83665136987 568.4039401916796 256.93059471905036
850.8436437949642 812.1696220208865 1381.882544924796
935.2805028474681 1357.5563135911134 805.488356753409
928.2953469384877 1085.3547624620098 1449.6357051960117
1220.2815770110142 814.736549317168 598.7755493198589
715.2489196639012 775.1521657990374 1483.8003835814166
873.8709497053062 845.0468798444687 1220.7446297815036
1128.8898068640501 669.9664176609576 16.454247047055226
651.3390549332634 1155.2630325021448 1161.33112181609
1060.1665350677813 1241.6634018156992 155.89259367482933
410.6181596409525 1298.9413575195658 128.56868632584784
782.03674655103 1225.5466219662865 932.4091816201734
1380.2931869815345 1017.0263263716662 65.59683136661926
1141.5167809302502 1371.5658864090015 577.6191118208247
959.6375056413592 1286.2016610488972 1097.0510785893082
728.2345978992498 840.9406940800891 1025.2094916640028
807.9461188371141 1066.2044635745622 212.51130664585048
756.8556790056323 1094.9467013357687 501.9799849386314
793.7372964412061 358.0177099025925 1252.806994042745
1006.5276513412987 1165.3137755081048 84.02686768076778
761.7896274580721 603.9359161422917 529.7738042486882
1201.7570935531187 849.5476250836948 859.5173655547163
1359.4333899530895 1199.0609215441293 567.7520337300383
501.69771978563386 909.9975740370978 77.4201384408299
1205.520171132839 705.6569007920727 728.0699845580382
1244.2557356850928 462.11989495286014 984.318267602007
1256.2654446858699 883.0689468475979 1446.337964243269
1423.197622938974 1155.329422326816 1241.2113404744189
957.7491303588832 1443.8454395941408 618.6912897107891
930.6563268787698 925.2192373386891 1069.0367795521677
1005.6872608364938 1012.2370440672526 353.08928662522743
1134.3705933934639 1117.8998076391608 869.3175586603124
1098.0997116190376 828.4362080731997 1473.9545979498523
919.2823670739956 717.7786205662646 920.8609665269289
525.1162763931134 1066.1599347614524 593.3060883807999
1141.9630699442591 1335.8705238605087 54.43473635268376
1442.7043531239235 987.078406995118 794.0273293336954
365.05393179039174 1276.8693077205348 703.8556385609222
749.4939073502549 845.5850255692352 607.9137593040359
450.720969993871 985.3931461336264 1410.3428393233278
910.5499752974861 912.5001594870873 1110.5411259970354
939.8937222316229 1125.8720179491681 616.0164125333562
660.5132289227547 1070.05141842315 701.3601906694997
990.7201190443142 1311.6637670678112 334.352906333298
511.3115491031199 921.2200119678673 164.7852600996479
649.3702619162141 870.0470077514033 83.81751630572015
1024.0694264119966 823.5307726298743 1342.3074642400902
1096.632402563651 711.1481684856021 499.9683660281412
850.6381952274571 952.7326971365891 129.09528597035714
644.9973778595437 963.6228948102666 1187.473039530623
1117.14310848462 1097.2550249766193 447.3434294253808
828.7238544227018 479.3750676367297 855.077588850149
675.2798823727768 979.2813216152467 253.57996107198028
1138.62586356689 915.2852777804882 1418.2696050110424
1354.237163687998 899.1100728892245 1002.4179418143007
773.8464262195316 1130.357714382335 471.42003738168074
839.6186713269557 859.515659801796 588.9807848945198
1236.384853409268 1234.4216810092291 614.7142625027169
543.5518065591417 1224.9631967170676 540.9630235772898
696.5720276351058 1341.049282157034 320.2257558816282
993.3905149302619 692.6344335057631 15.941007598434197
1320.2579877989579 971.2965259603462 419.8479676383489
1771.9557500956103 1205.0281063309828 1043.7624634768256
1216.052504352348 1128.0713985800983 718.0640392672198
898.2970050260103 1118.002693791459 838.0921097348262
866.6067699579135 906.9073518076844 1149.2251298587612
1268.6465281234864 1516.5637884363732 439.5946878481225
673.6940549614158 1022.0218627192088 585.1002737910009
928.8290375061023 1114.4831953520177 1236.2214390209565
877.779151560545 777.4586924022516 490.7343166991501
644.2840299040233 979.0783652145127 684.3697064958208
1040.5512593343083 948.5278368441084 467.0907357653654
770.5088669415609 1156.7999810331162 921.4542269994201
1450.035801240195 946.4922143698103 667.4490712623838
683.9432360121519 1339.1959798028122 1144.4567150807297
1209.3067536702501 1026.191633251865 346.13676247716995
994.7984068289352 1020.730834157256 861.1364034297707
1336.53889984777 881.6623658324877 1186.8276415905666
1146.5389218304535 954.4760707607473 200.7948335974769
692.0103817136509 1477.4793373512478 297.11548648540645
1620.0471544730444 964.73289415219 1274.8570326485333
1046.1531970517121 499.16938526402646 1321.137874906096
732.5916052122992 981.090524725212 779.7730507970163
995.3792245443609 997.7132300448106 384.6333270987964
957.8555092176703 1005.6299676974031 968.4581543568225
1258.111871190857 1277.9715326043765 1041.3413139925044
640.1006006223154 1311.9521151905838 396.1713076988052
1625.249218128612 1022.6090193135877 354.9395601456792
1130.840674126628 1228.6710560271633 1271.1502018213032
437.3431271369078 1417.9722725152114 702.0389782024515
1509.8975268752265 1593.9328525466935 113.36305169016714
917.6930574807907 796.0297251132629 1330.8298032169903
1067.0823570443454 719.0746072649749 182.93526407138316
835.02212072082 1206.035084254063 1461.6032024122862
884.578960467155 964.8512176490934 341.1864812782054
1079.302740156532 1083.3804042101444 1281.802054224049
839.2833417228588 659.9902277424974 475.65327987675545
849.0716405535286 971.479295166479 92.8000436749451
1216.5351402504161 979.336023762723 251.04639204754454
884.1926325727918 1232.0732478168718 1470.7978936843072
869.0566628505712 786.1418101936176 549.14028103901
980.2347628073634 1012.3755902353405 1217.574006840131
1093.3264724959542 1204.1169834884274 130.94069098959454
1237.9553238658625 1098.8110423988696 1253.9300835843299
1158.7499433068117 1192.657495127484 580.5920784227034
974.7918316553746 749.9724739516182 96.07397737360301
1198.0667613663052 1002.0889673876886 1181.763336245941
1049.8710568016375 1209.0323036823797 1180.1345288525174
1172.01053319191 1027.2534241492326 1088.4492106685864
1204.8952860660006 1440.8235198971229 1289.5381928682646
741.6037298648971 1152.2173528848018 579.1654062069117
975.034210574233 978.4601740644259 234.55481275032673
1057.7503683701293 895.4041574405139 357.85646244677196
1271.4725181908798 906.2895050870692 1259.7700766674245
805.7064923337557 874.5055908020136 868.1498894200034
489.79089588856107 1327.8328767707703 875.6733033267186
696.5355128808396 710.7296022774151 946.6142656598515
885.7447440133103 1011.2871434054479 1130.0603009457914
1190.843493566027 377.41303892470546 681.4515127572765
1060.8755599713938 1037.6127899512053 86.00817288278006
1238.0986839468876 626.9837151971382 1127.2944432791621
741.7296492601765 980.3552783179723 314.34113984664253
862.4450039166036 758.0249728706425 1379.8811399072715
1038.9322730283363 884.0271317443511 142.91975498363468
784.9550650309463 1089.5494159338446 1231.5984575460684
1418.8156426370444 1346.4720430104248 835.6747072668431
444.4735702797733 1035.358092937316 116.43542557459463
1270.4304639803772 1182.844567886892 913.5566661849608
1126.3142565746862 1049.9431552375715 1007.8306500714383
1323.330704276988 740.6558769902772 791.0383527024853
724.2168537570006 504.1917909375101 129.91277359965804
1184.034215916032 1115.9779206404096 12.128058628232685
1118.3456982152813 1503.1118404520807 692.4946793050431
1208.2136569096963 1069.3462685979239 986.6155861338276
1133.7814739852004 1213.2020740798953 601.2023504362061
1131.127264321738 1141.6580554217148 271.73708939879424
1011.0473105493859 875.8656367430168 1241.410161728822
1433.9877073639416 609.4237486899622 1339.770750821443
1151.2112220944057 1308.9634824693003 194.69968613940037
1024.0553654169087 1414.7801260449078 1439.4000839459195
1085.5141147495483 785.8665158505993 945.2733589042576
1372.8770639043207 979.9891151603952 499.0045377812058
1157.5165616605368 980.4736444751704 1232.401641458757
1271.612191770455 975.391310089839 363.4419094894779
884.4978707887564 1078.0402726340437 545.5408267281839
895.2220907997242 1079.1699789392267 1328.839605243027
1020.8092313492652 1059.4796459918596 321.7374544325168
1251.7259097207807 1379.8960329731763 45.213080194510034
485.03336514081263 1384.780128398807 1152.7338094257293
639.9630322214621 690.6180175149459 1399.2235358300823
816.148415908425 732.8301197117154 598.9502084318266
1298.0072672141391 1331.1723135171026 545.4549913680099
1002.7177304934446 830.0458624127441 756.048085086294
1365.2043143599042 1358.928123602104 1034.3973941537995
1083.1221299689682 1037.0761514025412 716.9402278568458
969.3883161483719 1021.8646731182864 833.2235286896976
1139.4526804620054 816.9652533872595 449.3670562062888
648.1979378903014 815.9359167706446 729.9133468232758
1296.512291830088 1240.4593358952056 116.30152359554324
677.7770316925546 1269.851000374741 1438.8982834717442
1151.0452604163386 968.7818111644233 1444.7241544119202
1432.7268096935645 1327.6238767414195 22.503185187719932
1231.9788046738959 1567.135395443966 240.3593801081384
1048.8862749506507 1121.1727949335877 232.42136089477438
1032.1824728951144 928.412927781744 951.2096740728481
1157.970309462079 838.6910837600087 903.8083893649748
1141.146687318 1004.6163169369228 1295.9283330643716
1399.2146721225556 1288.9080918517282 255.61632152439466
953.9214968865648 1109.607009968289 237.92853746070148
1219.3981856104992 1287.6099654689458 566.1066183706208
804.7083622750033 953.6301524482905 1391.0401307462218
705.9302821621372 913.3075441068864 1119.3592892247884
1241.8153011397392 824.3522035321403 925.5672938036442
1049.5192047859193 1002.1117300114015 1429.4914632011323
901.5227624710192 691.4691500013429 235.34926663078537
813.1806889157829 671.4036704747953 1304.3329505753265
991.1652309417158 1416.1155884645336 385.28137019278296
677.0734174244797 1184.5219211921503 165.92267512094296
833.0520356368025 923.7423615488945 1496.1116153266985
996.3029018687961 1349.8017414485234 1325.143319425026
780.6709391263444 1328.0380279783487 693.9852394478443
1474.323896869764 811.1531996714332 11.2219571090304
1358.2231425666173 820.6865702999936 119.62635169863434
908.9055413244205 1021.9827998753933 1302.5412697208085
1109.9398568142467 972.6100576992623 1290.240207220731
563.2228901372541 1269.970877839287 603.6421259231898
876.2220459995573 683.3933076268615 320.8819305746901
1021.9502854514783 727.9763474321828 610.7556822067885
697.7759284792144 1061.6457889987462 1489.7942670620798
1089.5625412560505 945.5478721555 305.88290047680937
908.174964067322 1325.611968807453 1095.5934856442568
1108.034522649613 1069.4732846446755 13.799708330884119
559.4760945975165 1145.6621218766295 1418.4489962860505
1224.6930011671466 966.043082855762 735.8989947868401
851.1890219389114 1040.1485304845094 27.876693398390106
850.5743734442838 826.0489140472617 961.572306583463
1236.6630385467574 1098.1898806584152 273.0738131576655
876.4750518851348 908.0290343135429 1064.453060257584
917.5177533954524 1306.1333584705765 209.57945500689544
1257.161714536291 486.0959020286149 106.53034798110639
1190.808340695403 681.4939663972395 968.7683880069548
916.84369984678 1276.6569617132882 778.7431247557948
888.091535794392 1018.4295279819017 118.03821000147302
787.7701660357732 406.68169607052994 36.804053892153746
752.7724415220582 1042.2738868582437 282.59582014612465
1363.3437178661156 1250.4164208828954 1224.228628760018
762.253775146798 631.9090791114603 1158.9521071109652
759.291659004977 684.5651951629949 529.0600294132715
1150.0108439732287 835.1704877774855 719.8584254684511
1227.236432622603 1054.662737675125 453.10546942361356
1088.9348343242693 1288.51081920265 1380.959134250094
1277.1185675808856 817.3371421854063 1233.0470230357516
1200.2555454791009 567.6127481389656 348.0428578149209
1393.6483279645327 588.9271023710099 279.0574338019456
871.779449725174 1055.9993910815765 46.47743878310517
1129.360063538128 1138.7627854029636 26.040553141123468
1200.26296672624 656.7066777444868 86.38155619589449
1277.4860274596404 477.8281652521829 554.36607801992
859.4697570304818 796.7420450584112 946.625448880832
1180.1383338522237 786.4944670712814 883.4328759248564
1001.1716186998856 875.2642445960655 1420.2416498718
1033.5986501977304 1405.0209017904454 175.46383070375492
1033.2180707988582 540.283172114009 467.7153929332
1145.6918330738206 1015.4126289703511 925.7952161724107
1155.1217617857808 632.9364148565189 1340.787068426328
1211.1644930952862 1155.0032683094514 377.3274333354051
821.5059542612828 1044.4879690669304 1265.9840347454938
1084.5247508617372 777.0268929279508 210.2639044601526
1129.4992224643663 919.1253199942006 687.49315876281
879.5432881031494 1258.0251895995016 1089.0224611333988
854.841441236919 611.3445467170764 16.1211709691117
1144.6765487186403 1297.9023683867117 356.1111857639846
996.3477571724375 588.005990709142 445.75771638863046
1031.4497405921088 1387.3935580861573 1283.3346988260407
647.3378240610473 605.970668691157 1085.840482639506
939.9305571612971 923.1656187611071 1310.8829049338601
1052.98801702537 1364.9708841675695 812.477799850348
1188.316520469931 965.1396807819198 451.8570620486697
1238.9083815873114 678.8488738527307 211.09776660994217
1441.6785598274503 997.0784106525604 759.2928043753184
964.0666984212903 1106.2358800149257 567.6962900604757
937.3311335547979 623.2470256950596 93.99745303066803
703.2148212882539 1195.5259037873402 607.6923503014256
968.6954750556223 1080.9241485401637 660.7976494795528
1019.0302649597332 827.1334677633251 1199.6859528842783
1059.212582386689 1185.3602502466483 202.65492650097318
1510.26753921547 1194.4732348457283 479.16953947048046
672.3768900530791 1213.1263554475581 1001.866186767655
1094.3194228024886 1686.3206411201768 270.99202516143725
1362.6716940292529 814.7199525810638 1279.6195124185758
1057.0158319770997 846.8279102902403 692.6462775233543
1265.3826895043953 1233.2759297209068 666.7681635241216
1350.8396658289673 862.9591224350436 774.2780087458311
650.3311494032296 890.0164223970969 641.480963072139
859.7456722345639 741.9658141091797 296.9086210163614
1266.4008888794735 881.1251619363877 270.1939007833873
978.9196289074267 1055.864949172633 1497.3435720986397
738.5792901435901 1227.2992136900443 762.1959231695033
1151.0481048426204 810.9309354029386 1220.872630150103
426.0891618830601 1025.6338910011511 844.0124901789698
851.0493625354042 1055.9838608562955 87.68055560527866
1074.3191667391732 1168.453538292286 492.40889350256094
697.5743317978329 1462.2404519046663 1231.7899432309391
1035.7104690140445 813.3143522694635 270.9207427897498
738.5186401049702 1276.6032425403644 944.9173948130513
610.4548360449361 1175.8661633762213 751.0034168238456
711.0753047770075 956.6442816513493 1041.4738066864363
889.7880659985796 745.4775195867513 830.8632871986944
753.0644879160428 885.7867982072271 963.4160155636205
841.3603452944271 1525.9366958921955 743.0430407761114
1353.014912762413 696.5685316927851 1330.423838630356
823.3013369185037 1185.1075664974114 1292.7234081862175
1444.6561761995617 563.4098687404326 354.1147210320082
1009.2084968129549 944.1953775850128 1278.5375200655242
1121.6857537289548 669.4613655898524 243.1390602483578
758.6075633609958 1419.8192669757839 338.80345148013953
970.1472390543743 828.1854146043652 492.7528647267032
945.1575214609259 1009.2151562339445 1371.9485719178263
687.656833146251 455.5673755669892 1358.5063128774216
871.372953533823 1158.9748786351183 653.1969307751407
1216.965587129513 710.7970019310437 854.3215324661332
1287.9708860907556 693.9842157605799 20.277094663821828
730.5932909942414 1187.582227655284 872.9622358342426
1254.501871101833 1481.2572486599552 275.8872700257237
1035.9359367358604 715.0189276613279 764.2781094236445
1026.4542512125056 841.7835202518975 374.130519878974
1050.5014554614793 1127.5390322326766 454.01674081488363
878.7864935125684 1269.7051876231826 887.4573447424361
1273.4480715779746 1305.09622653327 419.22748101645755
924.6348522992703 1195.8841651285113 194.75406207800017
1299.3454341134884 919.9967432814709 1312.9330870029728
786.3092494522367 875.9515614292925 446.6423327332947
963.3262672239894 897.4290426665309 595.6289655074683
929.9230883643542 887.92078157371 397.62028951804103
628.0429229351083 774.604914040993 614.7786799172742
881.883943831627 1018.1747043111693 1328.935036045502
405.34674603716485 837.4938380068794 944.8599532283536
881.7511936381698 1629.7799010366389 344.4081332838931
777.1744920850289 1128.1516391679763 305.46818340159194
1127.157914073973 822.7427289068971 619.9642194035624
1402.4669861191173 1107.6236024155519 634.6018820625668
1003.6546775835394 1009.2692914093088 681.2354284484943
1393.705071462173 456.33562776576866 241.73727974263974
1372.1871079418522 643.1353476667161 1181.5426409631207
912.3883384946739 1184.167915979707 355.247237441507
917.6796268685036 986.2485453019716 36.68264999406934
581.7877030968774 1049.9441040194006 991.5767866728312
1051.9499475843186 928.6919206372609 1394.4424208823255
655.3370025668552 1555.2271170025017 846.2944550982392
1172.8923332401869 948.2453824018055 231.4162897088901
1069.8268617874876 798.8552751371506 169.34929091837643
1326.747146257889 852.7943239956658 842.9521395432294
897.5630165779094 1106.6699785125993 1435.8594349221323
1120.5860993838635 1061.417448959556 399.3500737966791
518.1634556281497 1021.479759515785 1345.7827171390709
1228.2743130018 1668.8418408742832 1376.1505488799305
1283.3403058655392 1074.5773327784793 1419.0706702316725
1023.2494025197046 1089.2363122601685 1223.202165859182
600.9074326540489 1026.956802044975 692.5904476226538
1283.1506778015262 1103.8001030982416 1338.3101232158601
921.9854412812556 1220.6627710722473 1093.8863035144411
954.7661996568737 1095.4733137246076 14.436607843434867
1100.2875548662043 403.8305835467602 174.6491222675372
1319.2372726112328 1005.4391065095219 496.8734039817527
1032.0482229612714 1018.436930372989 879.7670067852764
770.5057630040525 968.0114637829708 1278.1593984369165
1080.5083048141885 814.7877910269949 107.8643476975027
1056.0751389673533 710.3171762375068 1406.85330403398
1509.995754570552 795.7235992342976 302.9425684947111
959.5481834234209 1137.8092215706288 711.0029989359604
950.5533026315503 1170.2787101897623 322.13432930065085
778.3992049487842 1497.102328841282 606.7286401563525
522.1301448227061 1314.8780305526018 958.4415693957966
853.1664142853041 487.91138176351797 468.09819443827513
1120.9947584971535 1077.7996719180417 508.2205259910841
854.4984058083837 734.0430724868013 1461.3423306761576
536.7323173654668 1162.9722821523656 307.2563464922226
830.0522342267745 772.3782078682876 800.6011123010627
1237.153153257995 1434.1184764590496 1109.4988038021288
1254.9243675260734 767.0629930298725 478.4031676622614
851.1408402552222 1278.1260060118007 1366.140606869825
961.8542139813574 701.8413573162134 579.721966394281
1056.3247076349483 1192.8646837383562 1244.7848991021558
1496.4366003000887 1115.3658144521703 1059.0141664643422
576.902129768792 1284.6461513985498 20.349508768222833
808.1062925791107 1252.0867532704292 39.479106650821215
1126.5209447395005 934.5023768407666 186.1716128833858
1177.5402784363232 793.1409175700333 23.643312120652737
1083.548700814541 896.3228825634249 1385.3629240874618
564.7414689737595 956.3672905611288 871.8005028115821
281.2868771036517 858.5261155608723 993.5424337957427
1092.2852845996413 1205.597598740505 167.0713762796378
663.4231986927812 664.3463401026722 924.7355241271802
1254.0855167584048 1026.572990634176 170.99107763289317
1070.0318522330379 914.1684782041393 196.41235233160626
974.6110705558145 1104.8711034330606 1100.5105083786116
1039.621741446921 717.2813078900172 882.389172207875
724.148910464603 1238.4576563169005 573.830960843225
1206.2513325858931 1086.9056636908815 699.7502893797024
1066.4862898308281 1178.5227599200807 700.411810660282
1245.790314469383 632.6124362303005 842.3782462713787
997.5215933769686 1141.2533786553186 192.32421072435295
573.164147168255 1051.1861538146957 986.4422188683322
1225.0710872480818 1523.0768115232468 603.9521239578004
339.4194706259285 914.3563201122964 1494.2675514730327
1275.359607415355 840.3092270658684 165.33567326369896
1114.6122915830688 1584.116204081662 246.1473447054588
687.8875596784083 1307.883308778942 365.5233085977694
1148.761574552846 881.5616673253293 426.9109064693651
752.9743482965202 826.2562867759921 69.1358307055493
1263.1678224485033 969.3867336394546 1024.1325659796182
1038.6430099538018 903.7073460657814 1486.827899487689
913.0748019926942 323.26982963198145 537.3797221580015
1030.7806528646117 1002.7831166853432 47.046238838448275
1317.8177660827303 985.255589396325 738.2129068819143
699.5060419885264 882.498499889153 1110.3244552844217
882.8420571165951 872.3222702075602 729.8942514415851
1338.4360711644958 773.7702109459015 1307.5287774027106
502.1247275723149 1014.129630329804 258.1322288079896
1210.0697754724918 578.0924152325141 1055.9997104751774
801.5873599522091 1030.913566636456 996.721153428108
1318.069602331134 805.9094839296531 869.9381751917274
818.2998708774628 712.6500309157067 76.90160848770621
824.7940632395106 1095.9775998177263 238.94733007847213
1496.6570119292066 1110.899535019591 1187.916322718137
1061.4946330961136 892.3467102709317 104.75980013775693
1349.5845045018775 746.4098913520226 907.1782813358802
641.9498318773092 863.1397752736692 330.9670660753961
711.6134716924195 1106.9371539939077 1364.9276407454631
985.1670329860797 771.0468646173911 546.11814141861
1826.6107891775066 1017.5852549185014 111.26173975568715
838.8250212175824 805.36839446406 642.0797839438628
1397.1007737015948 708.9244647999192 945.8398897286717
1040.9576502764821 827.661444800184 62.95816495139023
1388.9076783691946 869.5801702582762 716.6183664429359
1156.232602041518 989.0765937356449 61.8691378283191
990.4207047694932 1184.9840351936698 106.08308502460878
1353.6101158731935 839.419522630956 1399.9209748060555
1338.6328150513252 825.9392836455492 1106.377379713276
988.0656749713075 1305.8232062466986 948.1455068512184
1160.7698939303289 1062.3683513243811 1007.855540700515
1671.3203884077304 1280.2346492312593 1165.9817550467872
1356.1119386635535 785.6802280014044 980.8212028686489
1230.716936568092 1095.4230480945116 1209.0347485222048
1034.4410983111745 1139.880042726717 7.12518476482249
1351.6267267732112 1332.5428297105543 816.4631068835791
1044.8418710517153 1019.5654837586366 741.201368015713
568.8496216763353 1080.7442891891633 963.4482263604664
865.7637677102924 1233.7876644289215 190.16349598863653
1175.5828322647535 619.0309777340816 903.6574765569478
781.5764343955111 741.2749305907762 1413.6634929593656
1087.3277252814821 975.5929534155 1139.2947234503224
1184.6778491362552 1039.8559438201064 977.3497832807008
963.8008431547103 675.7937847631584 1022.3985006361168
1411.4940878134128 1185.4612626087385 1188.194708472537
595.2282525015858 967.7249280444083 266.10982619822823
1145.0412463144453 1043.7960592335933 1424.2664599529571
1056.397343525414 1141.2050747721223 919.8508543308228
1126.7453625761405 857.7717502929756 337.76582946390045
926.1753992280438 501.2913473538196 470.50110600500653
1075.7004518061806 501.12323365788995 119.56365115605556
1172.6856819730333 1275.7670710768414 1189.2615357876368
1076.7013987710748 1248.9000620372442 622.9908488145164
796.1964862870636 1897.3283060338085 1450.582392626234
1327.0983096407592 1098.1863866077674 538.5906207965785
1367.7498198875558 837.6608802870767 1272.052846364017
1382.1550548628516 497.0266460129613 333.1200540809398
1802.8624684616711 824.8468274679187 1160.5708084085243
963.3431015642799 1191.4691116673273 985.7143495354735
915.6685754540091 960.0553257140816 1234.052671596236
1176.644351774745 907.6210587120804 953.7681152291572
1098.398683376401 924.6641203070885 407.46094650956456
1324.6339801599775 744.6628267730154 664.8969494512706
893.6171869478644 942.5097840156025 1146.9761902922219
442.9543628728194 1240.7808989499777 343.7428934705514
859.2854126239763 1059.1948739631966 597.8678969918988
1077.163295269198 771.5629083745366 74.77678493510948
886.4869290262518 1211.106826413445 768.4386017663079
878.2225111955971 1299.7415959440984 469.7362780203906
817.285258736605 1145.6633797443099 1342.5844800633377
1067.4367814393158 1260.8990819779847 1195.890001733021
622.4557414676206 1189.420810586673 1459.3968351549029
1586.042645840747 1089.5546709449707 368.09089971494893
743.4391031065184 1443.5280812990054 1370.9372340819814
1144.6788745740596 1134.4209052521637 320.8056261912124
1038.695726553455 409.5687763651797 1381.723025445907
1275.536335704041 1011.2225125994939 1330.042500035127
1072.6819603882386 1370.1797126480196 1184.3615339699743
840.3335388757049 1415.448632870387 581.555051163351
700.8175055063776 657.0872725871377 491.1328478300384
784.5031886719266 742.678099626736 645.0141804141437
1006.5838347136935 990.1290263864815 531.0753708215494
1383.0043975921162 688.0891269391907 207.44073020025849
937.5467732254576 447.3888470999822 97.79745454893796
535.4694656359268 1232.8651633243026 1243.3308989861735
956.0322922248579 1097.594847172756 856.2537702840867
1409.8137990374153 823.0239373265648 449.96157014089295
606.563205549207 989.8917781310772 591.3674653535867
787.7894319865668 1132.41515088682 812.5975457138771
638.9072236570835 678.8582858980808 1160.9057080413706
1162.3449783227056 1018.9870814303713 1086.3971653014619
912.6516642344424 940.6558689256951 312.3329871729353
916.9988616628951 705.7323754647819 299.2892546154898
1533.7766792219977 1398.3817620389636 1082.8538879298785
930.8453686379908 858.73329818566 483.2844583725243
1246.4185458374895 807.8140599226637 1095.3653395865365
1234.7862736301902 1210.4918874121831 1130.6065012406136
1317.2770265195386 817.0279427993497 379.56609685953447
1399.929122225683 679.6059259588208 971.1831459755973
724.2172663006141 1066.4097310772418 734.0151954975753
1464.1247920944684 1392.566494857982 519.7024546258269
1015.9471123127197 743.1747620160702 1128.1307058935965
969.7699637638498 1008.3375668649161 840.2844948097409
1187.6385472624374 1176.1994336398186 884.1466511337903
1167.3312633882188 858.5948220112664 1255.8459060856499
1166.3994566899864 1076.1167511446947 507.33531454049165
1369.4838684776082 1175.658530900997 701.5917080327006
1028.2715704805187 761.7050844458641 548.881995163382
1156.0219164854461 1136.8359918122544 1029.5390834154525
1088.6279489651695 1190.030068605434 819.7589007786911
1233.3461851731076 1071.855423097131 617.297756014303
676.1920113752429 1055.9379699933895 207.42114278906664
982.1100631096285 1319.0997528471567 1263.0878939983847
1094.6603356188498 1078.6510269624885 1450.9457405417793
801.0325433163525 1047.5742863191601 195.35818188078753
618.5559145496347 1412.4115929240345 5.461275101061869
1232.868598780382 1006.5173105879048 708.8588473262718
792.5848540802127 1045.3460608792595 1413.180684371397
1110.1804107695534 924.2670333024809 519.57102993147
934.4956245415302 871.7207312596909 196.45297359606172
1154.617118913894 1192.7154122394263 152.94560264598422
1000.7021631566531 861.3508627187302 1144.9642971874189
851.7023303680219 786.7798934383495 888.2572055353384
544.2295552550004 867.6657714986186 443.258121788361
1002.8363562114661 702.3234891429872 870.8113110739671
1182.1168245103377 567.063889497271 486.2548207201115
1298.1553865051367 872.4230792555411 567.7017781519596
886.6947530672296 549.3323188231857 1118.0292229352476
1271.6225527798972 846.2722877071701 187.7835362030997
1239.7886105316147 1037.8221948472863 102.1849390652324
1347.573689559537 843.7997499170816 720.6818398709498
1505.838761765569 813.3397453994643 132.87368814996842
1047.6301705210726 923.0202654610803 332.4149511777367
933.0606129503072 895.9549201625553 258.62518357850587
1195.8831964518172 1156.7390648050566 719.8990464225002
1270.453513843772 1175.023797488822 754.7758251576722
664.9484404716234 1290.7557649377727 1461.2681911973102
1296.3969730604415 1172.5337038200805 985.3230506754131
1036.578782384169 794.5611642237092 1278.1476937461898
1194.1196602182633 913.9068365086574 883.9240902468106
838.7037986820212 1439.0391958816215 214.01798818379308
1001.7735379865026 1291.471691439857 1353.4183221189314
1384.0078821634595 758.0416759204886 746.7900519478679
1308.3675686804 1070.9733476702315 922.6690826156168
849.5062960555683 952.0204371447393 1258.7482222362278
805.4166059192702 1052.3300080667814 1005.5389541798545
1100.5185614753486 1237.6933939017865 193.89073671286027
955.4396430337489 943.4798210013944 920.9287012793135
1140.07752874947 656.0199775153981 617.5859992283494
800.8156534693824 768.995562590284 1080.4264153369254
770.1306497482842 1018.3513107026779 234.60350565244846
1154.1515749719592 1097.028297749521 1472.5453902353574
760.9468134809626 995.7757417607021 672.0385584508074
1036.473228168705 1094.3726271260048 909.2836692943795
408.39197060328263 981.0668159014093 967.8367650238017
1282.2249830474575 1129.2351721869277 488.14399766387606
910.4330918364417 1270.862472205666 429.5182663647028
1092.7106708564488 465.30748644281255 155.97148097427598
1088.5616306422073 671.4874321292559 665.7967585146978
479.1691396467346 1153.0977650524753 158.72111886282485
1116.8249034979253 888.9963079069051 801.6777929834639
876.068459949597 1289.6214793829372 838.1664022176544
970.3037348378502 718.3088722818554 1122.9811954459842
730.5123238854936 831.3572719553688 1224.7625038616168
665.9408821365 1273.0729996563375 813.0330189173675
694.3833855390784 784.8852827768274 419.8160044447735
633.4229329727709 608.5137669272801 1026.2031851324086
558.8788013718197 890.6529699531438 574.9979893924253
835.1620574307249 1024.7387025904156 1322.8351658087781
1202.6614050143946 1386.3286923223777 1089.4863616353252
1077.0983760599404 914.0880062695222 935.2553099462536
1103.7822985955604 989.2372294892023 258.9011133679666
844.7001526235181 1028.8911001568256 295.7937568821602
817.8145066876453 809.2310935162229 219.22985771231174
1122.6131740010906 1149.9810088429192 785.0046806948402
1107.8093299209554 1076.8401142334649 195.4094630561315
915.5359512688291 700.0518974952807 21.65217929464469
701.499583256502 1008.0013706544106 641.773912161834
1144.1887686345717 1108.2519768227698 568.0013089080348
1025.2359327398322 1350.5867980156295 353.6769293144832
939.5686743605435 1336.3861237377942 202.2470484880627
699.1234333829107 811.2178445045945 767.530993074403
844.7092252110635 1394.055309360625 392.0208033428395
838.7931576494784 1449.1755013687562 946.0289728064172
1138.378086238048 871.7471077659204 395.34013478798414
943.9901266181562 1165.8112975052911 35.212796351489885
640.5245324552934 1499.14660883866 508.0746376928862
1166.2941829199258 848.75832713661 680.3272025478099
1432.8628994485352 979.6815036816791 121.9042789949108
1133.804728340355 1014.6674538566695 934.7923183267594
1311.849442970838 1121.8865479143685 649.0367596486069
850.0963568673017 840.655669178704 16.21895250651123
1277.3911850667996 1142.244150648099 239.54640646965197
1154.2399683567828 751.6496081257195 767.599001872031
669.5230310607888 811.7809144265972 500.50832597973164
940.6318132508983 1656.2508017094829 78.63672902439522
967.5309708919211 1166.5465939575354 39.613349024739065
1322.9154205583247 1063.3763414320294 852.3215748894734
1259.1867291457067 1378.6648163551708 976.3341834726334
1199.9722776346155 1258.574805357352 515.0626333671033
828.0272792225662 941.8386510768503 77.68615784578292
810.176754789012 839.0589045638428 456.32306748026446
995.0175022573378 1068.0910110912039 897.54190213125
1151.8055963328686 906.4496362599592 1170.9643434518132
849.0531449704927 670.6516589475709 29.06141400482376
1447.7886257492837 1087.8982202788065 482.05146429593606
877.9525654080726 1304.561554310454 1050.6211718026905
821.811653598827 1105.2034333694735 682.6140527968265
1245.5719437050993 1071.2001741862005 141.0653816594571
1178.4634518387163 1387.0235441538432 180.0895567539707
940.1859777911136 1047.2130184468883 1333.9925887803643
530.0919760255547 1043.8966947378474 1131.0166223451176
833.5831351646475 1213.476587354973 68.26533536669515
971.3663421924533 1050.5084935040254 229.00439792685646
1210.380112675994 694.3130153374307 719.9010313492001
1403.2323491435836 1318.9465977978716 518.5201812290546
831.8713747602462 1317.0581531100206 1275.4846598980323
1364.723224674075 1038.1746741932452 1120.2793534806176
928.5291391841872 1036.4530294781978 780.6800421492708
1349.0219351868382 1045.4981567601865 956.5924468472625
1301.9318477100492 986.9470376108515 816.8124269655152
1007.2505310889859 1134.4521580079283 114.92766065479832
969.3425832948886 575.9188552020256 520.474837797862
1319.7268201227862 1072.0466572984108 193.14715247117132
1057.3449688678165 896.8198355783195 276.0837851045136
1114.1686702310599 1099.1474233648264 865.0818193000953
791.5411412610903 1298.2445104174394 1369.4380051282405
1392.5357722782549 1039.4740045689896 1073.1771450797148
851.5188708939373 872.5513869686847 202.44329690635337
1064.9840674807938 872.0373506273489 503.29251688057093
1263.6400182494679 764.2781585661824 671.3698944945564
668.9067275134944 1113.9368933963146 1342.1422601307327
912.384925760145 841.660094136217 412.482397978457
1212.6853724974103 961.4873692254871 1014.1112684014523
905.8375765200507 469.8425511537856 805.1507074626745
717.5395072992263 681.1334712046015 852.2504176465984
931.5644969820605 502.71944259059126 1398.418576284499
939.0445902224108 1202.9809681658926 302.6823644937302
1098.3605405551832 1180.5717688598893 719.4705802037064
965.9458691360924 1035.3289611210196 936.276197525563
1019.2610879510411 908.0307513055293 1309.0725145471972
901.810712565717 1041.031043780161 634.8426943797207
548.2684479099563 1066.0493193371622 1472.9933337642399
991.7692787681661 783.3441386400629 996.7454236216855
841.7672224788721 952.5629271030906 635.5951946600009
1125.8244694242226 785.1558480241201 206.59640456821626
869.6937466325428 1468.1710524102698 1022.2822403214475
651.3720111980682 737.0461948184261 1018.4417418483855
852.8342813048203 1178.785734528929 1489.9264817327614
419.2416107992475 1000.4836851726435 401.3898025840839
515.036091205639 1197.8040752103443 1449.7540154546728
1104.5195373727352 1292.4335297717125 1313.8407141068192
766.9693610394432 912.92992187733 321.71653576949905
675.0884455562514 772.0666868800365 1049.4171104102134
743.8033058019414 1070.8869740612379 27.56876765700128
1116.729072601434 1316.8589977255754 876.2360560106672
684.4268226574168 1052.0189208257991 833.2414124234386
739.9170961366 1208.9422855970474 1280.9341181537475
1143.2420169137872 970.0435984095042 1016.9917361868178
904.7182811185511 447.77281815930075 1472.0477577982733
1152.898074403682 1111.7178929832914 843.4433471181633
1258.0876941571703 1328.0638923895378 255.3404261340818
1214.7648840224745 792.4599620211371 1403.7873278076802
1084.6921439847388 1056.8641724550828 1218.9051641466426
1135.138739813022 977.3883710495884 431.3603036174459
1294.2227545318033 1215.8025942550396 857.428471435244
1248.6962554306283 1013.1302488241344 1160.93595292697
1034.0191239322132 1127.7271059388236 276.56401276741076
817.6922998630525 916.1635727864063 50.81416211796325
856.6035883865504 1148.252927031911 503.6482677331792
1101.9242524951612 1141.4446666732863 532.4391512184933
809.9236138427627 998.7024140965893 1226.6022498576735
852.9649964531047 979.6833960197187 269.61862915624954
767.2512082625984 929.0765454172199 263.4708971616224
1448.200419773253 658.4086167446038 629.0824772601476
992.3613338538105 1118.7125399366573 817.4565277893935
1030.4205210436699 1190.0032477431346 1058.9848791857814
1259.041333159254 896.9525454770071 393.08708079776983
654.3843984046714 979.7186307718075 312.8586354960156
976.9425416972987 762.0901040428713 869.0149603695293
1033.6488819225983 1025.8936612663542 291.48230395020784
964.3727950901947 1009.2947320905298 436.65690447101264
904.3764423899929 874.1452651726695 1164.1751103690863
951.6790407315914 604.9641174924866 350.1323672193463
1298.4326984379784 657.5545750897328 131.59309999808633
1279.5873355322042 1092.8301704658834 490.75788673033304
1335.4666326555662 812.9805494365461 340.8560692101742
1024.1521499702271 761.0139718179162 557.5071538509627
1003.9822351975482 981.1361145678014 195.8854917132158
791.8852763620398 1001.1915167720998 388.4573476285015
1527.068616138144 904.9397398647392 34.80444235687252
926.1202308619858 773.9441568768266 1026.2478390743586
1093.763215768707 926.3875870004903 1243.2953715768601
1145.7323288411715 853.5694405710741 1197.9129352810864
1024.8467597895642 1268.6732073359321 1453.7477540117536
952.0392147853581 923.6405013585436 133.69782034161497
646.0887268660736 803.6671321788708 4.524648431274036
745.6598689463782 837.931744426423 638.4766552873516
689.7413137983494 1188.9195345874637 682.2416964446
933.6979792800083 1099.9417422675956 1367.0743960680754
860.3659974309664 812.847567942964 154.1930325665861
1201.499317599579 1468.244423837265 563.7235712177484
800.0005138297597 1098.2166829646037 925.6905455162967
700.8127443348999 1101.845856505553 790.4275269605433
1162.3710283469406 850.8223314578709 526.6515497799646
815.537809710125 1126.8303248956197 167.61084655823976
1144.035032953893 1407.9529992097387 28.853721794927733
1072.7646401067707 991.6653795870129 627.8338654135306
997.3787540276469 1031.7961597945427 938.147662162937
1085.7819900397865 793.6429420055173 630.6589665032062
1107.7760237839573 708.5990194433539 1143.8494907695601
1002.5890289169917 848.5738198653785 335.0840734122862
1101.8063231006606 1183.693121316693 842.5885453472877
1002.313999649463 899.7919473820689 474.79193368432743
1206.2570454134923 1092.150498047484 1428.6676800183545
910.4153365662085 1044.3751036422714 1203.729226609349
816.4125093284988 1147.6931100951963 592.2928843181452
1051.9188513578265 768.619307463237 1053.5062030594613
1539.4722944637317 784.1936988536529 1035.072518871167
759.1939524836532 764.2330716120373 45.44345746417689
1163.061602813502 1150.716375144402 1243.023468482371
1229.8396994752584 590.8031686132441 1375.030519416264
1210.5190291221404 1177.7618351166225 999.575658373553
379.1842809659646 927.2419739296491 596.3320867524809
913.370522817662 1424.0388893287895 609.7694939621558
1038.7513177590104 1231.5952265590963 941.000299840026
1002.052143172153 934.5998539663735 1338.3983062170375
1340.9391826710057 1145.5901700217635 898.374619093389
739.2851816121947 1374.660190451054 222.6389582017549
571.3274039617634 606.2733632263108 844.993896574139
909.3003746724341 634.3840466770728 916.138675873557
1039.7610278608101 900.6422810696799 1041.7132567619547
882.5199694762861 895.5925475887973 634.4450077160558
713.7986558482843 939.9004658421819 61.32927223319429
817.6193462060642 859.5343125546792 60.23738339876428
759.9076745286168 1266.8817648053373 100.75270693203025
1042.7502578804147 779.622614054749 565.644271560576
1181.4672754635599 757.9604475235246 447.28169963331914
728.177885201408 1321.5728140350268 524.5839896372632
1213.1172932989 1010.0652190312417 172.29039863649925
1204.498473699589 1075.573421317693 851.4098995607607
879.3782609530106 789.4492680202009 819.7924271423074
489.53831901933376 1187.453632345776 897.0923738423271
895.794182843852 942.3934708002994 309.59363167986663
907.2580099442384 734.8009744038136 298.0106992422978
799.0168642197416 609.4307822545716 520.6413432073886
828.2496794935931 1013.5703491931083 1267.9642043505537
978.7432033818989 1033.0108982428574 1356.0281303856468
1511.7598162522274 365.43107041452765 447.5589644808508
926.0286944375866 577.328416631751 1494.7336466280485
1016.6969567570644 1080.1470593925246 1396.7317276291544
1065.337193931517 678.3227806550004 1036.5441724620107
1273.1065649318675 432.0757284787471 1050.063827787804
655.2566045614874 880.3953591488097 72.79589426618772
836.6168221231185 1209.0430502920458 1099.5563906678876
880.82616767461 1050.0591417698602 1225.6503937629905
996.4860119871926 972.5757245315078 197.67690513750148
890.2652112726455 510.143826323195 250.26036916098192
901.8069608805531 947.3472746909034 647.9400001167371
883.4189407445058 1335.3390239794767 602.3825117305488
1409.680994451804 1171.3768533408356 1411.213540664688
872.3603891988416 1008.3946173262343 892.792397514445
880.6843150155063 900.6095459490659 1002.5830619402359
898.0698582043855 1169.363829189292 15.692915441761212
1262.581106773699 640.2327592372479 769.7150615342175
977.3059254199966 1276.0089620489991 556.8813455146754
872.624521601505 1179.5979780817763 1374.5484926294253
979.2468087398782 1035.6240034847401 644.6537842966944
840.4209099637943 1220.3382390313468 1384.5765267091097
832.6252402672668 1030.1778790644312 269.14077569543247
707.5699994641845 1084.7930135583044 1267.8148879810767
890.589665335678 937.7204357155078 1329.828907876363
919.1279503412923 687.9778543624493 1075.4033976019016
1264.3683698877287 1308.2265632843028 204.51658492391982
928.384932267029 1113.880806705747 602.0923796978255
532.0614036256942 942.0879989084024 383.76375043993005
990.3229468032663 753.0831592701827 756.9253863735464
1074.181931169907 950.4147807926408 559.0752436186581
889.067418890166 989.0524999018431 486.5323867021595
880.3903745570642 1370.4070679460442 780.6940376839199
1483.8892053663458 869.80568954984 248.84767389750527
902.2135960344707 1380.7094245626663 1253.5538788764895
1032.4016701698756 961.9153390316064 543.8215267697293
1061.966274707794 1064.3004636011663 887.0365254743996
513.5645401073165 1344.9443325019902 488.1789712049539
1084.8151101353637 1213.4676544750039 342.72666134253495
1105.8303426591474 761.3802514632021 463.6531445579306
1065.8555043135104 722.2238439912921 327.18027377783324
698.3121379288705 341.6575212122847 604.525407694635
590.2872628905849 709.6370273213577 482.6412795469285
795.9722796278745 1554.3797076117244 1250.1368372318843
1084.604208616819 953.624764579862 1007.3636324032094
779.3389825526452 1468.5399884211174 218.92359793894062
858.0312274630421 953.1942346174535 889.9207805735992
1357.1783311324984 883.8911245016661 774.9718213798583
1130.2668245862474 1222.1423795723854 205.57728634704702
1444.9903612557844 1105.6247369226464 1275.613520319503
912.929337126008 891.6105372584016 1427.285974483893
904.5172698949411 743.1598271847116 931.0832322192
791.2352578967917 1306.5934549434567 73.61328065478662
943.8342365397498 483.8482072490467 1357.4869727015996
1086.7731174609141 1235.1706183281935 1400.853318632245
1319.944670049746 1250.8555155634392 412.8097995039047
730.8287649914681 850.2781857178431 33.65792834248765
901.2324921722906 1215.869327982974 1432.4797068468108
951.693125660228 1124.8154196972714 309.2745228986493
1413.2722604895737 689.9283290871922 219.65209621568766
1325.915150707447 1099.68701125114 308.34161498124604
937.8849403945927 1726.8355846765267 143.33248059853582
1273.2730244443533 804.7014344571611 1458.4603180908277
743.0244210256922 1151.3582368578313 339.2650499904167
812.6999444215148 1114.6026479663349 924.9896947206336
1086.5413515239723 975.6791031941218 268.6282853331794
1195.1547897508399 1190.1691848840944 805.7738734692753
1001.0620097426266 863.7503695286623 1071.4684249646023
1152.2940283027733 1542.9143721502364 119.68975231335422
1163.9423700952093 1430.9548740108094 1066.0540457424604
920.8694955269685 900.072126395804 1052.5125810222755
1188.5885760769565 1263.957085967038 702.3835879923508
779.581482307637 1099.0041857467227 616.6792209511498
1103.748606546624 592.1139916625312 1080.1785737289138
1306.6973910274405 1449.7195325521182 740.9268478303609
1375.297599205186 832.4734144639119 1400.0737008407111
846.7184151200538 978.0161331190407 699.2739011625252
1163.9176719306633 1434.1828515070783 45.99857375559152
1179.0080198008584 900.5415973211121 442.966491424113
1087.6454598518756 618.7813014224741 286.1472035527652
1188.9402847970048 1145.0711024824411 1279.2776189068557
1594.7230330542002 669.1574357408057 641.6921995065586
1503.113844879255 1067.5341670686107 347.5715869933952
1293.4139726391168 744.0508096576361 775.2341618886841
467.44895545330496 782.9440390866233 1459.773507901117
986.6180798864519 1135.4240858221576 437.035687668286
861.0577911725983 746.2415097451577 816.1648688076733
994.7120947933034 762.6188542818038 627.7927661423877
714.569798479728 818.863744593022 1107.3351385749527
