1000
839.5222665969216 1031.4494867193116 860.0967553725651
543.5931693117268 1190.23859752023 1005.302699147448
1208.72559430193 993.3127507439483 1061.7360121760414
1158.6079555349672 732.2413648499497 1083.424812085047
1031.6531300051784 1084.8875228447093 682.3591472479933
1014.2843536914241 1089.960161845076 370.2998349645009
601.3624488122199 1084.6883680668407 1309.0651330402914
1577.9794727280419 1461.0329278564268 1148.7587453994013
1288.139286809573 833.500500708134 194.40788724730368
1558.699198965333 1221.776567168207 157.8941199307023
1206.0653382132186 871.00437916491 990.2430940865363
1100.193645162059 854.383519260725 972.1971044603466
1282.2603554709422 1582.1892750420761 238.48304418096805
1013.3695596211122 1002.1184281440882 115.82680811183532
983.6614902868594 1183.9161437006537 1000.0841332028681
959.3122464491045 1180.6222983235416 429.64057273493256
1046.0548453804554 685.6578811074728 1005.5619442628953
1390.5962779639522 1048.7076769133373 945.2727450472654
1378.80227274259 957.1508326585642 189.8475658056405
578.6530868867619 631.3883309969226 1484.7908475765473
1093.6905812094083 981.3863599121851 815.1584349877751
1203.540038461656 792.4292921057493 802.6161435412212
1212.7432912575698 1016.0124152750328 1429.065836754006
950.5352200843934 711.2429204890666 1062.0975219234872
742.5211956776911 1004.5631891580857 182.2950989275114
1451.739073453707 600.5118106326913 385.41692968824447
884.1498617477641 1160.6881964552927 441.23921341016967
968.7039934438984 975.2630238210894 453.94568827235787
1666.8927976909706 1157.3638961507381 260.5998659561248
1167.8572559857407 934.8200043379973 428.53537656003
761.9822206786073 892.6459628047013 142.5971305408057
1225.7830338597903 688.3724691199944 1299.4309399759363
1132.147291554588 1124.9931425590846 83.30751592041102
1154.9102498264356 1526.9155822103767 171.81204688252777
842.5639243773068 1291.4400728576093 1387.4793367197988
1213.3304657972283 1067.4357564527193 1239.9351311866444
591.078513822348 1175.035040943407 68.15943868636897
1316.7191956807558 1138.6314665024345 175.72704750836516
1073.7730126410463 730.8397951473736 911.7512935495035
1066.4305858148434 955.5585039459122 565.3295408751083
1226.498832678808 1031.215701141022 807.6187701529348
1141.7421307936845 1002.4734973198711 715.0742541217635
1097.752862497348 1183.483539120925 439.61455445254757
863.8564681648604 896.6004431629625 726.4098822495678
598.0635483499091 1326.3254489456297 1449.0470668571697
887.4954029617443 1001.3278371001207 710.7432695969908
802.5135372065806 970.8278309603777 991.7303915408692
949.1387336597738 1014.4662077437933 315.6630987690829
1121.9892425588562 728.5895576723804 569.0074633014042
701.8303162945499 853.0334351316283 1013.9802261638137
912.5758344872127 1200.4064711024712 163.31126511535103
952.0857995867657 711.8653650630613 506.1899884259604
1289.4060380924705 1148.5576348999016 1094.014994428888
1247.2702471251507 1202.9026597822678 1410.3527939137282
855.9743254306372 1094.3912833104857 391.0948894264732
1500.261994537926 1089.9541993583262 517.4245702931943
856.0749014854064 1113.829678657318 684.8290037274827
878.9817784961862 1339.0058346808328 705.9071734672706
1085.495319181847 1345.4023098165019 226.8730956031318
828.2188742073861 1051.6393298968885 149.22625170729435
1058.0008231999038 1081.2887465111567 905.626748441616
553.9307973277475 666.7322314495581 843.7092025072957
1175.065562252279 544.6638476013225 1009.3691086608794
1068.3969719575146 752.7157187446579 612.1758328569308
979.335619967298 1120.9846333458684 1368.944162680614
926.1246226552278 1067.4773242862373 671.4544261528717
1094.2650977894107 953.8154998029021 260.5710729217437
718.4752845356377 809.6517449404437 1117.911479056589
520.3956103890124 955.3080393859568 1362.081373469244
906.1515685957604 1132.18436824878 63.002346449020806
914.327877966558 1144.9534489444384 1477.4490033888042
214.41139569711015 678.7426100128598 1196.0603644937369
1291.5225788676069 753.2055023209044 1010.3137259913107
1433.8655224564347 893.5579557930764 618.1648193695154
845.5490279389319 1342.5146386461179 747.0987375474558
603.9881104270361 1332.7985545291517 932.061838630536
974.3519291342162 1413.1608132615427 340.7319080665129
1484.054413598349 1369.6991874859443 879.8999275057214
1011.7633270170348 1137.5705250495832 578.5255388311706
1396.375422755963 531.9346671871701 382.7884943586728
701.6885873614829 801.3972968629148 1240.4728975628157
1249.2589794700086 830.4044251921771 1232.9968005749897
1159.5166293254924 1458.433209954423 537.8906201374375
1124.9505690700585 730.473585532942 934.5313396978268
1064.194569415454 1014.2290768679298 1386.4589930067118
1010.8177075283088 762.0837431566106 1435.0470842112798
925.0343045679547 1332.6085884461563 1171.7949510070275
939.4188177883578 851.6359603325772 926.06849330963
901.3162934150824 663.6057800221114 347.9110654094206
833.9469100163542 950.7303020557089 795.5677103061859
989.8364896312066 933.8622499423827 1140.3348804663917
914.0424079740161 1360.8652362097519 224.3592019856296
1115.704946007178 1077.8382105807707 912.6305787111302
400.26321542736116 675.3037704048113 1359.9651488888833
870.1911819593649 939.473980737916 1107.6134736967992
1262.1839420353617 987.5571522725326 1386.9322924429543
1164.9738699356883 841.9233185710868 493.6495946145579
1332.3865179828495 1170.8970301839313 42.08114624390702
1150.8960658733638 1432.2757649076166 6.834632651751827
1771.831731637185 588.5773503883852 708.7814003887071
905.8162861204793 966.267062757642 608.2393307620865
887.1931124139312 798.631614065612 77.01599400317372
1158.0826112907575 1136.013925339066 1352.8339879300793
496.05412056535414 756.78042631928 956.8869062549334
1306.8260820443804 1393.3907985500705 1036.4463230852186
1315.7714560517493 948.524962224307 1070.453184541582
708.6763976644036 1078.3386069657595 248.17119601612424
1050.619377208442 1116.7109738712809 1176.049376109537
793.1325540428527 1047.4901398903376 559.7432639345333
824.761820203773 887.1483806016823 286.5201358425396
1156.7743857254393 1044.5911344711028 721.739159021162
815.1686149603973 1362.9238044965934 843.4252536640829
992.1012631335977 870.7356109205019 1109.2205180467845
1013.1866306805954 1273.6538496895225 771.8317098375946
824.0116627709272 567.406434362186 609.8505138587262
957.5126630553926 644.6252178885896 1032.2714405239067
625.3851499068692 1355.4836010696322 748.8862637235887
1107.3408668119343 1001.3329866477952 470.0201668002258
1263.9110904176537 1091.4449336814257 884.3329918702848
1147.204734150071 1414.0694485127633 654.4955067178327
853.0303779521921 1451.8115904749275 1242.9362345802836
979.6336667537155 891.5612276215479 664.07516967939
326.97322272202746 1302.173194704625 1081.0222018111217
1134.9674026892264 731.0310040425759 272.0032990259278
1048.7663111134382 1091.6718607840567 937.2832925496053
995.8141415983431 1320.2791385249711 268.00363693805883
381.6962085168791 1009.3939627763699 29.395339743951865
899.5198369541231 1044.5560107699825 385.23807358935716
1451.095616326126 1030.3516878594855 1409.2005676982583
838.5702687989415 829.6036561456895 594.9473290793901
708.3162081837077 872.4354873587104 1408.03633802351
1121.572848244985 1036.6437613223156 433.1171509698218
1110.0694221648484 1038.893431532093 194.68962476331092
616.1191398359347 522.9140215919263 434.9278746980916
606.794380874479 893.888213256548 462.68179562888747
1251.075388135255 981.012475978864 1209.3827501932983
1016.5302650749036 1069.2493850381622 1241.1878673061049
903.3205046457571 1185.1881844254979 723.8506955388023
1008.281587324593 954.5522726584927 263.6787455775074
650.7873078873199 775.058870503826 781.4100428053885
1332.8893143320481 1449.8637767044818 503.24024677990496
1864.0359609318457 1777.070989287228 222.3841230581977
648.6879209582812 1165.9409717382644 875.9707819733704
830.114449015363 1320.708371413275 340.6070978030729
966.8107884481349 793.3870342902259 1329.429850817251
1005.13580040722 1098.1031957877353 1057.339486037495
879.3110544726924 969.1572848145827 181.51924066579545
850.7566614606661 1168.2069612585215 1270.402009341652
906.8331714582791 889.956709930899 406.6506159447167
939.3401393524144 639.118644917467 1224.641184495604
886.6950010579509 981.4421955615022 1381.686912107364
1186.378800837658 913.5277719468659 360.92741276218845
1027.587883018555 875.459140733095 539.9604225620094
1669.060192583048 1207.6432706552048 502.30850147432517
1218.9600701671386 1309.337210276116 248.0737454601022
1210.5793321273504 1029.9421117465447 783.5206169300557
712.6970362622058 769.3724629257988 1220.6759181755558
1089.6534633633264 881.9584816419257 1437.084115268435
1051.7758671486297 871.8097376985844 641.6862421130531
977.0586715754257 764.8286362276582 777.6266154524874
669.7372200272781 902.7826611791667 1448.7691654192652
968.2846447366156 858.0227780006302 1242.74609148472
741.2491482087556 1095.0626676264505 96.77535996664949
662.038221749395 1376.2874814285617 1340.0842225227345
1214.1668961433584 1105.8013674847302 50.45918757738499
1586.1306545534494 561.9819845660425 1460.6324499357634
1472.9551833274784 979.581627230192 113.77301565101017
1413.0858891441646 1028.0901936010102 1074.3632783994221
1198.8745727422584 1487.1307076472867 676.677318031956
822.1615919987701 1379.8919682695441 732.0980881256925
1063.7922785095864 1045.9338102099932 985.8257424828589
1084.7357531865177 1331.2105458524413 915.6389015605209
1254.9956037708293 832.889135730175 942.5296253700108
540.9338526619038 896.6086191627908 1005.0569250504429
718.5100245178239 1320.704219123379 33.35577930264877
505.31960483616393 881.8958302615706 984.8203145716091
740.1765361226148 593.4861562829029 360.96821584600394
637.3656231619441 914.7896404062683 44.700429336346716
1826.4968071494677 1363.6322660759934 414.2741025857902
942.0351975139142 672.045152324669 74.58629177887605
837.7144788454708 1100.8733677283612 535.6963593677178
548.6713549968028 911.1996088790092 60.639917812923436
931.1785811011762 847.2421237752945 928.9600278134079
757.2292049501546 956.3276036317002 505.1506999813887
750.4462464601206 970.6764220056359 243.72133391114116
1343.0114848392514 1009.4085178233579 1284.2839411249247
1446.4888819335708 1053.7929793101157 1088.239327788474
1304.015344037495 1282.4596121183722 186.70928707538081
873.0853820777945 803.9763830450322 1200.879616200384
1103.4106984016523 506.2607051051626 958.4106172434061
1205.7689506215988 669.6462610587422 410.64194251013976
1089.6034541359822 545.182175099991 1144.630026943128
939.7685555017229 1389.921600230163 1101.7756613739925
722.3225853429128 1007.3421957176853 790.9584549146309
950.7267311904469 681.0498673440396 1345.411277905787
1414.6266827992517 964.5630918041686 599.3044906930015
891.2868053706123 762.0154670632982 731.275885347137
1329.137924074595 989.1285793194037 913.8926730825432
773.0892362387044 941.6988425167592 965.1881951565073
1094.6601256257184 941.4862286135243 1265.8609506291086
1276.588314629982 1001.413761657756 1072.971050254858
863.2281882675395 1053.7470390562282 525.7658053180213
1351.7841841385075 1540.9231695776944 259.4792358067233
698.5549882236116 1318.0454043938244 501.5873974416608
1011.560413908453 1067.707226731539 1246.3185070077361
1213.5880061292823 1216.4086330755417 821.3142403369491
1174.1782074207758 1204.7594865610677 1279.3873227074996
1060.099260093064 1037.967713418068 686.063464944241
1611.5414947475783 1244.5269735843453 265.3484335036443
701.6420855955519 965.7008647957321 104.1439376994478
822.367089849869 1085.6647243867992 683.6759360204392
922.9537496922161 693.0865909113018 1098.1806267404359
1242.6963808919263 1024.1658939284641 80.56337780778483
913.0873898780608 1093.9785099637459 846.0973803426372
1045.5385713426915 1268.8833820036868 39.081532272413845
1076.1446394452864 1283.1448100225475 1272.0745207421328
1028.681460455815 1445.4953855849517 1101.9069513287707
1268.39056905223 920.1002716712305 774.8784481004997
478.76430231078757 1215.223694394741 1359.8789726402258
1041.191739305191 1383.7021519435411 975.3789065062788
947.3130981468559 656.6233674178995 106.62460424885606
830.4366078854705 607.7791287807418 1451.498837061195
984.3512550393287 967.679485355421 1332.589364032821
884.2501236789532 842.1440198643612 759.5147989749094
979.4561130191037 1047.1331813305703 484.6954434248139
945.4172815134377 1245.6508967059726 623.9005915046432
529.8266398840619 1064.222094436431 629.1960539473554
1192.122380005177 809.35886161865 123.54248152318075
903.9091638595647 821.7470503896326 973.5035431502145
1359.448353034595 440.7489318401215 1214.304879914672
838.4121880131707 933.8209812530507 1112.9623644002024
626.8856058609904 926.5668980999294 507.1329062588727
661.2931295211849 1235.8019272352437 844.753039548909
664.9344003641477 859.2838753177432 212.9513660901632
838.4755208105598 942.8696993415512 942.2674654601884
712.0247147053398 1118.6031843066248 16.058532115384104
1187.0318876325803 1055.6424608225425 1012.6387085476197
860.0395483535709 1018.5589094618355 1447.3465704214814
956.1825136508313 1088.1117760456696 296.26337709793523
1014.190146128374 944.1178656202175 1185.2835006763964
868.3384227139087 1146.5398838759427 984.6421022756316
920.2566982839837 1492.8259682417697 1143.669443460387
884.2589509355743 1011.4951210030753 625.6997172520398
1560.1844483951054 768.9487006576406 1101.2099856444117
990.8316384467513 832.7759945622105 1021.6324806858205
886.2820356065048 695.6137412131616 1374.7007540173543
1022.411149789424 1006.6182009456036 1070.4506207760792
1130.9257872169405 988.0848958328941 737.0990590958494
802.7320587758971 608.0069699548881 702.8229229662877
1152.1255997935377 967.6647741643844 733.7748263580125
482.47232135625427 980.4876382758933 1364.9496200348453
851.3396191130436 1020.2146933274641 1386.8204636481332
666.5810679562264 773.8789274141036 333.04587688012526
1251.9571508469592 1095.55617469104 317.4986457843311
1157.622127268908 992.9161248554684 1184.3966597883077
512.3494788772713 803.6348900921727 119.87163115333615
1264.8700399199258 1027.2435165365032 715.9728566542427
1029.304984074764 869.9097856482789 100.1303757733586
1194.7615915494332 887.3893738496353 232.74015421835352
1094.5516883086973 1496.2291735052268 1087.1287881344783
718.6359094155146 1004.8725400108551 200.42885410057593
1428.8391331154644 537.9762957523283 698.2019842577748
611.5767191306907 808.5723552125157 1423.1359019310742
812.1470005014085 1208.9938289351203 309.45206840086416
1070.3672266579238 746.3798196650524 790.4530848984652
1101.4287775296261 650.8210619689219 1207.6368488863102
748.5220928079564 1214.223416111464 1424.6964723052029
1400.3995209969908 1046.1456395164403 1467.2082675354654
810.6987880303061 827.4282584806672 677.2979256222027
586.8317332504864 905.6196756978517 589.8630574821518
1260.9166199988551 1066.019680191412 301.7937948349841
1222.7229310097575 1351.238210366618 1334.5816220047648
626.5896670754059 1133.8600054020771 877.9556797989828
1351.2856692996602 717.0044493685576 1293.372298707988
1021.6376939169124 1141.8279629996691 174.07744059744928
816.1103589688007 865.2440631596927 678.5014089338426
597.0010885750597 877.9759449341326 1243.396202199072
1162.079917335343 1405.0172740569467 918.5978030065107
776.3058857526466 1315.2913937414846 177.40362048816206
1208.5420570248734 1108.107146951322 1156.243162082105
711.6072966172298 433.47929104767877 1352.8175226722904
764.971272317126 1092.3922679787697 1050.9131728416824
1386.48204799072 830.2091561770412 647.0851822448263
562.7236001564227 1027.6754675055115 656.3274253621908
839.2481453502382 841.0137934018132 235.60054891713528
700.7259074084418 998.268658220782 344.5633513768809
876.5836870920509 647.7032214937778 319.2186530041601
844.6574056627095 740.144626059569 964.7472916239078
874.2684423457252 869.0131028775352 962.5183573657453
982.1402842385083 1161.8970682494964 457.418175732061
1225.7638466264862 858.3623738614621 352.5780917776695
926.354728165151 949.7724052732125 646.5859124637768
911.3189584255249 998.5648719869838 235.05917280364525
1254.7619301272487 1187.8386773717975 741.6037834352702
988.4853577870132 989.9687047413133 185.9408054328505
1269.0455424390002 969.0974596826421 1488.2383239419667
706.3916904481596 1578.4323098423883 495.07471458922674
947.4053712712517 753.7236860229209 312.7405471614543
1000.710763442174 769.0001157261463 146.50612650755713
720.154048021386 1142.6333854791155 1463.2104872271093
1136.8460473678288 901.4162471879956 435.14925115931624
959.5508121063261 1006.4829220505127 627.7127597394655
1116.6891149728951 1260.0122278588624 1126.6094346106352
799.5833617949381 711.5559424322062 1288.5035138304256
699.455583484707 1383.4945848576517 750.6602822399533
477.14081566228504 1028.6305347362047 1039.7516030119461
1072.0899316403338 754.5735560947256 1279.7111735811936
1044.548613674628 609.8803544916773 60.83822638778963
829.8799350627734 866.078028617054 696.7183528224788
941.2618017890643 1157.2965784002963 636.1316763908003
820.5129931294861 1245.7635538066534 317.300638032961
717.3369647983161 736.1957849443638 1354.2370308387847
1369.0048631250763 477.18261881191904 1163.6680691879585
1079.2308377500804 1492.3226114935458 780.9990811029302
1179.332572732253 583.6838076560091 863.1543162505084
1069.196385000715 1119.741383235488 882.2606514771558
1290.1403349603527 904.91192066916 601.9390140448421
1151.0321872778545 1204.5500382011014 1164.7723863391107
1106.5129232048644 1172.8907551172551 35.38239644632901
660.0397611774783 816.7412708659381 824.1325658570595
897.0814091671377 1368.9705574488157 1189.5402781598814
716.0651576984819 952.9604120800999 355.11780460054644
859.0317318017002 999.425313456024 690.9881919125713
929.5806575222157 1479.5074559032018 1450.877378672963
890.0977795646767 724.8398273111065 745.194883706534
1204.6679382107573 1087.7452226549299 318.22252069280086
805.4136243712617 600.8713894379072 293.5714191841665
449.5493901385057 859.8524787665693 427.52782172939504
1192.2505312317046 806.8902039599838 173.1398238307668
1111.0595182743705 1172.3014870857721 683.2822456796613
323.16195611711817 1109.8081150141836 55.164516031106395
1349.3093500118503 696.0055983283419 543.1256091338469
728.486384762572 531.901094181911 224.25257707182072
488.87976853861113 1141.891067600634 710.0931672478395
1102.8865349756754 1296.1260935964456 274.15450557633164
640.4225588669353 1013.1177638194212 699.3829316407553
744.1115329352248 996.3434556367921 328.3808768388124
1421.6071141627594 1072.1183007824175 425.8470213718328
749.0839442669529 753.2602383818136 407.99357639650606
957.4169571970899 1073.1316256228333 536.1210275089134
1307.1731215302723 1068.7424820734286 1302.300394451002
741.1140532544973 1052.61060872877 1358.1335238295121
1146.7721448572559 910.9321611970478 1430.3679670523632
727.8851173833207 1351.229272838032 674.810789048672
1568.707689494856 738.2572892593976 1252.5354975038754
865.583043730425 1141.467760327497 1038.6996403445612
869.9558288464561 1038.0836728201925 981.7547712717271
1141.335439401896 854.8515340552392 290.00375328722157
784.0635774700958 1091.247006468129 1493.0513336376357
880.4111875324879 1056.2207671297865 1497.5404378365545
1121.670798795632 770.4319765083446 525.4471938663846
654.5506802429309 1224.4358069154644 1118.4444325892205
1201.3984726445033 898.5899960622486 1123.4622475159777
1237.5897204857033 923.4990701194108 1050.9899705306154
1062.7874256989749 841.9162965655968 1392.816690031012
1193.0934394047388 875.6685498317313 1116.3425321829075
1346.254937874684 923.5450248863445 227.55298455639544
1086.644513686793 1557.7445246646782 29.242845238084847
1250.0849245813743 1024.0970169822292 424.6688570083653
840.1238454075669 977.8796464553936 438.03598563270106
545.863368397486 913.8167423254217 1171.5894548320007
1300.53383735135 1009.9381343044886 1394.946576578556
842.9683952138108 1285.2719856177905 1212.8007986822677
1133.455923386473 762.6573533145338 185.45844646221389
1123.7682525010098 838.7863075718856 964.8583777549624
824.742671260147 691.2432981648661 183.83362226506017
690.2306083001077 743.2240505892123 147.71808401077874
964.8866615305261 766.9567326726235 180.53554266323334
762.9443564383939 1107.1175698573834 957.6715210197129
1007.3829218815198 630.6241781026247 536.9426631625454
640.2593610109845 1482.592786932956 1000.04446146886
890.8803131466839 976.7776286726134 1107.301458185621
1169.9003540224512 1295.974794960191 1289.8490935627979
763.8344573005597 1252.5595614955416 1417.4941227787833
1231.74524280025 1286.4922404480214 76.66507820817425
544.4433081425193 937.3308779908224 1136.2307529320426
1179.5007812955175 1100.977665293124 48.13006348856064
1254.5707428631285 1086.8775288404497 699.4633646210256
780.1250297023502 1194.287839890135 1360.2622962643097
994.0574331672007 1089.02043629519 257.11020124993144
1311.390025674606 1199.3841679379868 942.366518460869
1134.256849369564 891.6633033839126 273.8123295801537
807.8560978992274 561.136685145308 985.0557195172166
720.4272331588268 1476.967676615254 613.9233761600653
1086.0168589152572 1160.5004205346147 651.2718913654826
1181.524496880028 1232.0209073781286 1233.9212886057546
670.6856216710721 936.8836789820941 10.518094992597316
1259.377158916468 716.7464373508417 1248.2086922086228
730.1459592465603 1051.6042424514465 322.9652927845859
1371.6303129595665 854.8707980170623 589.6417176892826
1258.3057622364859 1148.6455344582237 373.5649981608306
1115.4076636486973 1106.7252763940915 874.2540281350559
987.0931029682758 951.3134081960828 992.1577851465241
1078.6376753253471 1161.655323102529 839.3332958002677
1219.2698834943762 1052.8545027993687 1494.8090108083936
1092.6720846779244 1186.5036120604113 1112.6350644707948
1167.894252547544 1472.6147950341503 827.231972927987
552.4337199967513 1686.45074891303 584.3508390640102
1316.6028095233264 766.4854351154278 1286.7880870451506
655.2358713311751 1391.2125184482268 543.7952336110412
1121.6556784545337 1205.7935934676793 1409.6953428287452
930.1020964728376 1042.8601241485112 1404.0243836894363
887.708780871599 912.8985415728572 338.92463748308285
1050.9730939071499 1135.350227200169 811.6755937296656
1023.1602771206194 1200.1648401546745 140.91447433589866
656.0472296849482 1417.6563967760067 809.6765427955002
706.5776853764091 878.6068031781098 835.3272420413325
1083.7912799123114 983.5072800793896 1406.275842774543
1123.014447422752 1359.607218623949 1033.4716894702726
1056.9383351127433 758.0544981300341 1315.776812454806
495.57013802906715 575.3948681835292 14.819226686323573
874.7608368838639 1162.4096662454544 1255.8457760593737
1029.7998091179898 969.250624312198 689.1405369394024
1233.8946273980719 1147.2309425124686 214.85889105687838
1050.163866405256 1052.2963556493671 1321.934946024438
1318.3398911238512 513.3142694134972 360.3361300283183
1321.5482703797588 1002.9637674541902 787.1729216644359
714.129030818334 1060.0219943858444 119.05307247590258
1108.4556103989432 1140.5183752358912 640.6675276580595
945.0235418397431 942.398440334308 680.499244793544
942.8047869149099 1327.6784498107402 796.7233656009178
880.8588942137168 707.880660937298 620.0483194426328
558.2969389846791 759.480646947363 1408.8445445478183
842.9244940957673 398.2198090624813 669.7885071018896
843.7954250605605 1071.3097056119648 562.4841796759833
1266.343367838786 1038.1603899230518 524.8087749740181
1055.9830775244814 756.9636907759005 75.53047704562054
1111.0385438241105 960.2311446747138 622.9922547771869
1186.5953743231653 1094.1065772102825 776.6330174980767
568.3990154722851 865.8448067456293 1323.2014199877763
920.3276946275017 901.7980025119518 900.4408671497683
476.3278286655085 1293.4372071746361 641.4065567043552
1344.8150440023028 1198.3622849459446 1265.6534495589742
974.7581473127021 699.5655878827963 1479.767164512336
820.9678660406587 1412.7268739202816 1491.2778296727524
1326.0826107504865 948.8735765497279 950.6965365841389
913.3072275888361 816.155012895788 867.7741827414474
894.4844212425033 1176.7430113961436 446.5939074408496
797.019351085727 1200.422530236596 940.6383320822479
899.7094161554817 940.4060536928326 985.30124972271
954.2934412553111 1059.2845966972152 1307.4790061401382
1363.6873454661077 1060.7308610547384 683.4164980490526
872.7841128281361 1094.0010539748037 728.6830544640626
1125.6659275425527 1217.228034788113 421.30751728983086
1166.1078035703106 886.1999854373805 120.94258920575024
1001.2963097492296 871.4756076616898 527.3618928013459
809.9377601130533 940.1016806657552 715.349542945237
1139.1484731713915 967.7888205962294 58.66057836909289
1011.7541295032307 875.0347996227133 316.47088667637973
582.8539409329592 1114.838793807626 120.49839767828125
1137.0808686692371 576.1955489187668 1338.14904956001
1073.2288008283726 1353.4235472893797 746.0887895252441
1050.9112638390327 741.8511321506489 702.1299093437796
680.0288273071201 1184.0602928293158 666.2098445891592
915.3924831995204 989.4230073264382 468.36007204407014
1050.5154810018446 1217.0640422787765 1420.987340237635
912.6587750001809 1087.018088107349 984.3803972560793
1077.013419753118 974.7996917371627 779.4523601346308
1426.9697479011354 707.8274552825787 427.64252622875
510.89520336340075 935.9139714601031 1107.3031558709818
1112.663056213857 1298.4127052381568 805.3469057031643
802.7211910479637 1078.4565340654199 7.845799474452242
1168.7821504885233 1130.3150108470659 1359.1026732853215
885.8444331854381 855.5482040769277 1227.4637075206172
1257.161190691659 1386.7270890989885 112.32036008453677
1282.637490748798 874.844823491636 2.6017211680547936
1115.8627986089973 1044.250813615932 664.3149591680291
1202.6623126586373 1105.3301823012507 857.6251014195316
993.1409977524532 955.230210304843 126.38269720443857
1052.7360131469393 1254.4386068450665 33.66871776483171
944.390089956193 859.2932759119153 283.96342274101755
1286.0587312199145 1114.087148410038 472.7690699364597
420.4925603377741 1082.0271414810588 1476.7518747146921
910.5078668301264 1291.7513663068496 835.4905123064293
690.5497350280768 1120.890777663753 1321.4766195625136
1033.6520687032926 1000.3250445528897 1095.1197233805042
1129.372512268882 884.299454731765 1363.075252342785
928.2725186281543 851.8748899740426 1380.7010829282876
955.6475944074242 698.4060613259273 893.0033026784437
819.8113878538782 1047.1091819876178 63.52235727725919
824.2900697836201 1650.325991915458 502.60979922992027
969.1536271681665 1006.7780053572816 847.7038229696394
829.9759527038758 1184.344870820517 225.62829863565292
1407.505012596326 707.778673832003 1196.841596391768
1137.1042023430468 1127.6754778264024 1210.5043866245892
665.555553264388 1271.388431683985 1293.498105795401
1003.6453891077501 1239.662480628263 691.3534308191515
1091.7862661205818 1067.8363656540341 1472.750696084872
812.2382194793483 1205.0797821917777 806.9534940440539
1061.067897885112 1264.4430959328959 1483.0731333906026
961.10577097451 926.3450671776673 304.2153664072541
1055.518353883908 1188.0212819457615 411.8293682240206
1125.232336492059 973.6879022111133 942.6674804368796
953.2111056660925 717.1927327592496 355.1159545788999
921.877212400598 810.3212645865377 887.9067834836999
898.5246800062007 1230.3677111685633 136.07515866557603
709.1933950933923 1208.1583899594805 1218.60625282134
669.0637605185517 945.1994479371529 1262.3997396679235
1015.47047778876 1118.2833741997915 890.5232081951324
837.5100989320665 530.5252794084797 644.1298927114898
472.3432181349681 848.1514756851846 1341.918108070775
612.5065791515626 1326.7457167568907 526.6100683784656
928.376438404854 1277.0479490770222 106.59502179369623
1455.2035840737637 1225.4740256583814 1045.5416240417521
987.0341059016946 1154.8502393509618 1139.604220746757
630.2251094900798 1348.8926353105435 20.360459660708486
1034.8106248356223 996.3746099731757 1020.983287304998
1322.0092051600002 1590.22170951495 1202.7430918855496
1149.8318723122707 1372.5803687629166 75.71109686650301
961.054956331148 1196.3002167911916 1490.7460005403645
1173.7880611234602 1651.6952909667855 1313.149530481344
895.0259653597253 883.3127921514283 893.7839048022547
766.3376580150338 818.0006733630514 354.5425904129563
751.2990863614855 738.9774215445756 165.34378878056864
975.354781705534 994.0632627414299 1411.1055606275409
1386.781450930276 958.3654372652852 1445.1241818584222
686.5099949925386 812.2599310543252 143.75951887265208
860.1709137123268 642.0439139611126 1109.471053154068
647.4210543287802 904.0506514318249 1300.5335115340013
1581.44549532595 860.0846916917938 990.549725800579
924.2797049269337 885.8485365296812 386.6005897960006
1189.14004692546 1081.6722717794696 851.5256349220047
1525.8249465935346 1039.1756545940307 713.4730039891856
514.8795058099149 1280.0589982686158 691.4031798586443
816.0567256630394 1215.0418589881644 859.1385299210039
1327.8093703255877 1056.8975313962935 492.1027714017479
1055.104353837286 714.1716455751537 1318.2207196440877
1060.5774439409986 1501.6291568328627 1066.345011056416
776.3425863168957 578.8120446016723 1468.4460367774657
399.7853605936376 1032.5134111801435 1014.3940663241092
1309.7832166599396 1052.2850779484988 791.1064853762258
746.8083916000585 889.0299894710438 1364.1973989126348
1413.3719302113711 789.6202671224669 1387.3244426949761
1340.2557296246018 420.9103495930526 1092.2217164187766
949.8127395272443 983.552802654313 179.1081667871558
1086.2367431011457 977.1030369568354 1260.9979221209571
1135.5267426908465 732.0927531493221 958.4184238700534
1192.541174992834 1179.4414387955546 330.38486754159123
1127.8342355479408 1180.6981422101442 1071.5225301672633
1162.8353556329664 554.1454957257721 1354.4894014377835
1650.1158045809195 785.6968787658882 454.20198278096535
785.1586023530078 1073.171815270827 678.3713500830781
857.5208008190718 1031.046943493666 477.612866381339
1085.6254968388369 1045.2560795727675 185.03551468970718
1665.1275116670604 764.9131436614878 295.04917659500444
762.1252852307521 552.8988955495806 281.55541112583137
901.9034594264134 954.0245943225868 707.5238161781788
1260.163681591389 917.8775658506302 494.9323763268425
906.21067978208 773.4849635659812 613.9145734586357
1035.2188400452883 1193.373834895821 762.0626961356187
744.3456789180653 1019.2504604582582 40.907535653327166
496.7606674304489 1258.1926904645518 680.4782626631405
728.0196532409461 836.2150120966135 1131.7496121160093
809.7916844331791 1651.599938878726 660.1665826628295
825.3929480521645 1150.5271192236398 241.6444121368655
1140.6368056789333 734.9017945196409 252.08965746531436
1060.4934556847943 1072.5454451555643 1265.3821895847648
1036.2586884010707 1394.2314274743458 593.9379163959779
1206.6474114624398 973.475870105568 147.39330828143966
1186.8793833010304 1170.0853962379697 1439.8646676011836
741.5901907360802 1012.9028812917871 942.9702078665727
1053.6593495178524 678.3969083218012 274.92255362567323
1282.480155961071 1361.5748468543604 598.6331975047013
988.2314464353351 1118.1077910543247 483.8223561728325
1158.8549003752291 1215.3459795697104 100.85052519523119
1024.8955886947297 826.1541814503154 1038.6082035007405
944.8795796552221 952.8628534464242 719.0377609976687
1567.3447996500904 1131.8755682887495 1186.7715403651853
850.2461829855574 992.5656256431447 592.7632551652464
721.108346443855 1538.787529953037 1078.190193149335
1309.6515720070583 627.1552897995093 141.21772332382366
848.053531213732 872.7717820334133 308.6550830026228
587.3392021131268 1061.462207839507 360.1771726990167
1406.7426778352065 1164.6506543103226 434.969415358907
1238.7662082907968 1031.9865956591627 1192.5856920134645
626.6700904759045 1392.7669813529453 742.0849137862533
1468.0897447452303 400.0821617136006 1053.5529396668205
583.8450435808688 871.306987832186 93.03158402187911
739.469174933525 1261.8657848235093 1177.350479060695
911.6713597077792 802.0894519659253 698.266239200593
793.8563965372412 739.5909479550173 1190.0905625546413
646.5962021596017 1159.7443174609327 651.1314206305992
999.7785924319021 1308.1735884610691 352.84014038725
849.9256150438512 1268.0742994155016 1078.040574951658
901.5864160068196 800.0784023646512 392.56228068291347
1488.5648119219375 1021.7094526199163 9.214655968482644
1058.874790613638 601.0225041034922 666.2332922380051
1175.370337487141 1139.632770512621 338.1240850360896
1098.9371696146284 1335.780515873088 339.80960604086016
988.7729344121885 1117.098829294444 753.016485530705
528.6207823735758 1239.9168182485153 220.4872074289599
1116.556765562605 958.9811645998303 1066.0538755383368
1031.7466440945868 1114.15301998148 504.3533278949144
944.0896278156563 1198.2928334256508 773.6524195207492
1044.1296575872275 1159.9223067388234 250.85910468785383
1190.5981219956514 1070.0609770146702 1041.9772671781466
1246.4131523752474 851.8515475262363 345.93560686336184
479.4640638592664 524.9285928776569 474.99640867814026
872.0632563244378 1479.4625404128258 493.16995057567163
1405.6492931436146 1053.4236978875908 1319.2118290426797
1218.622440873122 729.201710294554 217.52486889254746
914.4732864407972 1271.574115323846 1123.6496875699472
899.5225427300118 1305.7639371799442 74.52018933578414
705.0840857954663 877.092335436678 1205.805047564157
630.0885365834613 1062.949087777045 595.1678146117774
975.4375541744397 1176.7089473086874 2.2863457863626646
849.379691061343 1135.0101484675802 397.49554220353207
719.341629105533 768.8580534911878 768.1916710126642
1580.566170490369 1304.1172519543593 75.5714945062742
995.0440552049595 1089.410670842184 215.5526344520526
1041.3593608712902 1178.7162630517932 349.78805125160324
1295.492665819426 1062.295095157506 757.8400652608971
917.6869730133934 785.3857552141045 1200.8864240451687
1142.8992135237997 1093.3287491126719 1076.8434707093481
1143.288942775148 1311.9075125067698 1130.179586624876
963.5034060762218 1207.845738823679 765.4022069934365
958.5325109511404 1186.955568542809 426.5947896966677
802.263168217958 884.8586551002684 990.3267850742524
884.0974771558715 822.2352083260466 903.4794811509281
537.0138394610158 817.87844118515 1258.5508422092887
1217.3674233854097 1033.3858165040297 554.9053057193261
500.0274358553477 906.3781620802308 76.72638007166665
1082.78954670611 829.7979776547662 612.1415713225299
1117.4832998507948 1127.6751613307563 310.96486761188305
418.4284538271646 1151.007774509777 1395.5313762916403
874.5106580438687 1142.8115921720123 356.2645268727296
1055.1549479457992 731.6246390023127 1101.0665171063986
1017.8006463196566 1008.6318236917299 1181.1027729000484
1153.2077702881963 1162.7700158580878 1219.13705259001
1298.9740278890124 1541.5507433508164 1370.2343772100246
1055.0229986207328 1179.5048418860297 1332.7917244944756
1064.5120759472325 952.8344153281239 1382.9542747942724
815.5008789333808 908.5000949470119 303.31601590023575
931.256404020825 575.0868034394498 689.3292588678321
1279.6673402060894 937.4026252072082 456.7728579721807
884.2021808431919 1045.8065825603678 1291.1038056796592
1096.4296178913028 1320.6456551362558 530.2054090638284
493.916649635849 1028.5102876152362 420.26828276242617
1149.3736947872726 1200.2387384734343 406.65361308096544
1080.5023992917768 1127.4997129059298 1342.0812162794734
528.8097966356075 857.2399349530621 1226.8398251901642
1320.4826064389742 1387.845490663281 803.135421113881
810.3809271540082 920.3034774570963 1481.7384756651227
660.083127086994 734.9789171730176 692.6209764306515
1408.469277199086 1154.4472015093077 2.6889360541881846
813.1874516199905 1213.8483820593206 1186.560392552317
943.0737957345732 1091.4451381193019 1076.3896467076536
1072.4962850495065 1141.78768419467 261.7515774028608
599.792638671034 1055.134882868373 30.168644861737036
941.2646238616711 934.7301154357802 113.28684248690945
1008.7588388656103 1077.7646642166364 1023.0245390950673
1102.6520057617784 959.4967814717886 1236.43853006018
1018.4319663083868 663.3592040118583 947.7754332326147
1165.5755990977407 785.6182028393534 1188.447652035108
591.8700069962488 860.0615254096735 514.2586246749788
851.4069169322987 1448.3266774777308 634.047993366788
868.2929179935263 1063.692546965101 1409.9093646945269
1098.8957028866366 956.8551417498627 18.02079016337438
764.7264275326804 866.7248282229908 1048.9122447588925
1324.9434273323127 911.4018783980706 1414.2786090862012
537.0253584278154 713.3159178735825 1139.4985426917108
772.3542292437596 1531.5313518111925 144.75695100897863
658.3243455795721 1160.2070343827716 1098.3714845241564
1180.3988003233583 937.2820920614635 326.72049177335697
880.5724425535332 914.228431757674 3.156724875761907
781.1128150729545 1110.7694450012882 164.42997107945428
906.7379574013044 544.9004114473671 635.426798421823
1105.2277349713509 695.1808639647788 1383.354128337041
674.026637013056 873.9806169924128 1203.5582878258508
544.4999695176681 1386.1112011880298 817.6487135703574
716.4272424736378 1036.136351634443 1160.6548641566385
549.6238626702238 1564.8842933242722 1419.1981549908
878.240600255054 732.611228241997 142.67909977866415
784.9691825055608 645.3206287988254 252.7957418107591
849.624688830264 1279.067323176128 485.5371002712663
1279.1359761776007 857.1494183803992 1385.8444416661723
571.6411883959805 1026.4082368846762 378.6454397966457
1477.532956624199 984.2659279092983 223.98406322755727
1224.150735004079 1113.2558815164493 545.4596794060549
1247.2048417213025 1324.854970978372 1444.007681418428
889.2104951639321 1265.2103391801245 1397.6239596908486
929.1045729741461 997.7365831978851 879.2612373356744
1273.5461856170302 989.8806428009298 856.7873298659279
1135.0014369619091 913.9443716372887 1332.4773846694848
1066.7369444764952 975.4326716808564 296.489142222748
1148.953917166832 1317.6051166644042 1162.9152507065612
801.1331923854317 899.3939799152253 531.4308946375322
760.614691132154 1019.8050819426583 377.495551822804
646.8019361500161 706.2541541477842 446.896984129214
1643.0391726488172 1603.2908872210937 540.7816556400172
641.3938826097587 1295.2065730670556 1275.7172141435112
1221.065560767512 1114.3171005147199 606.8078598458933
786.6697475216852 1230.0572617653079 1030.7524025485254
1133.5727710205178 1066.379517275424 718.1899998647687
948.8054510629399 1105.4026647729258 669.3683914454294
1080.7800867014846 762.4881676447002 798.9582115107505
1036.4964789043909 827.5812486865163 77.03949904861524
1158.998761102902 883.171363495432 1318.7661902622463
893.6320000984422 1070.1619203535106 343.45119380746655
519.2871613827457 1110.6663170308195 31.24006713905414
1576.1010796259493 1140.374237189026 1054.1392336169445
963.3221553637767 729.0260157500635 281.6122371720268
1301.1465996939999 1123.5347859761293 942.4523678040689
1109.3584993503307 1171.0012499839588 114.09469144075207
735.7386014675917 1086.9519690138877 674.2343743456242
1021.4280629881024 1162.0452085564712 1106.6437479958163
956.2470101830403 732.5229049959745 1438.8841486448628
1139.1100641385672 772.2274274768723 857.2820545325936
1456.792219558645 918.3795817887873 303.68843625223434
1044.1610338660341 1130.0631936900454 312.6727392107361
1064.0932880514338 1065.4110753758541 995.4602119137522
897.7197123317345 1158.7179804757902 640.2886335241625
859.402238157568 900.6197130282565 1415.8790362927773
1006.7842450707429 1473.4893631502564 127.65121405331648
857.3377568152979 1046.5973736036585 921.9175956644248
849.8685100057453 1395.23692302689 411.8149362771399
920.8328535002495 1179.246774875716 363.58165087581284
1050.3099050671572 946.3826134898511 832.7237422798268
691.9529466635976 1045.1317789600678 859.7089965967525
890.6473291234998 914.0466281486397 1128.3768963058885
986.7240778579538 650.1975321659697 871.7068011220591
807.9032552436319 772.698880408125 1454.678386724055
1336.8120272061408 1042.812175720615 5.163774433461111
847.0808823624288 806.1604698043434 422.8738258466137
852.2770852933868 1116.9469912296954 653.2312732065749
1266.881254004173 1000.1689386952169 1358.3149310317754
1114.402048243149 987.738062920525 970.6243939927472
1432.6832512495266 856.1769457262535 861.8615055390496
964.8058572357116 1046.6474933748061 233.3508046644054
1104.5077935669701 1211.03628239163 580.4665076869153
1220.8672929172735 990.8412552167815 243.52850051956287
842.6094797871149 915.5115216312321 1376.3301166885137
1039.3305427982223 906.4656155851967 212.53497321361385
679.029414559891 1217.1580412282372 546.9630066541446
421.49306662956315 1112.114548576225 1475.9306873589767
977.4151647659814 1300.68263876069 506.4049981045676
815.3240920588362 887.5311392970563 913.1798961123096
957.0325657006426 757.5897579489567 1054.8292472523542
637.1305429649558 1172.5453737937992 1464.5315188676418
1100.8487749385954 1584.1119295443418 1148.0891344272973
837.6511830473235 1130.9252560331768 525.836391174664
977.6259183319025 666.5746897942245 872.9886280274796
1108.0016079959887 886.6387561227449 1471.7526266549776
1121.7109919398945 1409.491368255383 439.6741875340277
786.6901969979374 1235.4293322599635 361.2624903057197
903.5401389503025 593.4845064907736 36.46465654487307
936.9048219067673 1056.3485205782843 1295.584411332783
1232.165753770697 654.4467080633447 121.15014237813094
1238.066265272368 796.574166894138 1297.970841345065
854.5305065088511 969.6607329450444 1159.187001478634
1160.2379140297533 1418.5753099472736 1396.191393883448
1004.2436069837345 905.7250298665895 1244.6138015455938
1005.5623387371608 893.5346013259593 739.8446724098401
1307.3352201639657 834.2407422853012 1421.871989871591
893.8922248341589 948.6469311663541 575.4956995754924
1111.6591540383824 883.103721554634 41.23931799227759
1353.0730176378818 1351.7688966058017 203.17115644929822
855.5041148481863 796.7930084312883 1079.9745746201074
1174.634201503127 1460.6822550329762 599.521257233963
1709.365738321611 1433.2851568860679 267.7247756267685
696.180499775866 955.9257509020418 1340.7474096956844
672.7684067269478 1073.900458171825 9.737719786938326
716.1240351895606 623.4773817353345 1463.4229969662947
942.2154253972002 1284.2842209465393 404.4448635733902
1236.4578650700807 1005.9500569744735 557.7676532863461
1368.2277549903788 859.3967501759133 401.03308045704046
1322.3886829758928 782.3625882725623 103.71892015718387
987.9748228377043 907.3879812209527 647.400266708672
990.1437548127562 727.3870457325902 668.821919604855
995.4566083988769 1038.490695876955 1276.5021029532995
1023.5543745949731 786.805192102552 310.5716131584747
1240.1325942200579 1221.3325012907314 808.0100339728767
787.1101162253829 896.572633247476 611.7474190816414
721.9650853404423 1087.8565349758778 870.2629150797325
944.3640623897185 1096.9973981049586 551.176993174557
838.0935117021965 1325.0720701787668 1208.2490490294888
1190.8583662827036 774.5669443819091 869.0577981323399
1118.997106333336 1340.6404028224426 829.7162038857448
574.6591428287987 927.1581064498624 323.2569473996371
1039.685199124534 894.9250287002108 1007.3773202151243
1224.469116652796 688.6433972367283 452.40390029212705
662.7230464749571 867.5708172442742 562.7455035412303
948.3929062092727 1062.8263709980781 1482.5067234031153
1025.5351778790468 1224.7754250999953 490.24249765001855
1311.1684223977954 472.28462728268073 630.4308754426135
761.966134247457 1214.7448294985838 1184.7515677859628
1205.7217205086622 1259.407309202359 467.3453195502166
1145.446067709375 921.8636127658594 424.5623344391176
967.0436530019173 938.5378451647092 227.34628628127606
762.0329846508741 1343.7430358011425 395.334420565467
720.916659799092 1040.79979722118 679.9620592925261
990.480828585045 1159.7968880968879 1450.0858131648465
782.8826830082526 949.6565012281649 462.44707804913327
452.10789206248785 341.9104613043951 958.7598174606331
792.7950051163407 900.178665876787 1198.6987275504832
644.3929551186986 733.2827945559184 499.92948626397884
552.3141994091441 855.2115396935541 440.0571794836959
659.7945784950945 959.540675409559 766.7064658295373
1181.1045419699549 956.1137003017184 326.16127625244
1316.6594964060382 1081.8655874974127 689.1379483148526
861.5671052940098 533.0382342898172 610.7818523565012
702.114086337328 1080.4587099435957 933.3415157622941
899.9549573031662 687.2992363625787 577.2525235877727
1430.2996328430145 1110.808191287239 305.73031891229175
856.8844949075451 1184.7427697261774 1336.3532429250401
1085.5535035152518 1175.825918194427 820.7234824925619
1159.1093418687412 687.4574478305846 1188.4957014083045
960.1365509169858 912.1090387791131 208.42369992302213
868.011375964948 977.426891458342 323.95943795481566
1108.2861715503184 1217.9318132342187 987.1392749416452
994.421991346343 550.8592737112021 1296.8988505400926
1234.117186459479 923.2952357965488 1184.9082029266033
802.3234478871414 1209.528887391744 51.09442065596842
932.7973816952765 953.4124549477968 441.1105207545801
1246.0822435210546 1083.7174811092866 498.4558180971033
905.6086938340911 639.9697703150148 500.32142204661045
896.1981404261727 901.9847527022259 28.32715662552837
874.6191394126141 1318.1907796273597 1152.6128131340088
1182.361175018025 884.6921108450068 361.58740883605236
790.8260793088203 1091.6288409244514 16.31186052924727
894.988640619821 1395.0567628033186 969.1287434074077
1149.4923794660726 793.6251901619388 314.71289518393814
877.5430546491941 777.1025919013128 439.7849813276989
982.2683085901315 799.5601550759293 788.3769435983304
975.3896888767399 1085.7843966080852 698.2348867493671
986.6429748147663 707.2920024991192 119.05068111483308
952.1138316602269 919.0083737213854 922.873726442314
1012.1962075100312 983.4830138522383 619.8710995261982
892.8991040947634 259.61204498549625 280.257832675726
859.9742145347088 807.312177830673 110.70956769214735
1054.3371497103199 857.3186516165058 798.9456936129293
1059.5974884359216 1228.5796992764397 358.8397786602805
726.8850984568354 1089.45886920469 723.2290685031548
1151.4393857085647 920.6370799177075 1318.2598306394
963.1526692081054 647.9507543891915 1135.3376496109106
1111.2152126151686 910.4863655853909 1230.524857821588
1646.8487954662974 977.0327880396852 322.0841193247044
1332.047904730076 984.8267934621404 329.25645896423515
924.5322127423183 877.9552135655694 105.04419001844938
1259.3902981175647 839.3796396395838 359.7017752716352
519.9188957272795 988.6453688376585 367.86064042007
1366.8263038440073 824.7312413010554 1233.5572277984757
795.3280242903095 933.0804924547022 942.8807833615643
764.5739588245915 1239.4785077946262 359.1517933147719
1194.3473160982385 1011.9002198493217 301.0641911012125
1474.4495237571239 1160.973949094873 901.623621071788
921.5615403143336 825.2280255689348 1315.0071438976559
1072.5346199893143 1090.6088544441677 51.705246661360334
738.3380850897588 688.6721611095847 742.5519478951966
850.715330625585 1174.805691502887 683.0885283358606
939.1463968222259 782.1099398681392 1151.8135598807387
729.7456289701943 804.3783251380164 1150.80216630198
668.8416327658742 772.5462185933096 723.9116967247502
1079.3906457835474 1248.3622945508964 918.3780168812523
1421.9266673255959 1397.1103358587438 590.7791209618873
941.5691517175986 715.4026742031483 801.191329207637
1330.9091908283592 830.7816302860468 5.096547907447125
754.574088915829 853.5635268358163 212.39849042653503
1159.8186873397608 1313.2028955326218 638.9156664852525
1201.5156925558754 929.8095234492732 884.3554109308947
729.2123232114087 890.8159747634412 423.3147406529318
676.17843141509 1138.6215603115218 1155.8167224099852
1018.2754140799723 894.5477803693702 302.4581258478341
953.9199951487067 1068.2048633460233 545.5343824494901
948.7279204230304 995.1964032310294 546.5503507869936
745.940227255458 1265.7370855388015 777.2590025139638
1124.7433602827232 681.2354704611951 782.8057355807139
1208.9128170281083 905.0523746183626 1411.9311967522476
1207.3060321643309 740.7707388613317 166.7465082730289
1057.4648617526223 773.3720031067475 168.51667045878165
753.3786802082468 1054.3909424071471 1184.7576848655794
922.7084450441188 938.7729642393504 88.02002747198561
1275.8662207522887 1313.6301137173687 1132.3445833894796
1157.8887038591386 941.8377735547091 948.6187114931139
991.1167127953186 1154.461172068418 561.9268113258745
698.3104370100853 465.6226133842749 182.24154255558395
1164.4827549877552 1212.4144465811587 1233.6722315603074
386.1080174808816 1055.4902990833496 46.770019774091175
868.5013913719781 916.9013869427674 966.2559275946346
933.9491131102889 609.327904720847 702.8042016082072
763.0403078358512 957.0588616765441 993.5346423906642
837.7261843594056 937.7274009879528 137.8422416576997
1272.406497841546 1111.777595825281 747.5080596346977
1304.0526043187238 1193.3662576092343 320.7351607271773
992.3636934810548 1508.8583250429779 324.5275523024733
924.9685342118926 596.6231274527715 751.839180411919
1084.1892020609607 743.1293694735701 365.22181932426844
833.7488631600958 924.7484214450232 735.8006343510843
1286.0256011240313 1336.3978773752979 134.6882451663327
702.0938653194357 933.5385680293871 77.1458748317047
960.5332227932947 671.4368564998431 579.3556765305526
1007.6771107430145 1157.752140771529 1424.991423882331
1183.472304548233 761.4563409192995 313.05302118123666
534.7158587908309 1320.8424410846205 1000.1526044442169
1006.6160729770443 924.0972309800761 666.4110019896914
746.7521566379646 682.6751000877701 118.20609172778485
436.3623193586392 872.2707604558871 985.9217200455054
1303.0519739775727 933.6206538991456 1200.8587538187999
746.5763070259499 920.1014403554997 1206.0963199532011
819.242743185845 1398.4206909831828 807.0207674112154
1081.0346995410687 1021.0801638340198 634.1687036355597
858.2477268866104 1351.2615248965835 997.5521040598063
813.4957231487957 1022.682233174705 1292.5401274457495
1210.4230069870616 1041.2905226029882 963.4324719307443
709.1670602095859 745.9702859953161 277.24664510436946
1062.4522363891647 791.6190000881522 857.4270686115822
582.1852513388508 703.3265043971971 633.3336053622614
926.9760794086835 1540.0380411855108 436.2204510781241
1053.5697087185365 1267.698901667315 569.7715970868737
1332.922429960464 1181.9047309935538 228.92909531280114
1152.126344601087 1111.2085112756804 769.0785635080805
1097.8756882137395 622.0728879133037 691.0074732996891
802.169827339936 993.5061969829544 384.6181768879674
1393.7571050309548 1119.4854028805303 295.70728778843267
805.9315707196683 1026.816874946634 1271.0679955431583
802.1378159997689 900.0566151235568 474.40131466230275
1120.5450049178044 1392.0992381728604 507.2591249077645
814.0795782843791 837.5215553575571 629.5606313393628
962.4023014271982 1098.8274192384436 1424.1403027090555
1142.6958716824558 937.4971402475446 1133.346229375793
828.9757033950054 921.4100906108807 105.20677267644157
838.6619452837289 1471.505469053191 393.9307521694069
1366.232557595078 1188.1555197217194 951.4126887378619
858.4782316417716 1283.1595829283278 909.3741421811598
1325.6926325396364 558.6281230802009 619.2834266884857
1416.3983928758673 836.1908672376003 22.20313554985748
1213.7991633893394 1397.8624257263903 1036.3865689138636
864.5195519805268 594.8338284312119 382.8419744778906
973.2318693468757 1586.1577438246436 1330.886653596782
1252.8261639577422 1108.5782669871562 837.7147296236802
1370.466996004914 649.0649466501145 1197.4175704538561
1086.9582143093924 1338.1055130156715 1161.0673959069684
580.4679902926838 931.3056663719029 254.11381426936308
687.3973081057744 964.1313263859191 27.223751151971676
896.5719303856031 863.3829318149498 1224.35163508043
917.990170499123 1233.3763525569689 1334.0554341708812
795.5495638231683 869.9366724368306 684.3294501419915
600.7832615495965 983.9870332631857 1462.8185987949498
1285.1047672493473 1290.5881554541195 229.6196024488295
554.5158728556124 523.8090399666474 968.9277485451295
878.6392420054169 697.8352941366174 931.5847211027527
491.73529831061944 978.330819627201 713.5355698301961
1089.7899013664148 670.4098526543135 2.324349689414529
1319.0809907776793 1039.0617968969584 671.3010930466012
687.0333892810809 1032.0285578573548 382.68839446793163
940.4092482422963 847.2875254309719 901.6262078193447
854.4356373883072 779.5510646602654 377.8727275840551
1291.8719186096064 425.7420476496728 873.6916904831977
931.2010091461245 1370.3050677245708 993.8095267055579
741.1777834337648 818.5799146367589 107.76982630769271
1302.244562426506 955.9880413245869 533.8893755232035
1039.796026138973 1538.308299775577 43.537369848957006
526.982032004262 1048.1161739201032 103.85414966013757
807.2704794125677 501.42280363877677 1045.161045628386
1192.957032829195 1540.3667999412814 566.6485178227651
776.1710429978344 841.1214653300125 1145.9527621985171
880.008150212742 709.952463240636 996.5730124334145
1090.644986369679 566.0162383576566 1215.6036535171165
1074.6293312977905 513.814834856638 1452.055734990593
706.9879304408778 1338.137724792898 51.79254008217199
881.6047368009661 1092.4112395772622 1042.5097165347775
819.5293532203445 1173.722803540561 79.48373640194178
982.7181979518814 1140.6271252132958 998.2142847627724
1118.4832893961666 620.5049357869223 27.8061002512201
823.5875061580316 1280.1519519592812 544.559060682617
911.9285038122929 1209.1582886814906 410.9686842092065
1190.8116201059931 1204.4635406449513 223.3554519460425
1125.7263321059736 958.6389313419669 185.63453413419384
1047.0964541819776 983.028923622033 149.58091320241857
1110.6477903704426 650.5443224088261 240.02920254049332
719.9503594447378 732.0059130461781 1088.3274826369643
853.1395747630102 1072.8814633333272 109.09343685132427
904.9186813524639 1275.1815532656624 798.100556955413
1216.5960690311686 821.3097679149201 390.84580877335117
1163.5404765505616 676.0958402973769 927.3484090094929
836.2983295382735 737.4697063015217 810.5682498901554
669.7172652807786 1257.202334362571 128.02264562021094
893.0486976710429 1050.4624527060198 737.3213227157911
1107.8925671960797 942.2359924564003 1445.941547537127
1011.2925109759931 944.6108949905597 339.0972168021917
1403.8637654697327 776.384276095345 1164.1860137106187
788.7900114386617 743.5784709777408 768.8543562644251
754.3274344953934 939.3470760916722 1231.9715526546474
938.4343839578953 703.4228769939745 1366.4878102089624
1461.4390269295454 1399.073866347104 1375.1423394271321
730.0256086685989 1013.8908590618305 1335.7188337417101
864.3998636128047 936.4337091227505 425.05568784252614
802.0753529716769 893.0766721713411 402.2533540266511
1240.1975195279717 1037.760095145642 1159.4829630752818
941.6156375159021 1017.4239044896449 789.8841083528725
1097.0522595482423 1100.4785998559269 623.8359477762291
1239.139375026372 1312.8528200382377 1159.1383682112917
817.1905573197389 1093.1226758616688 35.92579156894693
1176.780547638184 845.9981475561551 459.23401209770446
831.8931530695681 1038.370845866957 597.017817596686
686.1491520570389 1033.6371018277082 390.559442445611
1262.3906453181335 745.7921805960204 1303.933438066657
969.4776720122343 822.0566871074077 236.50534823909803
1166.9113612860158 1000.7375860607037 24.63434239438056
890.7059376438543 736.6422325186304 1336.2578906097754
