1000
933.1295002457497 1156.4626122849777 769.9383139139075
744.8325731894439 1000.6475709544462 90.46799302605879
877.5757308250994 1074.5665992114268 730.7751855215797
1281.2350056669727 691.5060548212399 971.3888788988205
1027.9702038607577 1379.6737613440896 1492.7560205391035
988.3468965398694 976.2636371214888 1055.7526334607514
795.8331444864303 825.0609552976427 29.828070149750975
1252.455132754914 904.8337362550286 935.1180538919031
492.06878871953717 778.1060464709944 394.8732779486956
1277.056210400112 944.6904347390043 338.81305290611033
1353.1060785816635 1482.5105892992403 291.7840375985487
1020.7455011124856 1228.4165417886848 108.66977499018421
1356.8092600408702 1047.970408662928 465.42194012470054
1256.3447650055323 1498.6658934513925 66.0204543020575
1009.3825743163227 813.7056489704057 859.6683636816922
823.5946217213226 1268.1486659620389 857.4006968684739
1183.9265854423627 1240.480978691578 453.29774078009007
835.1197286237145 1175.4442248796208 935.1971464758
974.134756448749 917.2419714863039 284.63443536920875
754.3118909276365 982.1311567813528 577.603498537514
1575.700386178102 1092.8891678104505 782.7953663322315
1408.898140721356 1216.6664166272494 1035.320941183858
1388.1399995835268 1003.328863223309 1433.0667420284187
1051.4919361873701 907.6024765091496 1298.2322104386328
1504.9005999268984 995.8552422702761 44.85083732213402
1156.538489398475 1067.0660502751725 604.1436931602201
1201.7451804845973 691.3959683421463 789.000324232179
916.4975545465231 883.4929394820566 1000.6370196154578
1124.7659267395593 783.8633033305416 75.12257105274823
974.4307451360726 992.5069059375443 612.6062187281906
842.2961096435965 1025.301627235672 55.17595147427146
552.5598991825509 1234.3558655432228 248.71596835419803
673.4778778144603 968.786849064512 1167.8181989912337
949.6666601545307 1244.613687332022 147.8041536216963
946.6732265430435 1184.4578843897748 1025.1486371890578
708.0577313115043 1003.9425357333837 131.90941262104604
1553.3363315851002 1007.5995826173645 1036.9925119614882
1040.260543327885 1296.0379933336626 1178.901662553571
1078.78043501458 966.8975214760196 713.0490319513299
1064.041797301555 765.6472123993314 969.9858699781286
1017.4636530045341 917.4634273179835 954.5840299643737
1146.5378297062546 955.885111336114 706.985481123553
1444.682978885012 1086.2332092513523 301.78526098324767
907.1629566854277 1446.0953080553875 103.48881238082619
729.8375025495621 1069.9116862207932 1225.8332406096138
889.978801445779 1112.068143930393 1032.0295578624905
1053.6659376306056 1145.5913512938182 1260.3674784569935
1041.3260335272212 1225.890370667624 1156.4011314032955
1022.2648980395289 950.304711400516 1402.9794550993909
1496.725413959903 1196.8128127341167 552.9776163221234
685.2131341502087 1159.2852796282796 1484.8352754527996
1061.0578200640757 1335.7541984868558 1265.127476268413
933.360615929497 1021.9036633150097 688.5280054748492
1356.0687180931413 1176.0814497183287 1203.0150079268753
962.8815760563547 892.4851072228666 388.99666700349934
878.1848493278205 1018.1213200616164 83.6187685962671
1187.6811105061856 1373.7133361316378 821.813452184326
1035.5105340662572 1432.2466609648247 730.8295811589097
656.2638169342417 813.3887947385233 1385.0890847502449
1640.3512789245892 1367.1693577426058 32.844827412852936
873.6394453903184 1000.0951746019193 1067.5651008496761
990.3876292589429 977.2597456215275 1051.391300693851
727.3117633194732 973.9601904395797 187.9717773423527
1080.2616488595406 865.1522911007136 636.1696198073946
925.8571244013974 1128.396565808751 1080.0251860758037
782.8861743073101 560.2960029505508 330.613856320549
1139.6618163798453 1297.5071612533263 623.1998208720556
897.9608701280513 1047.7396530335927 1000.2731540736839
1174.696457200127 791.2444865012983 1245.1793434441072
728.8839513149768 1041.904268093157 1216.5038092371638
987.2200359852333 1227.1249062808834 221.45428506032832
604.3273739943571 1414.1615710652968 1282.1621621904812
1081.1815953264347 842.7240211665733 1475.3514809452124
811.336836866312 465.6363181855331 428.5094576556081
916.2077154871937 952.8258029070893 637.4056989893828
1217.1230662644477 862.840868400394 1021.6427529264438
878.5229158215436 809.0390259556843 1039.935433992496
897.8384316312647 1158.4424135669524 1.2969454745251352
875.3711753141528 910.1192165282226 458.97051949277403
990.0686620904053 1295.2308424657992 1314.6847295094126
1218.5771841791777 1084.0800404499105 522.151778510146
549.7942449945951 1357.628692687374 1034.2077565984125
1161.275395875948 1228.844864489494 357.4614066680254
922.7516713806644 782.3124639014638 922.1220895194406
1171.5773390165862 767.3271680856343 515.8338335984196
1247.6793356089142 1346.844916838816 843.4270836342938
898.523070489016 1043.3699281011397 1213.4171293086945
976.6949133795234 797.2578785096915 147.05685685875824
558.3253963618278 817.5824700221713 556.3558545698202
1341.3531416228927 815.7828780247938 1163.0215714323401
1166.8041657453377 1142.6671842894946 947.2760124666808
872.2695385197642 935.1164557214938 755.1051111461844
1360.8578630990914 1058.345616881622 773.2666627767765
973.5415274643153 1123.2780920027103 1235.1553198751624
822.6743974477414 1199.6017673239253 401.55903160242786
858.4500261838842 1026.8831814238793 1072.5610127569112
790.2647435996151 1182.3783416108436 1278.828379210593
1135.9625439124175 1078.1464671111569 598.0856972773382
1109.4015620909952 1207.6345533377398 1198.0891189642582
1252.515983377599 461.9965724917447 593.4234054613302
358.76808341139224 560.2752815135498 1215.43457518062
1283.0502825099052 808.1903996624657 59.67702901997496
1249.697676469252 1014.9458053454888 218.9760318966645
672.0724612067842 863.3317776966051 208.24339055184026
753.1525248930541 960.9441029771372 88.326882859801
941.4362090196029 1116.510179949251 423.66243068045594
945.9021970814069 1029.0091148623892 1170.3894486922193
1193.4390682545777 980.5954006604584 192.74801005412434
468.37105590972226 1099.8999770047012 797.3545448499234
929.1941529415874 740.6400029136798 1098.7717884163594
860.6222178376127 826.5664423016436 694.3736595505118
1380.2332256036548 1084.2709464585607 689.6054749021481
1251.3696790339218 1046.4004177142028 27.207049170793585
1224.5840928412545 1112.9168976634949 417.4864563487946
751.3820649681969 1051.4077429941046 677.7212113646934
706.4566695185681 1412.4562486799714 1056.420069732405
777.7731891118581 1283.164538942098 892.7688066118106
1082.9418810827542 1439.5545674741907 172.32806749711514
1054.5254025650013 1171.557702393534 717.1346022518746
1023.5032151153979 679.6462824167122 1088.486887297812
1459.3686325513777 1376.368455338461 1222.059907783418
698.7836163778061 804.2679938079331 1360.2882887237038
746.3767150192012 1191.8491915641057 179.83699349494538
1046.2730044177063 944.0471520489598 1207.4637558362456
997.8075129411973 1076.167209269151 1382.4116315854294
1068.414326492095 1142.0700546979276 521.7125353450497
682.7476388607131 1040.7391607904044 877.3109264728155
682.323978291941 1073.770840371013 286.5592537738967
1319.835375205841 782.5320006495564 786.6517816659195
552.9790406888961 1089.8514843366447 740.3742197059887
844.1029822435257 1073.0436255006014 841.5856329990141
925.3184454476632 1371.0153198542753 1280.2822329303215
771.0309493641313 1335.069873359305 327.9549615651343
984.3071175313792 968.828903217841 28.913270040893114
1522.926161283276 977.5092104594795 1311.162641031675
1028.2833887870886 1193.8519440867842 37.26520579964565
1161.3156367200172 1009.0372137015622 776.6481706952314
935.12844400674 1024.240100703546 1271.1004906386263
688.7003619370801 1195.3028779873648 364.17373229044955
344.2248260155719 948.7066031232629 226.33463582719304
891.0807185641088 1322.391809871458 395.1305292299525
935.0455268315835 794.6557168194713 378.0999876696343
792.1741413620521 1146.2538795357664 817.5105159138845
1243.7363926494152 488.3471185002586 343.7847359366583
740.2779728135365 979.0991872717331 1253.8566842408745
1332.5435712129727 1711.6376591531248 669.8116314320995
814.0447323446641 1177.038067057771 1096.4904505703098
1368.160045611371 1316.8877126813163 1436.4636055564079
1171.7269643734196 1199.2209981141705 1444.3049369281368
1140.938689120512 1283.8610444731012 433.84479911350087
1180.121011514178 1025.2132675054213 630.1771349900345
1454.286361404264 601.4825026495117 69.94801502429982
1181.097393743435 773.0332157210678 438.1951025405667
1373.3378125352508 762.8284985161399 921.3983353985913
422.0847215746952 817.248188501388 1261.7886905957
789.6326349701651 1544.363269371529 64.33385112915585
1102.5267124445033 961.2537576244783 380.1404162775232
769.0417984551245 1114.263858794243 117.12561937839332
1162.7379690354464 1080.2989366000213 885.6395046244121
508.335124770942 711.9254062399764 1230.7397650765872
1278.5138443217138 750.044435969333 223.28093602965222
849.9297473713832 1378.8901475180094 313.0627779982986
828.9264291887386 848.4858000629395 599.5507809258673
1045.0767265554712 841.8297617345343 502.6574368798525
1067.502191268757 1196.7642172068443 251.36664753980614
885.4571438142285 738.5838787286546 100.96125667701305
914.7591875551519 1447.1009788683575 737.9402696715825
933.8560330249265 785.5672627617564 182.5160948633393
843.8171851646821 836.6456309841369 468.64682907443137
1100.9128683450404 1354.2742573260998 1192.2617333912071
969.1785962370882 1372.1845370689493 946.7158984787603
881.9083514660794 1373.0925362664238 537.5549327259534
1117.1716451445316 785.7118219980126 1460.7678017465678
1074.9560846070956 1053.0127884295985 1010.243027557211
923.0016458322536 1027.2698961446342 409.6363933912926
934.4783997105454 1081.2183073103006 9.325556129890945
854.8677372965193 899.4158913481331 59.3236905079047
1033.423875918293 1181.8480608303844 1125.4334447382305
976.8480501282414 888.9677636188137 1315.514685929357
1138.4696898793943 1179.9011262803874 447.93241282465806
938.9502203134718 1228.256909134077 592.446599702878
1002.0920661355035 819.2704453809342 748.8491639543261
891.4330906076387 1062.5315922591178 1344.866598656385
1164.5944591642165 1157.0469685122669 1354.5046103109707
687.9438651299195 1187.5677248421796 285.026888202661
1448.541350003639 788.8000159765817 1029.5492089402337
916.8923102178361 1160.847799530331 397.6726101098441
1250.6162315443505 698.6057727340271 750.8000610402984
823.8090594658281 1060.440025244284 812.9253571541493
1426.9558412275576 1489.512442127393 982.6758305145986
833.3673044374207 1184.8987003455802 932.6077074014535
782.9764857907126 1000.8671282831273 1389.4623046676068
1169.7441108858045 539.210593128008 660.6622068346453
1360.6606463526316 1084.2574233437715 681.2375378176856
1101.0519416282461 704.7818868925174 916.9817002181336
666.9960909974977 1131.756726032255 259.0454221252855
1279.0427014283196 937.2724065836512 152.46040550721924
1395.8905019333756 765.4503355408855 1459.005066471989
842.3039490383476 916.9344205170358 872.5107917183809
475.17518276680255 1265.4375872073365 550.4239232897112
1033.5688642198159 715.8815773550405 583.7977439396924
885.0270160602363 725.2128003343156 265.40103269795026
945.2694894449278 601.5438226878741 177.96951418441643
693.292032758381 907.2876039949988 496.96878255966396
1303.8773243939463 1443.2244644908926 1442.186677485666
933.1644174482414 500.42279192798856 408.3235604684412
1248.1439098875999 803.4568577445093 69.4741913145061
1333.105017992321 832.3152678400418 636.3967131474553
989.6574650925697 1098.3274896841747 74.5433662437105
909.4304445225468 1517.5729316434802 1398.8633099023446
685.6397939252131 717.2599672795576 171.51505760897444
1008.9494610764966 1404.284266684803 665.8709576199286
707.7285498595209 787.0542199185516 39.48609231403827
1173.0530767752268 594.618270489435 264.0588690721734
662.0005705475676 790.5703820604399 974.5446730666594
657.1125658302409 840.1303350496153 350.7516042420494
1162.291049628353 799.2258580667187 398.0168411485598
961.167841918567 1107.7034902169323 1392.5524214201978
601.6879280862826 1187.2224160716848 63.32238228807563
1460.7855633657528 833.121047501282 1256.5084019487526
1379.2620251301632 1196.1497159274477 620.0302494779578
1441.502685874756 1226.4210991165671 1084.2682635816816
1027.0017586860654 1263.0552875169021 1405.8629266413952
1015.3450617076426 1125.197051333305 986.3252291068018
484.92500922479235 903.7510372267268 280.7774166372302
894.4189254455127 1314.7097637520824 408.1675402814425
590.5947797714538 728.0251760096971 361.1079090809522
817.3853515691821 882.3221081219334 699.1084739420505
883.7306648322465 1291.4724236474403 772.3338836867853
1123.7562313581689 1274.750801356251 1010.7475487692462
663.333718362511 832.4685248220156 908.4219323965311
960.650134191257 1077.3379529431156 562.0756719674839
803.7307631556433 1335.588774681169 189.49893356006757
748.5225286114792 1024.6955934396954 183.1498830261269
604.1384786607587 887.1382195773789 531.933928637136
1022.400301382355 1404.538662418229 27.32717470897822
1169.2357560010366 1233.0700893453143 689.425090834038
647.9144726235745 750.3429807559191 956.4930153219799
1189.4038323184045 946.8068256025472 242.11117357929612
1006.845828602585 621.0720364134929 937.9510826920942
439.1107856346392 935.9856284044845 383.7606721771514
863.6728338089445 1019.6441821950411 1343.1725559930321
780.5306621855793 1025.8124750059949 1482.639879866282
680.9238715347619 591.6203045362206 785.948599074974
801.4882157828051 835.0836030926646 1216.1683397212003
977.4794260140302 1150.7217003305475 1180.925092480107
1146.9801347219022 1004.4764405186348 199.00137461744876
956.005420058614 765.0130158632293 1212.9577717591433
991.3883493974531 1113.9075571345593 834.3724104182727
234.07186323124972 893.8713939791712 1166.4748511464736
905.0691884739349 1216.5145253243495 456.9540740929493
923.988964520245 831.360514918642 836.5555736780077
1284.4039905958434 889.0349338577785 780.865243289259
980.8053485831941 1465.24192510193 821.4762605429205
951.3987979684861 936.2075249255806 139.49190476704266
1344.2412555937963 1091.9130980165407 1398.3349180680168
1163.5179640310475 944.0477989319755 1326.7389362996676
1143.0686567597647 1382.712096488283 48.735824379500194
1262.4350504309343 699.8770531689422 1499.78150569307
997.249295578924 1117.8581465425343 1026.5771956990338
631.8056527743704 966.9989796640048 504.1956529128097
445.26620469391946 931.2503218219894 425.4985335586769
831.8524115063253 1076.6159020146038 620.0469433065806
699.2403642682713 433.35560179599986 1320.529473063651
817.5985139654764 757.7212938375678 571.0368046088089
904.980360552885 1058.3783300470716 873.6039755433605
783.9650809153369 984.0451565248791 424.2164599684828
940.2865105810644 956.9163414234957 1043.9113818204978
885.8157592662847 588.5461271219052 632.336942868779
1041.89640311981 764.1865806695422 1182.0257773307806
1360.3861388898974 655.9181228920304 484.66349225936233
1057.2882658866718 1429.712821199524 1442.3126852723797
705.4382784843995 66.50707723276093 1416.0854632934545
895.1434806833648 1184.0347138269958 1450.674651726008
581.6207997000812 972.1666461268271 763.2051707389952
1399.3491013136515 844.777168186513 566.2271682485831
949.0854786109445 878.1562288159491 64.69200464554086
985.381167633401 1322.1581885953185 657.2955129773981
1278.0652084144535 762.6880452756056 1317.1677964543726
897.9981593395804 972.7467639590236 950.4349610527598
1198.7654113605884 781.8270587729038 685.5906636465842
660.7715550367664 657.8260639870892 1097.6853525330193
927.9779833640259 1422.581705173636 1059.5945782594665
1101.7178545145932 1242.846782013511 147.83857093029707
1234.933613543455 872.836129423915 890.5043469683768
1097.789798549364 996.0390115093285 1427.2709886486325
1230.4657553461202 1362.7373465262185 1356.4266699126665
848.9240200962043 1004.6187538148247 761.2792747019362
819.957932517621 1129.815815715555 567.072805538721
839.6812652091921 952.7079405491108 1436.0374300857668
654.8679449989338 741.5462988620206 251.06185797417007
856.0551628923984 1370.7707277269453 1103.4901445011058
1312.1066264298363 619.6642867540203 672.1490245124145
743.2841885809878 1159.608152817577 50.151094847460996
1442.6721958152386 1185.3729655558784 252.24819285652367
1087.6159570830555 852.1640457504168 112.96533753681798
437.6158566289979 893.0786538944266 705.3231687708491
650.0247531737931 1082.8230212491417 809.5872555657646
720.5291427566049 769.4549046136274 1328.9035126816498
1138.3985131460563 1006.725906590742 505.95462936395023
1031.0927440135658 1109.1199027889993 1363.6770881562911
599.112262965541 1054.5408972272305 10.772146682729355
1501.3355476405927 655.7048134188328 438.49841908136665
1326.6991486679535 1326.3435596656234 1057.6215279942776
1164.6076336166311 924.9181024317095 89.43657066977812
915.9035661489705 967.0683207789108 983.0711456232923
1075.6221612172556 897.3140032246698 1179.1862045135395
987.3852018975413 679.0131326542058 1166.4876853564408
894.5976321981673 1078.7018305291353 140.74448673291846
1254.9486362320345 981.8163348991216 768.2641161171407
1342.365546438962 917.9105663706562 1017.0899407690437
1132.5302981361626 820.2950690193419 985.7641698933753
918.1943073347035 1255.7221871826926 294.81604270178684
1395.6298382195494 1027.6337538355367 1451.2538886994982
981.3791568224175 1098.4720839930385 506.3610632916828
1144.7131690110143 1556.285994335739 59.7534654393852
1502.0777690198645 1354.193026864028 26.718713628897884
957.7516146165041 1150.371639746851 663.0129296267102
760.8844105594507 998.5017898771719 1363.1926942737848
1064.5747242812595 921.468062577977 1128.1637885822895
954.3326614212465 1122.6172802072556 1289.1433211247759
791.5827621368636 1055.1060253459968 811.5272183268733
585.4647601156389 1017.5869808759563 732.3621082251059
1804.931592544834 1224.394711640822 976.5905656012734
896.7860636734732 1152.147236641459 766.0712305799418
1118.5775345445834 747.1102736831855 1401.7740486546998
1137.2708580576948 909.3513795690766 950.3964522400815
945.2252450679313 942.7531614534354 1053.7050603404925
979.107054371017 726.3642196771145 876.7978903254553
789.144855640543 908.6242347405265 1345.8259214140587
989.7801294210868 972.1924315831052 1029.814169118902
1008.8419691412599 901.9702020506606 1499.543404837815
505.41781434201124 1019.6665291255493 46.49249871541022
742.322699245355 1357.9498408413262 730.4515826866595
963.6938892973825 1084.9129000379778 1128.0905160752127
1295.1941273755865 911.5874296167285 1255.0294610492053
1104.9367800130021 1083.2094502443235 211.32007315749124
990.8402114733868 611.6577551205949 1344.5444880697873
1203.9157028859215 966.2690932763899 701.3023400115644
772.7747360962999 1015.6755524147133 1355.8914659759917
1152.3363782619106 808.7588070225268 246.73878709583963
609.3094450331473 958.0830958394903 1399.2003347090692
1200.9992906668133 1119.7858117543087 322.69841783678316
1115.3919598090204 976.0845388203616 319.2673270610356
690.7892208790903 1196.0530179628406 953.0224465406907
580.2155043010418 547.221283855692 108.30364092484685
1162.8879263407114 1194.8389809180617 479.1092280453101
1058.2754387654456 784.7137311964989 237.41173147960876
975.5780062169825 860.2707975369055 605.9464751848469
793.4225765677724 819.811393658832 1106.8285656437042
891.311033942265 1312.6739840060811 1269.098874999739
757.5520578070223 1702.8637554261363 662.2861337184623
1213.0369429959956 976.9493701380645 612.9377532221614
1216.3944833471746 1446.6539724034262 1165.2375899634665
881.7404204397711 998.9370695384719 1442.7292107373637
188.86537247504816 1311.2001643694007 96.79013922195657
756.1582194024032 824.7302323246622 1084.932791376915
1190.0679730498603 512.7474084640646 733.9033701462383
938.1361553814611 1029.5669012319436 279.9242316396841
1066.5597091429715 607.3060657062076 393.75970816785986
1201.8044449200759 909.6081951607337 1179.8454716692686
742.9794858698992 869.8818698635841 981.5977128219249
1008.8023169107187 819.377553959059 718.3332428256452
725.6706312241961 989.3195975459151 1060.0434494091496
1006.9230128339137 625.8560931233253 512.5448942551784
962.0820167741185 1038.4960697153028 623.0368127016407
1335.8177064060092 1573.2336876571196 906.7126190533194
1445.187471939526 825.3017908698764 568.624388107869
831.4658840637409 872.3593236543041 830.3326075966897
904.119965656798 483.5496795865887 831.0633586525455
987.5736439504503 992.6120150720061 1296.9687971281428
962.9533861220264 1387.181545535037 204.6867959792082
1007.3582623690376 787.660557681493 273.6403495186085
964.1987689412111 1094.0034289907242 1358.6428099349584
1107.9170143352155 1107.0696188396366 939.5883604744564
853.7338131686297 1096.1382431914374 168.6591702274781
924.2263488764755 888.4924820661735 1447.6121389205932
1090.9789873774064 703.8882051042261 926.5794000382967
785.3772504389726 1002.2213408403328 1274.4852522572753
832.3074844445016 626.2894853676773 343.5982740093822
1265.403609576584 744.93199517632 240.62105487000596
1017.2922805448917 1096.220906332873 1352.0382245152814
791.0113569510702 791.0963762337755 641.3546754350098
1079.2119324764462 704.3443942657505 1176.5207783228527
1078.7827176579942 1172.4428431154533 1421.1204167987894
1236.706530123562 849.1001442788055 1214.3153233530845
660.9769066303384 654.0894351139652 859.2987581494496
980.9815913410948 1052.617881850715 192.84591754529546
794.5527893825656 1114.2171721713107 838.0681729410501
672.5110055749451 839.9324173148411 698.2727508492416
805.6255002401425 829.8215460423587 240.61698016354654
392.72099382805663 634.0651933031884 1130.5506943151124
757.841296029701 529.6318150353352 847.7263008971862
876.74501036887 925.6719194024217 221.01406346727788
884.9126692346006 1270.0324767464467 1413.814259678541
1151.2263944228953 1315.203693788046 1416.2898031581403
1092.369820731187 1204.7178726093935 781.5755756566612
1427.7048300493168 1307.7992678154578 1329.3522980285427
906.0550440438794 607.6440714405031 297.41440704430676
812.1257979710167 767.126408053652 1059.6234939019487
653.4279909393103 1457.374031273023 482.7608574427305
1030.2354755797571 526.395396499584 1358.0678340584486
740.3949504792779 1112.5343939249603 1498.5687286220734
711.4874132182271 1204.7617631772023 382.4380057973055
754.0799747624229 852.5353091002663 483.8236740424939
498.55347199253697 1332.9804196451225 1220.592418656276
833.9849509987132 881.6613367512147 1023.7752854508636
721.8689852190892 711.6974781238823 211.58008740459812
740.7385569348783 785.1465245313278 633.2826665741316
1366.3806279437308 1369.1557844080571 228.57908660520454
1072.4877641702647 912.3954877004137 84.56899138872897
1295.9281028475154 1115.1567900154662 1115.6315832378689
982.2912789648467 1181.5439727769556 363.62785325504916
647.8460621471386 1085.1320738561342 100.13736060886724
1327.9979762848318 722.7313139620901 1308.3083856293122
1101.8640804692072 1415.151240501818 1342.8535306415397
938.3959767983177 1095.361019562009 903.4340041431259
859.4908541596959 1300.1432988974875 343.8405078860934
1014.3021886724084 680.593527325745 607.1205808747643
688.7970928456023 1237.3650306392447 135.5302144616099
1080.222879084032 1462.341024207986 366.00676239875196
578.2823922824102 662.1452899503963 735.1552675678392
1283.655849113369 714.7514123114952 146.03860606778667
1464.6024025701795 1166.0140672769664 926.4829340165178
601.0822780086469 472.329641163941 165.83118196803355
876.8931660400353 1056.227481501301 1444.6972731783858
996.1844332505609 850.3670155167215 1390.7520564756069
760.7355731274113 1098.5368184538897 29.72907348867593
1420.0417308210108 795.7123344573008 480.7890303649778
1050.1467423831127 785.7669514967918 952.6887772005497
895.2542645985799 1358.8873676945286 524.312629887073
684.6840746914139 951.9627148114789 908.4574189257884
837.3652051982492 837.8677340776471 204.95135206352555
1045.9913429983003 816.3897934165233 104.21288693926623
1047.9080738860696 1329.0433969163773 828.4828138979624
927.0344253822212 681.9181902170799 1217.0220511879625
836.1477453984055 1076.3816650143165 879.1400346407491
1003.4263533438183 831.3189397645176 1207.3002874564388
1156.002971919402 1080.98629847634 1375.25489539086
1085.5789168293636 964.0003693830572 479.0124397898096
1148.1655563916383 1091.807853060974 825.7634198433672
1451.5749300762623 936.2015844465304 617.0506156378668
1116.8173930383448 1407.9632534295217 1185.0828090050795
1033.8861820573466 858.5087710033849 525.0767053814255
1026.022597343082 791.7903943750689 670.385640516602
717.3974729523422 864.0857512358696 257.4512610849752
1060.2581487711775 959.6999972568674 799.2257484965567
924.4936767105371 864.051691597968 28.53723410033332
1151.8030412461014 1204.1814461820848 1040.0980737027967
1060.0070750107475 1189.4099170870272 989.4858758413562
1250.0020528168195 1316.3795518853417 1125.4521257551146
909.2468358855715 1130.4706269768335 997.0276304055941
1090.4612844384324 693.289260909826 1481.3439387375556
955.2149912228429 1020.4982416893694 189.06110068032496
882.2934002547902 1584.584951457552 145.62478715499915
895.9521619995481 688.174618426451 394.65390367429217
824.5225910053935 937.8712840136312 1321.6444994866745
1069.0383643288508 1629.6299750444045 460.3564772467131
1094.5358980225687 776.3728103471956 830.6472469393611
1039.305824248611 770.2423144661913 1071.4639612987733
1589.979640887381 1411.6396783240273 0.3031355207490094
1164.9533987848065 810.6359592731394 430.4944354340532
341.77020283941476 431.9225314029022 901.6527780801812
1289.2941693103928 501.7698851202338 34.95695508529584
1264.7517482254975 917.1036137361295 1251.2267740601987
782.0488358373294 1117.400324266127 773.8593689710938
833.6871588016018 872.3478860485595 701.3010357028194
1436.2526460903534 783.2145828388161 709.4891270092344
975.7281345943676 1782.3076297391274 1025.1243840229997
856.2308273449968 1167.0304964595566 1001.0514060033291
1153.370761868894 1393.094328332142 242.9336256129881
921.7330327863478 975.0783280140103 1082.2948026310562
1185.853379182237 1333.4165174938616 183.74339665330547
970.1741725383595 866.4508543058907 910.8140662440843
917.7008637104707 989.0230138267289 1130.2538250566065
1234.1288460595065 544.2516427344085 400.59370206070463
1014.6234587412617 1066.8209655712167 276.77349224802305
1603.6127593460797 639.4884410583743 896.3561355097385
872.814117463688 1357.0366518971705 1198.1612864762635
792.8711120237352 973.7181926703854 149.9612394925513
1176.1919481917762 886.086848509291 506.8185861023308
942.1975247767951 738.1538561376975 1332.6897359963843
758.9577731236287 1326.5785169923047 969.5327173618988
711.2410405480915 826.7195652919731 645.0755453701439
1127.0820019018458 969.4506638929562 974.8289314985253
862.9745853153488 703.1283275106676 73.42067867562191
1663.9834636438072 1130.7671332143204 1064.4274809285
1114.9008717128977 901.492380359836 915.7041391279947
825.9748270573325 1074.9495234312744 955.1077758976327
710.4339240581667 1110.7555673883724 737.995225455964
676.4736088093829 1315.9701722893064 1209.372085529638
1140.747424842311 1204.922847421511 1421.8758125278218
1078.081682341301 1021.4669349889285 1310.4736290279466
1056.724674618349 1211.2464301214407 1419.0974732612667
663.6751245366052 1084.209034522938 1257.363373734224
605.6474300751808 1595.864252998676 589.9228917750254
1080.8423369648913 782.4828284505227 43.714115869095124
761.0764846497666 1083.7820166785311 1105.4524992228717
963.9975099892033 901.1145606887178 1396.2668985779446
1234.1626913102923 1250.624163671248 67.16035230076956
841.107591591121 855.6264777994339 619.0479973480898
953.299678600051 383.3878941579844 192.39374835881623
577.9376723875969 854.0544985774627 1262.0095683082343
1121.5182216608184 1424.515330432729 749.4594724026674
638.3206766680853 882.3376359683458 1185.3231131670445
904.1573217161325 974.6572082795518 976.5310935889459
1496.6083178687543 945.272134221328 327.231914319564
1483.982259381014 800.4871957327339 1477.663281803502
983.4641752281648 1194.6388611604432 1061.3673902263845
1451.4299342774484 1034.74535875151 739.0037274441124
975.3328387181755 1419.4782934785483 826.8142649181111
862.1513588671501 734.6754099657437 959.8676890978933
843.5145869267023 1409.319559209062 1044.6811751784599
823.9340465354543 613.1504912380584 689.1428617230902
1040.1783452357079 1288.8944595548096 1446.288367051461
469.06004470913604 848.7527066050575 1080.9672571515532
977.3151985705653 903.5390367826692 1347.8509779649444
1216.019279629087 747.707256077991 772.5578775957711
971.8146556269729 1299.46785988249 426.96424090595923
740.0970799087642 906.395794253711 1302.6494978419307
718.504565827381 1064.3151304872274 1056.237952714153
1425.7786675904044 658.6668376834098 213.48882290946952
1185.4274732786266 1766.2828492543263 1428.9659213792963
997.7109786475904 1260.4480731409185 1371.4055173273864
1126.723724797444 1175.3506572285994 1208.3401010311698
1182.9600534369297 929.3400132221522 474.32386471270354
1238.8220595561322 1306.7343160521812 569.4765732301748
1310.1544483311095 1260.8989199525738 567.0985321056037
1093.473515016031 1587.5867514987997 816.3166764026784
978.4826373752594 1382.1216779469487 110.98091007156474
1112.4356023474568 811.3994247871976 530.8860691315637
915.8423498533687 1246.161436401216 1425.7868865939236
957.9530419302764 1212.8313820210426 255.88372491717288
447.34442705201025 971.9012443240849 1206.0930364524172
1184.6291180330945 1187.398587331442 1183.7063569380532
1229.6669243261342 854.4217697483783 43.19036705421087
1051.8046203591782 996.4142123456097 582.3990659642717
1202.4809307122146 685.9863689730767 1224.004924472936
966.420204670623 1043.2666958760306 72.57941085678283
878.0792789527334 1067.8411120762617 591.8181172869706
744.1856493301021 1340.9442844486448 423.70037176559293
1291.7036652586885 782.4147287730391 166.6641418345625
620.9551080380976 1185.110113598799 463.20480402585775
689.1469135297436 875.2030490084879 834.5717335122988
1527.3560788057462 1267.4425028817063 1471.6414851476268
1228.817811139541 580.2664288834975 1080.9983415660804
1260.819570807818 957.7327153121242 737.3679971999081
682.9109712849591 1132.6704179325943 476.7187417644157
1389.1396718050453 1585.7615461774897 772.396652205819
1012.9144513459632 1108.3744753747849 1261.420466225999
777.3587702718652 1227.1796689287014 777.8692169653193
916.664739547939 758.3914399259221 1267.0256286876663
1337.2172358739913 977.6385061484193 1039.2880564152306
912.7260099304441 927.1354145485584 577.5890665161226
1123.8362187849427 1203.7860787832583 679.4133891189638
741.0055745091788 1317.8395667560742 151.99159027337018
660.2199609783395 1285.2034918492245 135.57733352474665
1063.3399744701596 671.4710599093123 194.32413773229817
1306.5823949694388 1122.8585012985259 198.62117827804954
1053.7019328074225 1072.2576732415023 912.6396252193899
1437.6656927472457 815.1061950968826 350.5338245313292
945.4033364552042 1173.5469739058012 467.3634727864591
946.147069680646 326.1638861186742 278.72802994640756
1355.1014130952492 934.5932362863018 101.5241083373336
645.1449522011931 1332.1497730964834 1172.7887236660883
1030.7759714807337 1501.2475884405894 725.1584915391962
956.4684780484756 1131.5685272726867 706.4438187280876
1013.8451801679033 1271.409500793768 1439.6799989715375
1196.3830247296169 1019.0716297258201 481.1595098306386
1304.7871476411456 1591.5952842500062 153.24467655314112
1104.380277586655 779.9370482364046 905.8612734275
910.5903246539575 715.0763558553988 903.8330530474599
969.6653720321843 1265.2476269444153 540.7368116916837
946.9267407023885 953.2957976054435 470.6318511892887
553.3479284717791 1220.3814597133253 757.4319234485463
1151.2602733078968 932.1849359894136 493.0325976481804
878.2035020405937 707.1007017274562 319.54905816699284
1004.335405699718 760.165349902572 1479.4478096911002
1315.1621255553414 1160.3265276200448 1333.460588715166
765.0894764351114 708.0717609063464 285.23935384664003
1033.3777950657436 822.3157744058254 1417.5029010441717
1214.9182318577034 663.7907947483379 666.5581424094134
824.8354355334117 775.6432380787983 499.59538413335883
754.5134936368427 992.8379838562904 858.4736484308644
960.5116039407525 1017.1842409982538 318.53598939387064
843.6955845104059 984.722430549231 1009.2516201949669
834.8838980064565 249.69800776551028 619.665503862155
465.95446128083427 884.9759349850642 639.955477277542
1375.349030815037 646.8784648260257 943.0335996305249
1059.91817632857 734.8693829771508 483.3884973633404
1112.0795925596685 729.0054191428464 1253.0938974808912
1054.5862442057135 1001.3943622029616 1359.9309329755054
1143.7151713626386 782.4008059240831 663.0844737738377
803.0195229825931 1143.2141119968442 241.80922912215118
842.6099241399394 1255.9960472724983 948.5354502627769
470.54309866350627 515.7260129634674 417.05451253281143
877.945240907993 1354.9181120770595 1096.3731670630707
837.4033193764726 795.3761729091494 50.29276891206219
886.2344309093705 783.2009888863797 185.08793503108419
752.4990880319865 1026.313883109242 1112.3497015636015
1478.166549081056 958.8721749569249 797.6377749500181
1171.592444885097 1305.5240060350359 634.9245330663792
965.8760597018525 597.0650946422041 891.2275211754005
997.1877295372534 672.5628588329064 64.52331749871576
936.6034674089567 1058.2410825112208 271.55095881206717
798.3955257920721 917.8206066815471 992.9736684238075
813.4089170705953 1195.1623375206893 1317.1031010203028
1081.61118198266 1096.9542640748118 1080.0640475513583
1106.9273389935925 1120.2593974588553 736.1005108661191
1133.6044024847417 961.4813469470196 1110.256600260924
1117.201097668862 1407.485804200914 570.0727367735943
904.8245587758772 972.0392823730921 397.98027512987187
1083.9294401685484 962.3923539676628 172.5762175764628
1250.6370186934537 1390.0115495078694 1187.7918453730738
573.7082257206931 609.3384391760625 543.4159695674807
1019.6542829424787 1197.192425968551 873.9757614918111
1414.078970438738 1113.6803201173511 109.04145104773089
880.2953578330507 1207.8117116774006 524.1804569504029
1001.1622130441193 975.926407950639 323.030197936452
1347.6468690983993 1296.619826256399 1087.8958089377786
900.5799299157908 962.5352018328433 1451.9971868900573
1240.3455040608974 495.962551083666 699.3933483547598
1123.0235368075441 1096.5519134503895 1091.4839220311912
1219.3179963313964 907.6461415361624 978.7226322183585
881.5935762502605 1037.4164990114537 1480.4417439257245
1030.1277709940555 633.259281362903 97.79428267862639
1011.8563744549888 984.45920762006 781.6935023779864
1057.9760374218147 853.2012268748924 431.63468678612065
994.9037203936659 1387.7252994220203 991.0192353653671
806.0867536628753 1372.15782747407 483.8934521692144
850.5338225859414 1227.2169891695419 867.7945004045976
807.4079190242151 1013.2927953498945 881.8154346963656
1266.3674734845242 835.2560620728885 1300.003846565259
916.887913692233 1246.9649788947052 77.14853290914719
687.9895684185587 938.7521018567456 1135.0325989321695
656.6548538798199 908.0012729978372 910.0533076625672
1124.1169910305305 1233.620095237007 29.763140499399654
880.3450439128763 667.98402266126 44.3346057261228
1050.337468262287 1093.7775046053443 575.4722422123906
1009.2983530342592 1252.4900208025522 3.922181458873908
1103.3704701817076 1008.4856082322162 1152.5750374121806
971.471469047038 720.2397500375774 157.3823567608793
1227.8101199905773 1414.6998749927288 560.9365962591065
608.2294594017872 1035.9311920664984 255.13040483338588
633.8480380481394 985.2227200102792 1348.6312087711035
917.3731355231587 1085.6609855681586 1383.4553513656267
1077.8852012632449 823.5615192529795 706.7194493383993
1220.8069556795501 1232.0203133421737 905.874170689782
1149.6830064355397 929.2973698967164 314.73426293259877
1134.0926228053925 889.4484918841955 580.1145356516744
694.7974828565614 1385.0761807034141 531.4126987624682
1014.3510736735554 1212.8019974983 76.43158016756874
1073.260455895622 770.6998525914114 1044.723163742989
821.8235949759871 993.753930678638 741.0761867144822
940.1204562723831 912.890494431628 570.9002944467445
1505.1042841858368 763.9471292820325 1299.8022467160083
1192.187325576258 807.6094483624493 1478.8840581232462
1159.2789934833604 733.2746509844026 1269.575159429874
996.213723218602 742.9902590857362 743.9838272975809
857.7085631549406 1036.538495204191 1082.6151580286612
1061.125371398913 942.9012171202014 1019.3230256455189
1215.3050896773616 994.7374576458802 200.61392332064014
1116.3425375975771 898.1175966408258 276.75013643291277
1026.4670291028347 1072.0748408952948 1115.571684362809
1190.3626568523391 822.9236006865605 538.0023040528586
686.6694640052006 927.9265061604957 759.4876732423768
591.9826542215869 983.3572099728736 1410.276796415433
781.1506393270586 1406.429272492558 402.4908247184771
1365.1803142363806 1357.2685836857404 806.2201139970804
789.577408692061 756.4838469812801 542.1286170519501
873.3766606640049 744.1098981398876 908.7081241464317
1361.2156295204759 1043.5045748545062 1472.8905244418345
1363.671162182825 900.7112152538247 1310.1963550723203
1219.7831060635583 1216.0435465652863 1458.108275121108
1128.2681990814908 984.1931868080768 1281.7625760311582
457.5239811514392 1444.5471417630126 1491.2833665299256
663.6629276552521 881.6782593170238 145.12684305553037
959.3058524983359 1274.0433398632117 396.8444298061789
1015.0373819467428 1415.5833034211405 1265.7490558968932
1081.3387106947275 301.1357085459333 49.932643266098864
782.2886180906023 1062.2275401768577 1330.0432033714778
1018.5601868349102 1113.285429743455 265.9055742774848
975.6194143188526 1114.9203492189336 1279.2774471442099
1126.6823334096891 1177.715824941062 476.169051388038
1159.1479581058388 1245.1801646809363 566.4625790695262
1331.1994337487192 740.95160749458 1481.9082982418784
1440.6567974761954 860.3415231283824 1155.7008546280579
1019.8700967688678 1179.5158371199777 167.3573162866076
1162.8098109510374 1305.5696191404336 1013.3482939097125
900.7259919342597 1113.1519398278858 561.4325271406735
835.8192543238688 936.6302333942755 605.851975144449
807.19769127766 805.0416724685577 1421.684689035115
1499.1021015236845 915.0357127732358 1060.5888547593436
1280.847878355611 762.4343550682514 255.9959432647727
1070.1728820547307 1287.0697301470827 1080.2764811134307
1108.381288603423 891.9341495432864 70.7191726820039
922.7231633216329 1138.6096735894164 1095.390434663639
392.7620824303855 958.0363852963444 875.5762274187406
907.3724127092203 1414.6460003059979 1045.9987327410759
850.6928761823019 1013.3040222591424 293.8012730386569
1014.250703775922 962.42082972712 906.427966078157
823.3822508199286 814.2188589553873 31.73480680869928
976.4333572978476 1271.649887606952 980.1850576095001
1350.7949946973538 1174.5097945694886 522.428975301696
855.433321567848 807.8497047013342 562.7836966627436
1114.4616161345325 1150.3801500802194 1336.7970683919361
851.8024008077953 1231.2774938138496 422.9553421300262
700.7046273525034 1465.3960636132279 1266.2431209596884
937.2370371826662 1028.4513064327175 1058.6428193966374
652.4786937540518 920.0482524239831 739.7410278608161
1220.9903913390954 1568.863034680623 295.90186633404534
1093.5340097383444 1319.3567631308704 1217.316297875934
521.3245140658521 713.2777268768725 1462.1478451263722
594.5844404378906 768.5923480908101 286.85475816579475
623.1523965927292 884.3550158723536 800.6509079265907
824.7511063625684 920.102740322652 188.2853325731983
812.2132842744365 819.0158033824132 1346.1001899372038
1489.3397789260587 836.7093988048241 74.2986487828921
841.9818507627022 851.6865524940009 920.767377405964
1094.5415275587789 1193.0883865962335 361.40498757808336
853.3002705588904 874.1213525498367 441.530247377296
1149.8802907484105 856.2276132290756 612.3102831239532
571.8816769068242 1035.202902972629 648.1657632424048
1088.174703108174 1061.7894286682215 1137.0480295613283
628.3357567636119 1020.33246807035 511.4234369628341
950.4588972997344 812.7320607602117 1069.2187447219621
957.5112291687859 988.2722160531445 1003.1366885420063
546.4533123005112 1240.4727339975484 813.2640344128286
885.911068510948 930.459990137764 1144.0178848170028
1298.785753197877 996.9411475021453 1458.209971752761
982.9955157604172 841.4844568659015 451.0042960045337
1370.3088468557942 979.7244447698114 482.62373426014585
731.4340123503773 1080.8761087479322 815.4468997201033
863.7916398523687 1179.3162153612684 1432.4283908600285
941.8213442834829 1152.837994399501 92.5059550493123
982.4133165212369 866.7296234400796 386.38853385858476
703.1726270529962 476.90320569526057 796.1755345063649
1126.947459064955 1194.0757631199574 711.2131034021844
992.549558599839 1063.3914033806225 607.6490496091661
963.1227237800839 1235.030892326362 464.25889066837186
1085.1793630486459 631.0851763247065 138.63987390409676
1112.3811394006145 1079.0350231928119 1374.2976423738205
596.7534425416321 1125.011434334916 510.69133901949226
1240.7633869695806 678.3191907060403 1280.4276267595546
942.9744135980749 1137.4896935566546 1262.4835114492887
676.658973809127 985.6247028663917 702.0672241998534
1270.8621926378032 1353.6002411081702 1337.9325434753443
684.9068910798148 1038.4346999041904 1134.9161734094382
535.6499453101135 914.9923868100592 1052.3260792365613
1350.5263532015624 751.5864176912067 202.39896095711296
1285.288402527766 1693.3941100803763 377.37239407053085
819.3791334963104 1259.6751547267534 838.4185277097268
816.5532206272779 769.0359720765891 720.7738011674285
1241.393746279389 1196.538509367969 819.1786789129725
791.0362088570836 990.6719515298115 994.3914105759184
1052.459461889302 1434.5417688826446 831.0121571267542
1068.972152230751 828.3965248954323 449.58559326393333
565.4975334459882 1207.8843982218832 565.1969178477323
685.620995445794 414.78314193962626 662.3145702945968
988.389898397104 957.921030644757 410.04392557027893
928.1469201765977 645.6554222215652 124.910472009442
1007.6212101423566 780.2493368002273 1330.6750646313671
1331.5389069216462 1215.1068067334563 1481.6162280462713
875.4413898022539 602.2502105375747 119.56126364051228
816.7700913038436 930.9695401417016 1252.0319673016845
811.8023257199112 1024.2409879776324 1331.1819338401176
1344.2142446048842 857.6036049452589 824.3204211374795
797.1825667775291 1216.308125489247 1135.2224496462673
1000.8760914008811 1188.133708021748 295.8218702900512
796.722493006839 802.6589194619967 547.5122184926593
717.7253818177944 1188.8535899172805 1211.9573630768123
774.3677151105968 1482.2647529447622 903.9977362174108
1021.0875658200345 901.3713299315806 440.2827657591369
1100.4540078373311 768.3450283523077 118.73792505487779
818.7798361565365 844.5383071090728 1177.69967329043
1103.9108593003893 817.7430334453101 303.66077736936114
979.8725892524261 811.4152371513594 695.1044608625721
856.2437578656593 1168.3472009889567 1456.516749713073
782.3819778148496 1332.7560046225901 1089.4455513802368
650.7108398623984 777.4601642818939 317.73378822388673
978.7460324223226 751.8799779533824 439.52523153639294
932.8261475294057 1217.9994101220866 591.0470790085045
935.9836973046392 909.654031380522 26.02258969930177
996.592136897721 859.4939126019012 446.5863976441706
1237.4160300390804 544.4642095613192 371.3249517115683
944.6984971330826 608.5217639004502 1283.8383049050208
1225.1635292100357 1111.5221494458647 1386.0768754600874
964.0703937800293 1078.2303100368863 1073.1779207380462
1319.648483256871 822.3574758242124 906.4096187271963
667.8504381141099 1035.0266722230615 1181.042301823628
901.2960816104403 949.3473121792098 1166.964934324955
1169.486325259852 1520.1184496230335 1152.6266846939284
954.0989228586503 1631.432206320523 1216.9300017284495
1146.5308305511187 960.9797616041608 910.0004869927956
918.497088181587 657.7440565078934 152.413595763132
909.1268360109011 834.8128180541553 400.6943202845717
947.5394348466208 1157.443409368155 76.59072252736459
876.5205755307287 947.8490818646368 653.6686408784437
1242.2614652730704 1033.6094592821564 1165.7504233478246
1271.451750364037 946.9378463293351 714.87044063186
969.4735888176953 1331.9630163367922 1146.1448131036939
1219.0247481733059 1268.8538650427106 1006.4948465873355
714.9591736746345 1319.0643435760317 974.5244761233128
1394.3483904814684 1078.1045821422106 1475.9650738758005
908.1699467464504 1197.5211734117129 1393.6628469506047
1319.3021788607048 1020.6834206430765 664.6501285521945
1301.9197798841385 1399.5561427312982 1068.1655464562918
963.3625560555491 874.3792288126833 333.27178672752484
1232.6685331138926 1148.154291303061 325.00652608524456
1144.8538305392701 791.1141222012195 1453.5995811536852
858.9911627975529 1127.0099331447561 518.7522456119706
778.4151382639452 807.6397359224312 1252.1434808575916
856.3447558988466 811.8472166600486 1388.8161804038764
930.9279824820744 1003.8231808921252 795.670755384591
1285.2195382261652 922.3863234143263 380.40449294109857
1071.8590544816154 1064.114001249784 92.56433251068941
1109.7632819948242 1113.9785842659196 1100.2959770412385
1083.240758648003 1039.602759153558 918.5737348404161
700.1565297185032 1430.5573227855184 823.377804435645
745.9071963596332 1044.5209732980722 623.3699519548014
1302.2560887392756 743.7600471822375 742.2129555174224
829.0998775294166 711.9066747973385 460.80461037955814
1050.3692787865984 1278.9800097201783 923.9655006829189
1302.3402961402312 683.2448177890011 92.9877058503088
723.0619555051169 1077.1059551470637 928.2017853853217
1296.489526649528 1033.2031366791832 848.5485102750102
839.9473365219199 1136.6193155122792 265.2086372951097
1159.2155614894093 722.289990268441 784.0793830537885
1385.881255923198 1331.9643285129864 1475.1117148170997
1075.5472118044172 1375.066645304939 400.7685083957705
835.6369527110319 1206.551630390082 394.9211077783979
1117.6987080315773 1173.940453198979 676.7145496809719
1057.4873997775694 964.0100618038425 552.7834358764095
802.2132730882433 1146.5326450381701 568.8078346728632
1045.662318647033 784.69704620993 734.9691217241576
926.5756212274599 909.2606337219237 126.11145566738863
1141.0377636075018 967.4451825730945 1445.234108144438
1321.7285193527957 1065.157288856253 833.9192626530632
1038.4713272051504 1018.3625508094278 480.83761966148415
856.8341555454382 845.0738067667023 898.7669597383273
1184.5704315159182 948.7446357320549 659.9801848730024
926.7563133440694 1108.2532031435494 1464.8494530109015
717.9876825308828 734.1276131606267 589.3961932451841
1006.9772308703764 490.78824809489987 314.10740220630777
841.876226916791 668.5054184043263 513.5717463856413
1219.0943820510756 532.5858826989418 591.2148688622801
926.6534431878958 1047.8741124489732 472.79478211481245
1082.2556294962917 1106.1391019104256 255.6276033029865
892.6601203623673 774.9286394805445 514.1608186267281
1324.504198602662 848.9142192137174 844.798093863317
964.3604515580918 720.9369350701613 400.6573215246777
1213.6771942192026 1116.53184298945 198.33344847271488
773.7753159216127 717.0255381607233 707.9079339381412
871.9680593844008 1077.3517357990208 483.982768959765
1053.4840876363223 834.4987297606027 884.6130875519672
740.4046687647417 971.5342346027392 527.5648645649562
782.9041721795274 1023.6540440977863 601.6880084986142
1102.9040284167259 1321.3442767079614 1495.466225659959
807.1817671729232 1064.352390174555 193.98165184690575
1074.906895468295 1054.0752050841531 1475.4548579791635
1131.3957121641708 721.354395034929 551.282159854849
754.6582895289857 1087.3980895355562 282.17964401333046
1115.3887453386264 1153.7162525650285 601.0722313207231
892.7433025056685 1073.4172954064413 1068.8370980249176
849.0956574907934 746.8300245829827 1430.0147286700058
826.3109352139704 644.6172256709044 74.4145338804228
1342.9110870045884 744.9760078419619 5.901444648351961
931.5579905304492 1072.3630167522697 795.8024943357818
1162.103708099468 685.1558730142457 264.2120992037961
1415.51929981777 1444.6524497887872 245.08084292842074
689.4533342461148 806.2519235486925 885.2725664658886
1092.2749368063492 826.0607423636166 958.1027892243986
1233.4078720748798 1283.1002380176833 953.8899066296252
1157.0251040255334 891.6684712426162 1462.5169429976013
947.6287984910992 1047.6382876964947 15.647425712240647
1219.59264402334 932.1010059607 1425.7776645680726
897.9333781247129 954.1344489690896 254.51196997240356
1022.2729018934106 1016.1356107333272 1246.2104564617196
1297.0144366454915 1010.2952972791393 66.0595472031621
734.2863927258387 993.4482981604375 559.1406591057271
1490.8187162053232 866.8262816839547 339.23382371056647
783.4449463420796 749.5241541075205 1357.1119541246815
1146.7302777237985 1026.526240119614 1102.8360612801541
858.2837735586772 1000.4748965366439 1308.6847813672186
1177.0580851265652 507.58674597942434 908.0755011600882
1381.3335696723923 915.1819205227895 226.06777006019374
1086.7972288558924 1232.0293396784018 312.20651773026725
1379.1933693813191 874.9874815928752 382.6491059176523
912.3256422323755 712.2640452331539 622.6478796292912
1033.615697817055 1201.9380248149535 712.7978905991796
1019.8821697874926 1054.3199233785863 1318.2916732028511
960.911017126595 1600.0529366203587 428.1780569930182
1307.6860505019038 1571.5090797778596 472.1526932689736
1129.8636721569 736.1013055889239 169.2866029819076
1238.1645863345136 700.0746851677414 1276.2647595627802
788.866887074493 1019.4339140564522 1158.2772556945563
1551.094038958368 1089.1470536783836 1103.6201234641062
758.6936149954377 454.5405841984135 506.2802001423571
975.5721600954396 1104.610712004934 1322.3781802479132
909.2973746117751 1345.4145055144363 1239.5248951335186
1374.3538647683465 1263.552822846496 1356.887225077823
1456.4831629266 1406.9817602844748 1013.0912253468392
836.2712640675841 904.8555401053923 375.83337343121264
813.9268671148515 744.8308060720217 54.65698092142607
899.8805049571702 1053.3648460992267 1176.5324528555507
831.3741202198103 796.1932138372705 457.6995407172069
1250.8664258471767 968.0886803801094 807.6450607194164
769.6792594962958 947.649040078763 44.18619433224064
555.8616135924806 799.9557542672587 573.858408903094
974.4650104394134 988.6513829190304 1107.2545822739535
712.2017835459396 1267.0223118527654 816.749119903549
1216.3286915296437 467.6029767285777 186.0698936942043
1089.8433026370199 991.9046447345778 1330.3227782807598
1101.4414834759623 1190.5043932668448 258.3961700989965
811.0197799951375 775.632560828154 10.071079719946807
825.4735040628643 1180.0199965561328 919.6746481664754
971.8834628250681 826.9533599918383 161.9606620001639
1533.5980068088097 1027.086628310701 659.8832357606407
1068.0142987182144 944.2787169576671 968.8041905371322
1395.7503545860927 1011.637608013294 489.83774529055944
911.9869072432144 983.3002805226025 270.8125878525658
894.9462558569954 963.8161217583536 1157.7500272688378
965.8197004296327 1399.1334077559713 392.0323723049878
1621.9694588769826 1110.1191871155625 282.8133472313115
1036.3044750817378 1117.601805012859 1077.1676407686844
881.9596478294549 590.0832970357627 718.5833830897387
897.5249201598474 695.7945462217808 181.22577393650408
825.1421752685387 1049.6146727008193 470.6330215650613
890.8917723987402 1010.5298662572538 249.183082762526
1149.6205857489401 761.110742638927 1440.9817738853237
826.9008658685502 572.7785154517805 597.4577156451926
827.674806354597 788.5026957022329 1093.7375293353764
978.7969569330648 858.141922554301 172.14706264213842
684.8126116198381 893.1546515929967 1312.3504585824244
950.9076727929473 1161.1726974220715 1242.285385730156
1344.3387697045678 1209.8097529352458 1087.7559410036101
772.1707502698712 1200.5759174180473 430.2017787446297
1447.3492890063517 1130.6753099021175 1246.1324315047393
613.6968736639409 815.274017119088 907.2130282827496
735.3338934771549 606.719285473807 405.0798521658535
803.1214609526255 758.1409856756269 167.8715882777458
1105.1474215632218 1253.788392359194 544.5047367891902
635.1123582896021 1161.4840785616734 1497.3178615886343
1032.140878244966 1175.9423167012683 1127.9734457152522
1519.7457691072614 1251.5655943293727 1088.399266519641
710.2348477099937 1028.0234864857355 368.99030424021
821.6302891211021 669.6254142691041 956.7184642933121
1501.7568562520985 896.3915746518638 330.50621346052435
1337.3816726166715 1098.2331497949824 5.01963482744805
484.91646486402067 942.1763407554689 865.0217762049226
1024.059001121767 1426.1434154426915 537.2522269992013
1546.6610327833696 735.2584997476063 634.5901045699391
985.7130983757851 1200.7589737595945 1318.2612276793675
1291.2367114374465 799.1693450007574 124.10661249938221
1243.3608966281843 894.538795894534 784.5270772728779
950.7773697006535 1498.7342759649775 802.163769458369
585.1665385745694 707.3111278886645 1463.016883176676
1127.9768681785492 716.3491739278059 841.7461063429918
1169.0854429162537 814.6694900131931 633.0949816790769
890.8892515541165 959.1782457052336 15.532100809632244
1065.1534671246625 670.5048557146107 1376.3765101611589
1044.5504712037864 962.3812489359503 1308.2120501324166
1027.2665055671227 1201.9937316433466 712.6250255901075
600.3763934819324 1458.7207506017323 67.7951962314769
981.9724380781207 1200.0896682520358 151.88609151912624
1417.708303207573 1067.4575821903743 477.63161001537856
1030.953745340011 853.6262663212284 1348.6819111713778
739.537486973881 1292.6298582899608 566.0424266106335
385.6848145351938 1185.8759964843998 1143.8832701013264
936.2915102374988 899.4476168783632 1263.0984845039509
1193.91675716486 709.5342718314193 325.676188751121
954.0164064695299 1232.4775818875255 878.2064014963272
1014.9401052201675 1320.3320902882972 566.3633009169221
1089.2046174046902 1303.0773063339973 725.9995219752412
859.2176900406881 642.8597524800675 372.20143816877885
824.4639640762779 1228.516223056523 1050.9173982411908
962.1195683713157 1597.576529688515 882.0520664506802
974.750628118324 1042.0394139562743 963.0841294480083
767.0242669187221 415.24538922409783 450.39166674796894
1363.5130092919865 852.2839657414614 107.81939436050585
519.4408062054131 979.1133118394085 553.8530572502731
723.9692734522629 984.9108548946555 69.67061736279418
1446.0358923887222 980.3389121098685 1368.0440637514894
1086.9485909253242 1049.062344388347 1300.8609086352435
1038.7017302226914 304.07943179711265 224.57415821196065
640.9333953534426 1186.6454495574908 1316.2563914694617
1380.7645281051725 948.0284057886312 1359.8295514715642
1091.6161860848406 1152.646798063105 1263.0896008858188
1021.9702145299142 1137.8903519066685 1351.6017744645753
1041.665921231792 434.57745584605846 30.279388628682792
687.4635668104936 888.5305530454377 62.025363672438
1073.4706736293854 1001.3787823179754 9.984549419696066
1147.2922743765007 952.4764585618274 427.8855758458269
943.8563139841399 925.2013384060432 440.6151994433817
1171.735637645051 567.2270601790324 1190.7257214286105
969.9025564855425 1186.1074065149583 905.3991230377893
696.3192864684164 1096.6036415939893 1378.5407852422088
1425.694884732376 1381.554694385848 187.4593305891853
1180.3659692881056 954.2084261408834 1465.6687097114811
709.9896902575297 1328.4230941480687 1111.478329212271
