1000
1255.1600983160238 1094.7190650163357 1419.28340058812
815.844817532271 873.0040690893699 403.6553335778557
875.612775991976 1032.2870594188446 6.475318285645459
1021.3837480574863 959.1994495240308 788.0519573289625
1031.716191991231 671.021224253187 557.1055838739269
1137.7278116776442 582.8520736322541 1042.9240298168977
1069.2647019693918 1101.0484211455519 1269.6432617121495
1210.577740223507 894.3521877414182 472.9401921157739
1151.647464292046 1039.335048620517 1097.58704991431
623.4392374267622 1156.0052798036993 976.2936834388024
1016.4045001003298 1069.4387387591803 481.3067234885815
1002.8482236043571 1001.3752400382631 1353.0380577290168
868.0839831157239 1170.666186325259 445.9304624870815
1264.5311081448722 1212.8670911710904 1001.2183391904016
1332.1952760691147 985.3707521951885 359.2417659824493
1038.8506787384877 1123.5983755473285 831.5814801139135
1182.149727222874 994.5437546827822 132.116488666824
479.3556843242436 976.2180904136798 650.8296036471659
941.6844747693182 768.9567231302985 806.9820585073578
1014.800165252312 882.0804782154507 1473.8694377406368
1093.8408142022113 1179.1708406890334 159.35364203710967
1018.0150166546091 1354.0569919148843 1394.3976038824362
1104.1316817748025 1177.2002374918918 454.5148016981832
1149.8595957695636 707.2708101374635 571.7546917725931
331.453010190394 860.4237017352091 206.3692811046991
707.3374107358846 1215.9178271634319 411.11207189782124
1117.216776183472 1044.3300690171543 857.3781446101058
862.322087429302 1126.4058789547184 1033.9266046897885
838.8935866237803 944.347264218854 330.08146683390464
736.2239429423839 765.3278150013891 1279.7153629743152
624.0121696946627 891.770825932819 1372.3839148051761
716.4546006273233 895.9521601892171 573.9146577775025
852.6235778777382 1188.1401142918512 269.9623661546094
1320.8411275281258 843.2823743824804 182.98472776534825
1234.568652328487 1268.9657904409735 762.2304128021766
702.4085679945993 885.3564660478809 1200.0146094125532
1161.1529457841268 1275.9555678010138 1060.2896568995445
909.4632731323579 1299.4464354234024 396.34144987006624
1021.8748328522424 1506.9749452711908 986.2676892748993
1166.1426823025427 805.575599854165 522.6823806069626
945.2741943078069 658.7051990106004 60.55361787089586
1098.689686127254 1424.0070191112188 1057.4141046042066
638.3250827375705 882.254844330535 1228.382566309082
885.9068662646719 493.70531209342573 742.3326531747085
1162.538393273223 702.3464823077597 484.50493464545633
842.7070593538567 1250.3809798552368 1303.1151856457946
1039.0029735860053 1014.4549866256377 864.7722547649985
520.2552216193687 923.1181115030895 335.19209171375684
1263.494813578106 1261.1336632307848 469.9448254956029
763.0256333777852 1216.496469666376 1389.7745703430023
694.2482548528274 818.6919029967571 1042.80429687606
1056.7044226230878 737.656594016619 1422.960277544625
1180.363915827638 572.9894918220805 607.2224939792818
1008.3149198955895 1167.7759476831936 1253.8164721028913
568.164678485027 1146.8576582431276 90.06713720072274
1380.414622005309 1219.2272699455232 955.6907396216543
995.3685167405197 1100.409692073982 521.3274760691941
1233.6657024955257 1176.2528539994155 1478.7809060575833
719.638657283363 1130.0703329742048 650.0000473557294
1334.6003965915 820.0940416409504 631.7286480181349
309.3041119843149 444.8639322615811 602.2542763668893
1069.6829135734774 1115.4139018930637 461.69586242965175
309.0887060699864 974.8068506241392 294.56084159658803
1050.8195666271401 946.2047852010843 229.46080366017136
1096.4049409970507 1198.7775369028855 1304.6552650382691
777.2419419861196 1232.7684438915771 1314.8477546575539
913.2763215792235 848.9009068567943 1270.2663863457376
1259.760739569405 1336.2168991967133 1170.3646072896966
1036.3159664550813 854.0757711574543 1407.7096208697446
1182.8390903137372 536.3895738009414 243.53961134939007
820.6918947361075 910.614699771058 620.8727849969932
943.9056227091019 636.4254965840139 1196.2150201862264
1247.4760383241185 1497.6492776992732 1189.9959317799753
881.6281874861024 808.7199063448888 1071.244811945422
1158.5229146424053 1221.3042717859391 401.7260841115552
1115.1094834360392 780.004121921021 146.58828390925643
474.7931249852908 1166.4741052713177 194.56513433437428
1091.249998378161 1238.972753132687 806.5596681764912
865.2576362918355 1152.5239056534695 148.92269820574322
1126.690733631676 542.303132386215 793.006847217611
930.5495332563378 802.1182459429447 396.83167381958873
1038.0069724232048 823.7112203394184 554.2144279082762
1515.2914628826393 1075.299258804384 310.80939164000443
647.8550712759499 1350.7561146859784 403.8451414267191
1200.014321439356 925.621807851275 1273.9560911976134
728.281115938234 1388.331765250301 479.9225987995315
1237.998770569091 1055.1356935839979 525.9659995643082
924.8290215239293 1152.5442625875044 1423.0445739631227
1190.4494350606712 1077.4730818019125 198.4732054615606
922.5456206348873 1050.6628795500487 1203.6271737809059
838.6758113562091 834.2647902107377 1328.2944539904577
1157.7806537981292 789.5534075734249 986.2682435964247
836.8363079030946 1040.2693238122322 1048.8435330113393
840.7617904060481 1725.2964077591018 1382.7988023921944
1277.5877566422105 993.8459227010342 145.9768138195015
726.2705028325985 963.20482890735 58.93823019885247
1262.151474223946 835.7815009058509 357.763452694576
628.8718200730298 1051.3455696937692 681.5684430448654
427.0415452808187 650.3934059445036 599.6079874005983
928.378500231384 1410.5186053086868 61.45673160367438
553.6377536055165 933.9664182397464 1211.957997484435
986.8884611727608 848.2457672687752 623.13218907784
657.7748884806922 794.6150182369054 408.25464259164295
1362.9177933786227 1418.5572550673874 892.4039318678965
1075.7367390636266 1138.5999790872095 74.89830783559364
654.404007060057 1043.0481053275162 323.1980249294336
923.2311683760804 1067.480586431075 648.2516545135837
987.9173164859569 1133.1873399790877 240.36672374882662
665.8729726478277 1161.8528296814068 492.37949605204875
741.4789689952108 862.3173298240246 455.9157820204417
698.1563835707586 707.2633313402723 754.882382421329
1497.3401776301243 1050.7045172935284 342.1730370727997
507.735832297654 1326.3983197646758 830.4353190059979
436.64068551790945 1045.0351659352343 718.1818263832411
1175.0814658879372 1057.4775268518692 1483.6224273354867
1274.7857096034907 927.2392689991617 1229.715539771361
1230.0042755925515 944.7751619749288 1486.5612628838367
1005.3185035245225 673.1877030258253 908.1156424939326
1144.3390404645418 842.0859396220468 286.88271692337037
1354.0489668002049 965.8220361709714 1219.6228679412106
785.1175868126927 1267.6494173215738 1173.603150752052
988.8352617712951 1037.7194217042577 1264.6772321431301
1116.7174623534866 955.9165274129354 1462.8531881144022
589.6875204250911 1094.8870161229333 874.8892119771128
716.6335830337644 1065.0486970588338 759.0697657587068
992.4793064249806 918.1748455055421 932.9735287306328
1157.3433607562197 508.81109169889135 1440.0696215953735
1539.9717632712182 801.0692609451951 136.79556656290865
1054.4608605183744 1084.0232183976732 608.5759672122736
1430.0228694294674 1012.8231830485856 408.91222714986736
1326.2275595790136 1013.9432172950119 1291.542007721567
931.7272349425326 850.027018795684 1327.7073301259504
1102.3447193751717 1381.5578287669537 1345.1930504712511
920.1990922761908 1475.3538675519108 1406.3024022467202
1433.4754980793284 710.4419230872143 889.9668953099587
1546.8657945481687 1269.2541044631876 185.9698763024854
1411.3592318377146 971.4143132923883 152.0160078000769
982.8531440008314 1069.8484304828246 1166.2203410342402
766.6366057522537 1147.275606533816 547.7638295404006
1293.4916557468662 723.0093034591634 290.3438107769894
1105.1999906403607 899.4425810690433 1398.0839914684393
939.230929030327 738.0706689798162 32.44396126678711
623.6120576073222 699.5201156777665 1253.5118452690751
1080.5887107452634 603.8980804405533 109.20669869174276
731.7776358716155 1179.5317417935576 963.5867700452714
627.6578780402791 1122.371726084931 700.0128876180148
436.52191856372167 815.8594284065588 1315.7261538440443
1210.1634969379481 1171.0040409910223 1306.2569987449826
741.0747571402907 816.1436720159436 370.72388875540446
853.876709470281 1232.6993257138236 1385.8455216385669
1040.743953180455 262.69819019117995 858.525083119648
1043.6140226687212 804.3462003593769 91.91264595590198
691.0810360216497 1619.7486252867293 362.89489133305534
1048.7772205361866 1054.2843792814526 577.0699395291192
1100.6720662968578 1022.405733463141 960.121110857071
947.8910093263363 804.196407674446 1081.4450319460962
798.0395876579445 850.1346875974583 1056.4205009040224
805.8143215539978 994.7696326659252 949.8805156783055
783.0066216657136 907.8626706494204 1141.1413505517219
666.2102194426445 1294.6558705076602 961.2921927939187
897.1883955536929 1247.3128145085832 608.7544955675227
665.7328628268548 694.6526457283074 1044.1278082622005
958.4278794536962 681.1692071125642 46.942405817955276
695.1700380393199 1201.4093968199609 638.5542456955877
619.1877579735128 1022.2370541855181 1346.84990695877
1575.972868155658 928.228098668028 1137.3651099701653
831.8519241816886 1519.9540911439017 398.73934219178494
773.8644781754354 594.0178494163747 229.8935319540653
1173.2251565959655 1257.4647836890395 1100.987552105676
1172.7617637770163 1106.7690832233643 962.5749040993499
1281.445798015656 927.6619609812493 1001.7777271714832
1030.2996179007407 1400.831675554422 988.6358164881855
1051.73496217438 843.8207050292465 291.291967346983
960.1255436597792 1403.7527314796694 670.9376847957847
915.0839547269505 948.5606979338711 980.6836656529564
1502.8137936074204 845.3200020736787 1454.7257304358318
883.2981770176634 1078.833964935232 1460.5356459710588
1371.4201099602508 1275.6280346777503 837.215252260857
1236.430460633244 1364.779329727582 692.041108287242
602.361307317827 489.78071863907456 552.6375301999179
994.9429348494768 1046.2746098155214 279.7009398455324
1166.036309179853 625.6917577552381 844.2401259074162
1107.5602922442479 1409.9325300714627 36.02256763402223
853.1229002950696 1060.6136259832658 248.47584483580394
1228.412037090346 858.5367362716307 1166.1791562261833
1030.5156566757926 935.5441339103304 810.2234903874063
812.0358707720982 1061.700692637956 315.16129568593453
1360.4216409846629 1252.8003885212618 1468.0112056013143
959.7424098120082 1230.695944346577 466.077975257139
958.03425329354 912.1138508661805 35.20634894878033
1093.1178358386803 1207.5953915473974 1451.770066483102
582.1586483317321 1251.0027594338364 1030.8801610128462
1182.3295780498297 986.8528401194839 957.5871160681346
1321.608417233514 992.1700616559815 1235.4969581160578
1563.2716259526662 674.1884112668606 1175.2300376209823
984.49801034472 466.84029463628553 785.6642201889651
729.7276426244633 1134.1160295651505 1449.3150712184445
838.6040722295777 1313.548578163317 767.9133564546278
1244.9289859633398 1189.2923611371323 44.71482706562635
818.0791293959824 1020.7223186215356 117.87632049654978
884.1879237376294 617.5035339249075 1430.5593124300722
1348.651147214354 1373.8893801574932 1220.3496196286223
949.3085319005775 843.738215954476 1433.0153409410423
561.2107151496095 995.6417584266227 1059.716536666719
900.1190970030926 802.5353947289493 141.79417738061522
951.3190275704791 1025.2161334683249 838.0800903570383
974.8799781083999 909.3119113430481 226.33239660480737
964.4912050733669 899.3314140683614 645.6707032348688
554.9143195501438 962.2588476777322 583.2809844585884
898.6028188557847 529.2611449609801 403.21916604253227
1328.7567117641331 1218.4781927372967 1157.269484764967
964.7296901365258 765.7100504331553 96.75877917929921
888.3849286544597 1262.1200656528176 635.7581842747226
1083.9414188379578 1539.3275618274558 997.951768349532
1089.682270310855 459.90305137096107 330.2657898883481
1059.6239329198863 932.8551314934197 73.34143171361069
1117.4120844162449 668.9713446930496 226.47260147093235
839.7883934047829 1104.0345119693095 1031.478335424386
1210.1527963280978 1061.5600172534737 1190.2653713643897
821.7488799418285 760.3192420311323 104.90616811161941
1030.606626926428 818.3576088481501 1223.4970762904113
852.7497425569208 665.7265256363698 269.53676396268975
1341.8410950360096 361.7090536785805 1407.745145001582
1195.4587003449415 1425.0126569239605 1306.6937554218143
1356.1099178691863 941.8260268971994 74.711986962551
1183.9074865478397 1066.2043507183662 136.4336376257796
1066.0720500710659 841.6039639538792 155.407172487237
931.3867190576659 1243.0078450927194 299.0634432209293
890.6256761895818 931.5447402535221 534.1343336015881
1022.1511499970001 940.9016767208813 1268.3311316466609
964.7749656126742 719.0864049259847 888.6381031516164
964.7919288547434 882.3312958496274 72.77640778455508
986.3832799811993 925.2464545115818 1131.8570659179843
1017.2366140273026 1060.07894394235 1001.7750747839652
1359.012196340716 667.5495797156169 892.88669030956
1129.92842883824 1635.101293885628 655.2172937992311
818.74247568788 952.1878167773136 874.5862871419419
976.4109701383143 772.2585751045567 167.13425306849183
1015.7443988815606 1016.7721825177115 1363.1362959475641
1072.6860864578673 1302.0406120907198 1112.8723726505527
748.1288876417232 950.9039037988643 522.6826715063548
1224.966691320118 1032.6685202423084 988.9553780478775
1035.3242597069273 1012.0424268862126 124.80112447898367
950.7675589845487 824.4107255125647 64.66479446729213
1305.7391623389146 959.7796731572354 73.70958602770084
938.1674394667737 1029.2864232690213 1177.897038091232
1031.3718253981701 865.8409936742496 1366.6226801816617
800.1019851849401 1006.259176615353 1232.8019035367643
761.0270509541916 894.6509388773378 1072.9550593972663
924.1005092374314 1288.9722334288963 597.0245366510586
899.807196707906 1401.4441001835692 435.1602258083673
589.756828597629 976.5408512302782 1148.3465787937698
1403.386000674977 1085.5401854670736 261.48568928210994
1111.2132699602198 1024.3261400634544 539.8573442761402
895.6555947147986 1191.0530510430183 939.7479608289094
1431.387884183758 1210.253750337003 571.7311177810732
992.1419728843349 1179.7104045666879 41.35725844215327
863.2638184927048 1015.342742704756 512.1747072765359
1355.2488396708115 632.8375714442072 545.9931707327438
1289.0493179482014 800.5523677217831 649.3718748185881
538.7252919201245 1263.8495547927455 1498.9526311055017
548.1157066806268 1119.3278222592915 1385.7083258642517
1087.5891057568547 661.8550721205663 1198.2893916363957
1302.7947628443833 833.5152590859029 658.2419677819707
1533.431879000741 970.620709431932 959.9887099560784
625.5028630218146 1074.0444023377509 1243.3050883139144
612.7437964239496 816.8953402429861 267.6353948246034
802.9707348538171 1108.3493002167525 1284.8571309621047
1302.0841540744514 549.9603231049766 875.8994423495249
1495.3623822687396 1213.5381735279082 181.41143687940303
849.2808836305451 780.8201199397793 434.0112427943165
671.8379536378407 785.697097716492 239.40927616963154
999.0890231951038 826.18309919802 728.5569718178281
1086.9280672869122 922.4853560938631 1334.0962302257374
767.2701866080973 924.2812177061234 1286.4160124130324
602.6446338110793 1543.5379475116529 822.9565098410382
1038.8926430393567 801.0509230190847 332.67647335981866
1158.5723773301293 1281.432342975299 926.9569632414197
1277.449304058499 1016.4545996327516 419.0617394358091
1309.9928221540008 1412.1421512446918 932.8882806576223
1208.542884903227 584.1815632572183 1361.5097376636493
1177.2818741033511 1066.0384114661997 38.247175045282965
1040.555236468419 1042.8886841456683 225.24677360837399
1164.600806372028 933.3785813201806 1149.642439253063
615.4451678813566 1248.2335079819388 911.410789825875
1028.3250373308708 1044.1159387412815 935.6651917833755
1331.6481853197859 971.6651780451783 421.418385076439
686.3256887414695 1379.9127711105248 332.810126811326
982.8188873093709 1132.731741366163 341.2289872013265
1237.7527589296326 900.3502776321628 779.0185112590259
684.1800778119004 1140.7506084589504 649.3691853719569
943.552335837215 731.6671828010662 419.56948762398713
1136.1220445397048 1129.1400826632225 1211.403411192853
1090.22950333563 1147.4510565362293 139.07058516465787
844.194200810438 1185.567820548731 277.3861982244082
1404.4860238992133 755.1025346905585 648.2500773697666
1232.279639393376 752.0407850514073 892.7867196277618
409.86763002740315 1187.658630348306 968.8786425522287
1093.2917384082787 962.5987115251716 388.5018345243519
1430.3572021307427 1091.429350636713 1013.6851291217957
536.4120099296987 1127.1982517114786 432.7722235856953
1094.0477933899326 1244.7196628051033 251.20412218975886
1025.95876846463 974.1793743759958 1481.030609679531
949.9124107291693 1093.2639555741775 145.67250362845763
806.1612361237602 1158.3627706655561 1205.209600559345
1223.130311033556 1057.032007864043 32.39798715142012
926.6096091150636 876.3664587882204 615.5023246233299
1286.0981755060188 1514.0135869676535 1444.1157900119329
1046.4655155238863 1111.573339693846 1413.4732588625282
646.7671984533747 929.1016165783249 1046.9303606700998
1170.7019406376098 837.3046135238357 402.7642475496255
732.3745805823535 1172.2813719757296 1418.9881819547309
880.5931951589814 890.9103166622854 19.369685326985685
822.0110594527051 517.934444610599 1496.9015082148683
732.5140100893464 1020.8805923359758 594.3724593542966
937.6062935895438 1093.116551165472 567.2050942919213
965.8944789344864 1229.134840606445 905.2813602363482
1046.2976091591204 1124.7381480765077 1319.1889004521365
343.1557369758293 1423.653014773106 1082.2239108555736
1084.3486249187217 1153.0795893602412 274.13942533370516
1308.1171070828386 1357.3284228411203 1391.0470599771934
821.6195357794113 1151.9184021876563 1384.6729195840405
1254.5635295436923 724.0043227753225 581.3152956808009
919.3282347056963 944.7833993622103 230.26981899796607
1142.493377017295 850.6135571780867 342.36758951076035
1125.5492884813843 891.3344856638482 1463.5520262203822
627.6019503246746 1106.8634532528774 782.8813430034409
958.906007397233 1285.6029151403345 1265.6759447487989
1124.8196487710402 1258.69187045262 285.8783364149888
1060.6363624626106 1134.1278186546974 641.189858942606
1436.1485410566943 805.171680511736 1421.5198308446759
938.7844739136227 832.0283684939232 1167.6501836458547
1303.372016459466 1286.5320973264465 404.80186765469364
871.9053516913689 698.6069938715132 971.6826207372504
1265.0414833662928 1312.0530016567554 495.2673987646323
819.9584644563524 727.3300215038778 1196.6208259798516
645.2548394425155 818.4023965837504 294.89544972151464
1130.4481792251718 713.9330001470912 877.013482444025
1039.8584815405075 1190.5280021135727 77.88308100253855
1240.0517970111634 1178.4164355009618 340.9015569239527
969.3970700920314 1033.3948166588941 973.3013934957659
979.4971957106007 1180.7698605869975 77.74988565790098
623.6699929362452 1178.3292209947874 909.098244890025
919.8024387918066 1115.3241123816733 5.6881977706702
1163.3741500397982 841.069509156197 1456.010034749078
1215.6566747981562 769.7765472110036 449.99937196480454
1026.0734592906053 858.054105214923 1273.193454294783
843.7804171292966 905.7281709295371 170.70271439597119
1118.5544670869685 767.3971650272011 953.6455705137706
1118.9027704869197 780.722008912788 375.302690585958
1299.2724341024875 1010.3066883693884 940.609127374134
1175.811231879958 1067.558328678918 611.2402262073736
930.815187368865 1019.6181959697435 859.2984093373979
805.4129857379372 1200.4190038239096 24.463865472653833
1171.7881253887435 668.5412581500248 337.60198232686895
1219.4794298994063 797.0589953043849 737.7001184372705
815.8758794078524 899.3883649563661 215.187065815102
674.9129624614222 1109.419438162458 33.86322811497833
1273.6789410531162 538.4546403001928 256.8624267138839
1137.7654119513418 798.6571212538307 887.366369469423
706.3985795373758 1174.4752922499583 558.0161954397681
871.4599723407607 1172.4796368688465 209.99011307747716
734.0006699031974 675.858285346172 714.4638187974195
769.6058694317871 1315.0754757711275 649.9317230003803
1335.1768292012177 959.165561126344 31.134402974626664
745.5560103440714 944.4438551527678 416.4549886322632
864.0702575752041 967.253678536952 1343.7117555982454
1105.169136742145 1219.646255948938 318.468323883623
1113.684441955573 357.22873309644706 252.11500214099868
1036.691560275241 1566.6690102739037 1115.9084917155596
1099.3933002857134 935.7657395120289 1472.9477248198505
844.6333732154892 773.5400437875312 956.2243078318113
1245.194819181331 732.0775536758101 556.6340506581248
1120.2121449401793 872.4701417066822 921.4305370542853
1065.797037370254 883.1894440760328 1030.0222071469752
778.7607737298712 1317.5237102674892 1468.2612216569714
1080.4275433310615 872.5311609477518 891.9313360968547
935.0733901992869 1195.9627069489434 186.67458484208137
1002.6342627824841 929.9317289305586 1377.0733414133113
1145.7741609495279 979.0202617151173 1176.4696445141549
1024.7507970476624 1466.2486866861761 816.3499421543468
760.6857414076047 817.6645062552963 1259.309750025703
1225.0194416634124 792.4192395230059 76.65900575520979
1569.6597949454444 1247.854771565011 1099.3094359791105
830.43709086623 1146.7614984573431 1128.0281583583817
329.04712567462934 1263.2013498997796 598.7509106852273
1037.6431961150959 836.1587438977363 335.63214159653114
663.2368323763819 1090.3528331156087 541.1441492345732
1190.0515285421043 1148.5011131706924 188.67676506424164
827.8361960639251 897.5581638064775 1183.1128072665563
1107.6062857555157 1161.016685106411 544.114332187017
1480.6995979884073 953.2294612985855 499.8682474088227
938.9608541245285 780.7794656156636 1178.0952817848734
1142.316957089198 1122.476280723384 555.5896435058736
953.5211949249039 759.8034866215996 886.2788192884258
1193.8185346512844 1000.5080733360065 376.0938510822481
835.769696754711 794.7133048206595 333.31995037312015
1175.894214347351 675.285890007362 931.2302858420913
814.0086904448028 1051.936726645359 213.98743463951232
850.4095396571306 634.0192519725617 1440.2214504931055
679.210621144789 1208.52542036902 470.32479608172457
1346.7091204760768 925.5122517984755 1393.110455741301
1055.05517244306 978.8637423742682 1237.077495286459
1494.488872331214 957.19581621474 1404.8732405496517
929.2945328218789 1270.6682794665612 249.3398024523652
1017.7040374091598 822.5843266136252 603.4511979688734
1140.3829162700476 576.6785160619704 859.0286396285319
1058.6378123969646 481.0889280905599 580.7678588258675
1045.028327970794 866.318995315436 376.70978285265596
781.8668558796471 918.9133469022844 961.664270251857
1051.221891855857 1032.811709095933 1284.4596408532855
956.4100324079947 746.3643476315992 141.27815666406406
940.030460375323 1224.3511815719723 1283.2468609146126
788.2053638657633 919.6961236015443 281.3480172963171
739.5071895324415 1202.6921856317385 137.3128502882082
577.2560196023697 854.5893474523197 779.4122085699689
1237.9538339203993 497.01639704947166 1279.6300163754229
855.4134136986963 1242.6846581689902 1083.2762512120846
1400.0030638195162 1264.845206573398 555.1577422034832
806.999963467123 596.9566271616759 1061.132848065885
1209.9091755264506 1054.9823081276934 1485.2803216611153
926.7505411537466 858.234037546064 1215.4500260992515
1043.4125253686032 824.2944056854662 1033.4334317978696
1072.7551434729994 1083.7990459028167 1244.3656167688011
1049.0903728971962 848.9303032263649 270.7101892499038
1188.4490327869457 1294.288407682442 712.8676258070514
852.1406741678634 885.1669000677241 1130.9143536460351
875.2398742141959 775.7173734112223 1128.533426216918
886.8340584298487 1627.817773901154 863.0869627759901
644.8024243784603 860.1901673542532 1187.3403025630532
899.7539847323503 1458.5029880141374 1200.5619762262916
1183.1179202383255 692.6190607285048 1010.1378282815608
861.6358421974421 1467.300219604274 453.72053121471953
608.8377647615011 1051.6562260120531 1325.2050497788252
540.9497690492633 1287.9151375238148 1027.5221960559231
1075.098247953927 797.5967199012471 1107.0187181075512
764.0961084888838 540.6660530267591 1381.385769589698
1234.9386742783938 1027.6414913755593 402.32508348957606
680.6871376686545 1124.705123509711 117.68320551923527
1106.0454305600942 878.3931028717561 980.5276009619604
1198.9546309577631 1089.7869722557245 260.09932081555314
1070.6919715704319 881.0892042909611 1300.9098869893949
1146.234615455557 1239.0864381786025 180.61382642688017
954.961237227411 1032.8884580663573 407.414259531557
1021.6458469939431 979.0437425675675 203.61340911816856
807.0601507941781 734.1721628051366 868.874437535562
827.9950770930348 855.8690373575052 1242.1305926884384
970.1945288492985 719.5417350581915 1258.6294625006292
1134.8365348209531 1043.1038845916216 1110.932091559156
1014.8066678006157 1063.307884885767 1433.9839977330025
515.4115763579653 1109.8632815098913 511.5917435062091
938.6182129316682 663.0194037826304 566.5097151052036
865.2523078436125 625.8258363802405 485.24506799764515
937.3185835075608 1029.0492509039668 877.4806800567728
1118.6266432968255 680.7631247625468 448.83185643361753
856.1801305237243 972.4990185110477 1484.9955251044428
1267.0430678936157 770.7884308106798 440.1976692488964
1402.5236731525129 551.0234669789595 840.0957047046599
1195.9391682805217 1187.9135877370595 695.1413151562176
1186.0565466692533 1130.822665977543 187.79660026003893
276.69663066595876 856.2790554227469 1152.5457611172533
1379.7566549255953 925.0246331012817 70.20578134138006
374.9766073833367 629.1568086818354 629.8453589153515
1134.7554745838625 1405.4603876834449 344.06726099319934
1072.0651995860592 1162.9406234957912 677.5635286978418
934.9526733721895 1172.2378984761222 1190.1851371939238
1037.153536207621 978.7849260632015 905.6803206832772
1028.5761221669718 1238.8567450345856 1057.580758801466
1374.7701493841903 891.773100648891 1131.1095075854273
1355.9535655335476 1473.9197759166943 405.99020936953224
873.0763466578074 1241.0354959857646 1464.2833906001058
1371.3879332298407 1148.6283855436104 548.6301322624945
942.6899897922468 977.9143768745957 522.8837700814178
1012.2359623592926 828.8017191777478 23.841034237792712
1308.7452930880056 550.7037226167067 1244.120859389903
818.5217376499075 916.480495437134 1106.504868097096
1438.3443468512946 1332.5663613984548 209.2976854227942
1015.9743458302208 848.8206064828261 1463.8643468412106
1009.831082021926 899.8218632541268 894.2137537155464
1081.8475112710485 670.7634283334969 54.736487779178724
1329.2654206373195 548.0988797906183 769.2836972061257
843.3021787768439 660.2507815723623 758.5306187547808
1281.4691691382486 993.488118865137 113.69414559382396
917.0645282982532 953.1741762522332 440.583161392585
640.9306176376222 1158.8981350046802 281.73781450272224
923.5695415727147 1419.0372427219374 833.3344462015792
1192.1074022055927 1109.262804022841 226.63128125970587
799.9930858001438 1008.7390887397992 1165.7457274147168
1240.221322780217 840.8715305466152 608.6386576550539
605.6471808277829 522.4167417250521 1386.6169276582991
1475.0350511331421 1062.3891389311134 1449.8367545104534
917.6610013384727 1165.9092422236927 454.2419494921774
804.7495534783967 967.2273065753232 1087.484927189946
1358.3190109340535 1202.2820089510603 289.8340823174392
1191.5049497833272 1282.084642768031 273.8950754062695
1283.9662024951276 1024.220093161121 167.5776466453006
1084.7925283746836 604.8405868590121 906.1727289632706
493.27277681794567 1265.0279847901234 1238.224155687698
1364.1699073631394 764.4217849093602 482.5627023836113
1239.7055382268697 905.7502001006611 129.75164718882704
581.6159692484423 844.6049171474971 976.3058580769882
699.6869588630892 961.953246473403 575.7356728619104
832.1304147394594 1465.5458027076888 501.8543899570869
861.2602833741518 478.20688425842195 880.3842455367993
738.85960302487 1250.624958411962 1284.9438112407988
753.515446054807 740.3961761032867 102.52437478193322
532.1304247372125 1006.5642673856162 1494.3702016536288
874.023329596885 807.7105205253282 9.944544091011476
1006.2672053552665 836.8065652505773 1440.2168868929093
1144.998590800862 1094.8220985540304 1274.7917235599862
1157.458469273953 1345.3086791194687 810.6674207601471
685.576489015591 1218.6237262385555 1337.3730423469167
584.7583515292213 938.0051458966428 1139.5882762869219
1177.2009933190795 1240.5600142937683 139.4185184031714
1127.573051228248 465.49751410723593 1331.6410562356639
837.7032672860074 717.9070701749781 402.6034696080543
1430.493982520355 948.9361292564643 1166.999101321627
1364.5214497523016 1338.3468118465921 660.5860405044458
996.4181759551307 1101.134232618402 865.445394877952
1475.423725913688 1142.7971263430827 907.6021074891818
1373.232539029253 1150.4882521927448 1200.222939249413
978.2111404588692 660.8773079357522 1332.4761131294415
1070.2265756560207 613.6223004295977 1065.16367545766
676.120575892844 897.2725032284137 271.93693432948237
1194.9726762860043 1061.816759788691 961.2852880209349
1160.7122143929662 1104.6175928806076 375.3332905319449
1498.3360163912203 1013.4689376051734 1063.145220529558
679.409594119531 730.7465845426449 548.4022358039825
895.6827948705189 913.6053600221134 1088.9752045680937
1246.1005700526173 991.5246583413369 502.7508828284594
643.8343015359969 314.44203319956375 489.64347179048707
1090.299471603161 732.5792415793924 585.0247708114557
812.2552119101122 1381.7180878285787 1080.7853865699165
1192.9560920993615 1175.8687416125968 8.02591900720595
906.6392070493985 1225.008555335658 285.65054042205765
1071.9396092082889 1544.4505616673719 740.5460040044945
732.3109573790287 839.9061174069087 719.982918730863
885.0940839998652 823.8076701448754 295.82707976621464
1104.7826522466687 1426.8612341222772 1363.9044307896747
1041.7145196629053 1032.9723075750276 1326.5121930565974
508.0095953451104 787.4070668413079 1171.3260121418332
542.9422752241651 797.774750827417 571.1276587957899
1000.2867878471453 1066.5678671561254 457.1260874592393
733.6615734099333 1278.0278167299475 1067.8083631970533
1069.1897946016948 897.7717181145265 696.7823909437537
1082.4608615772315 921.8563628168108 1391.2041273940818
714.6578877559953 843.9635136076377 191.96988651425684
893.7202927043464 840.8353194278282 703.564798049433
1117.4957990364414 954.9466108600167 1083.6702451548358
873.9748769446971 733.1262682501145 772.9516810563159
652.9258324840912 1271.8712680347865 116.74157351423631
944.4409187245092 952.3285334925639 1264.8860302765777
422.85516657829976 974.4623002083895 1179.1555829784102
907.2652562567719 1490.408490823397 628.2789897453813
1194.3083529171113 1281.4733990686755 998.206319144006
1076.1279600910618 690.6899699206733 1427.7345798753963
1154.0867221829758 698.1386509064273 712.467133760997
1099.4619211080162 1243.5658288748864 10.744955973674697
940.650665317569 1037.2502200500533 969.0691411058225
543.2836291398348 1458.5181826099388 972.397071813989
1789.2905518931204 993.5217079732571 781.0190450781383
589.0695962799016 971.4542528617528 1262.3345442385291
1277.442631114441 1102.2972540126264 777.9370254521637
769.7763807665075 1252.997586328511 315.461650389084
761.2459051900693 889.958586566599 1327.299065730739
919.5454764573811 832.4086837324191 270.78822887160067
997.5984415144793 570.5522546993454 368.14892248420284
1332.3768477043752 820.4536985934935 1285.7959341991352
573.446015521673 808.6221732790364 704.4071342568518
904.8076958278247 864.3919354521239 1321.5858352003067
995.2004947018056 1042.9055572579296 850.2283860117586
884.7649878720486 1106.5620757190272 146.37529223727043
784.0621018732762 752.1435962692158 471.67007759896126
1289.8878792812636 857.5342045718435 1014.1858547709561
563.5242752283724 1002.2581441044744 341.1929146294173
695.1638294178922 672.7221943966188 1296.8122257279824
1265.5109215117434 754.7398431491731 901.2665075925761
876.0341092108192 982.8391814002067 2.36626344698021
1448.195195356804 846.7940285767443 1236.8965276292856
947.457846832034 1007.8422676264865 501.6450057641567
688.5522092593561 1090.5289857704756 175.6844153501167
1018.6254576535063 1012.1346023909695 1146.813229156853
1109.406961397391 658.7058511816113 903.3736020532427
835.6320795586943 1045.0229374729959 81.18698005254355
1063.7591047180526 862.0626384919657 229.3567307453956
1029.3737036474681 644.7732284783638 1451.6271900092215
1233.3186080437285 958.4506038095556 1469.2775951787642
724.9557273036783 902.8972634096675 419.55626888770854
1375.8439078426313 620.6978256097107 288.9629754745035
617.7696325466497 797.443008430496 198.8976484098991
1223.4267347446812 763.1442463337842 628.1069754355598
1259.2073441702644 909.5843426196046 1086.960304642871
640.3619728366673 1067.436697782314 823.3807997492944
1388.7950359380152 1034.9341186278489 1120.6149608673713
1020.5526492533694 1007.3753473688633 987.4435895112924
587.8131675705581 668.4920679230954 270.3454536994637
950.3112355616546 1333.2416157108141 30.387166431682434
1109.6552242221137 639.1700128151826 510.494393353255
447.5618916885413 1140.492483605127 795.4013573713889
1297.603063520099 1005.1421740466873 435.14280136354097
722.14572835683 727.4378200730841 1091.1511964581846
795.2242410726059 1131.1231326626803 317.9497582273074
1111.1711129873893 751.0291734752118 483.52969884047957
792.1036129683014 904.744876882576 1406.2132094847566
914.3923630611604 375.727878168076 682.901361769511
865.4225769189673 1232.1391693367818 125.71126607622108
684.1884310091708 1206.5756982322448 1030.5395324470892
887.2818402397471 1361.125093266835 412.39686862069254
1266.6359684483052 1001.8752656744548 148.4884875254851
1096.1073410402216 699.6801625902806 975.2117581315807
796.0122819522644 807.7476672967355 408.1776534695749
1050.7759606523643 1007.3957841676279 849.9631022707637
775.551227330978 1210.646736251222 283.24307622988556
1159.9207018318007 1166.3456713603473 310.8080337520472
988.9978948941325 1085.398692348833 831.3448470103807
1124.3511889749325 908.015399158978 1335.2583453790924
890.0083312845112 1046.9677074755552 815.8560961274401
1047.8929929221276 843.7313648112893 889.394751934889
1078.8708387995218 959.510118813468 1497.1275979439226
687.3550659708632 619.5721640095092 308.05823989032945
1142.481004523464 876.644898281535 32.648580328792974
1120.2411021448404 1039.8810109833246 844.797857132105
569.7573775300974 1070.5641785518042 886.1180519266421
497.11314768555417 987.2742169634822 53.80057027573321
1201.87862071317 1298.0335839522697 709.6261441167563
1181.5113171447802 1417.8751041338835 247.82874992503767
1005.1535096271335 1303.5846196805642 737.0254454595566
1381.7908659375016 1031.091195764017 794.8260820813048
1638.60776466765 1540.9673157094317 841.8557892312023
1037.4192343921063 774.4852315915625 1322.6075461339772
1372.3698446966691 895.997916449378 1317.0878749966284
905.5201411486399 458.9970543374586 1388.197627269459
1341.9617737592698 931.0131392772602 1071.4787457892896
964.8909014244772 884.1461478331324 1326.198750562964
500.37218678230096 690.0901754185727 730.2530914289763
1350.4513562721854 881.8964972730084 1459.960528825135
1274.8525082842464 507.01178260661214 780.8460576625113
794.254457013001 1230.1885149199097 829.7920604043514
1163.753712496481 1328.0993780839208 1124.699025550569
859.5221539353365 927.5251932233015 8.817489395457567
881.4823642139471 1121.3889472993442 1011.6694112042137
984.830904659118 1108.4589220052972 1445.1315718479254
426.84172008068117 903.6818952957997 716.6120255978973
786.9652748886406 1017.4821592867082 549.3597617870381
1042.5343633659177 1157.488558733145 399.5894503269706
1301.2100407695823 1167.983845296656 939.6549386005603
981.340135676284 1302.0304284792064 454.7133924787076
866.4316317074768 1210.168710696523 1379.6685087469878
1060.6536996647405 1399.801794382247 938.086982780254
538.2609363925612 723.5872480114817 105.44948354905253
1106.046294570304 1004.6294108346492 1369.5764129253716
533.159211181845 668.6524397701996 309.34795342913463
1367.5591950399278 1369.4068146339164 339.7786356550569
1168.7570524096027 1323.2833072927408 262.07118970269227
1025.507972458933 1111.488306642081 1496.0516586839533
1104.4671646671184 861.7789289464611 1493.8641180562822
983.5252344248702 1208.153831037796 281.64967866676545
1012.8683077741214 1401.4590094944715 633.828914752511
1113.1143745834659 918.3328561757086 96.16911924546673
1182.1349612819938 1114.0029043826787 540.8714309819887
911.6590508699721 1043.0592933325909 605.3441883269406
960.9850265786314 1031.5630199047653 258.6027880694886
712.8464877415641 819.8865390240755 1019.3288100393971
1131.7863450690913 1488.065217982129 172.34345305986548
1385.5864249143333 1176.5255510679426 614.1904867188182
1353.504073474901 1161.5053299515694 1032.6226383591616
1182.0083541242102 759.1363856697275 856.3298778710079
1238.7422465204404 1422.7294028915449 883.001611619914
951.7085682458435 573.8942428529592 1382.4769367648585
959.0586073957408 1000.8858515931935 177.91543394303534
819.3033277541286 1153.8721805716027 560.5379390843813
1013.6070990194014 538.7112986969032 677.2976785248364
1216.823468460877 1315.2429314410692 1107.5542698768015
825.2341860514896 1397.7027718413362 670.3543542732376
1076.4525525499762 767.722153322793 534.4676926780847
876.9952574525867 1382.6804876426452 494.44413337362795
1032.3284535792582 1296.450699885485 734.1604622259287
1505.1765606240815 822.5334550618779 692.3971637079424
873.1876578798692 621.9749499849922 215.61400347788785
1412.0213749065235 765.3052144585871 1327.7951981943222
1210.2042223855333 1069.9941217966516 56.482185808360455
532.7781420907747 1128.4427783098654 396.075862767229
991.1788096144508 1085.5762114882746 946.9934805728393
1486.0341692594784 1204.1409097819471 1336.6551054375284
1322.730980982365 1095.1461303685605 652.9180039211059
998.8142467344641 1199.5220713837866 555.6252725742149
1004.25815778321 584.0028217962583 944.3806623182307
921.6438108833511 937.746168676239 747.9271927295247
1168.9175578682348 1026.5596244888575 1466.8594783259439
1652.8553780139848 637.6328293609488 1325.910981990405
1274.8122814848357 1046.2623829717443 635.0703700352191
1080.167631940035 873.7188504052297 796.997499601603
1187.3053989990117 748.84692823761 1029.8224647942723
1179.5496522241797 601.3657431142065 884.3208599354331
1202.8736812434083 615.6600707556195 1001.450010410352
1463.8201319708598 1056.637139170492 1209.3413194786804
1049.287213670613 990.6793355680352 1233.342533712471
709.6623311638745 1500.40313425844 33.46789964274566
1366.9369948928158 1277.3448887440259 98.14803388901532
876.545287430481 725.7797703534322 597.7682869720354
1143.5279642720757 1053.6505885745241 778.4368201469576
959.8953924362709 1060.905751141459 921.1237671199125
1305.3056035463337 616.694183224047 1197.9635055837643
693.3812337074914 1000.7321233174457 425.60761195355855
1444.031057084253 638.738311377419 997.7054760925961
1148.6956879071536 826.9042054784956 1165.8846150377788
1131.5272279963597 674.0029849814257 580.6669806946061
745.7209057453908 1490.1243898116975 805.7748684831591
817.2485595862494 1376.5933745155385 7.935423132463759
862.8653893609343 917.9467969134872 194.39911598129282
1311.5468231498958 969.3549634518444 914.4130336209671
1180.733038671949 862.0315412180329 1077.8972554374375
924.6779552023238 1075.9559203194847 1356.9059830625938
1146.504069099965 1001.4017616637501 497.4702979859829
1011.1978041139782 1360.8756313112706 568.2682522834224
1056.4405905800018 1048.6369583316846 1238.11610907893
1304.442107577299 783.2013863539402 981.1422124348278
1090.709044199054 874.0756054411439 1207.0711160004744
884.7938927322152 958.5596231046843 1019.6695932847673
1071.800111132097 801.3820258425937 777.575722221795
1115.1635772331858 1247.4590790668094 719.851720991884
1219.103645590511 1242.9223528008695 603.9538637438242
455.5987805780712 1234.9353907324066 1455.6506886804218
841.5116900467928 1214.1248556716396 1048.6936987491065
918.1040729870272 973.4949383121549 1365.9888889669853
1006.5386402706655 1020.4601750213275 924.635055668387
1233.1534777704653 1342.724988836341 1047.3525563335115
593.6346474127818 1085.5391287346176 653.7451789944831
947.5422589517577 837.9024000741733 266.3386237658453
649.9805339711673 857.7196315005755 479.92655950834757
813.6750216282771 1189.1821543659942 940.2541692184768
1375.6396285072256 682.2601387436501 455.799103032104
520.3076132168101 1429.363176058176 858.792068063333
716.5050597904368 1173.228337541087 1305.5722191211912
917.8273531796156 734.3932369323863 814.9851264054892
884.8644322891192 1214.7447273602274 820.0135110513241
1128.9151269302026 699.1868515797087 1054.4016215218653
450.73842586684646 991.4910932149272 1054.6000873517626
1184.7351834214605 828.6325001120504 928.2500485942854
1015.9953600569207 1177.2451053245513 916.5520701229607
1312.9152408392463 1137.4848902426575 219.60000213573306
664.6973285598727 952.790135577817 1319.543808168676
924.3113964724091 831.5426588277545 1374.364387149818
1400.2025357934388 907.1589336704646 93.32397221279453
762.5022052735613 1122.5241059320765 1307.1393449183186
782.095035657234 704.8121614881885 1131.2684603162008
981.4259156657861 997.9985341039684 673.4230672653293
1295.1238992694816 1289.0757602784588 487.58257280967524
1380.9292261120643 1111.8199760982016 1421.8225945444701
813.5951385014663 1433.7872378479942 62.55139790419351
1339.2681791709263 1160.6452232019878 1465.2812959163737
1054.9654209079308 333.9247127744029 712.4908038699457
738.3839280315301 1300.718448580629 1078.7560371624625
1057.957207154627 844.2128766709828 790.431779448439
1663.021967993926 931.5188241002115 1169.6517733518956
1140.683865950606 1467.9871684287714 98.30198041937099
765.2999178399727 1024.7830990404796 784.608915506834
947.158505649223 401.95863873942255 12.326179637249357
943.3439435668815 1067.8747037354353 384.10570840667685
725.9186110458751 940.9232665251823 1073.1911192610805
808.4262603815558 1579.901283620462 724.9190106041196
1361.8985587422453 1317.428813271556 1464.7773433090288
768.1468921654599 1266.9244680838597 1157.404832513059
1401.633986389278 1282.126619446271 1265.552143904653
942.8850607438728 1331.6071336893056 875.9342889165847
701.3789983609839 1083.7794441044218 447.18969326133237
973.0817727215175 780.1712568003961 835.3554146191931
1461.8693929468427 1002.9154123250039 430.3319716585197
929.525285120582 867.3754934691392 544.0465985325427
391.5675707163782 648.1001708840537 140.7915785752741
1259.9697605994486 1084.021827891154 1095.2371489155714
938.6314890292259 1311.3768066008886 988.1515682232426
1274.153706942007 1434.0804151660527 655.5166301420792
883.2351906543988 694.7806758563886 128.49182376722666
1001.5752373842088 938.5817501750483 617.5852689514388
918.5188847243 1075.5991455132714 401.49479365174756
1086.1011075702338 1366.1240176485485 810.932596863353
689.6180076441738 917.6822250180202 1166.6572545074434
788.5163574166885 941.1289846416017 608.6174238516476
1104.3504865699722 735.7051949891886 432.2803862040879
1113.638039326654 1022.657705923876 264.1974686180415
964.282975966514 765.3963953879593 646.3851515202196
945.391983021897 434.5366269113093 1292.199389567923
745.1545616869122 1080.5229654723564 884.2507922833723
1091.9818824232402 1067.0308240074992 85.20578100316162
1388.4512357311623 804.5298174044993 240.26251162955893
1397.5651550306545 1130.299573063692 588.5498582800303
1033.9756626644273 1231.6346480285033 551.590101038921
1217.7082796001735 813.2571895152435 584.109908428717
1188.0842557542876 838.0344882344839 525.5310261046556
975.1252957049726 570.7689212259761 1148.6548493247437
744.4873896666074 1369.343475026606 894.257056613331
991.1219055200644 801.67550118771 513.537011132793
956.1770191755713 1184.596808145457 258.9226033054222
746.2534390760459 866.0474315974486 954.9017561520541
1640.587493001799 928.5786896971241 1163.0132510075402
1230.3149901060128 889.8046956090988 791.637866045793
1007.4019802251879 1315.6661584973326 1485.9208944793606
1141.1175366784212 1246.4786789583256 1235.4629948843726
880.450192222743 903.0517467140697 743.905564804001
680.7007387397553 847.4429387047685 1015.3422202537766
1257.7733414034342 1165.7900519305783 552.0910830316598
1187.8392428398129 997.9117096276888 1141.726587432233
1161.2353382089357 1065.1567313581963 652.3768499548769
1156.9754166882003 1392.6556574946899 205.81792643136498
847.7065216024369 1017.3227081661439 219.11309151790158
991.2681064950468 1417.5354966634225 233.4376834260417
739.3826164636716 1065.1720937143896 1165.1309764566515
1161.7983368579442 699.6339652966519 781.5472395047844
1002.2939878830091 970.0551044217543 460.88909829387967
1337.0031937305512 812.9237414863362 1422.9956734400844
859.4621949927728 1027.307397963759 1227.7831491194545
1018.9479930024021 1336.1294597787166 1119.233281464903
1042.3639782108658 675.2326442764864 849.5957782653156
1197.8701040458236 1039.0492809695384 339.33402954735044
767.5709446170641 1261.847351296121 13.520382066709246
1308.2272502246815 1011.966190063309 777.3576039225342
941.8832348321966 652.6648375045893 734.946363472353
1185.5897882522195 635.7046008284628 1082.018533234828
1273.3298239558003 768.5471271127975 902.7553659843492
1065.3585904626837 863.7452862652892 1280.3893468275432
838.4860877232508 611.3397653459801 753.6132581055607
1251.528904303606 1099.3209186276429 681.013634358821
1381.0846024944321 1035.7515011823489 469.0315066960644
751.9665440522311 837.5599447133329 164.36001341320184
795.9871544064471 666.6780047908425 400.67890440588826
1370.9180972830559 615.9362533812185 308.7702164976381
1039.7823541415405 860.4793575068886 192.04310718478524
1232.1109574730792 1251.8916837823342 613.6948644734009
947.4556897491422 1061.6927437735578 100.38077284257673
1113.7991447396353 1089.6545633661901 920.5529145865726
1322.322519178525 711.1690482094917 1170.7062284713813
958.9810152839938 950.9901274306917 1109.448134667177
1102.184937403248 989.3771290740572 184.39872300653954
594.0166488227039 732.631975509547 610.1073697242531
1066.5566470358087 1336.0323132149158 1128.1526074054987
975.7892782265658 1410.226757290572 228.55554727368988
883.0921311518018 838.524261751028 303.933525668745
837.831847981017 823.6160776281481 301.4847228621778
270.1497414152411 1013.129564144234 311.7265200440451
1204.7528745101579 1080.0316682555117 1129.6368179278268
1159.4700485297703 942.6890539773888 69.88601275654582
1289.0903884852817 602.4654960429309 56.24265234718828
897.5655917175515 904.8133917929357 998.2629042250439
1120.0873254833407 1157.9589641438051 1487.2639895483774
773.5783609076994 1017.2806883774762 1366.5571027280348
937.826055834156 801.9448575979001 1106.4762936563955
1093.2721289257179 512.9200294408131 1459.2778428448487
1221.6577586612186 1172.6683450423507 510.649094772609
551.7237754496693 780.4917658748006 162.7993517346823
1152.3467076091943 926.3790880042759 1227.9692021906103
983.4411651166828 727.9732898412559 1048.478136348472
1064.5342829561191 911.1849684967525 647.7692527666297
1152.0354124357411 1157.9118572918755 15.601068546358176
1140.931679195392 405.32161861094926 1350.2312034126487
1082.8574764272068 1169.1269099006577 1223.0992904637374
1069.55324283949 1371.274221486237 645.4487480408177
1214.6154840298866 1058.4594813117885 251.2575298348906
716.8786724552664 730.3564649686821 1218.2042215523556
920.4916368041933 613.5846403379103 1054.7920611351421
1076.874829945202 988.7962234072141 217.4438113177382
1089.1818639991868 1337.492920390211 816.4047201197509
939.3729689491751 984.4846891547425 278.53542348774556
1145.7429396181915 608.4585575061196 434.615259737306
1034.574046947718 911.2006767685485 1418.5728717265574
744.8624609876157 1200.8793482142044 1270.8747104849422
734.9204351630842 848.8568901964425 1085.1681459434596
746.0558222068223 1136.3969741470046 548.1624103844658
1444.0938461669148 1269.571116718304 259.1566940608434
870.5725445550827 1055.9499639530034 987.3348661105658
701.5689983399234 973.7505571677982 609.792898555096
1259.310829467992 903.4685395567242 401.1759768294421
779.176880096453 480.58416993143726 978.1957822895931
915.9598057749915 849.7642993527091 364.22394314553725
1052.555027463616 749.9056390367101 540.6159067413812
865.5873765193195 953.0645840022995 78.51542655956528
1208.5796482734784 647.7705637605911 1369.240689609328
1513.7075635748233 1101.0774061314276 1037.6859663382845
1002.90914172652 644.0917026741157 1483.8684393730025
1067.4984044873713 1246.8768718709462 451.44764632658075
829.6389517932649 1000.7878428515947 1396.4543490802903
704.0575641354833 790.5715169869025 1407.9628989111095
1095.4572840402573 1037.8011222085656 482.72261865420074
643.0216733710571 1093.164033795885 1294.2239504852118
1050.7406453148587 657.2752599095169 318.921676325968
673.9561312815505 779.6779075988054 411.30113535008644
840.2381365737983 1027.1342715515143 867.2461712954604
1392.4123828774227 1050.65001185041 162.69040776149623
743.6149152065539 1080.1499251638422 1430.0116811772193
779.6809432878595 912.6768228235187 5.109692070413175
1336.2760803755693 1067.445645751412 119.64703527460962
1159.8999597775903 830.2227553754142 44.453444756775426
1037.8717571507923 1094.8635093764135 554.0396855734174
1343.6858711922355 920.8415000088789 799.5029169501075
398.906123384446 896.8459819213147 1343.0594701507646
1168.7133804203424 733.1640505029836 1075.3251035332082
1120.0626911164577 1030.6567872612716 762.3173872516375
605.4383150651596 849.1734993769592 356.7309804120083
1202.0909834455847 430.7705196312579 1107.2829791188335
837.2733247972244 1160.82412695644 260.65134628439455
397.0118865970429 1059.291561872164 938.2967537842666
1145.251298381594 1103.039503123838 983.6746645627154
1402.1864435348475 975.8837474721714 1157.998507356484
1165.935213354816 976.7444324320122 911.7828997814574
929.9749036089763 933.5814082210686 1262.469716243732
1348.0541631787946 1262.0422684795456 502.358052020886
707.5104552599475 1040.5391454087098 153.99800106844157
613.536285318017 1273.776075907535 553.8537969890506
1666.5034281456672 652.6882201022925 1397.5802181763481
1216.133850674063 1433.5468874258559 1048.9964122056788
1181.190683705106 990.4254677312159 900.4143720948142
872.6580231400106 870.3289988671067 162.84650274923058
900.2905971978478 1052.5076975904535 414.9877353968144
711.2242191751197 1422.8976046593766 926.1769037074314
1264.1495271180747 1305.5838339700235 269.21856496631807
1249.9422180407385 1325.170044395873 783.0476625856973
852.563791180816 1077.7125677805066 1495.082374734881
899.6072823513945 1289.7413346741473 1299.99051996215
726.3251854132595 1435.9845897951836 1384.7567648768093
1465.037795970034 1070.429759190751 740.3720546835909
1684.658156157377 705.7224419930058 443.51640154283086
988.81793728101 1315.4833181711074 1324.4384906310713
1488.5484970916878 983.1065773994025 1252.413178966567
1326.049011372047 857.3830817182653 15.183992121700573
558.09783666518 1020.5722176512835 1490.9976671370969
870.3983216694871 914.3084466535031 1289.4052098458542
768.584648178457 1320.6569747639319 1096.3359586922386
527.4167319181151 1171.6360597958387 49.60692290099333
858.496196188356 1118.585761628253 842.4590974419592
1270.6525269466256 941.863154651477 716.2927636324365
779.3381717953791 1286.6123269257519 472.0204210895215
1167.7787364562225 1219.7353474450233 1443.1953010014004
988.916701224025 1078.7046649084089 1331.6482809315921
1101.8193264358122 645.6258399360222 949.4346569148523
543.841814754638 726.5263678419047 681.9580265129913
714.0882483134808 1385.4280763012302 977.2344168988042
1249.2360686720658 1298.5737658179082 980.5229425945398
1001.9266868251227 790.8695720159534 575.7769207666233
474.05505367267403 1123.6874375221514 96.09774208650191
1412.8632185201786 808.8229168974888 602.5278810802478
1169.433324936596 1281.0837191075016 735.4282387859056
1465.8641659484779 1426.947080733501 400.59122159922856
538.0924207925398 1005.8416418406149 1483.2617701876754
598.4532549493131 915.2527051738048 757.032790117131
984.1684592484581 1061.2772315078096 804.1585504232818
849.0740631052078 1323.1260593739773 1346.7553448008355
754.8986719459568 859.081417705765 795.5187786024047
1130.2660988913717 1340.8182244728905 987.1838537231728
884.1929252134686 892.5805320154575 1072.1255930458458
648.8245653688687 1168.603326178929 750.2156798817118
1259.192656499453 886.2940733544524 103.98686232884941
1210.6763757357467 1046.20746578482 1343.8646859879777
984.6024372057722 1018.116733582874 1175.7178836123621
1227.2067260146694 1136.7236237142945 1341.92521494226
940.1849862935496 871.1541388333884 639.6221716637497
840.1769586588421 943.5808420026184 1210.0410451461428
1047.5749300561552 1062.7720552816743 1109.8307819428564
821.5537468724765 1437.2560609391148 1496.097018362556
933.732226589437 1098.3810120804208 529.6817206956501
846.6937248738647 904.4181699665107 219.80500229511873
1160.068893984798 923.6344182443506 157.87783527997524
1089.0074196518435 1746.0261868547088 472.00563029368226
1010.009156407975 1010.4049680667812 1444.6423623192684
704.1343278005868 1189.4569275573672 98.13067419832855
1262.9411039802126 927.244562303524 311.6647153887329
763.6046744530246 1212.0761430720388 717.1561295304601
681.0772821493154 1298.0639541876708 1112.273452497526
1468.1164839972705 1472.4519253912488 380.0315497786414
1035.903205273934 915.7274603379246 77.57416770623405
1172.5591438962558 875.5919746513338 1258.978486719705
697.1508755203206 452.0286124499132 1036.9407641852852
1116.349249196338 1166.63225561034 789.1857352327568
1492.508671468707 1197.404626906209 386.1711767357043
1122.2691527166783 1068.1274171890534 4.444574499199883
703.8665065342018 722.5437229285153 223.15112793710594
749.4208886167517 908.1196464637069 1085.2570600913018
1184.7574617238702 630.5853325595176 764.8083026457266
1054.7211857188372 1065.0295893511102 319.44700387876884
1038.0570680377741 600.1555265552181 1104.3814263400104
811.3939005078711 1172.2895649945017 1420.716290673352
1079.4518138518656 1092.2660040401233 523.6827384900777
800.002080754592 1206.5679300514553 998.9721871825569
1217.3913409474594 923.8758493490986 845.9908533548864
1027.7567971515412 1142.5445317552194 1327.224102326423
1283.8913001162277 844.3491083824372 99.90106530801346
919.730491293621 1054.624218663374 731.91967078314
588.8496275275858 584.0423361833429 927.7278591588371
935.6179634218636 816.1175578101588 576.2288596447413
1033.5863821591745 804.0112467485881 1213.0943516324633
1132.6260688680072 1185.3128346679741 1172.0779152660118
1124.785999699629 860.5719075795654 133.18755217599525
1419.7590000073765 1198.4769418086057 1376.1980977513465
1304.1191007802731 1190.787485996169 250.9166128096491
1126.341298098049 1337.8403118794572 450.24595240209453
924.1607592800624 1197.124184306363 1374.297500248266
867.5603830476034 1254.1167413048208 1238.5244783654089
979.8261746877383 669.7157308764802 995.0089949001979
630.5686058711809 935.1150999027401 443.0970639951806
953.8749249103472 1122.6777363721167 1391.9948736073734
1135.5089915459519 1478.026466991077 1364.913181601608
