1000
816.0220382443034 483.403306132201 308.4230891763712
701.6473632174705 999.4555618787238 434.61683944248836
1373.1611630731354 837.9110944501499 1107.1458186612538
1218.9772902311954 1274.2927596056404 412.3449949341566
1421.278209213702 856.303558872567 240.32106598083075
1127.3395686715007 814.8344822911124 164.63618316177664
826.9978457674009 803.1340041426496 130.2946150630015
1090.463643454598 611.738557420307 712.0926211939973
831.4694073837356 835.5322949803467 624.3435499246599
978.4110919978224 1574.308577564224 191.09910844501192
1099.214929555606 831.1910583628552 671.8682262198332
1070.3507843025247 1103.2329811452646 460.51901168280096
1276.8919112155595 898.6576081258845 954.243958357994
1278.186869006746 956.5291242305017 414.42041150022453
1285.2243855066517 533.271154371095 1116.190092656391
804.4885975709844 815.4455064975717 566.2185545391895
1345.7370473011956 1206.0300449135334 110.36121477505395
766.9140436718212 872.2128446951552 402.6381485819367
657.3229082330732 567.1698730169361 1117.9322204140133
944.7915777092039 1113.857641411635 1292.8973324749045
1233.3471479611196 1041.856726982705 1392.943704725644
983.6727379622889 1134.5048295337465 510.160397375064
1020.6816338882403 1164.3645179654472 746.0976340321345
1402.506957094237 1331.155711494063 711.1475803856683
830.2653810086243 1025.4191026938067 1328.3104801975044
892.4215937185775 627.0986385391952 764.6894383356766
658.1194331835222 1246.0408621476727 1181.17211086165
932.0795155316578 1014.5450215492922 77.3830079653593
1094.3989540802102 1015.4349795147222 1006.4977919220596
1361.3675401065295 1076.5533226005887 382.1998774959769
927.0481542191893 616.8539255302005 925.844910391886
676.768919398082 887.4168308388788 1236.3992784055727
1066.1954105632963 734.1577610573273 459.66541918743684
763.7898512020965 698.9620497821659 533.8009983895454
1057.5213601443254 1065.447954179235 477.51931873462024
1315.7390336377193 1009.3242823858591 753.8793707933072
1354.3818198775696 1268.4387677936668 701.4053735841611
599.5108992304838 711.3318980514425 928.0953605858331
586.6778526325754 955.7412960234301 1222.0065068204806
1290.0790022071023 1101.0655476119973 1375.2803487173426
960.4883851413263 1515.3184678450816 1144.111387377269
1096.3822666931105 1067.6974043838893 834.0214783112257
945.1096126923974 562.8655468332389 1409.0449232264216
481.53303027248535 1242.194314861031 15.061517859193408
1238.8645009779102 1323.4354666528925 447.3402357310588
762.0959222477727 1183.292985729213 435.9325471566459
878.4604861202082 1205.308831856004 597.0963036147504
1002.9226574961757 1039.5254092319192 922.0432171682446
890.38153465565 1196.4832806762606 1350.5681767876947
905.1223734412282 970.3978278314298 1212.9981098643973
728.7756375352989 991.3480827774846 758.7069676142554
444.4477115090199 1173.4294595628423 698.4275331185808
1648.0799443824699 1123.093812402915 1034.7576573745835
1274.5996630326517 1093.4812346233202 831.48381339557
952.0219212927485 643.3527429516155 224.76461459613535
985.5655755603343 1149.0456139293117 719.3577264673177
1412.81691807416 988.6999704657413 686.9327828378005
1189.7951791266728 868.9978256136034 1131.985541507796
1049.7191312759426 1285.7163258451747 781.7532200704281
1034.350518943783 666.4834355088171 1228.1521940698124
666.2998437865028 1147.7182211293057 685.3982620776086
665.3111084095401 1150.76284981163 1396.947930002696
904.7872817613148 1312.675252252864 539.0133885054059
867.0223566065081 386.7120748620497 613.0957312195382
1107.4088645463382 1050.8676226140035 463.4191953079644
925.8573828159839 1548.7791377075723 1247.7374458001166
1317.5856389815285 1382.673732400628 312.6198806319096
667.8078797493511 1486.8652641954998 647.0120893524648
1017.6462139533381 970.5432475075371 1090.230715976816
1387.9494413862421 1189.9550695033265 1119.3621167736649
976.1964811918218 652.7135606365 788.8689347358759
1123.1968248783346 1235.8350470735684 595.2552734818205
829.5369622939663 1159.6186701975896 702.3375919067306
1060.8190767705635 1299.8370522982398 302.171474021062
981.6207514816167 1049.6388142073424 1297.707261793367
1202.7565096577441 965.4899322327351 121.35772122931321
1238.0649537429858 976.3725649842851 767.9814013693805
838.9039091132199 956.3841600664348 996.6622397124244
792.9986721903572 720.778228929556 550.8996525536859
1049.222395895922 1439.617747456937 46.32497996538842
887.338809669104 590.6357104891206 976.409520106574
860.2292925416282 887.5338099064066 1125.3499940109016
957.3987590788448 1349.7152134120902 1151.8413898169206
564.719616760052 887.2940046540452 637.6801947772287
1160.1157270208741 939.8373696298557 1365.4382419524457
621.4120566337224 878.0265457229228 840.4585737859544
730.5114710712933 1063.6175061932367 266.51284268068156
951.9513076991126 1137.246524636573 413.1761575529113
995.143785879473 1155.383108950424 1099.4342828540157
1124.0811619947708 1516.9075379618998 653.8957043178369
1184.504921727143 710.1714263133795 748.5408111372553
846.8084831138365 790.8196609830052 1417.1525417674143
1005.8884914573696 985.8063219148925 417.4482891545277
834.3260982869483 964.6951757025321 357.60268892581126
1083.5766041202085 695.7538901203618 1065.8484050133459
1254.262879762747 1285.7071542971726 1384.595060719811
693.7956879348317 964.4990333140275 1445.72041803326
1711.337487008302 969.6653633188289 1141.72789393175
573.763433889748 975.6101948072253 423.8424507638551
994.6229672523717 1406.9648458994625 1394.7084571664661
627.9252805772477 627.0722395619468 1125.9921723179104
1153.3641494500332 760.9019495353004 125.55841937888258
815.12024595549 1070.565268525474 1387.5409546226801
913.7013213757676 764.3457423734565 1405.0098964358122
979.7694636918402 583.1843918925786 378.0183405928218
933.1121712972106 924.8902621856471 841.341789603199
1612.905585170441 823.3705666343603 906.0174927376853
957.3306188957619 834.5148063791112 1222.2642264128895
1124.1943766951804 672.0660555787233 610.3603297772287
818.2366971986597 1042.9296136867902 564.3534959280364
1053.5439784245116 673.1481135405074 201.7651367465198
1132.5714394224447 1180.124060304817 80.17984485819862
1329.0236459023117 1032.1209152979375 1338.3923360661063
899.7729682921149 1031.4554375377998 556.3324007395956
760.9078280538228 751.0483198088594 1112.1534049638246
843.9090311550312 838.4082154993869 492.8768809931464
906.4285092361363 644.1551850566959 1321.6082886525446
1001.1708474035419 1340.065902655092 1060.5999412390065
1154.1985970784865 795.6711239934195 817.937535951544
1110.7873148901006 932.8563530609309 930.0513114412443
944.9819640974882 844.257640706403 982.3484955381175
646.8688919422746 873.4451646624443 290.5479691644139
1172.799419035514 391.14708784327877 609.7724716534515
607.7858866612511 824.0816371108646 1062.8812157095877
1579.0579855617075 1296.3352255522775 200.39810983333206
984.2498966106785 913.1133583033121 985.7104920225514
1120.5965041474512 1332.344077856895 1329.3762126037705
1353.2288050855655 724.4787646428348 786.8133484258273
1243.7548430818463 931.8012768972817 1232.4489389886203
1052.0815022440179 1054.224381094785 580.6763739531531
1432.9321363465654 1171.4612842213792 732.6378270153995
984.7633648167802 1337.9164101207616 369.3094708130499
1444.342608479852 1051.0442468549177 977.7064418572174
895.9033165887632 887.1289108658497 346.579071807849
977.4090576269517 873.1325597060049 314.97641019711585
1221.6826593194726 577.0608690877968 453.59948481664355
945.220400455996 1180.663950033935 613.4337867714781
1061.3525323028878 1223.0193528158843 198.59976002410212
978.2316606480928 884.4519874214155 568.5760461539918
640.5718817983445 945.3996050969944 188.86762006512348
944.478817786793 721.2165368549344 264.61066404490515
971.4489278529011 1062.6109772133414 374.0929530728864
1163.2266522881512 1111.1190043961838 1283.1486312646048
494.7941299203685 1736.7291978627723 1075.7240709921064
851.6856046727402 458.41041967630474 1225.648600595297
585.0428308729339 1052.3991350601407 481.840785393565
977.4301255449635 872.5919373415348 1164.6726776051864
918.7951340566065 857.5227134482543 480.19294532675383
1146.05029828623 758.1458661290749 498.88700915726065
389.43799576905633 1144.2961510744644 1111.6561815910748
1751.6258717839937 1070.0230043179295 608.4837395810423
711.9421361413436 1421.9475703317162 862.4632715915353
612.5871313369507 1109.474374383907 422.8677893817033
1197.6480834711151 1016.9522397813142 238.99922416190955
1140.0199592169784 1151.1333031570916 528.254567008645
1471.4144368988896 603.8662048180734 892.3370462683731
980.2254988088831 872.1982140557342 920.7367739880058
1016.0096159413969 1057.4739314629755 1043.7730622216905
1462.4896915368545 1365.3670077568158 207.79236516955973
790.0054613600229 990.4662357170529 575.4592794082236
655.4401885470484 1026.758758744013 155.9455233328635
794.4871345294962 758.8118619887956 1494.8827299957145
840.8343995836868 1149.951141596926 728.8532108411971
1213.8508145415262 1120.773126596256 560.488245390879
1222.0808705895422 1157.9329730505754 256.0907794278218
876.183463400679 802.0846270114187 1447.0522557644254
907.6132417126995 1148.6460820797756 1418.2317090652052
1250.4552474181414 971.1702452135283 637.653761473581
1000.2742112041896 1093.6112333831752 676.2034086949271
1185.780878937341 1130.4270308295781 314.61060987360054
1115.6087823850016 699.8762132804285 1297.6529990202764
853.2552609508482 1037.024101717743 1185.8029943999209
1170.2702040379081 834.6665865266725 1051.2544214962684
1036.502321465752 1044.7739057013064 1036.0061622872674
1143.3833458337883 867.3361365858831 1407.6073291038779
957.9211199173277 845.9431836160437 17.189053871467852
792.2007729874987 1213.1846229639757 1156.9340657754312
1310.9208545204915 1132.9391870895934 272.18919458055797
860.1964577307251 780.548034185578 303.70134820217294
1057.6492832749855 1209.2724800948272 6.819075218137128
739.5111852243899 834.1903039352449 894.5850555003462
492.40877307032616 1100.0688599774312 839.0045883222741
1363.232180883284 578.25865791763 48.289219925920946
918.0456717450288 904.9059496560159 774.2289122757982
835.2566833612084 821.5200751097422 47.76895293940997
1244.6494511908436 1100.0658890084692 379.36424258778715
1038.0608068244294 1798.1780593502567 328.0304126863686
1234.9298231547118 834.8857312150146 1261.3341701759155
1117.3292417165605 818.0422350482563 305.5333245239515
919.4124766842175 636.9282349014666 1327.8574141766921
1202.8946823854615 1266.004891578294 283.0040116853151
530.8437482728295 1176.9189349164105 1272.9468802456909
1007.5804398988487 701.6715185574044 614.6681156548565
1354.9267373041694 647.3348229265611 452.4584260558287
776.0643864350388 868.8360656964514 646.2248728380576
862.0628841301391 1301.5516412319037 890.8412493651281
858.6773935188178 871.1064993411111 777.0855983830004
756.2964873067572 1307.0361599414164 934.2575134727883
1441.9416416928482 1207.0215541002763 1488.0948178380252
1589.9249983438838 729.7559393883664 540.3406001243238
890.9251463445673 1115.5061288190861 941.290855003492
918.3074430790326 742.0160198531944 459.6431932368389
865.6580439252753 672.8581732970888 1340.334804769757
1195.4483563720457 1027.648785385774 523.8111289240989
965.2544200068493 1307.3065360879107 209.87913500829163
931.0614623044848 808.8687401069036 1406.0390462226765
1207.2025289180783 1354.4808159737693 536.37058496066
1227.4822794313475 1158.1777524153754 85.58779436123854
1112.9665577973292 1108.6192830071907 428.11762213473673
846.450077549128 1291.4176964683018 1124.6820334340298
916.5418002525515 662.7459772326605 2.4833274791513094
991.1547489452137 974.1631311359715 1379.717337143961
1168.978163186272 1096.6452986657582 52.822578268606094
1013.2352572058968 972.4170604710905 115.8669382555424
1534.3915035408036 543.0434321281472 784.8948626481023
984.5693732740094 1056.0602401006693 233.64759333824153
1270.0323127162073 1145.2468206266708 228.18690371650618
1440.7592254866775 1218.4933461039927 470.30904650744213
1279.2176101207986 720.4445861440583 1351.7089546638495
928.607631551641 1318.2418638934903 1269.0939003273659
633.7799485541491 1154.3416802542463 1357.0097936501259
1471.0133195445062 965.7608747296385 530.0979182420249
768.2734902112159 1362.0255142501214 10.371630515761233
883.6798904751781 849.5411073073933 1419.8563129089412
1187.3195446425282 849.3108138764189 910.8074964552611
1036.0283227874954 1140.9342653446718 1153.099687920171
755.0370883610019 787.3052612380127 996.0545606175476
825.573091046214 893.8386379825778 523.0796176813178
1440.398749687267 772.9047582215733 882.8251110852489
1201.240910979475 1220.9590442069248 842.9018714665872
401.5859373577073 816.4748623725443 607.1199085569381
1095.1913880407571 930.8889780064877 990.4186368943397
1071.3549971153345 1114.3161624214886 1491.7150397538142
706.8341067655034 1267.126309921523 905.26186880007
1007.3402347145887 936.5764355614901 441.7830761483479
694.4600833621068 1376.2763399857467 498.1476032372468
1042.4852883738874 1250.9575457513586 5.084424676586763
802.4357707310447 707.1141124714554 123.98888189694263
1353.598445447161 1104.2521248146847 1266.3271837906943
693.3534130419416 748.7898981650202 799.5539401513847
969.7035895673023 758.3012718875103 282.7354974443681
1102.446583438419 1237.0535255981579 624.3925738461045
1183.572044282763 740.4301885630705 1285.6185264438896
1036.9225032464515 1203.9663063813823 1241.3080898573
1281.481867871099 877.7657064326177 558.5569075377468
820.187079978197 938.752305658423 23.60166115800405
1081.7036610731673 1399.4599520844772 1026.5487976542333
1025.8980236717998 1242.8931615531703 467.7094015127817
779.3428860516933 979.3761752973069 821.5526863391246
1133.7582423029241 1128.9963669907186 1081.1027934690835
1267.9649936247365 1374.6970848919293 605.1111386097332
886.7972041529983 1206.3337606403238 364.46662169279097
785.3785958388943 1049.4083956441252 667.2213973691183
580.2979982763327 1162.1351401736092 1421.010518676621
886.896590527841 417.6947116349626 1086.7242955728875
794.7983003808317 1352.328064444131 1011.7620069207373
1122.3256547025387 1223.1151052137143 1020.524157523201
1353.0641792580905 744.9169636519684 1384.3984731686353
1127.625461909875 1069.9281549416842 144.52290975918197
1038.5748874514657 992.040055027006 904.3262374787876
1044.3860905931067 1007.6733892880619 126.46458726698707
1162.979534248943 789.13575678553 386.21140442325185
1032.0868212833432 682.7296388865825 148.77268998502512
881.1857630951615 1322.94232756317 1220.6752162785563
1165.0732983185821 753.2037444755827 24.11701146098505
1187.3368622680982 518.1667919956517 1323.689351396857
1196.5038518768183 1177.966023801936 741.6082963592627
1022.8258392853824 881.8334126992274 37.29590414177314
933.1724513869525 807.4750804888197 1237.4626423764798
1110.1991772094764 843.745703106143 1147.6303344124112
723.4937411967483 732.2315489747875 68.27594184387937
1016.1594318472997 711.5703274157289 359.1812780002954
835.4497451909965 1105.107084893629 1420.154566672876
1003.2114872589007 1146.8387974981501 1139.815297706537
1313.625204727835 847.1247723454101 937.7147130952105
906.9290262152468 751.7414410043984 577.014895898695
1116.3705526334159 774.8759160670751 805.4751881297411
1053.2373743406329 923.062271422509 119.35547468181574
948.865462633983 717.9129600248725 1215.2701305390233
708.6720035795367 1130.7777940463325 967.7630454594824
1358.9273469393877 1285.4672826526316 251.91954795216952
1173.5412525948086 1290.0718112415643 862.1124789815279
872.5115106793999 1024.4862568443991 597.2093429969752
1563.4731236798884 616.5905607856638 986.1641986697656
1050.5541885232772 1084.2716505077635 827.0928589835737
842.7458534937714 1125.3946965972464 318.705937032938
1486.1609833983173 1242.0088889653016 1073.994413673479
793.6177207096304 953.8457800856355 1283.2010388456026
1099.6983144530843 1137.1234272671845 1021.2875699697405
637.437953749566 1001.5155858130862 1033.1079917906027
1182.1210521480816 1017.5005130263877 867.9399303721726
1126.0321332567014 890.4592940599817 450.473837006484
656.7635912315047 884.3467202893473 1397.8778121399544
996.1063220208723 757.7891304745237 941.9939885423895
816.2183873546616 971.2342344822188 1273.0402635977275
774.1040734485827 813.2245076141369 401.51000610560465
1133.8059845705684 919.2584032940028 92.86570098702663
971.7921742943026 758.2603270230277 145.61203932908612
1025.274931202595 588.7174088307094 1118.0796949250673
1266.5941703758085 986.5142829985535 598.3162356725601
865.8229578409148 1307.321409834159 422.9960385535925
965.8872758614017 785.4736112658792 1396.3758378275365
1032.9522846943007 1092.4852236271838 397.8736930311075
1155.576784358987 877.2285549838753 342.0713385375131
407.35822786375184 1615.631480836373 100.01843482573408
983.6808418029798 1474.9573547926072 1019.4090208016851
907.281618910942 981.298097234424 96.07653461986992
979.7351312426068 609.3425146696964 596.8034959368794
1313.8322433322714 580.9223877150839 1206.1283651033896
1073.931361743233 796.4092073042406 311.52433337925004
1455.1558342754963 828.7112748238708 395.78375018362937
1158.5830815695924 677.7402012222258 1280.2213516773033
829.2898871510582 896.515649345681 443.1744962399628
1327.140949724843 913.9675889538845 1116.1892792077606
557.6694189646187 462.97041908425365 272.2621693488308
1462.5424180245695 951.149508442869 936.2501227527105
1279.8629607350088 1123.324362681432 104.72782479402332
1153.5901949267256 759.3391020464569 417.6459996457551
1004.6926160909779 852.7975136743592 1317.3489590901943
951.7694557980014 1161.6942579917982 1175.988391354044
849.2337967253474 961.7048433188136 478.3064323711908
869.1313578828815 1142.978885364568 908.2588005748461
1419.1549200592112 1084.649580901749 913.2792182545542
884.5963999647718 1281.0144823076528 565.4480693209973
1061.6259970448332 1508.7943871793093 1474.9145791650828
1145.7655799651286 1535.5840967856075 946.1407948412796
757.0503983627619 628.9342997600191 1276.645148189009
1046.49667460398 1330.5060229293304 800.1589015366907
1238.1202678656082 919.8920092788675 364.6813674952381
1284.247547415293 1099.2391813869308 2.644748776826411
698.9467329895067 1001.6620741238578 972.0868712832632
1059.27460410527 557.6870955129112 563.8705754554261
668.8991035710118 1103.0288978138378 1355.970634504552
696.9634741300227 1273.4717720531132 271.68081307899354
937.7848693440569 1009.5483773611422 875.6881503587491
842.1118240836037 1016.2390191750686 1428.451189028442
489.1232349092732 968.1022597711526 1407.99064597221
508.371255724772 540.8849864061083 1033.400946530407
1213.097303459214 1000.1073100338116 710.2197226297093
1144.129534600593 767.1043265018358 468.2547187178051
739.3089250073554 1081.2028863339515 109.29066187754799
1357.415157746253 1267.4099143545805 880.1109191779944
1105.463922519176 1017.8403878911498 375.37420356860747
1448.8048132341123 983.9387473667157 1281.574025628421
1204.0128683101293 1193.6770105913547 211.46399848008912
1158.024593254273 925.8341901812806 897.2886930163053
1037.2851805407272 1015.2316235465964 551.9089954353192
1080.0166959292558 966.4828823932038 222.54794898184582
854.681775291621 1165.518719953429 405.05472522369666
1149.2635118251692 1084.6885511413586 332.094692540739
907.1393450383647 928.0935630021734 282.8458333651017
955.9039535207509 1045.3070328352983 551.6900038842439
838.3023506980168 850.0953887266509 1431.0583606228024
1071.6559348669819 1294.832950963616 76.32939882706053
1366.9146434034028 1156.7487326191933 522.6371774506874
624.5215343404667 1424.2866227752156 1476.9397470070894
1294.8031846426297 676.0582240984796 1015.5740500079339
1069.627648038647 1254.2484013160722 481.2513007689059
1029.7225796900716 1076.6621151790014 72.17636779170145
1249.8304289843204 533.9012877074804 1418.0166011991666
920.9112005580414 991.5964961197383 843.0478770952393
973.4427924091549 1759.5617117687216 589.9862772055577
814.6536836239095 945.8446047383479 297.05796762919783
939.9122814957551 320.6658122022525 796.5097087859115
999.0977452115446 1173.8959169129369 1490.3514839933005
950.1456362323389 490.47982241873314 878.5390659099174
1054.3731004263152 852.7327678922857 11.075914657593778
1374.040973816629 1054.9675431772937 768.435997490807
1209.1322021102317 1171.6320768002545 389.5881561073902
808.2725477446672 958.606403698822 1160.447804161027
762.6332633703669 1599.041040257828 693.8272591908028
1031.411444594852 1224.1637380913485 1280.6646957706837
875.4728350627494 815.8416643858682 1105.4881202260308
1025.9827848370066 1513.4658580948667 1145.3531214377233
980.6191110305289 988.151379199726 586.6945956224855
655.6526525292297 1313.5922283470234 131.04293090990976
851.8130684081049 950.5039723813542 910.9551510964603
596.7501140540446 1282.6151591108064 1057.9870214990976
1301.010464799051 721.7554920079997 311.7914607837692
974.6565250121438 1240.9637761081501 346.3118821283659
1360.1670726893417 827.912551746977 173.1898274312802
1188.7444763043654 702.950363268793 359.1823166066716
685.7008922870382 779.8669932415673 46.51496921347964
713.460381937986 778.3549144901821 1003.1149861909208
863.8363526516888 1074.3943291896403 1285.7515561299226
1298.7546816301142 886.603319629574 1313.2428134328206
731.9149005516375 1218.0390743602359 559.2834518287681
848.0080622303598 752.9757970652516 351.8231000079172
1051.4257605459945 915.3363973565688 1498.5331052479344
1245.696076174868 954.3473612142749 850.7515926619581
1150.7962860430794 633.6835308795203 142.47095869522315
1089.9602871873954 1356.7858056399052 928.5142283835738
995.4726879352723 420.7202448081597 940.8843965312001
980.9582532617115 1210.9821036738067 745.6867797809765
818.4978905771857 1147.4030240642946 184.52139511127913
1258.6528014985533 1340.933407845078 1092.4601542587966
999.6410534512441 946.841505117778 1220.011154455018
1200.69556905923 1375.5712971304154 598.4489265555775
532.2673226720811 737.8089515010122 763.2550200652552
841.8411172748586 855.5061376251081 962.1857372132306
982.4700511501497 1195.9558055175144 188.75177120517105
1220.2070520330112 430.773948856787 192.05058006336
806.4010910614977 973.2195429868511 522.7707162975411
997.7887027159271 940.4516914375891 901.0224715947882
1260.0053664847492 506.0915483062753 1006.7827668636544
1499.7269513043207 907.5508496487569 968.5245435829869
878.0538545148817 790.8269913244222 963.6595252047142
1152.1340473042028 965.583946233421 155.408755339448
1217.6637590460718 1009.7060204961381 739.3217043644735
1313.4693004895494 872.2274053826274 881.6998913342742
1077.5164849841701 763.5674712916104 900.7403595893958
891.3915464943562 698.4418286504081 482.56067804285976
1468.4657455966517 1099.050276929333 620.9918875314268
793.5395466577631 731.5046177196757 233.7960127890603
1082.5852873720346 1182.5981705693912 1343.2285918572616
1402.7301141355206 1141.467972430565 1293.4572534548388
1277.9335382846764 1149.5268608587885 1120.814327420846
954.2077855595785 706.5592644770379 1121.888755848556
1049.0826019650992 1419.5485178741824 237.79450795716096
1222.3803707346585 1257.773790567968 534.6801036438293
1311.6705002387603 495.76088690603007 296.1055258239971
1116.4175854446994 949.5741221241195 312.1895446662968
944.7355838791877 1242.1328477459651 1393.3084892709483
1740.1423819563572 1405.043824662957 940.1315528747539
1093.537438225284 974.1639687030707 989.896745300983
1259.0244345457352 801.9640990269818 427.3123720453098
1117.0535376507344 1174.8176399374036 158.39408332774573
877.1841108372842 1418.7205464521953 807.0136881526342
898.5258287077511 1197.0311551182085 1203.8735916964797
851.9357886276316 905.8141539576933 137.83786687294557
1042.7263684229254 1507.8826040560325 1044.7921428615832
734.4083907373301 1594.0630546462253 1143.9531906828636
720.2321657321252 872.0815014460813 1200.6216418408662
696.324175935889 827.0421879183514 32.633188561607355
966.1539901310503 1024.4785309151218 219.6664680946106
1175.0346570249862 1401.6967514724095 1003.585237758536
1335.1669114728475 890.7302511428311 470.5723608485621
1115.0823598119507 602.6762850368252 1278.4565474807046
834.3761949714059 1277.1531993735498 969.3381617294895
833.7882486331787 757.0063006864215 1086.9554584198727
1700.2112229928373 962.7380596000985 403.0440749709937
1122.058667200277 954.7649805248102 1304.822111961929
1240.6307755673479 816.6932032845159 123.21079805667407
862.418283001796 424.4938012785565 1339.7541634021443
831.2604876146505 809.3748971340704 998.5300214653795
1048.7394812719867 1306.370176408113 1279.9548683956307
836.5070241795412 1410.838709928552 362.4755228420527
1123.1736831508315 923.0973476066678 710.7661780561186
923.8788133447067 936.2483656641198 393.2410383856048
673.4994448333604 1464.0105025297278 215.3808268401836
1428.1487077778945 1270.1155663392608 343.5791895432146
1200.6347767096945 1161.5631728764222 1065.116453580744
588.5639628011359 769.8520389534262 738.2563860814871
992.587679588701 789.8488483292224 161.61366816034624
1336.8015565902144 758.0499364155299 1079.5048895775124
877.6453165684957 1226.697594196476 1212.086064249342
515.8554775935804 1263.9897971822634 1480.1411832013093
985.9995152053275 1165.819628084996 655.1360653788734
985.8157804780607 833.5003296417169 555.155466893045
1214.4530556473685 773.3445758302664 215.49579262972725
1649.0585492343118 987.5969573048957 576.9642134107191
790.7040478403469 594.1825587050254 1454.3290086732595
1516.466715828013 1145.6855289426333 1449.079744228946
900.4384932397229 1339.3499228264109 1099.409811878285
583.2557018902996 1013.7343033604218 882.7529410585822
446.48542083126824 1187.3212494931129 199.9926800119266
1535.2368300739645 910.8815988739683 42.563029552229295
1262.9296460448572 1122.9305872671675 494.90000610401427
1509.8393437549437 1075.9003434438112 1484.6151780554922
741.9742001599418 746.4508098696767 89.25518426221035
1096.3345756274923 900.238054277143 597.5569394184025
1141.6638155083224 1092.2405521746905 599.8123260637134
1487.3066673019946 1091.6965386190343 903.3849847390923
726.1688000227283 678.3449820870862 640.329659406645
893.9966392018904 1069.9940183272115 983.5065135741104
1023.6116782316927 822.0653891033469 1454.1504040333914
953.6027695918376 790.8948893618567 390.28094666188906
1175.943076637406 1032.8741627340148 804.4503221579718
940.3715387129844 406.82718354274186 983.4343352594877
998.9937039691388 839.279671353455 1055.1777949382426
1149.0403736581093 942.5983666781257 974.4796165486624
1044.9160746833393 1198.064387276494 1052.7060677303048
656.7876463731116 1048.0514328971894 516.6391502221604
621.2812807988435 1114.2112026261264 427.4390944423728
907.14380874817 691.135862932517 1326.9211941568465
838.6584024585692 879.082779887626 195.46031757405558
497.184178893062 814.4939539998743 783.9316817756677
626.0181734524182 1157.7225121561924 320.5501440227041
868.9588308289505 914.1069679253393 859.1165628573766
1447.0467165292766 876.1974928347203 446.9738917869314
1261.554726527272 1409.7681808304492 932.7730486506575
1317.1375552136983 816.3553030006065 1020.7920890179494
1166.7038565454263 1004.2179041324316 119.03773180852434
1135.4793802223005 1175.3197031435411 767.4038016851009
1075.4399355750543 1218.4449290401783 969.3546438158237
1592.8742419330401 882.5918103175838 67.58381137207736
923.7856340109149 1272.3014127688616 371.37091030567336
1147.7067796837337 1472.4588809988277 902.6745476354827
987.2653390404533 1097.3760396302732 336.14297210561165
1218.5444698940116 1170.0341166101223 1149.8904223129089
1111.8640261421326 823.8672960496953 1032.7622315620135
1011.0168961867955 1075.8813720865962 310.2760967208223
1086.1362381783974 1400.6194389882858 478.7728888557698
976.0027750492308 1100.2136410367432 113.48957483697764
1254.1180645670531 1009.7976149375496 320.15681116825044
1192.246563859834 1255.786558927866 1338.2970587053164
878.2329880316344 1378.1977676412823 90.00570408304532
1055.9527634793326 1031.839933689558 1075.4533573473739
1081.6259923657603 886.4993440078957 1397.3989035830891
871.1017112477032 974.8186576436608 346.5228136437714
1363.6729544157652 1058.1238788855871 414.11911718883016
1072.5508720776706 1330.1661676192828 669.0644954637879
1009.089145094155 1343.6346036113687 274.8512434891244
842.3521021769488 737.9348537693056 729.2351861726198
813.5192567507977 1054.2798408517083 13.825809200116224
1427.7052242944465 741.9936150285232 830.6582920896724
524.9957015559836 844.2557991877115 449.0877193400727
1160.8001315267927 791.9178784127279 467.0736916351366
670.6411653461723 1042.1168098449155 1181.3123327226415
1217.7267709394368 469.3553735649067 1253.2287250494126
588.0446261545659 1024.948618598425 1157.7202582699501
1155.5896977483737 1278.0974200846222 144.4115935200294
1104.347002690768 1081.505474606082 417.07218731198554
1140.4702662737484 994.2816616670899 1057.6245841979908
1043.836985219351 547.0239635287555 1402.2981498094578
1002.1922588429333 366.17125606465925 88.6795123883447
915.8029188634941 1131.5213107139007 18.444774451874757
1047.6312731748267 1068.863733117897 630.3433939983026
1070.6428171115497 1180.9817033934683 753.3546673858498
1080.2708219580857 793.0313256387547 1373.8293976407901
1304.1796725962006 752.4538389677524 1421.3018392821323
851.2021101990306 970.7163886583784 765.6769265160505
185.73337053462615 1084.8608210446735 296.77999362290313
1050.100570658252 1051.302866936728 166.83603417876515
1200.7307500146685 926.750977840429 1024.8252921199912
1059.861521529275 743.4898866436756 753.9451063128167
907.1354571075854 1820.2149713834483 527.416367553636
827.504644767898 856.7042345163909 474.28734174981537
949.0383240097041 828.5203497289796 427.1188751455157
749.7967689328663 914.7995534941113 1437.5413082358527
936.0224570025952 1084.1544680489983 1163.6348042525503
1322.0998277048564 1525.0427319131377 296.83963015778653
858.1896587210208 877.9163221328779 946.7782729967794
1042.0400285808594 1200.5459446586149 556.5924509847248
821.3869304849303 1733.1143645941904 1361.237610863079
1145.1989152155768 496.3975054662514 34.550264377200826
737.9248383688365 1024.9387280571746 1022.1459122156551
829.6916940659036 1318.3923324046646 490.2448176601307
998.386353640781 1258.4508003843257 314.2767884439521
812.4132133066427 1155.413173851074 1300.627072650125
1028.6897700543884 1186.4569281258423 797.8989834582308
1039.7282569800896 862.422215884091 914.959616895212
1371.2445649246793 839.0494750815187 132.57724464436976
757.3319432447686 1006.0313224553565 848.8966809976519
600.9373815871254 925.3385092673107 233.0829092405433
1113.78587459317 1033.9428886575397 968.9798658535248
1020.4354757275593 533.1980937856065 1413.1041728351834
1159.1401183011783 947.5289754951452 34.977588953103044
1352.2908215393209 1297.6188424911693 426.151346654023
1474.7366437324517 616.1329734882868 92.17390923408792
1065.9460651558932 1351.6870085882108 607.002200035741
1469.307387324522 1169.2937639282654 160.6548216167395
666.0672901544947 1285.375244694211 1354.036148765304
934.5470775815077 989.4422767673341 983.251232923807
1136.830007967057 785.1476209948455 615.5919029850671
773.328852952389 1089.8806668274196 890.9066698061852
1303.4527192047703 1076.3842827861786 1392.794380867172
592.50396075928 1092.5811553589945 1466.6870293589702
1192.23333172003 1077.590384688624 697.0332354247702
845.3737994618551 884.1085718276374 1199.1807700526049
1135.2395706582886 1172.1765754227658 1480.9676372567342
502.5129624605479 348.99573865525224 93.431921156864
737.3206808128375 1059.4281332311364 461.6379903974194
1333.1366066334579 823.2055008197361 333.7033443465732
983.240059055658 1162.911598719727 94.03092629134147
1040.7338258126413 1359.7456551343164 1100.0578974376579
1386.6944096808352 1194.5014763155964 1060.3002127092057
523.8910150001675 1599.81118403599 1375.3976693977356
1351.3931642683765 563.9461136848115 842.4751071824204
891.8105969137816 1245.1803166890502 900.9141209636305
1287.5232702649262 872.8772487306444 1103.2071977864557
912.3000262491039 982.6700173551501 1394.0107048364569
1127.241098387194 985.8866021868006 426.8742413392192
1227.1461875904724 669.7625836755167 124.77918862492233
1183.2787523374918 959.3812790320186 1462.346366934093
672.3939642909074 1097.2112628244709 1176.5445123795191
667.7512022740916 1139.303572938948 510.17134203875486
827.1439051093456 1321.4394839053343 184.4437920102589
563.2825100614193 1433.1540498433146 276.7937312823462
543.6561874816941 1258.0804901739875 228.95769951055038
874.0380559617831 1094.6426713965539 1088.7201898093215
1429.5139981407133 1070.0208333134983 657.3907266883484
924.7780512306931 1226.427741294467 1359.9443562810259
740.7976823338555 872.880549998938 48.706440249059014
1337.3247706278448 1014.9533075169409 418.7944175075752
333.9057974004809 1259.3478989931195 118.41636104552417
642.5227370028912 475.7181425206569 1493.9730495146307
1227.6985806664857 984.4966003037938 1172.5724356285382
816.6974619127515 1110.5884485674285 755.2187269440022
843.5032463673477 862.6920453502007 86.60245328784765
1386.3419011090016 1152.1655289135529 1450.5761498294792
1490.9129542265575 975.9052025822815 1162.3090610911415
923.2716647305689 1079.2655344279883 337.4614225153279
987.629731441667 1057.343723685753 902.513275274379
1182.9160944911102 1311.393874170728 592.3991670135048
1140.5168013760294 1093.687161631319 239.29204499509032
829.2973401696621 1597.7850232852402 449.32000086411574
895.7121928571925 455.6976406328266 462.9142136264088
1370.9262498936187 976.1652264802692 759.3013635236596
1204.4789366666018 1256.4967437988487 909.3327834869925
1306.2071625334715 1128.3291635038313 840.2059785273807
1090.0155557081523 1248.5670800844455 1297.557106818763
1305.654431032269 1458.0719377633952 1229.5290961051312
1062.2511705636643 703.5620525164986 1075.1298625598902
1155.035686615596 1271.0372877263173 1209.1218424146696
1084.964455358976 946.568254780364 574.6694108966278
978.8530589552495 1008.3175401418225 1227.0589609761964
957.5625779844886 984.7707846337944 979.3774725990666
1469.0603587763803 814.3202829507759 927.5117670336514
805.1789522527426 1263.7479248550926 500.5765938245658
1184.273215168996 1471.3424243951722 1198.3256385073723
1007.7489514542821 665.1579561563516 734.6139369955333
1125.3550180378277 894.6144377426018 1404.8454676666381
1139.5289811401349 919.6871134664518 1464.1386268162103
638.3218939322837 498.6547782746702 1221.344336617064
1147.4956251917831 1458.3369846885175 6.372915464847473
936.2008179300581 829.234585743246 1441.7385409862188
1483.0793412238343 691.4159796026113 231.9210755852929
907.5598823334386 973.6868401679951 552.5404866282579
775.0535458831678 800.55931812228 577.6497012816913
1020.4580874666137 1002.6621667826163 475.14895147198206
808.1864358180653 975.0633273002895 1163.3049828297335
1154.973779586381 991.9098567602076 988.162437134803
1040.6064155983163 1426.616774974069 725.1197162571941
937.4167842916991 1532.247938019497 82.53404958964205
904.1784005149975 1172.766542814391 626.8500803945727
1261.9263305013244 1255.0182918476237 1256.0607278812342
1065.0143660690333 592.4669699865083 1287.300661940227
1055.923875784934 991.830511969184 805.5482669156655
1293.7775978274685 1197.5895738317065 902.196464455977
716.1522967791661 1260.1840739397744 1386.1458588068203
862.3023498859231 1350.2267239298744 60.03145874190419
1224.9759431108153 877.8641090577422 1387.8106269740406
1071.8055723676507 931.1859353780219 386.3138435518355
945.0943818131559 675.9232683913419 1408.8124778834836
988.2162093494604 669.8878406673332 1195.3287126688003
410.41457876075685 801.8488530792808 1218.5036931781476
783.2107967129227 1167.4766170947973 495.6373475821151
917.5204884720703 687.1132027585229 1235.3272301361299
588.6804638588942 742.5367677755091 832.4960384399391
827.1621218327979 1003.2742021840429 557.9377157481097
1220.3452276273224 1387.4175438577574 1403.665639719006
1015.2094761850327 1013.5358233626478 282.912489465052
965.1156832251494 845.3630383179101 0.025182632816866946
1222.6035328808557 1018.7386296265091 1311.0178761550396
1116.975381540471 1026.6631734858654 622.6768052492739
821.9083223147281 890.9352516183932 1463.5379698231898
953.0467890243542 776.3806628804185 1493.1151746958524
1059.4668885885396 1097.747522986153 281.5458313325769
1246.9427011362834 1125.6069296073556 553.5996078752589
1044.5554403945928 1167.9387574373982 67.255762604295
1204.1392456236597 1344.3427009377444 834.4271285529966
1141.0738300306489 365.2393933957711 236.8279337860793
1075.4174257265029 603.4671841212214 352.8901017354514
1008.6095341797289 1508.3082018948228 1158.0050040476037
1023.54112104761 439.47943730946554 552.7314098290981
1000.1917356060997 961.8989999015002 176.90639867332152
946.9139938226361 1264.943844154493 519.4012524579614
1182.518519719938 740.689607181653 877.3584575236056
1096.784409533026 852.0577599044589 1392.2075108327094
883.6131923368727 948.3543361793019 1497.0195501474602
910.5829222312648 1109.5995350682065 736.2510626418983
1023.558564474843 1265.4513597305279 133.59679759870795
1006.4476327623357 986.9322178088704 312.6231415201121
774.3124611705982 1048.8521050838672 139.49484628691982
1088.5729875280292 560.758536344269 402.3518222666777
725.1397150321188 1366.0576367558601 47.592756773115305
702.4370032290424 917.7640528520462 348.83997803032804
1098.7542628339368 1155.6416830649077 918.0949370418659
956.8346175335312 667.4824727651752 1481.4512197030929
1025.89804253616 1195.680044289322 935.8050263324014
981.13642346281 1152.3662702008392 968.6284799472851
1081.8172383320282 684.5807440245678 981.0186282678876
1223.4549136167793 725.6227362598413 1107.9157907384872
935.9826782123392 805.5089285975623 298.6998475554784
783.3555960532283 693.1279778764903 94.82049860856529
1061.834776762407 1237.2378703814513 759.7244906050935
1024.0222528101606 576.8475483810178 1336.3000100453562
963.0376548311378 1084.7738903046418 339.8721887582355
886.5308268169418 1076.1775252828606 1216.9075921702345
901.1723755571705 1196.9592608129615 278.98539192200485
937.179686361537 958.8213239029046 1429.4345341748347
791.6142770713012 1083.3513335263049 1447.853967296869
688.0955026921238 1221.494066707035 94.20077926748316
783.1878692749079 969.433109238051 727.8547087395141
1379.788218751809 809.9226542422709 1271.9813853264948
1463.6711685799617 595.9395871171689 447.92499481705886
490.46697055981525 1020.6964295827642 715.5229183934131
1202.3343769565336 1111.0715751253751 1159.1706735194118
1498.8425842942065 763.6054949766932 1120.4827236329952
1051.31275139413 886.5786897572646 970.7946889531404
852.0898993009556 992.7046078248534 229.05601362398986
722.3117310054095 1166.0196932210424 1095.7049810390945
878.135358084973 1051.5233437538895 776.4359339982215
992.4759126073978 915.8331743255733 800.000513887291
1447.5133285536367 830.1882434725895 565.0738978698181
1341.2852642692606 1117.3869367960096 839.7935072483011
476.86607853245687 1487.3125857881496 1240.4996770727992
526.987858591848 965.1430433393315 815.7654308743586
1256.539423287347 777.291606781338 275.4139768371951
541.1647880618144 765.6778927487991 1415.6436884180266
1095.3136006629206 1138.7959403483735 231.20165509526086
1126.771858496518 683.7152317013424 522.1596704852464
682.7723122503799 524.9420125148424 1047.4055856063314
927.0154574700402 1097.5866131041557 100.41243272697837
1133.5595603356812 1192.1548925623156 834.3575075600298
1204.2993815118678 1162.423107372737 866.3777296996313
1217.9294027213214 1107.8120244057586 837.0049567959578
893.8552752267024 515.5360789181608 183.98203098644495
1637.759759235922 1046.642666318955 620.3099704309913
1094.342748349144 823.0877185819869 1192.0153136201554
1177.3967349971988 966.7952950040644 1427.4224245458684
1136.888767708368 830.8005506797598 152.20585211833782
1138.5789996579642 1104.8972312596575 360.98515653885016
817.0862797097204 1199.8946436147628 1281.7202398803477
1334.5887171765232 1143.4668591964987 69.69787221915364
1549.9432918142224 1088.4419990430558 937.4067870855653
798.4944174217084 1149.9930519856955 612.4153926419851
1333.5248333311042 911.8745256389034 541.3616667512638
1067.7396929442505 697.3320736351252 1254.5967903544672
1078.0965554250436 1444.8106220403658 653.0994158047597
1077.566381435413 862.0889401988914 599.9267440671557
818.3278799601684 727.7079001317242 1148.8314882512634
1205.7653997666378 1181.613223895475 642.1169974863427
739.2629510331817 883.1543957629347 1218.1749177560143
721.1316027186032 1171.9901116420692 681.0399489532363
899.2396932978385 971.0646698861432 1343.421915657809
555.2330319772161 1043.9721018176529 1142.3429243836808
1266.3984924796405 414.7446677094616 1449.444419897575
979.6847070690864 1230.6020014976195 516.8727028754593
1304.56949777335 1265.622652991964 209.97100560995946
1478.5172273094254 239.1741900489742 81.3427081766051
1215.0453722922407 744.2788579859807 140.59461574823223
1324.6974204944777 839.0604564537834 794.2410282596753
1211.2602316045213 615.6133678542321 446.21862738384357
1449.2446743605783 1137.823159648788 33.022669128774496
906.2531349027505 1175.7390361709272 1341.809863263993
1186.3970405152968 819.8832032543695 1121.2043267042334
1043.5728156996906 1040.2584457605033 587.9039247089863
601.8021643241036 678.2584166231329 1052.623739354944
747.3302210423477 942.0809255610993 1441.9366859273393
1097.1872079190068 1182.6713544630738 1179.9795085889016
1273.2137242211293 1037.2178158708184 351.92650999807444
964.1871442651862 835.2967159099132 792.7673289329291
1296.0835536416866 1193.3856968427467 1092.9266326439586
1402.7817888005393 779.9189601801922 771.9424565605135
1154.570749303266 945.2279955638148 1324.143693505065
1103.9104355024592 1038.1843458061348 743.3216450241641
1176.570205101587 756.9590997421706 440.7332849535928
1039.7402457512987 1399.65269897925 1266.6735478348955
1100.2852353323408 941.346500392982 911.3194485132075
1250.3499796532124 468.047626880924 421.306016723708
1362.1227158599384 960.4898343896031 1394.3485391698357
732.0394496664389 892.8888506789774 1076.924944762198
557.9730981954999 1101.78488688533 1380.0338853188218
709.0662986239828 886.7788087224383 522.7999833168259
1309.765373271909 1148.650655239474 1408.1656561650811
1126.8829386105267 908.076128590334 170.13893401863166
1044.3779225110516 887.0644952686971 364.36387390670683
1069.1658073880876 656.5953486552553 672.5088128094667
1278.8921400387944 1138.145253596139 122.72690901690453
830.3536647079989 1046.1721727735578 1156.328338065179
1120.9353188759158 1238.3503200659602 4.38761179667968
1036.2976804110058 892.2092243776322 491.37081893511834
573.7727845879182 1020.1686565192311 244.26142118935502
1352.2636131498414 792.0677494536073 1283.435135897702
954.7509381177488 955.8842498926585 1151.100458912844
758.4477796699982 1130.370096307413 134.19175641651287
751.6526194062211 1204.4606167008005 92.9948494798159
1405.8076881080979 1270.610444477388 877.7748979469726
596.936640301047 1109.1982634260817 1117.047733381951
1406.9594936598014 704.7964422990696 565.5757163400322
1277.3925284700263 1163.422481811219 96.52129323107289
861.0551265791129 777.146611507598 1311.663198095105
1232.782535978254 1629.3437113896741 498.3389668103057
691.280701988537 1365.6855975878993 81.09863125086537
883.0318027508581 1006.6687046849966 789.8670762950279
866.5222276433663 868.6615559489719 274.119625240271
1291.581399760365 1062.5182866025073 283.91815318686844
1058.9045434102466 1320.5914789338021 603.521687249793
874.9863239904726 1291.333189515755 639.3850518601421
850.8841600160156 1192.5304181456365 902.0475869750499
852.1406574275953 1275.8427839371495 1426.4884714392997
703.2220601410835 744.4348077597858 988.109832793938
717.9113627220947 1248.3321998643075 893.8662226199343
1577.7423833907892 585.9647902579959 4.795531837971767
656.2958997111042 865.8769910800193 135.68543118885208
501.171556420272 1030.1666467551968 282.6721416748916
901.5790093045506 528.5063704643127 738.5449188138791
1109.9031166295715 820.5800517816588 968.4455074398426
1277.2148940664047 928.1036425554415 790.3750972755602
1104.255940377257 1345.8000655630856 1271.7673091623901
1169.292830366341 887.020212815506 957.4433599941365
551.409376754152 1197.7817760766966 1070.7479367182723
920.2589339161218 557.8266308589962 722.3128171143439
1015.0259141430861 1048.3141503298386 746.5465841713609
1009.4820514015214 878.8329033722226 1426.258358330267
658.5310310851896 1240.5581186115623 838.4094667579708
385.49441532094545 961.8774076447517 334.748068890236
762.6339302226007 611.0982969997258 872.0764030454757
1521.9986055154823 797.1779461270348 1126.73837458772
1132.6006282032413 1436.402793813233 1340.2834849160283
1086.0414772968213 1252.7889011968387 1099.9135006264287
1141.9269240197627 1017.1156210415957 319.7974569450155
792.2352470540179 1350.4521496544405 1374.0897341882142
739.1519768047913 929.8529498724574 572.7692050511448
1163.357395076089 1069.706861767267 1152.4181699631326
1108.729277586542 971.2964687778416 595.9741467869242
1049.9919817639711 1206.969198765722 198.12539694325844
1351.8040680313243 803.568345966756 653.6747506429741
1281.205282864976 451.95107119395516 159.30639711721122
1357.8225981672017 610.7616932131186 347.6217709035238
934.4725523899284 1153.766484330474 1179.6935622740145
1299.0292060761342 1595.450209637313 206.36189381406538
1047.5613675903453 1017.3201430661477 530.6050121314811
573.0395758596252 1269.8962828100762 215.09228554040365
1188.1234360345663 840.2565568855547 1292.9388706389734
823.032733325255 746.9075172532023 1088.5200559362265
1111.3066218992603 1039.5764309535007 271.9591099890225
971.0385582984596 967.9363860318939 34.95126663085435
865.2317565522625 1328.4054401145995 1110.5528164827272
1216.8604527837817 1015.0311051969463 603.1731408263297
390.8153000943838 1392.513225836478 1445.9073917473313
1222.6078765949562 478.7021959485693 1405.7679003313522
1340.4348482858677 1207.3742473004133 1482.1759156292608
1312.830315458799 1159.0644914615227 406.38133724127596
583.7108849908965 841.5717386995091 1185.3457983238677
567.1969542376065 1106.4595882261551 346.27410848661657
1380.932663744656 1169.3298576492714 917.8269400885968
987.9664103800397 1020.8944290682028 375.22500925650553
690.0244994152717 921.3233621392116 464.78455906437415
1064.027335324106 898.8596252652095 933.1666787734466
908.9095802584776 1073.2511050372239 1242.9755047323129
1103.7196898431716 994.5357629793596 496.01605772466695
1183.5749261237493 1010.9517126821494 500.20626384099626
584.6977081113935 1008.6841376000123 1088.0781032774064
1482.387117138001 1108.7143297653115 1348.8660889667308
908.0213527907019 1056.7790566756678 868.7005186644195
966.9920452318186 861.6415312567765 1127.8192867240903
734.1107736840144 1379.7875002271792 208.5053282525094
1146.5646909798281 553.7834331557174 704.4938073614344
1068.5798492613226 1178.176308406942 587.1635349556333
1031.6918693991008 971.450213906823 741.0887648843424
1028.547247164047 1194.7122424056508 672.0084849084662
1125.6072506478113 1170.8444566005187 1134.7500839342588
1062.6678307251764 931.3022131713791 712.1182595186137
1206.9305794762558 1017.2507158477121 140.13754427684384
915.2737827497042 793.2258676112288 1209.7805867087477
946.1301666099118 1117.565683261803 1203.8687189894235
1070.5329646737089 797.9854308019766 1327.6540467236498
806.746007673399 656.2872139611586 1281.109346220947
1045.1047516474925 675.2704225989236 329.22950524202565
808.2333741342352 850.103506832868 81.0890151632665
657.747604254069 1128.8347976428029 67.2788857760207
879.5018071482799 1039.9611772926194 1190.5093324004213
1209.7992915231812 1176.397833011065 916.3474287791446
775.9036854940879 1227.4649648168097 1418.5126938065223
945.0370181346148 1017.8906150984471 853.8682030163168
1033.0885450844546 1047.3516542433135 607.6522886446696
1028.678319102743 809.9428542841075 346.79279813286564
1147.1511593787768 770.233090250555 916.3210125944839
1108.9800024771077 957.1777676044102 107.69128795735533
682.0045903285361 1099.640124934327 44.402405467190206
1063.3311665811489 1190.3763547969702 160.7857095057575
996.5265553660374 1179.692928457337 768.4451102947899
1027.2127868892012 754.6596382633112 638.848576552254
668.4336127608719 758.9193237032309 33.75335319363021
469.21975780710727 1203.78700996012 1192.5885937035468
1108.9226898566828 1295.102444208925 1083.2362935021688
932.8456240404038 922.2417662579232 353.2836368788513
1017.2680764482371 1040.352344906879 574.2564346711058
1138.753618757822 1468.2266480740025 883.3099082292905
1124.4565706092162 944.044166069804 790.6703453716508
957.8830490327548 1035.6555380519142 752.0875590294702
1208.0735632598735 1106.3473908091566 1292.0943152896168
1416.040396920883 867.559569129528 830.6194392557348
698.9301233355466 790.2299929313313 713.1283130798225
710.4812589621109 666.4632878430949 819.806136314384
1146.790827725524 697.1046297357361 869.2968921688641
1161.7788427692967 1556.88631714857 1198.1693471912697
1080.969957732848 1201.5776782649154 394.1138235801786
1002.5934828025795 1135.3031759367177 1146.1643808341557
920.1253270558242 1116.756247116685 845.9620815448894
901.9181378623206 781.6353442747121 286.6068300811819
833.0027646027127 944.314378671576 943.5172276661272
748.6243752287714 1441.2216432232094 1023.7328780227186
1032.998214824356 685.9814019974569 957.3887257570093
1293.2204717306397 973.4786595839726 816.3916390991818
1262.9632065163396 1141.1706730934216 130.50733469979698
1107.5684410347415 1028.6529270025626 878.6458496826958
984.8813066802487 934.1461190163186 1422.1484850730571
960.5774314016446 1372.0124067737936 794.7294236006168
632.0387324110043 1150.6862540107265 1470.6260772150079
1811.7739144256748 828.4458351619501 253.07568057069406
646.4233958798563 929.4061873804009 35.4735005277374
1072.6816977099581 1131.5604531582305 413.92433252054036
835.1720863569126 650.619685419962 783.8053325731513
1023.9156922311159 1022.4564918849119 1234.5936221047502
712.036084516441 907.181532905427 249.24235759534207
1049.6684220198783 1226.0136153178196 230.8953908621873
898.3041725221485 711.0450074303656 402.83376744172153
1380.4696213724294 1320.2647955520874 1188.314007473584
1117.947247182586 1066.3093379438233 868.8271143728014
1184.066866479954 1057.3981291088216 779.0684177058338
1040.0179215254652 1057.030712568363 1228.7925850732483
843.8848920374311 1069.1903799193758 552.3660942210325
863.0770688676939 1257.4785686340222 32.71241810206155
1048.781445318565 917.8727547898932 594.1670639679137
827.1761741420138 1247.981127831791 542.2505616852111
619.9435114188402 848.5190264384815 509.54026839272814
1102.0242091570103 622.3775123818315 1156.0344788388945
727.139018493125 1093.3490683361606 1419.6007164545204
806.9392429912042 1358.1830613789366 919.5951586590556
1062.6097880069722 1401.1146802713508 927.2351306083063
1274.9769540686684 1070.6360004871672 1303.326824501996
978.752853956656 876.2001732960737 78.10094709862375
933.9605634335386 1362.6852859404362 528.9164242564171
930.7600861901655 820.5274337818562 339.90544389212215
1336.7177099163657 699.6301650259277 310.84201621258853
1548.5365232963259 666.5887007173696 1118.7554819588331
1024.5900923031304 1129.755829004536 1383.8732721133176
1508.4909535826994 718.8725259012595 486.57108143662094
656.7338815540941 890.6544945232354 995.2310521271697
1100.817472553263 1477.3927007448376 89.05213604742795
1161.8596216258697 1088.865295157191 205.12547879786908
719.2106638989687 1417.1889695221787 1059.4111759437997
998.6132238044896 1001.3191257011699 1393.4695467164217
735.4574559977773 1272.8821064905712 1381.8536953030361
1004.1521786743341 1280.9645882258662 684.372783201426
1242.433456876537 1164.1452790045228 1027.7077109236714
1138.4420931062214 969.8757909446557 286.83392273510697
1067.5884478165217 1040.512878059971 796.7487420113765
1224.74550168192 1041.998243646681 1447.2431880335268
985.5021215758708 812.4559141457096 853.1051290597956
1625.3703126997277 1230.9553164681029 255.99116694589546
758.392417029355 555.9851318952622 1411.0682120250408
1065.4334564769788 665.7356525126758 1015.6993832137312
920.4285824993912 919.5228009274401 267.54467030743706
866.548572393014 1493.9257563631384 289.73481146999086
560.0128628333906 673.8820816117507 567.3895322940671
673.0416900964988 759.8699430336844 161.50863171145613
379.9360063177727 898.5732618445238 393.8063616282123
1132.608065448916 1059.4650017768636 1418.4318407204548
1147.5952201561502 1481.8537271888367 450.4312043031279
1054.8789524605963 672.1746023456215 468.2680664222876
1042.5658783982947 667.3039412976668 258.04751351250485
1354.340142305412 645.9176900296775 463.2870444308509
1592.2852335603689 970.033964945865 1136.112925113201
854.8685310295048 1127.0139785073486 106.35301755981746
987.3429054926775 1741.5799512155959 895.3468492672287
883.0637106921187 215.87331012248308 211.02860193856847
965.3770546692471 651.4184491276015 1318.5353040232371
1180.6764985275245 1238.272495060977 229.64112310892315
1154.0357675126625 1168.163047242451 790.299715224838
523.4366108658379 1041.4392475668856 427.51834416971496
1056.0359925680284 1105.1273591245779 383.8140253396077
1146.1726374136356 1002.3067798300651 586.6421725841163
1116.7581856117329 931.3286589197809 1330.246463225903
1179.635463111012 1503.3454982959786 930.4834793480683
801.7866086995703 681.022479187536 1067.9923643661748
1201.317119978717 878.9688682930939 406.9928135234994
1135.936429897308 1224.7276397351877 336.2532919761516
1044.1084647417592 1266.8965228559491 42.67369545568756
777.7304033387355 1109.954273071799 880.1281017610761
906.2875130647086 873.560547117917 647.5090844293031
596.1723345217438 1022.5801146839053 1482.8354148238375
834.4204492892936 1025.348054085873 1301.8056111184185
1485.4934926574533 916.7291872613567 638.8916793852388
950.3125877606019 1014.6081176211833 289.37473961662727
1100.947926339566 1207.957312418503 921.2708342094396
909.7599645171254 927.8142626296254 912.8438910871276
1153.6111386213183 838.9942123366643 1193.7062039924265
1037.7203369483893 1010.1995746783055 1314.1976674430632
1015.9762544691147 919.8370374350663 537.3380095182938
1056.735942497087 1140.0650967181537 469.12333381956535
1181.2687225181398 696.2506146413532 1289.6508238112522
1498.627413856295 1364.0497130189965 128.7975996112572
406.86460106506047 1349.564455415307 300.6823825344203
1093.642659824646 1008.1325361644881 224.16128129846203
409.8765420236581 640.3804619085979 364.1646267080463
1183.476594745438 1282.2122339995897 1254.5030599003526
951.5788240286096 793.7296810906948 1128.8027355384795
989.4442470082181 680.1358606840699 911.6613950466444
1147.785930063553 1210.698879282767 122.67081022923398
1226.0536532536278 952.2594245176565 629.719418881261
1008.388246181394 1388.7739076580385 763.2457464520012
714.9456093609549 1538.3652940461398 1450.1348262803458
1050.7811452234553 908.0886869534289 1091.3360078232113
1074.3133021255746 1091.126254821111 222.87307620618435
1202.7277813888054 990.4638331050363 1249.7653194217685
