1000
747.696950997368 1301.9776631791983 296.75825930617196
804.2235504571729 979.5103083637721 574.66273323595
1500.0569754676135 1097.2171615055652 18.51664130051556
1330.9939951513313 941.0716102605429 913.1437879558839
1345.3583117954404 1013.3703589727243 327.4372600368623
1155.5500703110906 798.7639168951343 1428.6837274775776
956.5420818012994 1118.9547349091727 650.767946506153
678.4088833575888 746.0764933815263 938.0777428135901
906.373267491588 1064.7687395488795 426.30890146694753
962.6425210086952 760.8602902393601 1235.3452970870553
718.9208912611193 854.419824681021 917.462726552972
1066.1766941093786 662.3784584445535 1223.4441930206929
951.8110351912817 1047.4475701058275 798.1731384449342
1018.4114842049364 874.9016872619953 496.588836889611
767.0889286495226 1254.3207943640325 1011.4163400737448
753.0820963370145 989.5831654159139 1078.338739953023
700.8097675757131 950.2892787703477 189.09810161235407
920.3253163636349 814.3889688445212 1399.702320210605
895.9978309826231 1017.3801540289655 264.36531483958754
1031.52611123761 832.0624905075917 634.4345945368754
1327.020201825499 400.9517475683176 1499.1917675837888
1243.6333158452862 1101.9668134768074 1048.4251388607338
927.8984523411069 1331.2783060152246 1420.055262544789
742.8216760527421 1170.4893134576712 1196.6411577276424
1487.939105478914 753.5835415884522 414.3192074027518
1225.1862871249018 838.7512326291268 1277.7857517853088
1215.31628833007 1005.3077753712279 1184.0269645808467
1206.394750714206 1118.8991124456024 398.19147762104853
1084.7596218639121 1427.2568216636541 1084.437250112713
1224.0236392657325 1051.742433352521 49.762900667212676
591.5061351557688 1193.7591780778978 1334.454471603528
1333.8707709783698 1073.3126338990446 570.51437494257
1035.106946615853 857.3959223735723 452.7776086374651
1761.1008086405839 1008.4082032537805 739.0202730967028
1315.9099770886107 474.0694229318225 110.70898951748437
1148.6720853474017 691.7857897768631 399.1077715944293
1878.8257516287886 1021.1078253381766 471.01965539318047
1339.3925660561567 723.4488628875464 637.8044183972341
1111.2573329878505 1096.1019631153595 732.8147807564728
772.067467318274 589.3932497223433 516.6808701825883
1263.7464978689134 1103.0278033804793 649.8804296097865
958.7483985306327 1241.2223948000853 1451.085700716706
871.9020222812442 789.101314970354 584.0623155119192
1221.9199672712366 973.9232791023734 1328.3455542797806
1059.5582091932386 927.1463301103543 1026.663100853758
1109.2766890495652 904.2479080728958 575.5849991168121
1080.9469783570155 1142.1721833234262 1401.166629156702
1087.4473188828488 1218.156904113651 267.20806431525676
670.7735628420669 1063.0293333279092 1174.665099784831
1036.695194141837 810.2491564228402 1103.502817629611
799.4304326760695 875.0623174763048 539.0442871265111
1329.3288381629804 865.6683981591922 1044.2495172234458
558.7025836377694 847.3248016040867 209.12679166421444
854.4752808454643 306.6739146436495 1478.1509063468627
1129.874924328878 1058.9476046700947 1086.934314417645
1219.66835521027 728.2150705831546 1474.6515116845978
740.0353268661925 1063.8847459741446 276.91106296475044
891.0926461955409 764.824073754281 1453.7214120327362
575.6241598337369 1431.205205692489 226.01588541443945
994.2179600578969 1021.6032705036866 972.4986581251309
1397.7312122232236 782.0905165082198 1056.5800577991918
1527.9342462378147 822.385869757556 1107.4111217772972
1557.060331409054 792.2786770220764 402.4442012768005
1047.9576601648293 610.8757253365245 1454.6795435426334
1554.6967135540663 1024.5658953522952 908.299424361061
792.4610740208531 1201.754784244622 1065.3435943964969
1192.7824984533368 1076.5241856009989 733.4840379387717
947.9208669050935 1211.1853486389332 262.3369294994182
1144.4187864393773 1172.1643817693184 569.6667371932059
1136.2788513002572 1274.9787812023967 76.49566244494693
1003.6768244845618 671.294642434361 1349.788577346928
1172.3839355942116 819.0353687465469 998.1437099127454
1043.5148026691081 842.1366725681228 1117.5786302763856
876.1429660776892 1265.9451566615908 695.7404366170172
1128.0053260318646 387.497693546151 419.0498967100897
987.2503666065143 776.2519848151834 98.19095492625318
1048.5120191407686 836.12702422225 522.1372707747109
1106.5618141513692 802.5751495690099 338.1412655215805
784.0263778569291 721.3178817826592 618.1474202530775
1515.5570792071771 1323.5422276622437 977.1719329536942
650.1677230184664 731.1901932827291 1196.887219461336
891.0599349286655 1351.0331768509195 1124.968832539288
1126.4965995489083 489.70015517580134 1378.881306487555
736.6750514641737 1124.233431364835 1352.5607124735232
862.0468793452859 740.1524150561169 1333.7635606969043
1475.3266465523989 1489.4648813937724 317.68231306822514
1355.2355364315683 865.0731420415001 1362.6529589215638
766.5671153291173 998.4785395265642 627.8842247284044
817.6425080025704 948.0218502563561 528.4261556449013
1056.147933656378 696.9419474446036 1118.7064018805343
1095.0882987117304 1089.7356522805344 187.59178825444062
900.4535786931551 1226.27382973819 1418.3352459301395
1208.8784086978483 1019.6153478909264 1247.9135953094283
1224.2917451613769 1197.8172495249405 1233.7827405306582
488.36807141415085 948.601281496865 1094.2543249942416
991.2542719016873 1290.0482556727334 1029.1798023732874
1003.6890734552738 1003.0480160587384 578.7819603171282
984.4183873544438 1151.6635764709883 478.6836578771233
939.5997410628595 1609.9022966542511 975.363081054027
1045.8140910914808 635.2333077616609 1162.8486305123713
901.1679914976843 835.7048498361617 1337.1779850369658
1076.061827810579 1291.2847177044648 695.1457069067388
703.8986092053085 1002.2101555510128 598.9855148477059
976.6048337064029 1218.4576182294775 1429.9465771595183
788.96838213402 1289.3440973390068 1175.8171946899001
1009.6311122308525 871.2415325399494 699.6436256337785
810.2779689743229 1271.000385981159 705.9103149130887
745.3725140017083 647.0331819638195 1025.140995778362
980.9556519256655 352.8684751109255 607.0459872319058
462.8598952391684 789.4529463794966 1019.0842095263471
824.3087253174326 1176.6391078830006 1091.9616129638644
1142.4424449630994 1145.8816562506058 674.7069429430812
920.7866810103274 1213.6443424713223 1484.8119546746395
1013.2727909395013 700.3389034285526 283.02823366046636
902.3469688449945 702.8916660500659 1313.5032265214186
1139.6425873131166 1066.0145003846792 708.539948361677
714.4137144109492 678.6256538826747 151.4209554437812
466.2094925966087 693.4292597614171 669.666599084961
968.7460380652058 1183.2814227378356 1062.5369534018025
1138.4670562601825 824.2817875219334 973.0889164643631
893.7222299675093 1461.7147368432709 377.2207159526995
1037.5327738462104 1075.8279539719902 1177.268434154645
1159.281913436598 916.5039441792285 448.4085310034679
748.208628080395 997.4888797570685 934.3592193746593
1581.0594797811507 1333.1905868397089 1073.3629181974309
1015.1107109510116 722.8268045878331 271.4841114833699
835.0608451255034 1114.3693063057738 499.9905476842456
1400.978100817144 1009.414478052256 548.7522940585367
630.9350119221692 937.1436303094029 948.3424371497389
683.680194583604 1560.4566105097947 395.11637483722893
1122.8371979127735 788.1848992600169 1089.5654204609455
941.0332746297163 1119.482010204419 918.1426959725998
882.9602577647913 1046.0545478381218 89.48111095726385
1319.169167501743 1404.7721543304824 1452.1343988692138
1097.336517246521 1050.8234138577918 560.546200471123
872.6019136888474 1208.5963316615175 713.3071150589843
937.3761643541123 1008.1846348275176 974.7818681194827
505.6137313590048 1281.2574852865525 440.23500052420724
1293.0946257341297 1225.111640485444 1213.7328580667133
707.297345677009 1096.2702661198148 1282.4929712653018
906.6722688249907 628.650209101266 1189.8243912031523
964.6164708465471 1305.3638453708336 923.7792634756044
620.1363561297777 1137.1519495202526 185.29309684076384
957.2452481304854 885.8695710654886 890.0510532933681
1142.4402670264362 1202.2039440667875 127.60700233649824
1011.9319556586609 1120.274070121181 1158.8815149020795
1050.7231745660958 1168.8160276514843 25.59812778376064
850.6347516915736 1134.9990121787152 1114.7660863580836
879.7660856918438 1188.010863946765 719.8156156785673
1330.2812847489688 1321.6768930557594 244.9604723310948
773.6416430521048 705.8171560592939 925.9853232877421
618.3123596969615 955.4848786270996 1385.1767481265306
859.96905630737 932.423483989243 72.48289442796319
1113.2640064103643 845.1480675124565 599.9078975735869
512.1591007250784 1063.31533790738 669.4594042792909
907.7497049285535 1055.7090580791094 830.7202143298138
958.5893450155795 878.9637659117327 64.2611006218155
1310.2989922167496 1226.1382574106551 81.51715149747545
1245.2466808312786 539.0741954768733 530.3985156247567
1334.1483289834073 956.8686430804328 779.1042909269903
901.4265202704628 1190.1999796911928 533.7896118531429
1470.541514725573 984.1165578919329 334.8311946069505
844.5222016948287 725.1475368797963 186.5397694365925
399.7941509118581 1399.354549904053 796.7565963298264
1193.359351875482 862.9459576867489 1013.4389454797994
857.748701882578 1028.5633519330588 141.07911086617526
949.8997003821638 1212.3378131557004 317.88580284450904
961.0758825065707 1519.4077651016446 165.45880330720948
938.2676180387871 421.85853307993295 1488.6566483475808
966.5933601266099 1041.9467787838757 613.030537733531
955.2150755410445 1145.7224203769372 342.5795754431321
883.4396398925484 949.1243754499708 197.7794847055706
1129.0224477583233 994.679816547773 259.48892704128565
665.6585526164374 896.2723984616498 1141.645422655258
1308.2882155859186 1073.0044389500554 463.75200162385573
924.5210386734364 1109.8498781115127 1410.6169818861729
1021.8452046811647 1005.6950303287273 865.436495075497
1282.6492239887443 904.5900409357461 332.2197325032544
1164.0268050139036 777.1199825354711 1076.8861901465814
828.0753051867628 945.8923750880892 704.779999140727
1177.9053142631062 957.9266608275517 640.6418718523296
1361.6954368986073 767.6744779453614 424.18537134003503
953.7578407994398 873.4736045177926 1365.2959652981078
1013.0854613729347 1068.3568235597709 1153.284865939671
1211.3060672955173 810.6684650565026 884.6131514456538
970.3423759218169 1208.7955213148507 313.47679709555666
753.0804952367328 1005.9995906277237 1326.3377388771498
1086.872250434168 551.1703612337978 279.9570706635128
1084.1619797833284 622.6804495682115 1176.3429456488875
1281.5798480084914 879.4180463202731 254.2323050800182
791.896116957233 1097.0435071978422 759.6936827556553
610.1019698098733 1208.649883841238 942.3932207787609
926.7520053043751 1134.674248434718 646.8475013188686
1370.0608363633069 1089.064434288667 318.4400501841372
1218.9013958445055 1142.249502785529 1442.5062154063885
826.3604315249027 1081.7292503536905 750.1657843871543
662.8178978348542 1075.6262327329819 1455.2268308115765
1210.2860433243914 907.6430004966377 276.92531521148936
1308.6188405637477 999.6517491665535 773.3706665425808
1441.92205455383 1633.485875069129 283.5045634027771
1171.189306156391 895.9179733493638 420.8244483939656
970.929079852926 1304.7541367739952 1267.89389093585
1117.7512449322178 908.1844775686186 106.4840650038743
787.9918437597097 832.6048349217508 1319.5447826833843
828.8776406696675 823.6572815479572 503.36740268453195
1225.103344139425 1010.234685518174 760.8501610229231
1077.0230732969073 884.7054180742563 239.60591128123343
1031.3012834429644 834.3131247151103 293.2718645184894
274.0128294787572 781.6448483422796 263.9491761458495
706.0263191487896 1100.9479144748805 67.9362453697892
1407.5242495617679 1053.8087661969553 1338.8871653858992
1096.581897001006 891.1062067065102 600.8243648021861
573.1342607475599 903.5769247739182 561.3379148217822
1599.8567006020808 988.5487687820846 532.2196579841915
1090.1100263879978 955.8574170228709 1015.7340354466385
1097.5361360895056 1092.23586372576 35.82439033812557
609.8908837672326 881.0629570397576 664.3860417951558
1165.9324174168692 704.8630540249319 1338.1563624094256
643.5432304421076 645.8363135618015 553.0169604382157
1117.9336517393153 779.6570242335076 1411.553648111381
1091.4916118372062 1127.1477961909804 1375.953685985344
1032.5613481881421 902.3058517951575 259.1971281224335
1038.7856941001448 981.3822075818199 602.7503642929346
636.5269914207579 939.4490548464644 677.1074223919553
1145.4558887940061 1156.8562291195458 741.0034724135927
743.5718123196011 827.5088592017643 1482.2330261241996
524.4808818482236 469.27317878451913 402.71252319522995
1147.624874373555 696.2973065869153 1311.1560832173827
1224.7588916046604 705.7693913252858 937.9087453808909
1190.5104671553 1071.305809961029 157.20136448992122
1141.0671787771082 863.8039998326257 1350.897354423825
758.1765353206902 1548.9837457978874 1043.4666143058655
956.9671848829036 634.7150592321082 170.13563135712639
1244.6868455966703 1011.7351410928221 1349.8612552587517
1195.4111041823662 798.7338454216665 1068.322109769162
1047.3132194130244 912.1299551349186 411.00907244989907
1617.3263413524933 1117.3606914494062 389.7160062561539
726.5629779213582 965.543797003745 1492.0162044979022
969.8878242565885 973.3652626612422 383.67995967755286
1229.7008327837054 496.12379413958183 764.5523851761897
1126.3244871299075 578.57033542257 1.1744750194453424
1099.7528487162986 568.6651623091961 398.15229853902673
930.3517515195006 898.6130778520851 1170.8110853594164
825.1653591493468 1107.6711075066237 1009.4937401173686
766.8087496016841 824.9131791222524 1156.2878214226519
757.5692596681133 761.502807836472 1430.3200753305252
885.9742003797155 1061.8870205405342 124.82736269225092
1497.9316930778034 1199.8660120291881 356.96608194015886
1259.4412134530849 1394.7171469178188 211.82848931163494
704.7419999799902 720.95894396828 1350.982779905845
702.4744716520024 1257.8344764219837 135.52836465100572
683.9742992161518 1077.3051500085605 499.09337300427916
978.8925272840855 890.4241191828496 1489.6055699437861
1085.3525876030026 1318.5335945763243 298.37037557786437
1031.718269857988 1293.0225410334115 207.75948841047375
996.5201453622678 1324.0645197656572 496.46160625279526
943.542320700876 953.732609301812 69.73568682392862
1315.8309018644622 1163.7924544403754 1234.8289786823816
967.095322935734 744.4929445727441 636.2320462810584
1452.450691694446 1003.6534559343861 143.40319290635517
1072.283797220725 631.8716683263677 382.42703996322
1075.714972062756 1105.413723224932 173.7268325801395
990.0977353090457 1001.3297225718637 574.4209905119919
1079.2716331229176 1130.6722980775096 1190.7701688440122
1433.4568713279748 1440.2527475775469 190.1482896625084
984.8655414930165 723.0058080197023 614.6919144984746
775.8222165699915 1239.7383503181982 170.294548628115
827.4236879225601 1236.3285825192004 445.8564072174503
843.5549976031666 796.8885069102449 245.15963483382808
1081.7627804188617 806.9256277574095 1396.813388546566
1204.9372048935018 1192.0022828094911 692.3571903601448
1202.6093890171858 798.8272088305608 1157.4011968304178
1299.4124418169426 755.392163955037 358.59626033883205
1178.5783935686509 1124.1038369415548 916.4460178932713
1407.6535089015028 1184.7924411460276 860.7707305747574
1287.647126711176 1042.2170334996483 502.3443289461927
1224.703445041165 893.7654417914425 1249.0652889436005
1338.3697511119747 1215.009310683463 961.5477336451975
1185.7939157208996 774.7752833474783 332.27372999297864
728.475044766001 892.2519506033125 805.3726227969037
875.9069275704064 1027.8881913672592 163.5813504597074
1159.621700003967 1413.7792449893718 543.6204048231987
1009.3388615700408 1616.9898065666039 1411.1558287125658
859.3362421674736 1385.8071505755356 565.6879943224836
1232.3828848475628 743.7726490284132 310.6893566108975
845.1951330340131 567.8078981007845 544.4818434738227
1107.9170351775917 1079.111320089439 34.38885353695781
565.8084826278989 1031.6384576809944 831.8085038782582
393.12200831665666 1082.8637133298812 1413.043345097811
788.734548961444 792.7915193603462 1145.764244214054
1259.199356614156 1486.5225844034123 438.21894621066735
834.1232662474013 825.7906462503258 661.7418318114449
851.3813530165971 990.2123150394941 853.6859443619725
1065.9975003390718 954.6937111794891 516.7472973041686
969.5431948448352 1319.5481976316855 1303.5822920033459
728.0719761423661 1246.6457810385814 1407.7600344758678
812.4685482051592 927.2751257261932 1283.777240655612
945.9817624907163 626.6996775570249 42.55431648409114
1599.027165994642 1227.0431372440335 1167.9315810717526
1015.2634555560168 1096.6988816282847 716.0558175450731
1223.294198949151 842.9106631818133 290.3536016140159
714.1101436844082 1240.9557111702018 180.2148295027539
434.30560449709003 1190.4631271849319 1115.7766464820336
1149.8323329799068 1240.4109886182146 1250.4303182030835
999.4876290471994 1548.9071560849911 619.7697096283885
1179.745740609087 1144.8121337889406 571.9042959186403
815.1162057582652 891.2237812028991 726.3938360586848
1139.8852857482048 993.912124076241 866.2587631032287
462.6522779027348 1157.2079183036776 1290.6270304665784
733.6258192706089 1025.8299460882063 1243.1540628305688
906.1310122054729 820.3278317356958 1111.8220485841455
797.8171354321353 1228.2700883867656 1233.9333413075524
1047.9925470748892 1042.5425764703282 1159.42540114884
1004.6400577096607 796.3968156428208 1414.4373920866435
929.2843654564492 1437.515059621788 637.4914834202438
737.1265078260033 1038.2657215622573 82.57393983357791
941.4187776967341 962.5314954195916 54.866301945630525
1127.387317722527 970.0667427668839 315.61038252655504
873.0571790761904 1278.7342517117731 1291.2839011724884
1029.7645157382058 1254.8417232842949 1405.7764345776807
823.1789238131672 598.9092073413922 382.14667346175565
986.6673533716875 1493.7634291670938 1473.9972912573696
1054.9183215453584 834.0348612705195 950.3142417798027
1050.0960698894814 488.2564669962204 689.579644553829
1083.2850817928058 865.8205024513956 109.82640207844891
848.9879487740467 1351.8594875250076 106.82167985754693
850.5613331667824 871.363963228088 875.0847932127721
769.0869188785063 849.9777656111057 553.3218435468335
907.5386002858041 784.9352582555064 1427.5972562740933
909.3932712161582 973.899345142956 1043.8664120822884
286.49903468503487 1086.1779669359098 875.8651337039745
1045.876339436842 1275.7767719897358 1025.126685041744
1379.2777739344638 808.3086907898065 1452.4900129145624
610.6354064126856 423.1853882843444 459.3863731724628
942.5796246626096 1334.4144346614228 1055.399869491124
732.3430610547109 1030.8175750337407 1193.3769326465845
1173.0136544814573 1099.5277771501173 972.4985964711916
1177.8598304942366 670.9561651362576 393.13953778264636
1102.193222947573 879.6650386893065 1302.9002951244418
1077.8668865883737 1192.3958377328734 856.447795920107
1379.8818936680661 1161.6851280221047 504.79760740288975
1153.092201049166 918.9483486413131 304.91044203089433
794.8649031659334 857.3329911716042 129.4635547835415
817.7042340122346 959.2026983560306 808.4236507521191
931.73576724421 948.0401672430888 907.6566768403258
624.9204581429208 1084.3453108690765 1229.441286152553
1183.613989015617 1289.5413904698264 329.9378097785009
699.4114827624406 1246.3094693076555 1117.144775866362
1314.5691580530604 867.6593071319771 252.44153257199724
563.7190768396435 1005.5484209441145 743.3983306855944
937.2357472406574 870.6291797077847 1087.2246383472866
835.1942236228374 696.1533280433619 1255.026343028688
704.1275676579043 601.0899057632537 986.6944961695765
1538.5091517761257 1100.7863520651704 958.9196477573114
1042.0124996835016 1292.4663354226661 1156.7826831819377
630.403683035772 1208.2528346072604 1003.2363531649822
638.0629999091509 1344.6272760181805 697.6153464080286
1289.2763830892854 1155.9545768236148 151.82502279910986
943.7534908605619 1083.7708282877775 881.662036512684
1007.0794768967334 1248.7840694159668 220.76840618328703
539.9100341842741 1088.0058350710558 1069.4510618354914
714.8479821005142 1125.1031676822035 224.0230464034518
1359.3280014416664 768.9784735447172 1219.9967804834166
1111.2410080938168 1268.1784528593794 307.7634474534227
809.719261945725 998.4988930181858 1468.958125756636
874.1942816713926 757.1307378596581 1327.8711503680463
861.0884559731428 673.435134213291 1007.1238262354849
746.4307621593467 1266.5398010980546 1235.256614146337
871.8313540359496 1240.8695822352306 1048.5376657028469
1078.2843352109749 802.9173596667154 435.1367132164671
708.5905582330456 914.4296053579433 858.0604037793921
1040.5107172404735 1004.2714557552703 597.4829400869386
1244.7886352571588 808.8853920901016 980.5072614471327
933.9948235273505 1052.7703819978299 617.9244342876763
1180.8153815416238 1037.6520431278573 594.0227653794561
694.6527021558902 1444.5363765332013 849.5972743932679
1418.072173164272 784.445185819096 1275.953353581764
785.4891490052241 1039.4857289655506 556.2149538591401
640.4228473620714 1085.295430241581 811.1751891653166
918.4767108506142 1010.1386925035803 648.4939962558439
1111.4256277359946 1386.4265811218181 220.1361105891273
936.633393106972 1410.0262774950984 181.574922053586
1181.6214256813175 801.2222431436927 363.093303279139
1132.9363158666251 792.9615882335061 340.2230409781299
1285.0808167589275 1194.2743175621613 28.835160707782805
981.7272663178168 1346.269694034545 996.6850040255907
906.0097253410495 1089.0608110319354 1042.3532431259082
1044.01085930704 899.942799660778 1.928519269918938
1238.6337400384152 576.4011529766858 1094.3616599173226
726.8877392512557 1523.1973716474058 291.71305897815984
489.016298793586 766.7582935018756 1025.4490492094774
1024.4232478113947 1138.1464721870927 1211.2601767160443
1528.3524135309112 849.4193150690583 210.84753321858247
1034.6765817874807 1051.0124146234045 811.3959006676222
518.1257793993825 773.73330758509 542.3715052523137
1022.5820145629059 810.5236613336604 557.6348370805935
1092.658277069734 732.2560695674802 490.6065075220818
667.7985926316364 1195.4417828450798 230.9929842209878
647.6612635786953 1077.8459339166595 1487.464930057322
725.0535852612098 1149.9272224428876 1141.1307328756675
981.0352725703426 617.6708132874861 163.15754762976619
464.39117539950803 767.2062184758485 852.9243839688189
1038.6024026581067 677.9262703064804 1214.522939024415
1235.155720719014 969.0829639952278 492.1698174814621
870.5974733709126 880.6268141436854 595.8436075022452
1413.928067142294 1122.4711523691203 756.5207091664731
1393.1594517730164 1257.2740989587476 213.02541722177847
1132.1010924001432 991.8356745501588 1098.2187970030432
866.864514430619 746.6290672751056 860.968368400087
595.1869671430829 895.2577306656106 1421.908227619017
689.9011455085197 1089.693318413155 611.2744831638972
1122.7275361530267 1533.4323774336144 172.1133661191032
975.000580857282 561.1601400573434 1430.8455328642485
994.6860299805586 879.3020759893972 1333.558452006808
874.0421170793555 1065.1529611377148 986.5297990002236
368.2344824786769 1137.4246686204874 732.4805186337053
1003.9406248104765 1023.6465184699524 536.5085764216059
877.4632505016857 1554.8006909728624 910.6489633638572
887.9721778765017 861.3914890013388 435.40574932235086
761.6017522265082 965.8128197650595 407.9627505911046
686.5506101304982 935.0091698414901 1178.9926587584791
1415.1535466839582 1147.8936018806069 1472.4253697989877
762.8552921833661 904.577015880381 1446.4374401225664
1412.5881454755777 1132.6441226946374 1387.0899355076426
994.980197500208 787.5975162495599 633.4573467046304
1191.85481838688 1073.887271520596 171.93120995703214
740.9607023683695 1057.4297150290577 1144.2146949054902
1028.4296861117532 920.7416110131137 618.7638550691228
1062.2686090182754 1557.3314214887787 292.67024613698464
801.59053987505 588.9019301685814 1496.79525749706
750.6196978556532 836.9352473157153 1366.0755376052366
1067.1805823042073 1379.240124199589 1408.8064763175935
1322.4831621487797 622.6539040958007 82.18335188326625
1033.0135517113586 627.3610800180531 1196.4770807604555
1052.4078459331313 1120.6084981605557 763.5377989500612
1192.6801209673479 824.054183774659 127.8395980824371
664.8965596733337 885.386628126438 819.5249779940581
917.5770147454695 1532.2855052344821 441.05922845691305
597.6866334498636 1152.0148049062032 711.4151388164197
792.890051989817 1232.1247070183006 159.49366895885873
1262.0013685089111 603.6478743685627 807.1264387128389
675.4186885011648 1092.7092115374583 1236.0646281721656
820.7055879523116 686.2412469134912 204.13635031821997
1257.2730088597955 1168.5802198375713 1081.7786419312602
1076.6598724728447 965.5700294036843 501.6862149800986
1194.4994071454482 670.9381877171945 1382.116011299084
1177.859721545128 1126.8309432277376 1105.4721476703223
1005.8462943313938 1171.5974184905224 921.2274059337024
817.432764808216 966.9897028877996 1221.7381082460397
612.8799837926617 1204.3393127280008 103.33878385540268
1364.0415182561708 774.4003954185933 260.7545983352988
618.5953136322751 686.0849140069367 330.157434665729
794.2095541896075 1274.0786538946775 147.0789183458319
678.81622775919 743.4158239880526 995.517270573997
1155.0909379901434 677.429583845127 1168.5094186490658
1318.1969787128887 911.7392277499292 628.5718538972845
837.1717717970552 1208.2825111808145 320.9489113927466
1238.1703025863544 622.064457541929 512.0033096572035
1194.772859202247 900.5776313605073 203.99586130032455
891.6357356106355 1122.3719983765113 768.8733137303362
1002.146091089759 938.9606326570272 1420.2983061198709
932.8024401794027 598.739247463639 1323.5509145070018
1185.4988688082205 1276.0245658173772 736.7964691392875
1013.5507617166435 1155.3439007452703 1300.014116430468
498.5285997846146 984.510838203525 759.0989324229108
1386.5234192270539 1102.3962254279186 367.5893466207006
1235.184868223829 809.6275220979909 149.79685855476237
1074.4853908899765 1115.4762581583345 795.3878014356009
718.0527911297909 750.3716456003417 426.4700014504279
1117.8421108655252 878.2324837009662 326.4852773999238
714.6231915589292 737.3533468438181 119.81030677233889
852.6900067268118 982.009680004133 1290.4462231704533
838.0964943241913 924.9230041158247 68.26740838330537
1144.9751090661125 1013.0203050204025 248.86126869342164
1292.7471962362215 960.6538045825531 1038.1887288078715
1437.73505569623 992.5292891546628 667.5177773529956
1144.4191735802076 1200.7014889094992 1043.451724891621
1085.962828408642 1258.6239028728148 724.660006968009
896.8896483083244 720.5943975951068 1225.4274872832639
575.1198459894355 786.8284366366787 210.45122447002302
1035.3548737454487 842.4023417490247 994.7872991691664
838.632178387064 854.1850400149722 397.08663377439456
1283.6998782638907 1112.3463321883323 1210.306889012295
987.1362025490865 1063.8428576017884 639.2852773106307
965.9955228007752 1015.8522802529212 396.7385282386699
1243.8070334252773 727.8092916145999 979.6526110331229
413.3777151893685 887.8929812437109 1332.0917311190028
201.4588966057397 668.181235956698 985.343200194143
1013.3137770359374 1183.9715889875197 616.8087763387273
983.511309864817 1558.1828332236705 273.3288931209072
866.8568197995919 877.0214384422143 176.23993403718563
1174.8581015883512 1052.5978876694626 1266.8491128026308
1301.2460894283884 1193.684143266422 993.3655329699831
522.0485758418945 767.0919911265196 235.62032407375133
1030.4199571501376 719.3091652854482 535.6954103010794
1286.5810635890257 1210.2270917681026 493.67164123314626
896.6367823435958 951.1190590365678 1004.6938322563841
781.1243569060464 768.996158971622 408.09601468513574
1077.298807027993 630.7552722734538 1078.2931423451575
1156.2802873377036 764.5821226054902 1230.4224883810618
1454.762705160892 1180.3862928753233 761.5897388335732
907.0684742230762 1010.5678520402492 1264.111245009161
682.3853318008232 1200.0078405625043 571.216680923831
1051.2226238629362 1093.1196014475602 1133.9187590112217
970.8599521519304 1222.0232990492007 1045.196723044067
995.4421750602934 1059.0959024541742 992.5664727294272
1002.1094741357314 1301.512908984073 799.2281665814683
1488.3240470297071 993.1798888970868 833.43329038437
1359.0556996304692 1297.608168088711 610.4535446138271
1281.4450214092903 1152.816206508245 1145.1815359620857
860.1126313246135 1385.943294804968 618.7082016079524
866.5039795087021 607.2942155462608 869.9082932557118
1404.1117509039016 886.9738561749728 294.18280013172557
1253.2055789103295 920.2515015769818 1214.5940698165844
990.6427975373499 835.8516283556934 312.627105540888
1247.1827294795985 1088.8036403725214 1234.9135399955649
1732.6333009988384 753.7048662181588 249.01436454151215
1193.0232953770292 992.0247358133618 1308.0467370727747
1379.9869731960443 972.2699865672041 938.3793771627867
721.151321334815 1021.3450709006775 782.1072691327541
935.7347369423867 726.3355031621822 1268.6888836817518
928.876877607079 1522.756593020305 1406.2207190544132
1350.1968939546916 1331.2371494675306 143.40641598768582
699.9965441746417 1188.7496644472824 764.531074002838
1209.5067889672764 809.5314762299164 1285.452881091178
759.7728770794201 1365.3336689764499 640.9253322057971
1083.5033458174667 944.568432813751 1082.3347544846176
1193.4491084549052 936.394642645832 179.620108720851
1179.4167206407083 1085.2451837605784 1327.0108128776774
924.9653034695177 649.4902736641338 329.5794187789737
1144.5370998386966 900.3311821668442 231.7166742591269
911.6796736585133 323.0984037179942 1420.3723428126098
1164.182160610472 572.3829191414679 557.8909597038775
1351.4533891035499 1453.731363019674 960.1008953611367
1286.2748961298344 1179.8958855061674 224.5109584834711
1246.3128244294517 818.5629936967991 1153.1619601763841
840.5470643893879 1356.3881572581988 1341.1503004265128
1004.2236624769005 633.796817536545 520.3733069029211
810.9782674960751 1140.211065441313 128.74696213513
1114.3624911885893 679.3538474353506 510.60070965725885
1142.9880367106932 780.629724775217 254.62318408991098
974.2512049336102 1040.2553897926407 437.9682203855317
1577.9383697614708 1609.4183141972248 1127.109991657512
1097.1766583531771 986.1309838838599 399.6709434110534
1177.522752614881 1140.0078344207332 1012.5707409573247
743.6036441529161 875.444778978965 1099.2614056376149
823.6339645981963 781.6946031278482 648.6562954818141
857.7701145890376 1146.5375886045 438.91445683700067
770.05778269905 625.5889549780056 826.2639451782301
968.0115162175102 1028.6884273917105 1145.6939619913162
923.8324820493896 677.9963341388767 1339.1620330467515
1098.6222234232212 826.2290205427832 231.4155607689442
1193.8553350743496 700.3675875421394 508.4449928512813
1007.0876337521515 1256.1099139818443 1232.3589491632172
1032.5656964776067 1235.4652072943823 226.03582309700838
794.6242751767013 1152.3738744439745 1476.0358599471408
787.4495589611911 970.916150436324 665.0756181650734
1076.1626675785851 1514.7228373497608 530.5609369744515
780.015978801935 808.3896900668517 559.0272541780793
819.0644464700033 1499.867010463489 671.2271632989837
1560.3913125214447 519.272628082552 1112.5516090883768
1056.4660939255477 1137.444200776226 1414.4348767714928
933.608479649339 888.0190990803576 1372.1947801612523
1428.079448200889 709.4482384615835 912.8402506973838
466.7326480999533 841.3652592584259 58.21457372913591
1052.2364396260507 974.896078839386 1393.8554703015097
1393.5865679772107 962.9968351534296 249.31426213788387
983.0969819474675 1201.6025845262366 241.75429908918667
983.8729957296173 681.4920442271749 973.1304766812416
1015.5862080062491 1020.7445668588878 1419.8570782658333
1317.9910409672168 932.3699686913938 424.83926802069146
1095.887286328878 1125.2883216061289 248.01741807347105
956.0953856316961 611.2204661209744 588.4343401741786
1183.2868745628882 1124.392694075666 697.1809491239809
809.2544562985956 856.0604095281365 1421.8802996623376
545.1726870492462 1023.155390671842 903.817876127315
719.46796888629 792.5400282166222 1173.7829297394599
986.2564247384788 672.0208058483997 824.8476120586952
1123.5069439089434 1103.6884707781924 843.256705812911
956.7580477565484 1422.2957544308263 1290.9617874608566
971.8751728009516 959.883755051502 50.71424360557841
932.7498904989093 1207.3089332164102 89.38245650734488
1054.9212167024573 876.7718182626822 714.773378755026
765.2215678846587 954.12815484633 8.887169317715548
1115.615451635712 1130.8014207783779 356.08136841293225
1175.4481301063697 1031.3181931909007 948.9214734970494
493.4222804489422 988.8487415622894 823.402244005018
614.8827599617116 913.0048371513815 192.17080426932776
891.1580739085742 492.89638920479916 549.3100040012041
999.3973219154049 1025.4809509033505 854.0966012038473
778.9252788294098 864.5387510828725 1403.3605971396187
1109.0525628253251 708.6886773819077 1173.517061026415
1541.7840276823117 999.9396854764242 791.9393250834563
913.3486767639135 886.0459203192561 419.4688782099296
975.8625455618395 1346.7556367291095 787.6961587424541
967.4003785355765 834.3999281855604 840.2821508522569
449.348853595267 596.7823294420517 359.213886178078
755.7096996377406 946.0774908351394 648.9077481568403
714.1813580128437 1608.4526855928323 695.1967762006265
935.3682189514057 832.5246474857463 1392.657609277909
532.403501044869 773.088576539639 1329.220844689086
891.6922701662429 896.6310348677191 916.9558050656977
977.2577331219595 1089.1666907638646 1109.8365271583502
1051.5995078877033 1150.8949909327107 52.314163514997404
1006.686521106994 1393.4644811502108 781.4320840381387
938.8988491568712 1344.2767438836477 6.788229341292363
940.0893992255335 390.65904325162865 316.95541377431977
744.7622393807126 886.3983704107443 690.9024721948788
1246.6183420968594 889.6642877937529 1142.1523635625167
1250.626145384819 740.801268190218 1154.5506159231888
1079.386870953689 753.9473622980322 6.337325196059895
1199.0766386378239 949.1137088606017 943.9925399597852
1005.2567030302273 1248.6772011289497 554.6926890870528
1258.8324208646527 816.5828011926667 658.2060869474689
889.3394465247222 871.0552967781603 486.54641105324725
897.0535434618882 544.2039678495466 1145.5717916216715
743.1565606250688 872.776574735482 507.1497310704621
1399.3648120832543 885.3963599262514 886.3106960325173
1663.017247655426 1111.1637065998516 782.1859079741565
1363.5736384387965 1148.7099684901561 912.8349376168321
1826.1754933742286 952.8509196477323 879.5287409549526
998.2978110415789 786.7022240909889 261.18780649647215
1167.6775389256427 780.3435755204149 553.36926964253
1230.552075119829 881.3545387036619 1247.2559853336563
803.7105956575813 1070.5813231242112 461.4459590872517
787.8468630232671 1150.1900154339314 677.2186401840563
1257.6057838730435 667.687830430701 977.5484430971306
445.0396189526134 929.0303441590288 1202.1826512750572
1282.420056117955 1254.2520667359793 161.72377980443392
968.159976704014 1148.1760398011154 554.9272662890526
1067.4887927807479 273.05012174451304 272.05719212004703
847.7655381743465 1228.8278656803902 421.79146948709797
1074.6186173528645 1341.9942128841653 599.5924176882531
951.903077827118 691.4151463927446 52.298146901836986
1216.0293812433738 966.9558683932333 1000.1418259217428
942.083538677774 933.7018280059857 552.5234653686341
828.1353539057475 479.79703632755525 925.5444698099882
1009.0662099762324 1511.2278021311206 636.3992742047939
783.3569547939541 964.975646203689 1359.6290201120232
954.0503266428601 1154.5284514046807 1438.0490207511098
847.112435351722 939.296711237308 359.2629368657041
1244.4267501785903 1166.077015098568 300.79693475605353
786.3633778858601 1507.4489652709944 1024.4919857074171
875.9027673215637 682.9275467872992 1117.3227812729021
1192.7059179278915 365.6493269297905 288.85583159020405
931.0156183475781 1278.3233179006659 1283.6433448104572
581.5557006716406 670.361768525248 818.7676534829033
1173.3639150443605 728.9844472216446 483.98379614507564
666.1209707386313 1395.8916388497364 974.038513030336
979.4759485347909 724.3446648304648 187.47703151001022
890.6005653685454 1207.914383151296 1158.7166530675504
1145.4771050727431 693.687450602719 452.1120100900548
854.2010274283685 1114.5054605021674 659.9996284707393
886.9578392010274 987.0182612249977 642.8193440885605
624.5227096686751 842.0850056206048 674.0780648039075
1116.248122829727 965.9683839450983 631.6094322846476
1237.706047080072 1537.2204570629515 1449.0927814392198
820.992760806143 641.8323557016361 1384.8459234135644
1333.6764142752613 1002.336699720765 114.31254563053118
1146.4779638189057 991.1139133450814 1471.0816486568117
950.8515194308411 1145.2448633511285 581.4152721661846
881.3110347847693 960.318885360709 1278.1352609180346
767.5012566331715 642.8747856567514 1451.7769108803338
696.8834530663224 1264.7773823967807 1163.5448755470304
631.541208495272 1526.091897159372 982.791000279431
647.523625870588 1337.1316234300996 1031.3693006483604
893.9902759208712 976.6868815132206 59.807181914808936
1038.004270467191 609.1642733378824 774.9974295286582
611.2984158592749 1083.8338281088086 404.9354846764537
1170.7129272032114 766.8993774650982 721.3052512022633
1154.662873372694 1192.8817359296572 629.1023532792013
596.5889595061998 722.8724044103934 657.3808207952823
1162.1376414585852 1045.8379157445677 1372.6049872516644
701.9746927869145 996.5598248448218 315.56891340648184
335.5284576554426 1529.5969607395282 1291.9953733293287
1069.1184527711612 1254.2588488245372 1465.416872329221
854.925992259653 838.9116619660545 217.99782049363841
1242.592057860883 890.0832057718187 1050.6656385890544
480.33521587808025 905.3563089235889 1468.6949563591882
639.2850904956997 900.246737368564 144.74204749315984
930.8667483054614 1518.8801137107598 1453.188289296167
1150.8569089231228 1053.2505521649907 984.981322307667
984.045441502117 1094.085563288005 531.8143786564217
897.2272847211128 1209.0388584920431 677.2608772849571
1269.9789745461353 1402.2556450343745 1052.9391725182597
898.4338909020843 844.3413224968433 226.6284702799984
1128.589878582792 414.6593554345674 1227.2325015527936
1331.3981302500963 786.8073557757078 1288.2274413123152
1260.93930617244 682.8980365359777 1453.0038692140452
1267.6239392831235 627.1297315511287 312.4928945001346
1066.2449808016493 979.7436480737896 491.59915242182086
722.7016414485698 919.7907661963794 118.58578131853336
809.4188807848535 1099.0957418788535 270.66299927720286
851.9055383021724 769.7515725732223 987.9088634379409
707.8221667620678 902.4175259805468 948.567489817405
1236.2241421236265 1106.0585147259858 559.200430493791
870.4142686560319 866.3715329721929 52.929634929088365
802.8017078598039 1034.5237363227197 176.4194285405421
985.7994610162124 1425.8561698996955 623.2472568076561
779.2365544110605 1077.9344143708545 494.20223319840505
436.90225586236284 1551.8026279811997 419.95963176083364
1044.8256171095184 427.788851507529 352.32327663528105
840.732485339345 844.2592880681692 1335.880225009364
710.9928604384763 1185.17094100177 1402.619924114057
1191.621593447495 904.4138370412604 1142.0947406697164
1125.6133244201926 1143.991605464228 673.7786619278232
1001.0823787854264 1147.5632502679075 343.7121591393813
1102.2077015827028 1227.8007402174999 1310.1233254384942
1023.477486644034 1052.233764990523 904.8703866002104
698.5120840205573 1510.1478433635698 729.2606524662517
1123.3798085986907 1021.2193179087416 371.55496572496776
1031.3802143007151 920.950407594228 1296.6556748926957
920.8105921317031 955.3631734430609 1333.6601515430816
1190.411007287766 583.9006806974569 220.08444453231164
1001.2259403312029 1225.864698752106 25.320113254354904
1169.3761660736639 1416.1765219528406 1285.9143111481
981.6306510511512 1193.456006236247 759.7887159242229
765.2334909969683 1171.0881772088578 1229.3994256872468
981.8045255112463 577.4580863680812 104.92919650815708
1121.4403101310386 595.0689920961922 816.082720438477
900.67149662226 633.3209082511958 689.1258809854488
827.2174245632061 985.0862623722603 511.94632900807
811.7272647661762 868.3242116553836 1286.6494379729345
703.4178258806663 788.3814046610853 730.5974265554988
1639.8687811183422 945.7205348589617 462.2837253644448
937.6390379383317 824.571932360013 443.4996604009887
1111.27551216407 1023.7282212240683 1145.806343187322
872.1569730133261 1294.8739132023356 148.9956655537753
1346.551148926643 1068.212478896541 1171.6926141760248
1023.808095623892 1233.440129142402 179.8074534514041
928.3247805632146 1155.3136495685997 1107.3762609147575
819.0070629478319 1233.7416137561545 714.0675309988268
693.2740869588979 1216.5239614778584 1478.9458175940651
883.3321979642673 1152.9107373377997 222.91124532803335
859.6096415777686 986.0757478053439 541.6052375331087
1157.316346551297 652.1577615131669 938.9472259914846
653.1887340932174 1344.6905459740242 1415.2019320528957
1027.5758145412801 1284.301059688809 787.5330647694182
927.7822143710334 1373.8155818963437 1418.0213641612472
752.4346328356197 656.458611441281 1217.2113022595186
1307.0815401222403 981.3347058504684 1168.5480949888129
637.3408587104402 879.0539047335313 1037.6599338012634
1101.7852768297867 881.9949942053895 197.5938989138989
963.6901133354294 1092.3370048936545 437.81259396047454
819.4563043266901 843.7011161193145 758.4708620208274
681.2615808177402 1216.7409253969834 911.0529842287309
884.9804986876284 768.1881200860595 909.9691253684268
1492.830571570208 1138.6328177753574 136.42570117225804
783.9852604780585 1462.5641397156814 1261.0826350458367
1372.3013891630171 1359.6876182998676 312.59228100317796
1026.426324057683 1218.5376685506837 1182.0648117753094
1440.1818222911747 1028.484650471455 195.06376603980158
1236.5965931187352 751.3981517049862 636.7445521869283
1383.93439884138 1101.1644006757926 1193.9210931962261
828.3544505987785 729.3021212193287 1283.9436136465104
1025.0753576233462 1006.8446312526646 1035.0291604399536
674.9682442676567 1359.3522772579527 203.95740843653493
914.6689324896824 801.4608171791286 1390.459628562121
1325.2814373430351 927.7198895021114 1272.969153556512
858.662007808648 1047.011328185305 103.08168349222579
1169.4055243866171 1083.4551133305404 693.3140678640971
1322.3798831180707 873.9789195413656 455.0598985262069
1164.757291054937 1166.7079318459116 381.1149209979327
829.8495714354622 923.8698467893962 751.3898686546032
727.9787993428099 1096.2661295764856 1268.3935719133335
1146.319569463608 995.4533279168704 112.75171672872159
578.76042513563 656.2955921223692 302.55572348267793
979.8380200719095 1073.20438573019 85.1504360457746
887.3486198424065 1154.1157661671525 214.12768976864604
1361.6720881794747 716.3268873463346 109.17749982593521
813.6525501729988 1010.8945744027544 543.3317329435913
1091.3623199484575 1392.2271167495783 450.4929458045572
1600.065437396 1038.5084946742468 555.3422892777085
1400.58682903899 865.2726335653092 480.8863815938939
1005.9483278313274 939.0776264443961 1068.1445544703483
1017.9448622317035 841.269668199619 100.91080484834292
912.6356083279521 926.4852303431699 1162.2088207928512
783.0857371622567 759.7701489935266 697.994234581859
1273.5588817841221 1010.7035330682677 72.87206734900242
1372.6472726041065 976.2126094047691 270.7630560998832
1147.9241336232355 1141.2448547118845 700.906376120582
979.7953811922268 693.3445875887877 1255.9155775756524
967.9088463446943 1160.8623242813408 33.2631864232768
1129.835764200608 1132.9034617905859 701.6409022139658
1076.8358892158874 925.3129283393832 826.8424968543176
1131.8919211845864 1123.970157230589 23.76439531599378
1047.5077814453005 1191.8556977348353 1405.700411757229
927.7133649132975 605.0916197740765 132.959270186205
1283.714525290035 1191.772875605513 264.76399193821703
833.9667001464794 1302.3405319140188 665.1162827370379
876.3662936564527 1208.3209585687648 1376.2206867827638
958.3706864228288 668.6155465688927 678.434743147346
1160.4294550588004 1074.1457482099388 333.0618800406572
568.1131058187109 1003.004942191073 1390.884753171594
881.8296696340117 806.1736935406333 206.5287813169413
1355.2667026773934 783.4045161529592 307.1384515370657
1175.4962749572903 648.0680763903941 1473.496387893894
629.9500004571698 922.1643616810176 498.1111301132703
963.4696744775139 1044.2449526987084 253.56121138975612
702.6753814826105 913.3624494678622 1444.7478057694307
703.6223316077347 818.5168524828235 1461.3637813091598
877.0684134995953 1007.9507615888929 192.6281022857129
1381.5898399605335 696.131833465119 774.9394238426893
1294.7257074220654 601.6987530473295 1190.3303551106403
886.0677289547816 1285.509217033873 1488.102446256423
1061.4394735871351 1192.8175844779396 683.2146662143475
861.3096207540872 1215.0843691150174 1443.2194242166768
970.7482299373152 722.5830477009245 531.4847308643923
1126.9255029502842 1029.51565208365 38.45016660121342
1384.6811516100652 911.4898165407666 1056.1299172252059
894.3724788357464 920.3632104042712 1190.2247587851634
1320.7319826098342 1100.5039141651737 1172.555636026993
929.7808354991406 996.5572594283539 1074.4675942662734
711.1823065924733 749.7090974901423 975.4526166184185
1029.133041308043 834.5015941291391 1199.8014197790303
1179.0860555753989 1316.9369645588506 818.8478619464657
727.18031756551 809.1539574993959 281.25804017965424
759.1780382859752 608.6246446914225 491.4868802992192
1164.1265219344186 1413.3459430447065 1069.1356508864826
768.7445852559548 613.9537701722104 195.41512264121008
820.1923512172187 759.3137476027581 1460.766873769003
785.6889846775314 953.3381536470823 1475.6795699147406
743.8731349699914 1130.1649803214495 51.596374320121484
807.689537756523 527.7139816280936 63.24358680356246
1154.3172649369901 1122.3805191060576 1402.745303422491
840.3948055975417 804.2865278533864 1436.6146956786513
1019.8285866292832 876.909408089277 1380.304737991949
878.14594077916 1060.8928951541216 1309.6380649135353
1202.6893078527105 1045.1616856467379 211.69122433138054
1085.3750441034526 1277.9034341580598 1396.1558716148588
1185.5436413550542 1150.598824325475 102.9800073063329
587.2901025335808 1009.6876021979767 344.4039589688348
550.3016185260733 1254.0516842062477 370.18822582299197
924.3770344855913 1092.3148073251425 1289.047299381769
799.7198571511407 1179.067133046105 386.6432249424416
1328.964520193179 1561.3064017180964 858.931762729794
941.0188927367542 1032.698991225545 1420.5177226994313
1101.1471086003614 1129.5154877760417 1260.7941671435403
1253.512760751771 832.7001795053075 250.4893816687666
1053.1146392810874 1162.5885165057289 57.5036141558008
625.7769845317564 1197.2194782862966 545.5675816496641
651.8269212045242 904.5159767756663 969.071890450808
1191.4589750446937 968.3891463581059 222.40101725990996
956.3329193011032 717.8670070788528 404.97938693147194
1104.2927643467485 940.6099687451635 568.5577088286391
1054.5597360469708 1088.7355366916024 457.0552045389821
1191.5607938007834 358.54295039066506 105.75727369587446
894.8700409662079 1262.0783901464574 796.2629696216233
577.1626327058459 627.0801291129798 143.9451344391619
1179.387179334535 719.8646322377949 1109.1386218311252
778.0806944441076 734.909871960218 212.0707203679264
1188.5824089883804 1123.950302837659 592.4870675359945
1069.9171959944467 834.147083516799 1373.8152243307989
1090.4975973706185 877.8306245453127 526.6006175956975
800.7998730788256 1024.7772747837575 702.1605921326792
1119.8186432675002 752.0966688827974 235.29430252555
884.3929674638514 777.3080531261037 1456.5952301702387
885.8844008222386 532.372235411917 1202.6103620613633
715.1728793897299 1306.3412413746996 208.55712303822077
1075.2015121591999 973.3650494042943 425.0609812254636
840.0769582455148 1217.095424259809 1333.2861133242784
768.4748376888697 1050.146566283327 620.8647611845669
629.0865940013673 988.4108966338454 816.9705468982263
952.1931839621892 1142.015453699459 1439.341915318902
1216.5065991962197 1407.7701315222946 927.2766891320135
1103.8476866799167 751.9355649035576 1248.3526186605093
1228.668212852146 1127.2212679909 377.4379271133012
1514.279344010693 553.0326817048449 639.2193609110633
888.3681137969049 1151.6062739296829 563.4428067793738
1373.2094529704627 956.0288264142869 350.39476101583904
605.7350774997221 1148.353187249669 175.21955598072148
1408.7667024341952 1683.6179838675905 1059.2053074861635
574.2706630457043 1450.4975114325957 273.60673566688394
637.659257047715 745.2757288845795 1120.2069070770935
796.7360213990337 792.6057110221826 945.9006335699407
646.053763654827 914.3615991360446 99.279319121099
695.8211507765515 1398.4342662637628 982.166950153339
1235.3026834344766 1107.5919381839287 93.61825404538892
1076.3179704087627 1158.345015646651 392.6881736272944
1002.6932039002894 774.8343930433899 369.90211163207476
990.8473094104706 1418.713894066446 170.35180519244724
865.564345765094 930.8482958488236 1167.0475002638036
719.9443832522545 1251.5241369646528 732.5046477938364
1071.548470069557 1395.0524144063374 1428.9010802745013
1177.4684723853495 738.1175021029289 1218.1123922841205
725.2087451231239 1103.1650342908338 744.9733861544136
1451.4680683117945 985.8886326044186 420.11254015754974
1059.4643895980068 1042.3412063590313 785.670043592631
1278.7126466307686 1136.3584990174816 151.3109316032894
809.2130650919553 1196.4810126460416 890.6175053164545
965.1402732098054 945.895495943624 124.80040584452657
649.5884422190375 1089.1835151029761 884.9536615850463
883.4259027642622 879.5937694025217 73.954579581534
827.4312376257234 900.7624951116911 682.8003832041248
858.7036878212892 785.2745823733233 1237.6610881150816
787.721376639834 705.3686628101726 444.0215755601715
1184.9637343334532 666.9061036212831 1395.3004232869098
920.97266228908 1233.9952534116837 866.0815639999879
1019.992299959145 938.270846535517 194.70495506860945
998.2652754047349 1212.9261110646673 132.41687234055178
1024.5632204218737 995.1492692047791 1190.9381929808683
1309.4137196071758 1000.7088449279147 813.7883695460456
1018.7733554137726 581.2814416311107 931.3245251561807
1126.000951993838 789.1089623082091 524.8570905488839
1140.5056187351424 1150.3072087081714 177.497383438881
968.8837103792762 1006.2579182404373 1063.9835701277925
713.5083810474522 796.4588206642572 326.40331748662476
1044.8821734548605 970.7987695987164 1442.9257597994565
872.8749807595455 1121.6324384293152 246.69613531116934
839.9773700197009 1082.5456844514895 462.10697551750985
425.276601460066 920.8969783861836 1376.864141990091
731.67064405778 1676.1230088808657 1150.371110059912
1346.511131567374 720.5426847065023 1476.7617500285328
776.8942017446984 883.1840599174252 854.1620664113711
1015.1569402834659 1053.175110009633 1133.8721168486156
1150.173365150302 1015.4324895121853 1018.1837050847004
856.3921924088286 917.3862717512113 422.28700598522096
1100.3990866979789 1126.4019726713152 539.9340849757178
728.1233197202122 482.33767254829297 91.93769195455486
1327.2662336922176 982.9336794444895 1456.0398911098328
1039.030383079116 643.6196389374147 273.12264573258557
808.7142073670078 899.7264144287633 713.2753226211781
834.2774678792989 824.4658667038295 1233.0732801997
924.5023516507018 860.531085676885 735.2902794507235
1095.7380204310914 1228.3965480921452 673.6027076670913
933.3115653334295 1211.1312276384717 595.850626257585
1266.7586906747285 1104.9605258636893 444.37552191909265
940.9598223758773 1161.4165082577495 1143.5598144273592
1249.9279223230765 774.443362398272 400.30779547659097
908.9269989529935 853.6542158347958 509.1077211717164
922.8457258118401 834.3739802519217 284.03082072356835
521.3935494187394 1113.1657087536164 65.9689310286306
1055.457717585467 989.6142873224547 409.1067433841365
1340.3816572675278 946.2291121700132 395.7630220582148
1366.3238651655033 886.2685635395555 336.3367162073489
1224.5174737084185 1280.339690894945 1127.7729476732304
823.9610040367876 1027.8326423716458 534.5602715629561
1399.3441911295286 947.9618906334744 932.4177767096022
798.6944988367092 986.875274613665 793.2172357356587
1211.9612350389411 921.4578902572908 1242.1479136053817
1125.6937879035822 850.658438059598 15.545410305551622
1255.4786319567322 1267.7317027743436 690.7607542702865
1171.9571601950565 1166.4978842956327 1085.0453791754353
596.3003348777538 730.6170071559229 774.5848546945256
1348.3782028238488 806.7200819384831 173.73943204416142
1068.0898713884787 959.0414135621422 324.6262964300169
1180.4207586590705 404.7782763710296 663.058419010554
789.1956841432942 1196.3859779716367 470.414589057179
990.7016554223086 805.8788753478713 762.9721945443911
901.1771440430259 1105.4172038696695 88.31356396322786
1207.7419087253884 1032.1629884337817 799.6047955238972
310.3852750837118 1085.7292577754508 576.3954916058493
642.3855094397882 1508.384554891839 734.3452803902024
1071.7355173174994 610.7389429251257 100.93775669615546
1185.0748461775918 1533.215174689865 1015.0227572111073
1029.5992483291764 736.9634039162476 82.15095484961016
1168.2129677698103 1877.849861734503 1492.006575547455
874.8462087274348 490.6015113776955 935.1571751985599
1136.1551095818813 830.0860401485222 882.6518996771222
790.5580180224363 921.9016148325054 84.81029455537248
1110.7365638145093 801.901160776072 1480.9136778128582
685.8020148081358 1113.411987696544 231.6260843711342
1263.1355143523685 937.8751189554416 591.9545897475368
1174.5968574147034 567.4913935841256 717.0958001397595
1071.8222247883791 1313.408540675042 2.3677611784916897
933.2597438844091 863.6927611728984 320.12419256549146
861.7867817178777 925.9826317264723 36.54941106341614
1131.5323365829631 1088.8554420469707 253.07641853236566
771.0608172889903 979.5118009997456 393.02458737954004
544.6613828808859 1078.5765079210487 1424.2182046489154
679.3066884190987 1267.9973012941678 31.09334884592141
574.7203467823433 560.9461376001007 840.7813527543557
1105.3519854062738 1503.5896007399358 447.921945631053
1165.4565944449384 1125.1580642163358 654.0562852955167
789.2842267276644 751.7525335858438 394.2760838864023
911.5993483506223 1462.7177703663297 592.8102369234531
999.3637103671625 694.1985594000939 1471.9669714389795
881.3015727481895 995.9618274351764 1090.5261591138499
1054.2630841814205 1261.103179810654 343.53767682097043
713.7285623619244 900.5021201971265 992.6776585742633
719.6281751919736 548.6808288616153 453.0806374936786
936.4048710687651 1029.948712596607 624.3818686972255
1337.9919891294517 941.2649147911927 353.1781106245875
1229.801312182689 925.1313369537352 1220.6887415599272
927.2401558064172 1010.0960763434437 435.676641704962
1394.6279693086437 989.6447159138912 1398.8484179809302
1325.8475972542178 915.4657301697389 243.58005428890772
1122.8327502688905 1020.01690298899 1204.5401993619084
1244.8810773109426 960.5188346743472 868.0625703801173
1102.5504720185272 1129.2911516239142 225.16059522658875
1166.3123283597147 752.2836568021346 1476.5398210585524
1189.9755225426734 1118.300775080858 1412.8371772937762
1272.7929902860064 1022.9300767013491 302.18704399266403
986.7552551918162 1082.3250563809486 1308.8866607928514
932.6757733654924 991.1458972297015 156.42538070913082
1686.3112991032485 1236.7435308414952 1384.671622116999
950.2485404166896 924.4863958145905 1311.7087891634446
885.2871092193338 999.329205233237 44.36473581429973
1060.6868304598465 934.7439286513187 1008.5104441573546
718.3210767080957 986.2248133539596 321.44111731193215
