350
31.87222729955641 498.38271669936864 841.4956317837162
109.50992426840367 1015.193847617011 157.91140379535696
43.78423905122308 1310.2744502270893 1352.2908633350787
450.6196566498233 1730.1061685668772 132.18251146985787
1122.636789004192 142.10892183845525 101.04861927508912
771.3520272816199 387.02221690043604 56.174919207100274
927.5269209916581 276.8020771495034 440.9236233575027
72.84964910557856 1681.6744054169526 1163.7290236306694
1182.0091292229351 1746.4976811466267 1350.0214170337624
1643.4189903812785 727.8156502838034 201.7514898159845
1634.9767478424085 835.6163746444474 1222.1807636125
132.9033162289177 536.0682006050455 563.1263644114099
1.4858318985502272 538.0345733156919 797.4593415696571
490.09238545194165 895.6014052510377 107.4446994449471
1361.2616188195684 1795.495648176347 1241.5632378497237
723.3188429027722 1063.6352871358592 221.4469391672432
14.704660209725162 395.66823416673213 764.951703869139
1800.2935036349695 1756.1267084816513 307.08094761831103
1555.8586769419064 1974.264476639938 982.4584037436109
1830.891723167573 269.0826779856699 410.72160736563296
1176.245708928417 1407.6732354817373 832.7990833374619
964.3347620663101 772.9254453252936 444.24584296036
1165.5546141734123 1749.3347007460561 987.4670462443214
1824.213147913953 456.96809388704776 1022.5212406802153
462.08299831341446 1026.2408021024742 335.3962128675939
1205.510827101696 1907.058386011559 453.62604619850435
282.5204933190937 98.5541082060668 1413.7048514079302
164.7817794853761 195.12151743932637 616.558363840653
926.0176618190778 219.26367777270463 1253.1030872391234
1338.333858131057 1161.229414050365 558.9642519775517
1896.8850085124543 400.1299034485146 1391.4052330297784
1490.1894098383063 1454.2350840464226 755.5964438617209
1260.835316251464 479.35971228864946 875.7825383163478
71.08291226749586 918.9702830620812 836.506566673759
1654.510543984186 396.05002313891634 315.57173390127343
1645.670844877732 1749.1192971763232 895.8593770987104
113.19461691689425 387.9683674626884 1205.1791725123155
687.7821102403441 233.72085591123803 1046.1992907514293
200.48896379713145 1736.3204777387543 1408.832923132393
448.5768766628524 251.14485519503637 1226.8511023627107
1376.3420188423088 461.82863852808475 1347.734791527093
1218.9153700838392 1432.1102860215688 508.10233004100445
1643.2860395091357 745.3600070659147 146.8740184779455
1042.3155670443218 1640.955082807148 1196.3415567851007
1875.5524604671668 838.6835258087953 405.08800656276236
1403.03865017456 449.89548306809854 88.45950720590729
1604.3984017677724 784.1336322232064 125.8495803831024
69.02332747462924 1984.45654200668 551.7085643198661
44.96043570796893 1586.8877585172563 42.55919103855588
203.0888632281529 1469.0142605257047 570.6552818784598
408.42317343476566 1201.197105188447 1188.1742680112568
1115.043674577184 1175.6082434419452 240.86086489071107
475.816987465947 1831.6182560341772 699.3742713542415
1888.3609135057511 68.95143123194569 688.8367548244421
195.98425878756686 152.00075662006074 683.589379748985
324.61016243395323 715.7251137266043 654.9718419513011
1665.4520758146793 586.0899427267299 793.9733044868814
1678.0810173607274 1947.7540440015728 810.4825399399309
1542.7429544615738 1037.64769273522 945.6914434738987
816.7849356113088 282.38184964878667 613.2115080668367
360.2536276080812 912.4876983311625 909.5629409256054
1846.4308781404009 1710.0652626610374 1076.3945289811986
496.8349472258682 1020.0011690149639 601.5728693241103
1378.6320997653388 789.9579847166232 28.829962913967442
139.8842180898634 537.1352093720492 683.4611116047881
1531.95376183227 1970.222931542978 1341.5486601217342
1323.8754182494074 246.88579400543142 1184.053929865297
1349.4648867491405 1853.1075227361437 1221.1834142384705
1468.5206443794762 976.0646145750173 1143.3341131541067
285.6025865959293 554.6343591885794 19.254919725494535
600.3749986349951 1883.2653894597606 972.5854959677429
1667.0763576957436 577.8584014018091 1144.277164131246
1540.9437198391013 1795.816561586322 1439.3777044904077
1668.5665506519272 35.13664639339864 261.1342417831413
118.04382131328795 1508.1993859820477 988.5366199970186
189.31792955410586 549.9016308698168 696.7610346155743
1303.644069033371 596.6250459614535 1085.4834951842838
1375.418903644318 1551.9623052558832 1076.0118199174726
1563.8205708248224 1748.202898395244 37.96013823769218
122.66723985443085 1428.5328388245637 1258.0069726471927
1019.673575150864 1508.1917984903205 20.518584572978614
835.7419395049193 871.8675483685729 181.5144446213252
1550.4024916080705 854.320921110957 1126.3553609299317
44.0989298187684 782.5271845117829 63.49897901926305
1004.6503349486371 1800.4416522599329 940.0256257029075
1158.970145669439 968.9256284642382 313.22735642314626
674.3904360840367 947.9914688774693 380.0435204751255
240.632248556645 574.7310822266131 554.86949248859
180.06836660294147 1344.575646682551 617.8771330831167
1918.6769981061075 407.8025784106458 292.8521401510268
703.0572614272517 841.5506604422394 942.483363240541
1369.4784482067234 1296.7282314299637 594.7166772372049
1988.6997288838977 1118.1546855500276 1397.6171450696656
55.16110664140727 936.2214663719182 670.923230903825
1784.089023096182 492.6743081637852 879.6342055066182
112.83334060302907 1114.2309302833255 1196.4473955486849
700.1386705484358 670.6219583802692 615.0397111841343
1642.6915746598888 1208.6235201979991 1105.741240223434
1299.5581673861607 1620.9217867989425 1432.119297156479
1261.1940215721474 461.9572422950107 1458.6961735222833
438.10884201788224 24.480202698223373 656.9847681173726
742.2454769226237 370.0710250483965 664.8389392863171
1853.2698969684805 1078.275471588506 474.61888585418785
87.39029962108513 450.6551543581565 15.489121412427364
1498.2329503890155 1506.7919168267863 1484.1726476769509
1056.4925493056367 865.6672263158889 121.13844996214085
1925.2789585669725 27.755287835117493 1314.3253981850971
436.28380210750595 107.73253054677356 1229.010211949605
1910.6128715542022 1938.9098911897397 812.5771796580442
679.4591480863874 680.9636258975725 552.0004430323903
15.839562874057522 1902.819771999659 1170.435423613659
856.8550734894682 36.1249941667301 387.84053373872024
1238.6985770827848 1861.1712025222726 498.3083488923652
1737.7218936562963 448.7682704642149 1191.3428654637273
1369.0787055094477 1923.8691412728124 313.13958857041337
1218.6859711918294 207.29393276669205 1174.6357387529472
1277.3472476053491 1175.9650666768284 328.31312141377714
225.95170157526678 1289.8966393886265 1379.182409816885
1255.9232704818817 1819.7830309990522 62.075205061431326
372.7031018812854 490.62151475147317 1086.6109977560873
252.1905155751316 100.03247719936547 875.6171342780307
804.5819357977117 1085.2206544977112 561.5249291919476
776.312065833533 1991.7487866820072 246.34192133526452
299.1357502541987 747.8004617138856 373.51174656176863
974.5205440033695 405.4087511521689 813.7750352895806
601.0435579345308 165.58145150208304 218.9500464473147
774.4676516226828 1857.626824946531 429.7335578346659
1547.4945709584413 1400.7606485495048 1382.4647153179328
975.407343818341 79.5185439585333 451.78806078425083
1717.180286486413 835.8275834922972 1369.9534641394796
1992.9272116243933 398.9298481761272 1468.5968348072201
910.8845270615631 889.332964348388 447.1090046406762
743.8500132674421 687.2389996376425 1201.4562322151755
512.3556490630303 343.73922499763745 825.6636383982931
470.7997019308008 1567.4845954089105 1239.212700340606
614.3266629823945 211.99250205205834 647.7363860776014
180.64096141004592 1681.1557194310262 1129.37097871797
747.4491546377031 115.16463607576166 600.4067643239823
1095.1777649447984 1437.5676113090044 1119.9248028266416
777.4485624168594 222.84928115925374 7.693938000747247
1915.98094748673 1186.7547711877985 681.7724591374042
598.2087793415816 655.4837289295119 486.89637421039026
78.62068856428306 444.26826770349436 429.7214793146254
1372.8952264961258 1053.2437320346264 1308.484803549225
9.818421251903686 559.4788080766195 1.6647485979902066
472.3842581409541 1778.1793275883756 1047.022382855643
828.2290440807714 708.9781285263898 1435.1630393566084
1513.0733375013801 1579.1124000081174 981.3013753488099
1632.8517794131726 1758.6810938564968 774.2996773977864
1570.7542742880885 1054.3058037487442 134.7054599865812
1615.676921265233 1950.3801769520771 66.69799776304875
1635.0453317418144 555.4367182276028 1176.5744489686388
1617.3166953030081 981.4936451415944 479.3532474195619
909.2976263365575 1397.746203583934 1175.471741914052
571.7220071469895 561.7022640263169 865.7051966992227
1299.773618309905 1637.3260539238013 109.04761820781201
965.0218973263502 186.39715306715797 6.576321866233581
41.183741778968 1791.8282867027945 6.084236121706277
743.423987259928 1866.6648281129492 931.013971615688
357.3201155203629 661.5316203827198 823.7577472803524
638.311836610691 780.690877870329 1164.1582394899212
1027.032044794748 1786.7226159093705 492.4428704735535
1593.9145564253877 1696.5868942952052 525.1345788798268
983.5260354050446 458.5696941365238 1460.9682356458236
1516.2707650939913 397.3962569669849 1346.0985763770395
460.3002080869283 1292.7066240522659 1367.046573397449
692.628140721 1572.1928232092428 1456.5657283799048
4.454741348614233 307.8570241618357 772.7931897996865
707.8917824939949 1803.791311906383 1208.3325512900135
1579.1355811774026 1207.0296974025557 625.1094155412143
718.0348779302082 68.81749123384418 1175.873635383507
669.1911614581722 69.87148164548707 312.4583571080673
280.96528129647135 603.8135487842535 1062.757697548573
1568.4942608199572 1608.2807534192912 202.20366115656296
1964.60063908698 1151.622118967185 1375.4171571445227
1786.1991575863253 1306.838592527899 121.13926686090265
1869.3029662805707 1017.0154769525275 128.807270847561
1446.044906363838 665.5462514208141 91.21330488434171
726.9408020432537 658.0681222570073 496.32987866431847
1947.1761510357542 217.21972734339644 1474.9545437327517
1941.9899680954438 308.88285772907295 355.6058134019298
963.4030161696496 1480.1135836187673 1189.6756782991033
37.385051514512654 1866.3709161075383 257.069761931362
1664.7614220435153 592.9545151287336 293.7616863219343
663.8546230005178 1495.3645240923427 958.046358043945
1741.4281657324702 1147.337868363178 15.42179332871596
612.197118150461 1841.3053745458903 780.0538256040832
1012.2485347347472 570.9860696207869 1412.9873502823152
287.00692704759814 1311.5987401967975 564.2095569795869
1470.974648297348 1811.9440224435675 115.28001922134035
1209.8636786573152 187.80477233356453 144.18755397601768
1870.3205703590586 1052.4022939402698 1216.1692596590492
1466.4917845159841 245.08469480353722 128.13005307010587
570.2437388316702 1301.2130632974736 795.5112827525638
910.6732835932524 355.4981050644599 1387.418708374165
700.7131752051588 1729.0780226828354 877.6731899268376
1011.1564173076204 763.7093940073054 1438.7881787000485
1514.810165452568 1910.1323403407855 810.8022412466863
1894.6137642363767 1644.4726681909997 1011.9534856114319
918.1678468322567 232.78146501064745 1342.162325940672
865.0550621257087 1872.258088625332 1118.3801555627288
1867.1474752305642 1968.3152141930668 46.73215707948009
1394.0342708155576 691.3670851975484 1274.6959470597797
1622.1004610913214 41.070576528976055 835.6135864364783
1453.295622106349 971.5106711690313 41.37215468715893
93.92522428368922 1089.505773090021 371.8915317896484
1979.0753222557632 92.23967387238608 217.06619996638042
1689.0814659680325 1332.1947428652882 494.01227086238293
642.0560166241988 992.5688713272447 958.7401487095608
619.9825002625756 1422.5922159427046 224.81925633448168
1021.6687539458956 1964.7529848062936 920.5581010211405
147.38760500446736 1450.5271966505616 242.06149830635488
1647.23153858632 1839.0142872056924 1054.881808091441
1511.6411413255814 1580.2476342538434 1105.0701978245515
909.2119812068648 779.2724480167965 558.481108382933
597.6817688222047 1845.1951236500995 1056.0666917112294
1144.9664197061365 258.8148764676117 1179.680186866262
1420.174539724885 1661.532113867482 1364.1756047394285
170.51984973789948 744.8006807721385 1103.5233016156262
1779.2844834479506 1725.6424126751317 1174.6941124900543
1606.8249665065746 96.46054741855647 88.80649622325004
96.56027372295006 1937.805695103902 1395.9143270395653
434.31778391560204 1021.7371715398708 381.92239891007563
440.85338446907474 948.7770658403703 1136.3176401381243
1595.3118065503465 707.6205435828782 45.544533620934914
966.389191356541 1434.830824723016 498.6762511906763
310.55708882294476 1292.9901148094366 850.224487814715
1728.1994552216454 306.5672950405631 1333.429484906246
1220.2403762836798 35.565455078363506 105.23063131929061
1075.2345626517156 1663.398627003132 226.8587914240241
1205.802690751736 1114.7989152317414 1043.7209568041108
1903.3588881414532 535.3441258478156 788.8990468968336
1809.3656479713127 176.98499921258892 1150.7813538166613
204.04229362386394 746.6760802908315 91.4377022837749
320.37268079651903 1619.1380244208817 615.6586128208638
1494.905718676475 926.3541691446633 342.6666855366937
1932.891728125903 1259.0702507424242 330.87872735334366
995.5895208614722 1677.2134693755995 860.904099154618
395.6143195275985 940.4754191395199 348.46148768679194
1721.0267344937597 1811.8470329788076 882.8127538489762
955.8822667372222 1394.3353517873202 108.16417752688523
1450.9592038490334 1982.6001365412933 12.840820024785927
1621.115565563753 880.5549496671987 1194.757848182314
130.3037647406069 911.5070954600324 533.1569229768031
943.8455521628575 592.7247019871436 1398.9553751547276
1427.0643492334627 573.164842118195 1018.2275979563392
1103.5566788953686 1070.093998516093 1313.6004160774191
1933.4190070224838 174.8023600833879 43.52392665384208
1728.3611995441947 1618.4630058409666 478.730208752351
1936.499518475058 733.1846908757183 1388.513727532128
1398.8844114110793 908.4270613403415 557.2465712549736
798.0250413599035 1217.6337613291485 63.370801684891454
544.5499273614982 1603.7055972987512 1371.1011152755414
1958.5861429151273 115.76145779553171 877.3436016406412
1085.731279169508 177.49650462454758 1421.66929656451
346.54758741676204 1483.95643102369 1127.2062767282655
1369.8844109727543 928.7564860129418 535.9317816953172
216.9523019604769 1086.6209336722072 454.41171897030523
1267.1135578554022 1858.9774026700968 1360.3778305402682
1090.9056779480322 84.16454834338438 1088.2274176833218
1458.9790268865133 787.9878692542557 847.5130251308335
1968.959839386063 979.5364107613276 1343.5676462180766
1390.6100819328383 1294.7418280356492 402.9591065462157
0.022752689340599375 1664.0255704390415 520.3527699833649
1295.2829357834983 765.8120388831607 1213.7816903093405
16.34952251533428 1239.2464307487683 390.4097965611448
1461.3634241337613 1164.9919531409603 293.2397980383432
1653.3523747517072 768.5997540355154 1148.8490732246091
1433.4365706481528 1595.18911364903 1038.9777524964168
1115.7979466505562 78.2727925315263 108.62657269086972
1679.651128448366 1909.3468693338289 1154.1276264531964
86.24461344169343 1610.2301838439566 492.5432386014868
1046.338336907678 423.5544797940467 780.3580201093533
794.9625246722496 263.94751001680316 568.0247771416848
840.2717274403526 706.9881429129877 909.6837859769784
859.0756163029752 1436.8495871046175 881.7483679217783
1808.8234127606838 41.16669089331815 673.0648208260959
599.280463790092 1921.5892482309707 521.8928708360295
1545.636408008826 19.640740992679095 641.0385808657493
1165.3133075403016 138.08269658341322 1302.526230322921
1508.5095381168262 918.8767461645766 40.71419411402849
1572.2104440750802 946.509974303972 1022.3476062384138
4.399329936234819 462.37760496025413 650.7816785956283
1264.4989751957164 687.9074813660955 975.2876629886659
1169.700948685108 1621.7541938664153 862.017407145157
339.0892411858675 1934.8932453108202 1429.2930977619112
1737.0624971398342 1345.4729785080672 28.236257185880852
95.33987138093858 1366.4144345719546 1335.8244322588014
1941.8055032242257 1143.6996056190937 1470.5335046596633
670.0418437292109 1624.8491301170843 92.72290880590623
648.4980496588506 1224.4723554223392 757.8277402665155
1643.5979070728004 1745.2393774060265 545.3198130992581
876.7204464140743 1456.3842900616683 1190.8209663873465
247.29266435568587 1074.5303297532464 894.4625200491352
1679.4800949504286 1.0913471842042277 1455.3992896477278
1129.788104167271 748.8061420072809 773.3389927410971
1865.6986991573735 1846.3123170419003 704.592630121355
1613.8074940237657 667.5256958345681 1425.1382931075675
792.7555928153643 1748.2895239367858 776.3748627908724
1851.0104722953126 1804.5286701210491 479.0015787046064
949.1261752340228 1887.3905681626832 940.7271467834613
1791.7413534306947 711.660623790979 1064.7751713410219
1241.440272840897 295.7952607698113 756.0133776551611
890.3138181658722 138.50964012165412 1220.5762018100938
269.61830959759124 1809.7734875481706 1036.210756795507
33.51706759338357 1513.0346165496185 1006.6301173959315
987.9949962435211 937.8777616887644 540.7075223256435
231.48918506636673 1115.3345246087702 1186.2006754644442
1319.99226495694 556.398459469019 1496.9736870702884
1124.3054973362061 1238.3685394645418 396.3001875572557
1387.7495148354842 1199.7732616759636 860.6680430607893
1226.2793247482498 718.6118288560237 1186.0864976313496
1348.1690160573696 749.4772318061603 1289.069916413597
767.24264936412 1911.4094267858886 92.41166997503181
1746.506548061324 424.5830298161839 1062.8499661999047
613.12770170004 815.3414573480393 73.36535900687308
944.1800579103692 1657.0549580329773 30.254863918962428
94.78041178250108 372.439572524196 726.1565104198778
376.14905540157116 404.1645942868728 550.812706128103
1946.8845930973177 347.4650150345062 60.83268540041436
1439.604712192819 1016.4581884748744 1267.4723051791714
521.3307974036105 1187.0842426613704 1.5920601280933755
1788.8057738620735 1309.8307042532583 527.3959251408601
1036.6352123825643 1837.593907305499 1352.025514197586
258.5887165523477 1289.3055194294013 988.9533179240875
323.27028992276576 1103.76907668733 533.3305510862117
975.7355356775188 1651.5737477669045 1363.8252123422596
1696.5511860205943 1284.0256120147515 1320.100111789022
1019.4783262762481 70.73798623179938 256.4606081538694
468.46667089208415 1008.3047587019889 618.2627307511136
219.5684445670518 447.27068290944374 894.2874377304288
1308.6519133627219 1624.3608195273516 758.7147637529985
1249.324766310752 861.9970194892117 1161.3027554652915
1915.490211505141 349.35091379364655 757.374891596064
532.9968036739614 83.22034732711626 876.5157203456721
488.1103915619913 1539.5969937473124 136.6245614556501
1727.5546007470764 1442.3073873978406 63.98859799346618
1358.9202304572261 780.0180851894673 1127.9875213626547
1970.4382568744118 130.40123543352246 739.9137552381833
1238.2256051609652 117.59189540026793 317.4933579514673
548.2300872067453 143.1382391520102 1331.44856369805
1410.7834449632003 1148.7275757415623 1042.9955289101445
588.0283468554009 1883.8854710935784 656.5518883838538
1713.6353070896344 1759.815638515866 1014.7606741852953
941.4702912541782 1364.3216748642863 1365.747221952963
741.6817729287219 1209.1844471900679 334.79325731431663
834.0180785862608 786.450277752909 753.9475992046343
1806.9790619320042 162.54801176565636 624.3310165735828
1167.6483557891074 997.1459282059026 981.6327384057902
83.91303716633169 1681.317147388861 329.12228721593215
