350
54.29655024542232 466.1081107239294 898.3473469372292
95.4808454428211 80.92887514155792 847.8274525983338
15.342390940186117 121.20926010347264 1040.0567486614896
143.12612635086444 533.6795604149846 1219.5902034228932
93.04439536727917 100.50406872325932 942.1774732926779
94.97115016166813 164.0538363611741 716.6621284713681
17.665889483102077 138.02762382708167 148.37921757738016
91.95260431313163 376.63571646935486 1362.5544335992613
6.316236344290929 32.64938908318164 882.6118743030484
461.84495370287885 334.46719917433745 152.8251109296383
163.26353051457266 48.598707690840314 1348.9148175270627
210.5915402650656 23.676532975584994 1291.5477781187008
337.9122348640129 23.742799563919213 210.84085180825195
412.24075364613395 49.976483487732395 1306.0328305655576
6.829702989982596 2.6327997106155765 908.8846948455038
267.5489304727997 119.19919866353345 823.2802458757001
293.2765600380343 156.2524015045163 1112.085725233611
0.801628945541755 126.77734666210779 734.6147250711051
38.12786285237991 292.8310245229255 618.5252298108711
595.8709132626445 199.52620416309915 1215.7623987401603
8.70572390754699 2.369460417021343 1280.3954965092391
210.3716568695067 36.81395907757433 737.8868603289105
460.7692802772397 248.06061919703825 686.8508604307444
173.7692500946469 32.596727592347555 826.347450602509
52.28582471919601 41.72551028056366 1457.5205573753458
286.7399111825713 118.74588321334734 854.7968593636916
783.273670511057 119.59299488013278 160.79529235780322
133.09447407333636 35.52347398483853 1275.3342769652377
554.0758566635401 8.914252382654173 442.01167034387123
278.6233779501323 87.19129491418339 135.87201986717568
184.06429271264665 132.79955614499116 455.07135965826996
355.42785869636054 42.64538609745001 1015.547282352635
90.38135198572719 156.6387818277718 469.82388788274693
9.19814137618554 87.90864187888985 281.85967139702586
87.0430455427681 460.2187683134501 37.08799320351952
162.2190679102688 114.23860007677887 350.7165512968769
220.22330444575667 40.46056305889912 1478.0004496025126
6.732291773059405 5.694781082824523 1432.3594098480248
8.235384931750895 1103.3941550103764 930.9266275885611
24.567041625422938 85.57228395479932 1125.853905491885
178.29281515532142 119.4458853146005 1000.3926154222253
177.06237309416085 317.8141709667882 7.666304462651818
274.10764056363706 121.79864670685099 394.96198085559456
377.1773705915029 54.80951748888012 908.1894231492516
55.19443019064594 273.0777098022763 23.06053012456477
146.11979667403145 174.63649108217012 741.269694374578
12.336556925131141 132.30693219032798 848.5688086101277
51.93551171868494 121.88303785996382 267.1603113841674
23.29724519751883 87.20704026362522 1116.9873339841272
335.79834485940694 74.54693149921881 1068.989579646414
168.1458862619795 10.87916180023675 858.934981337426
85.17774401681585 148.308085934027 44.24642068810042
16.895295867913166 243.41591293053776 1449.080019833919
4.890189076290613 226.33837913334415 1303.9759353043737
73.37579705327005 285.96290407468643 495.8868664930284
381.42240001607064 81.249365049631 1180.9655235791504
226.76160812312887 75.48372421440843 1165.0330147075242
77.97491725473374 538.5152751567487 1499.0225697184062
168.39594876553943 16.623683713536874 126.30048961125395
76.95836493307073 728.9054244464575 455.888445175156
118.05608840814827 12.974003936018757 471.6276390755498
94.73111908138866 292.1088208211025 435.740257580059
50.71760944160584 80.24419311479973 589.7177660339087
274.94958442944517 502.2596601603341 691.290553523786
120.40146570297937 53.02382907942462 666.0632862385378
161.06560639183851 268.1012254550587 1471.2293258179143
20.24659222233581 92.72683806071386 1257.2630320883836
229.09456198069265 295.6255037933879 722.6470308666029
92.9895417271085 169.98275055175526 353.65626763672765
59.43871763547847 311.12423536167967 786.7045258247061
222.11062607399703 837.4750222689748 135.8259663910439
400.79094847515375 174.4461779840819 1452.1059207476126
423.841125195183 261.33739068613926 217.1572176122894
122.98489658363938 410.367546386028 785.0283803168106
109.51394720582088 43.52115465166937 465.1480999336511
51.128987356699554 258.00664476770953 1045.1120627828445
1.382351574347611 142.87508209143397 261.95816063416055
316.01027034891035 310.3555862942494 506.1730268579708
38.14124779592549 282.0258650005502 103.10877761838726
159.96022844386943 77.30844879033458 1037.1793649435167
403.7046195267384 111.70341103687609 864.0935739531534
51.95598918196915 176.1109304556443 119.44763709827838
36.18371973128685 481.43430048050595 1301.0231224430684
507.61219043242096 64.8577098406245 1370.5362047089675
56.85726782391577 6.142911963521075 105.60949574696527
80.63107989968111 66.31606068289881 902.4586595904112
328.1609256400413 666.6262272267718 1341.1348691382282
4.950972567848087 128.83151125890748 970.5450287422846
151.61505621703873 53.37628234148322 1144.1797395849958
292.05777270602886 122.29435568239285 320.08725986878505
43.701390432567784 105.38691772833207 8.502477805825247
51.95162572908566 36.777608821435706 1174.3815029690177
26.215097152693197 2.3519807360670617 638.1504768074836
289.39682684948565 482.66304833874364 1185.6227781147063
325.59961856915 136.49857772332533 421.9288037847986
55.961067084929084 426.09489458743167 149.1581319317134
39.66499984124864 790.3580309959452 931.0252143693233
13.29137015147738 482.2481434347946 297.15521070972164
368.34415684983554 101.80904276894896 699.1199301993653
105.73059335659968 140.14774820273547 294.91202069120226
154.31289341543774 6.376819307787575 963.1127086106413
131.0011845475022 67.5849945130224 1132.0801658998978
44.61602519609764 59.670462917948306 1293.0968780480027
421.05303771456335 160.92663600149763 616.9282490813204
96.27381400245892 70.79752828463918 1065.5823155795902
364.71675431802606 35.34209071272101 262.4977836908309
78.59129126495206 558.133340566711 448.8922544098679
4.072807472079182 28.825174382453795 533.0890515676174
114.40940938166983 82.86258954601772 41.65563036421377
45.98734986096708 57.101661045711815 162.38260231081563
521.6160044439218 194.25091233354135 909.3203590323963
233.32161176989686 188.3937392173465 979.5851367110665
522.4244375430526 56.73973578493299 847.6027025992793
9.956525530767417 222.3081711752839 1223.2659104980455
192.68987449933206 375.8781486157397 1384.4106487111617
127.18949452964723 4.266409423160676 1052.7031863779048
256.83617805323297 436.3664885669182 642.0383320496423
278.9748940328347 113.57451345123258 1455.2217304647768
702.0653700215793 97.82421479230709 973.9602138566331
51.1453591730694 74.10991835945308 269.99148730407205
443.24098961531143 327.79977976601106 266.50648616482835
68.33772602989285 151.3459091154071 694.8772101694384
171.3250469843443 22.586463469374547 556.0937427454745
75.34148231144556 331.0438976863372 1381.904701404872
280.3630131441502 79.5723547550664 1093.2454922747677
207.8740991451093 205.99515951368298 401.29140639244173
304.62579420187905 14.541921741326345 1351.7264335154823
19.685733107256993 154.88287055762885 271.3978248811957
237.2752579794605 375.9895594691213 636.1567061876125
449.54440095567503 459.2261752991786 1110.1365265187715
136.31867859487923 159.9360735842348 573.556272382669
50.409015520910025 371.088123540671 583.3936528607475
89.87181530193301 134.67068230132674 932.2318546670945
394.930055620551 302.1451873476136 1253.5109554995452
107.05814933864353 63.033495244694784 1325.9364780672893
27.17741553279002 184.44861070060978 1109.085440147291
68.29966131661257 364.2159473865773 614.4256820598955
113.16476878401771 208.7373535913758 1431.0012602816153
84.47857697837688 102.47008253168133 15.785673296379144
57.41113007218568 188.50881747403497 959.3347519011506
220.64437552878826 198.5112390873614 704.5743942501396
103.10437147303644 287.82833546148845 751.0355668230848
177.58088258644423 18.191102531281732 578.8221493193552
94.20792382173494 659.6827554778497 929.8874302544409
29.659172236863313 151.97948897959824 365.56018562811533
36.38118867857301 9.899526643148779 403.3647414628391
94.41985928256086 341.6200850847488 844.9153386931946
401.88920384405395 10.796135822959933 577.7365841941295
53.430140232804824 472.95051287145134 969.913619970222
135.98552692762377 576.1172465143172 1188.6691790871037
37.669115090453396 269.5751683769165 1267.6788415421765
195.80768692653172 143.15135595612136 177.1879164059834
133.70563177854885 59.065297142162045 933.2618124688174
23.522687159481823 140.9719962257364 969.062968837205
14.019442991703626 75.98426491189251 977.03447915423
876.1611919035895 93.65963616695933 1232.8689506541343
7.1371133241754166 716.5360916455244 541.1194818628145
109.57523191989162 219.1146333665014 186.2818156991059
135.15660334767028 145.69677262371772 424.8839090549816
73.74874023636447 13.47825287510887 689.3355921512853
30.041931775583304 352.6034643219196 543.2238436127986
8.15884530414336 562.3579175839061 1475.6127261410438
25.753996423552515 0.19687444125348605 1004.5043680011505
104.56797407758545 352.0867184889065 1011.9684243177098
135.9244207662744 104.86651448595245 918.0046883456024
37.41438844722323 31.351486637410414 51.45131794681102
153.0157196451882 8.012131919733879 436.6295180600198
128.4985007032097 379.5684271459212 1423.3345492173542
558.972345439131 252.5210827708873 1460.4483037948878
448.19035926955877 144.93336538901835 32.31498032511282
9.625762293283062 4.013911711159945 1180.8130514927818
29.87044337465913 676.619973305965 28.824350309737067
614.0012673839183 39.63540774200787 1029.1605051854858
587.577640336171 474.42885944175214 787.0337974102067
88.88508059618938 159.47220316259327 1331.0899358679478
223.05921710050555 175.9831696579368 985.7490578829212
155.57711097486052 45.61539003347268 191.37139663221743
469.9000967133592 153.64908263988212 222.46946116328652
178.25200962429628 185.58041480157635 165.42517350279857
305.8407455818365 320.4965787816761 1080.952827003313
138.87895045662398 165.9320004877035 1155.40796821829
201.883151625297 7.294176298166671 933.1996458784286
319.1672108620613 708.0143011933827 1040.4278404013448
23.75662224533866 71.87122727435472 1386.1611008402285
40.42598137572463 123.59002317124497 470.56696028873824
230.636231582314 381.67025447428824 678.9022967307181
43.47774314949128 28.935456886827904 1293.7587233969641
130.1570551159871 192.0969075889119 643.8499818377658
18.149792807251465 220.61118381736384 992.981187102349
0.5293659695509038 111.36156404060362 959.7400530713979
9.025816867677552 25.567689042408066 25.567344857250983
66.60576680664542 449.3617105929848 437.7833925305406
202.92887440141013 68.73291443548814 287.6520857009144
9.445951285945775 100.50519036185604 1364.727724321048
88.6775614452509 515.5727364664526 596.1800472725712
426.25410512893484 55.587542155906554 334.91123066101125
29.074083944609136 253.78309770022292 414.0044751692712
384.69584384302533 69.67660038732588 1012.110971468983
327.96381911820214 85.54755559872021 975.3887680467317
36.69301235110336 312.9708360592362 373.5489468367249
348.30622013869487 302.7616258998486 1145.5620798787459
19.299235338355306 1.387327922616975 145.99872582881736
93.05289813396398 12.39841133434204 1412.0867286122818
192.12595314949866 97.60387495763453 1084.8667736126954
1.5571996193103426 83.11856744632907 1035.0548378238295
255.65134079507365 15.61215336554557 1230.4735545752847
91.27194356607917 231.39868301649892 1095.9100017527571
13.183468898954132 116.51197731182017 1394.2195652299145
56.17270599228492 25.098462820858426 751.1190706377031
142.6953544026134 26.695058136548884 57.85937707844502
325.0474616226872 215.30858758675743 361.658135750192
165.1538532816553 193.32614293929225 155.34165144335537
221.07481051521881 37.056603835790625 1084.9324155455522
412.2773277136229 77.12167477881464 850.5505888514714
9.82796005313405 163.13488354835326 353.2536382588574
553.0798640606847 119.15021467838156 1168.5991840602287
23.7044852073732 241.9234509806516 61.16952760881389
355.08097282620616 42.74015709502262 578.0783214437114
317.02212266635496 211.2179587183797 917.9601407762602
165.42029455315418 8.657592170833022 1064.5435527956336
31.334530016985912 57.22101737504192 256.2990506916703
38.8094491929248 68.68134000207324 755.8040016835547
108.1533888879326 5.2125381327141405 462.0678902238749
36.233576725919036 105.81658471245512 49.13714738854963
114.39798590439771 72.26435334002619 699.1478106840326
547.1735682252121 611.2816060458194 635.1215592023957
33.565094934728066 207.37309886836607 181.00108045016106
98.29293800305037 32.063880395137886 1334.9874850260157
56.13729245047606 138.80234941817312 1017.0325292031828
159.78950282165295 45.89855547133381 1083.2486002464789
138.7342941663839 41.56764222171208 180.23928179274424
182.1779307566036 304.840889401131 112.73766209841452
278.9565346692615 331.8540983786502 652.430343943325
157.65852332964084 24.389655836136875 470.962099594536
137.98732436567695 145.36753313042126 745.7113992340783
236.5766660748522 78.71502203857081 206.86614973351053
344.9095356950676 106.53886839626998 268.61523091530387
151.9782287849806 171.0534969849657 1326.322876034144
5.108816768859561 232.83027755191569 349.28810982620996
230.41504114530477 78.76178914304235 835.9665758280042
174.72902994267506 119.41618512817527 707.1018795546496
166.24394192154702 149.1065094498577 254.48242710967006
104.10980589571011 29.14228010536019 410.9176892436699
101.48363711111392 17.49193100236916 1073.1800774515978
149.8843793540016 620.2472768706565 1197.389870992397
45.3938248627896 62.51411106585791 767.2861296407741
90.54134808184439 4.518500731151843 445.18311021844073
533.5244317615582 287.3765851934541 47.22106178459301
249.9905648628181 160.89021451242914 77.83715834546601
268.3449478365766 383.53763176105883 104.00256450264494
631.9541034559592 63.804341817655505 1345.5091335044647
98.09931203951685 554.2796807407777 987.2887875129209
51.72099680816595 101.97246497785216 1211.6478969948287
90.31163848853092 19.410014218972265 1432.8089333463226
177.38808704004506 150.7679094660634 435.7330042675136
23.108681915717266 668.4251875748818 919.0028932355284
28.71940018903937 156.35005351114094 1496.3789454914331
183.10309454962166 338.51531977997405 113.62725625687364
25.449082972116955 140.90022818602006 686.890679190364
90.13486260695724 150.51000738438333 1442.9652880059805
65.34332662485724 282.31501740896204 919.1132007674961
469.395797652888 199.51762801084087 33.751769338451695
1.5214665697192944 45.4915095268137 1387.879488833622
56.25217271121888 48.213976757056976 972.2796423952806
296.3751417194389 5.069748846024989 718.319346170152
1060.281660999689 50.50158415887335 20.176951400310617
267.9674619193446 122.82108698784644 1423.7552317768186
159.66335026745725 161.5508755445759 1369.6252143631114
5.1910243879042595 469.9688768129648 580.8406182247722
142.1112659239534 123.76511626781618 137.91643265369808
303.82370011777607 197.0077610012221 650.3644260523043
264.1966789439216 103.32132809712049 1168.93579106242
227.8486641328791 23.747302903972063 248.09518001652197
38.74750637035543 127.31633861871626 939.7527776975534
179.97356608523535 27.88681865290572 967.0571710630275
189.69273424639246 238.4491448304107 831.2170414372096
295.4180888681851 15.80597118838998 1370.8025293653507
71.39921347039481 179.43650714739326 1344.5074879744604
115.43101034093365 624.0668290217442 895.9620980145121
85.89335741042466 193.74564551277444 292.3515508404242
50.29812873193239 24.287003224733873 649.26485425974
79.78785362827759 52.598240351050364 1392.8199670360361
18.317542296514702 129.15931051365035 1227.6746813560528
76.75966027098566 388.29409594055244 769.7262262394498
193.0495893316932 112.12738615145766 860.5228550171596
76.41443329178009 180.38516505447853 553.0496782147748
38.12638512137102 27.75674416231446 1185.8326074096763
147.73014703630122 92.57505463251697 1334.6951900916192
772.0645803146659 51.643495674054705 469.8422518320585
335.42350368541844 123.7822036342047 500.5414046933627
91.79749924031726 45.1333260061966 501.097752720446
463.6693540268741 7.739633376316303 1319.0026422491019
452.7682444673256 435.5798530556978 879.7165384362082
157.17721405285687 20.853775581261065 765.8550686123606
137.41636861085408 36.88943875313422 1402.2688413544815
135.74093402961992 241.23241159833304 525.4755455985705
34.140331661103794 524.1001592815121 371.58382236793943
286.63274573648283 207.7127581129905 423.1999520506294
257.75431138811496 9.801294214888026 583.9294901528694
203.10171811575177 331.32741809046956 599.6763864661497
35.74591282443612 62.44643911722654 1422.0809493590907
302.2847082171561 105.14552027704254 737.9323555185772
75.83044400280703 40.507404538358045 934.8076679494259
67.02666872972122 9.216098450876157 392.06502093892584
53.12674069899601 149.34746414781216 1034.315679251972
47.563858044911036 474.94864672047686 1295.8494288173208
117.811400905769 73.89053194048415 404.54917870364847
148.09532667137924 127.209085159826 1104.1692014087535
20.791030459233433 79.4993643757789 785.0253175709183
1601.7908952455032 150.5698988766074 510.9851113695701
205.66030923601164 7.7951698510219005 1020.6376025158004
79.99332445635905 44.99283318207395 62.776559823594035
70.79261782898803 495.92529967647147 383.4363656877407
133.63239855697577 46.430681100989275 210.60114183712247
254.68045506968087 128.89395951432394 1010.6307122288412
218.40609345324404 338.9837409220968 626.42993052152
136.69148199294128 78.02729871804381 78.51877129747392
197.12765897812872 117.44409900512842 521.7788384986791
18.17014728977466 771.4610838782182 897.2842026219428
53.57018990566337 324.7471996864808 1026.2726341806513
145.24073591812558 1200.8816588364518 987.5328199517123
235.4954835206971 160.09293045314453 621.7062708986783
49.07712996119098 333.8299612148527 143.0456320409774
197.74178060749387 1.3876224170767453 284.56301611201184
19.70309026026126 130.55534100279056 1001.7557297044563
52.603961480700455 44.563173564458396 1179.5459623684037
152.58674787775234 80.80786482551522 909.4518663012733
30.21806439607101 198.2295977425436 1322.482429649309
145.44482456496718 65.66542980305996 1433.0753192377863
107.00502633287796 15.916667583786841 1190.8530404709907
71.53655256811031 112.24189210485935 665.7605770574805
366.28976816068416 72.84622708483498 270.53271178636453
42.64737768429482 287.0329266780992 1399.3843802651998
565.434985271801 34.99362945094986 535.083194691683
360.1863184487354 18.007427624157195 514.5728398809622
94.83873918158115 8.726469812529558 372.78294433580027
448.5450788947311 292.1621217830296 1296.4397061813709
842.5857092395237 172.59470810221862 1190.6221821199215
67.57724493536294 609.0308343641958 1442.1516978239974
360.06616806058275 13.317470599721046 353.25463663800093
9.428318551653245 31.014870944934987 1050.383071115386
208.23556299855235 64.95787160868967 164.36537585057198
221.78509740843896 231.97997646945902 1173.1454906827942
24.998786115695644 287.12020573140495 1463.086084310402
37.88303252573477 4.74068538325588 570.1856161572736
268.4145175094856 900.5261589651125 1467.9393738694444
345.85634080323337 392.96455654154005 211.93478797687465
249.9327986954534 200.64650445555978 430.1434831091092
358.81823639834016 97.55976665659128 1380.6683195945839
387.0675950479045 306.6040334993077 1144.0876186580294
