350
29.35709275493635 52.432785843691846 922.9945691022004
215.13834390909156 47.53159852116073 169.3915894877823
21.318374869910986 588.4139450221766 440.7670662784132
157.17606362308504 306.7672019696538 1449.0071248800007
202.27264197957874 187.5430034645887 1194.7200200442135
92.28719629131821 11.140103947132713 845.8408796633039
79.4417935238212 325.67255036673646 852.5486292578998
151.61596673453363 606.8378579483061 1368.9102606628078
46.6454942788775 224.70681081207556 1067.1252142814424
619.1021008877364 77.97611872016876 153.76259385231305
417.35553442602145 43.01287154878327 1130.5318713451752
404.12872155470467 489.19367892436566 802.1896857194909
483.05369498793436 13.554126321631662 25.562573132666188
207.62991838395752 433.71966906695565 960.4959130496148
41.20367824576204 270.91226071519 166.5304784558701
26.42098819705358 14.462112300585654 22.064620016232716
176.71162886535154 73.98279540678074 202.9658661666503
34.880172331002804 173.90011664829828 550.8488223111098
334.0214664470091 250.44671091252715 270.7255499200598
89.09276766659946 298.3422478295259 14.396192574904376
29.629897421472208 711.0375500527605 793.1770000942371
176.7121212976494 41.07396854591498 221.52421087622042
16.90700033729758 55.9379069806711 1271.0547592580017
74.47356394655127 172.95938417631888 773.7632831071436
122.12707865096513 8.985381227350235 1152.3005052083763
65.51496020037074 14.933341579314835 1198.924430590602
166.11491281792127 39.31028079584448 1472.4519767754255
234.95399818675108 804.986719982611 726.1106296836073
257.6369855554673 12.792755137750653 261.47771621815406
303.0608786817166 186.35643173579604 27.68221806392701
62.37576190078392 11.973957703610902 1336.2992763060884
457.95312172626836 9.826063132342943 570.2601296120515
7.05638627921293 52.90029640049582 460.09876607270496
53.59707479089904 268.68907583671785 1212.5276609100415
94.32200125652571 971.6175107884081 768.8534106671931
438.97252588085564 1192.5984497487373 505.86410728745244
264.5895636803785 19.035206458582763 997.425720669497
179.09231461429957 439.6059563806094 1048.7028379687627
45.62169654509129 325.33702065862497 710.3486198112859
251.50964300994283 406.57796792197144 982.7491008891989
33.848333319488866 65.91808031675062 309.94052859132483
82.948745699188 25.91078986204074 1058.3532214197946
719.6807854140266 239.1348030129956 962.9628957942389
67.22917854450202 154.96121964076877 911.8189201617782
215.74376297213072 556.5834081235508 614.4273148940149
87.37575220297298 210.18257730923278 964.7824390724056
346.34925079261353 216.75728206314756 354.72292659624605
25.257458786489124 68.19527836265958 432.89794301186544
112.57378652385783 182.3611489855442 1430.8547209478836
307.2023288442891 62.631838029890986 871.8870079600464
32.11102560563944 201.00918259133985 717.9856020494867
19.20560820278161 447.159395224403 680.7133144791918
305.58789485552484 570.9360670832607 574.2951898545199
86.259026825755 572.9509034328597 608.9191492585823
27.813843297113362 343.5531851076346 743.5408701181711
145.07991433323718 27.351635141172608 1196.4576947209534
63.646034539754694 203.36472157597666 908.8690900653954
36.650554893964596 587.3262413886406 102.00162201227857
119.74944598707344 262.59254714208373 1480.4768393935915
495.4335572094141 684.6650960516787 1319.385088191772
647.3359066219301 165.95857565577234 1162.9041193338394
90.57448192645677 190.73109325239705 1137.3859766667642
92.86097723968037 47.697865911362456 740.5254299031723
85.50144748463721 240.48851206694138 1359.9773560439621
83.0068987954808 122.14180400318655 1371.15483666153
495.1818373071684 112.73041542934482 995.9010429885949
108.18205528255483 189.4137682500097 969.4659365069123
27.363046194099933 170.7232082122919 999.7777317488909
167.2976156906609 92.88005206653264 495.14275963647486
127.33932813904134 15.382133839367675 1262.7254753330017
8.130020910192021 139.7923436237106 857.6155576797321
226.80771046948328 57.143235988975285 617.6968418072676
126.97483567160633 390.0264901589389 530.4765980424894
71.43514174585374 340.725848676687 598.6566233124198
1346.1682335770665 449.55257476634137 736.0956734480313
48.86140568587897 157.96569174558556 6.769071987905884
189.19388346697338 42.813648357117664 567.6182903706103
97.5471082901464 45.476583729642414 67.2722685422013
32.86291583975156 285.4309807235805 806.8022509531178
332.7151621262848 197.49882906177638 1337.3580979162905
227.89199111311797 1119.3803367397625 834.0857578394846
588.7106100365797 65.7541356149536 54.30752389890009
385.22781309746546 364.3963174628617 837.8379293914371
10.336263115556717 52.70151827138616 1168.5952652992348
114.48666214482878 558.245509626262 990.0855726023085
186.46919014865105 153.21741935178343 941.2080148482838
395.4004256782741 21.974550456584076 342.9765769721617
337.09611036933984 609.9787152778523 647.7063946080654
15.314975462776584 129.1889875239234 694.3173040822655
228.4245672487008 2.2152888410963745 928.1326601890041
13.938648401788068 59.42586979126904 172.97447932985875
290.02752430999743 254.81930847317713 1368.3639436667588
125.27160497702043 229.2607073676185 736.6235291293887
885.9551837746365 134.9625991291626 1040.5481608181428
455.6545330674286 308.78393040973504 961.4814715558986
48.35295530994436 136.73128593534292 392.7999894155079
2.12278380952637 28.045487121790032 13.480401034288326
180.05652634918718 239.70938625423832 461.7420966473708
27.090364140675355 261.9746300667931 700.6243414251293
36.164434951490726 35.86631519189654 1357.0037615644103
237.02952870994727 48.924041326264174 876.8851817866948
105.4420178556995 792.5441335112741 1180.4182873091586
114.38282298975638 35.26348742155554 722.0271994821377
420.21438646347144 20.205175825466668 983.1644648534099
417.57539176057355 397.0624584967192 55.98563850031718
283.9676557154936 33.280952708275564 748.42143150087
47.86957243700546 161.64900548417646 391.8149119178535
36.783244610294744 145.27974129194513 466.893822701055
169.39282077208912 416.6559219320929 1375.6732839263382
61.88900769559271 295.1983346427889 339.9352085549221
5.800217389064712 30.915983534415005 1379.3791843465794
1103.5248348461325 33.89932096685713 163.44722982715103
69.35633946274373 9.33724210546115 853.9088834861806
308.90571293823257 102.62023778181147 473.7664200966165
206.80590030048234 817.8989174638563 617.6877916288364
59.651609897256265 3.0108749611865857 1377.9399553994697
314.2379860449506 217.72803677085895 368.16031967147245
459.3253499601346 212.42257851289662 840.5723085705557
536.3974243312942 296.50351951324035 1365.320341461795
478.2403779637535 151.47257090042334 1403.123247882684
90.05863275217413 79.45359757081341 506.81544458631936
27.829141752613314 155.28756191249076 1137.2801104068135
148.03445508998473 368.3607951340335 1065.2768862583202
232.8915342141089 16.93438428690817 1266.5106848205285
80.50441382857895 829.3154253841884 1438.487625670819
31.363057523170244 26.16867420126421 185.94131797651252
288.5072970128799 193.4621302747688 527.0741511589954
283.8511875006962 96.91020595096538 202.37890948229125
220.1485797889139 40.27556727028798 360.2386070178708
436.5477089240105 236.72146692679473 442.9293527830503
32.706713934746745 708.2259079050849 162.21873371686874
54.710807153262884 512.1888180855198 1019.0439194581141
334.81945975938714 305.2226858753881 882.0577618383251
86.88208391045661 1023.1343063111382 33.83133469865124
204.7786180527828 42.66917527108145 1443.2780074245293
45.13119790455409 147.1611911904661 798.3044769957681
81.30634554134278 140.13418764225167 1198.5712652771067
277.07076100992805 60.36397994562286 302.28218117598186
500.44735769277844 225.2549437110016 961.8322088609922
758.8681900738738 245.88073222249454 544.8080838424329
67.61572775070216 133.27398831932288 585.2631180300397
0.5239318376558963 20.580764472456263 199.88077188350695
927.4157982684521 434.3454958882174 1475.283138016347
67.45931176949513 183.4589475767648 531.9972773803403
384.3519178895108 60.79053426047727 247.6326850394815
31.871175682922377 488.4716911618483 1257.669153603785
176.596781147056 177.48573627857795 1235.8991041853878
55.16375696051243 184.44951682478555 106.07095015110724
158.8772653038558 149.16523337146327 1477.8840365826086
338.2203407978588 36.881964785571824 816.4583696766449
93.3647801184892 105.6317883354976 1314.3240658184075
238.9822085087198 71.43565709586579 167.2694486764732
84.67558411833 491.3836163322383 581.8856318521457
110.08973392910242 149.2761350396699 233.56940132241937
114.96296329015496 293.6188047417382 681.8646273970055
109.09923321124879 62.7628928307005 1474.774487539941
142.01470043392135 19.763662259324015 1248.193575964884
59.99478776730008 706.0043392669912 704.4606485990587
356.55272713233074 275.1757129699678 308.36035295247416
214.45652589094436 81.56532078106639 759.5275888997597
168.12456485554864 167.13365860303716 634.6258886692261
59.90894982945941 248.83802449484853 1032.1990236534434
171.23965038816812 222.19209845710623 1242.6613558618676
318.8178754933468 83.63731157749385 201.25125861389975
594.2145692581685 146.77232974305247 1484.095210513096
13.991240903973015 156.54259724044726 742.7346428686286
42.88142595541798 130.14174015963766 572.6807831854125
384.6811854102329 67.27960635188407 593.0913773696484
248.91451092776347 222.94706498612194 179.60675308406798
201.72228996861068 40.21792243700507 1331.840157613434
72.71198682415022 694.8311027707456 1219.0386765631447
170.57964049709133 226.89391508481833 37.02915041001559
24.332399794087543 447.12320220833107 1043.67446959958
90.01266826368436 253.03405202358067 953.9483006332001
111.44143292136015 332.48367823072806 1037.3792524714042
97.59549412250912 414.7137660740105 889.7829655572484
37.86148474991098 128.54473305873108 669.3746665764328
56.3161845406696 229.15978940917987 1173.6266351326751
110.13641413793474 64.13306024244476 201.7091704300656
400.556300425923 33.70024819426425 1171.0473932262778
235.1681598989613 529.6908070739871 39.90007312488475
291.219493972541 139.73727472880333 228.64314348558707
183.25073972912182 242.61497855215703 342.9700675382005
182.90021083842603 182.7257118888035 877.7258620448033
198.70197705822247 84.83090294739311 475.8841598628398
12.507844542148344 288.2544253609837 151.28173534768507
473.77388306792403 33.94466436760003 361.26408092831286
187.5717048488875 203.3580376870498 393.1632580656868
10.906737734880656 26.688973107169957 167.67652336449774
272.4088081674687 120.90314895847689 94.79739484501381
15.286374411649009 43.84966263924775 859.3785290680528
12.082115493999417 236.23442691698838 311.1222026502792
73.50123838915299 25.523838843372857 783.4693886977246
118.98874057820434 49.174777025786355 1010.1004674333489
7.4053239585297606 299.9068229141667 1193.3494405102374
111.06135974345324 6.3856513564914845 659.023280312235
14.000452262626862 222.133681040416 1043.1275109051642
51.1503649795303 316.0694147538098 45.15328952971848
73.03369425296593 243.59045247409233 567.816748194738
236.1597869221253 60.02768945337535 1148.3145021113005
189.0817064921171 463.38512807186356 1398.7219299711755
163.54410918905768 270.85547185533744 1430.642628265564
8.227590459679352 25.535028789672793 238.72079275200753
82.2551413333606 71.91102574100366 71.79443837680094
346.0345101350128 57.52398152360385 1230.1239112317555
640.5792748069105 831.9991020444809 159.26778428929833
14.681115365232086 49.81636059467016 1062.6953475530609
26.219181992051166 50.5762542538197 231.81155458207374
191.82611757806978 34.321928518194454 1384.5514006587196
5.727747718202304 656.5733581433025 1006.2343089701363
0.1771886457833887 166.15934408302448 537.9591214862189
101.2411068542727 62.62193192563611 1025.7355723638757
106.80253576802691 87.11897921276174 833.4159298838723
52.918433365221084 212.33372763810596 244.66331590765355
46.70206648931662 415.6334103978796 1003.3116622900615
652.7446275317081 20.905478975913276 116.52088687546936
153.168805869469 63.171606936080984 310.4469808824968
563.8458450509082 123.14525198032572 1302.0863628682043
102.67204194284334 38.935466343696454 193.27980962902774
256.9545202821417 29.61522516854548 350.5168061143044
82.60807106187823 47.471926836626025 167.47268461013053
253.5718310747428 224.0969966677313 582.9172302493683
33.64998935346738 27.43056590782773 180.8900195748917
10.197831870095202 11.667466195433528 1386.1330670260822
83.62596340526667 42.82216892037739 950.0857810317481
127.41215847007179 153.76895955439488 409.66698185394876
468.3637585728394 36.099718557407954 1245.3496203828229
188.12130703674688 54.209323898313656 1077.9155363369362
135.86578558436005 4.878206239196247 1356.7501755558433
134.803341641679 152.36266672917347 1135.1569224953766
16.34798006607886 344.7296162294637 1257.4762802596044
252.64377690301748 530.3524054463854 819.0440134235924
145.46710988230305 89.62837228028191 1307.6261233621478
8.464856797314384 232.65051779264078 115.41513946002824
216.4652697503284 30.148281472712092 1294.713963498869
241.60557456592917 154.15421237015946 425.7522650951119
80.14777161805333 116.18200027270169 466.30397858117243
229.95109180109333 83.95841153786043 841.9428662163724
429.9258914687748 252.66711107763325 1280.6952218689946
82.02155840076396 105.57442181250177 1472.050557444651
229.1173832197725 455.99673913712246 1469.5786679321634
32.23419612402194 335.75300327649245 411.60650874428035
59.05248144717372 270.3963312902934 430.9689787382453
132.9922114493749 152.79679495760445 814.0312871782209
14.864868158402622 85.56254206433411 519.9676373694101
33.1857721119151 281.43456689324734 369.7919783752576
321.602801963191 79.91289910665496 1166.633741373985
462.0328043868137 472.4776265683436 106.73902671947566
78.44514290984392 190.45519391923645 1041.3576895687297
299.6532698878146 47.351165655069615 1003.0205981269261
196.83172601300254 972.6839696790532 904.1363054070505
42.32779529749364 201.64666292387042 829.6920828682644
130.91588097179348 106.06800110822083 1404.476784026349
304.1829019918507 298.7736183376119 1343.7964626295243
9.769200860527238 100.66876822049366 510.5778695266585
40.69712476523435 31.980042072092818 396.93945148217784
213.23165667527113 45.39597167168446 819.7561867632114
330.22291393562017 444.63255016420476 881.4834008944441
28.234224442710122 16.09299805155727 400.5406605427696
350.3349938897367 243.50454000939044 897.9555644489388
37.02441320702837 110.07492247458153 237.34748469182094
550.1762079144604 76.07065262654585 188.99276680829925
619.6596438645087 219.8771925026569 366.26107545400873
203.80882058140827 75.29785738121106 538.7616098481245
261.1670984948054 29.45832835338858 26.612241637579526
477.9094663865801 31.016893303238724 974.9944194232338
298.04004727088517 65.59513926438044 1302.9071322500342
805.2525834342971 5.156273543163638 704.1704633605375
516.472506209281 61.60977556556615 371.7961484198507
206.88592181157583 207.92664688315057 1204.8854065864266
67.5235113007857 310.6894929169658 595.6272874935424
56.198074848340575 20.829998431430667 1406.562999785779
149.43674511477323 99.36372831677957 488.1583999789098
88.6037435607628 574.3593427573172 1262.6610064674765
322.4903731882676 220.61859176148008 1167.4513979384874
300.593678056035 47.63441886029647 1250.084921356668
68.44861121427175 390.69467541943936 568.7751373033486
113.88469628218539 85.54114203886357 1038.610656281281
257.36741085209934 50.085021467606396 1324.3931140965096
5.998553560195902 542.0437176663813 708.9485269516441
5.354338438209724 68.51212868225733 741.2191163756521
137.68318541183285 269.9600539727424 1003.7887639015813
77.06462002329948 11.11805006374465 37.18152708189487
1.8869570192183365 194.37944583869327 985.946527809053
16.5865224703393 173.5503228521989 1166.1344504133829
107.60890432904175 681.1636387044273 369.0726036896558
371.28827816354635 94.14461806737097 1174.4170995839654
300.6190384042807 230.05001790679475 1402.9846509152742
243.56328911704236 1057.1962805159492 73.88935983819023
197.43691211381477 148.3649928222274 548.3794129344859
174.7122018518428 35.59426714767718 986.1709453560616
124.91317921433391 322.99164044650155 564.6764625431694
113.12871552666601 91.00177016959789 708.4082154397478
70.60587595335801 10.854344315965573 1172.317778971568
1260.4826680470717 432.4767511572162 952.5357348506981
355.3253697927913 159.64900976240006 1443.4251162036685
279.6871511360435 116.81373552110574 1134.690247447155
189.5261541939363 1094.37300393041 309.32256885741333
326.09868903878436 117.58352326845487 384.74688784066916
12.903620866068824 500.4639670121454 705.7115285576201
13.891314194046295 2.031039842459213 697.8687981215921
82.72271273619836 25.49565336754305 600.4287940806397
112.1970768866269 131.76740394701255 1360.6477881178114
131.1056026981277 267.42167211077805 270.6460201766904
691.6861521203817 8.764172745534774 390.0772093750812
227.20266642211828 276.1867409919234 1102.197087506561
300.9927432833301 201.25321752460778 997.4671287117495
28.15106152278588 144.20000133321875 80.07461950453387
175.3426440048799 65.09341960472567 242.7331766585085
40.23204275084134 404.7362487139206 555.0761930016066
244.91122609955264 25.858438810971034 810.0596484948585
231.17072148931922 23.149061011037343 1017.6340014271461
741.186677930993 627.6927656028504 642.5895609201684
234.82438973975528 145.13893743752934 167.31318996409632
171.2660605476819 503.33180426343966 1277.244141620186
247.68831714876268 271.42031173002727 819.5202573070604
21.37275694208341 22.7047833826147 984.7350968950425
168.84970024717057 65.521326864319 120.5687893828658
317.15956721977693 124.3614897907128 33.643320889024
334.8726098089683 269.6245107923491 55.22668212886428
255.43089961732775 220.72117156323384 1283.5834887594028
163.2451912656575 488.00801598352496 1384.4206393439317
356.34528784068215 61.80803630341154 1245.6945481456025
5.254758447572781 945.4005888584886 982.9101995381745
103.24257026872117 520.9139111748505 777.7199606357154
294.05618525881 808.2952127284706 290.87382996410344
26.042845459809694 18.103201663743604 27.29088163462223
671.9571525067287 50.42722591463511 1254.1376092538208
519.8505248685442 292.7527645214721 834.8012080051186
22.47869790227315 200.56681524077268 598.4619956816449
106.93126334611674 20.58663794067389 903.7365795029382
149.03881720166382 130.8127573914045 662.700944409626
26.7564611971376 221.61537526719036 208.78300053276877
40.98927412446315 162.95726066700388 288.5204170628551
49.74020177574482 455.2201657089726 142.26004232417887
267.26719080691953 76.81030038438053 1171.448530646321
33.61510171340169 537.5235730300266 819.9789411831835
33.80142541091565 17.664584018452445 1482.9616959164655
281.19418623334127 132.7223025509446 1091.7852863603089
233.63458661734109 150.0331410407885 69.91508108364187
415.7773671642352 71.77056824287453 856.0148815550154
302.18036189388124 52.24219570017708 1135.600062519961
368.45496775094335 575.4651826353125 762.6204072767762
398.5017542346913 128.00882089051865 534.06331555513
374.0156039684457 4.154379378356529 510.97554470416947
88.81995133858182 53.53784353289159 1406.6983076737972
267.8737698379547 241.479666551814 674.9695004193909
94.735812830892 86.62900230688372 652.6144579933634
10.270854460004292 86.8205993075271 1157.4798587259095
17.988306416688495 526.2081864085796 363.5102042433634
