350
77.18992335541796 169.98470319463925 1110.38281362177
382.8421271001622 583.4949068258233 419.52080683673097
26.804349431622537 37.71829741173175 744.4756230272483
247.87406305285188 59.19539173742186 305.3477943703734
155.7582395138365 248.14597473816872 1154.1619460886488
246.3279226475731 302.93363042130375 1234.3404674518763
2.959614883963745 65.54310540958016 817.9805145707792
27.54777740746695 442.74381337504866 310.40561612411153
11.728817711612255 99.87207135425322 660.3234202162157
66.79213506025057 168.68604848868964 1007.1628249260143
158.95271714532757 98.85713150077095 46.49354085006663
75.94824073544085 35.801052279334726 321.2155246873341
355.24349490836283 109.06941143037787 257.7075093771922
411.88240987473677 139.70379853627568 408.16769347732446
179.30486970316605 147.3001055478285 1128.3906528988618
75.29878649942641 108.57945793849699 903.2173299976521
154.13924154240001 18.10517423397113 172.5337299741992
100.89141800850176 34.894440730109004 98.68636293372707
8.77814684051248 173.15522852440313 419.2350932448256
76.06368396075493 106.40755175383494 905.2622118969529
356.261217839305 229.83995593889776 699.507304745822
232.04530246381765 46.79431514972478 760.575607558319
218.24849647170078 164.69334891839728 1213.1110932635158
57.75092918835912 351.0905038808348 1127.4143584423946
242.91715862611034 189.70066918382523 1027.0435735294668
103.1999641529934 262.4366253858503 241.41176737105462
497.14703693954306 964.6505928176904 949.198790751811
117.13370446527671 63.37429120096928 1145.5714976513366
13.941463830782844 693.1458680276305 1076.0756063953959
252.80057688781983 402.085300274622 463.9794375190078
457.3705146086032 48.46463156109037 1294.20477945843
41.55291878717045 163.57767590253502 632.2045617249212
123.11192335575123 300.42061730950246 823.3184219724483
49.13582121584339 917.4306898861936 965.7729756764562
201.74171176406773 41.90433939520125 370.5073993574819
471.4290012958404 14.843995575730117 368.47712061315315
352.522424173017 131.7048063105118 897.1527992387819
25.07928536481027 215.91817028245308 492.2219895012943
491.0416140050179 5.825768557972097 1094.149974447222
651.4104413780761 409.8216467105336 810.028814470783
891.7289346569632 181.14231735703015 63.40726168931421
20.593317000251762 64.88584192129862 841.3270648984854
439.97474576005277 17.08026876269824 829.7386429628392
213.91940995038422 195.0259141978498 1486.6850348625414
28.79421313050279 84.40105532802274 723.4165456108403
77.44822606112702 184.02220572825254 1066.5256347683107
474.9413008716227 94.99347213310888 703.6156219050265
183.46166971131055 167.2952143812393 1348.9869644056205
281.4934017974009 457.3620452333575 608.1349506462236
7.503850865207284 65.6123167951113 389.87586887044364
9.149430035276518 72.69144814516912 905.1668232036843
134.99430006125547 234.51952670889233 1154.2766121479515
69.18591305782338 86.22895422485662 1055.8610198475055
100.86548390450523 24.04148631812823 610.2293073119963
457.32949157002236 157.936327765886 901.4504324947975
135.41661254007187 76.4412297111131 993.894904729718
84.80904647514812 24.653012213246342 967.5638286720731
288.3843344635241 43.26969228838129 908.6244010502963
351.7035718278136 339.165148138796 572.6831191410769
143.23027236302386 337.4324225341012 1020.5178927898626
110.39367847283208 5.5489434594217455 237.05653832812146
115.15859309374281 81.53058468118971 152.46772559912887
268.90610191465413 207.4596483897007 340.7594119181964
176.33593416939374 544.8089401225096 383.6041106915184
376.1940717225534 365.67647252873866 1431.140374218245
116.50785680709224 230.7448575111087 942.7381095402268
63.90458539414921 66.71238700944623 468.38188623980824
512.4218175307917 506.2676818219523 156.05485709958268
4.425544526793336 188.3323990292834 1345.0585784150637
512.6326816961633 93.20462799911529 153.5247832320087
38.54351577840299 15.634107408429823 1397.9536484596647
71.20693179576404 73.97124508865919 283.16441982613594
205.2659751618519 154.5535300642884 505.0095308375377
117.63450674461447 680.3571042533101 1485.774283930037
507.1522981385464 399.60575577921975 1295.1443467843987
23.215795822391357 22.075221249047228 669.9564019056268
213.14207535517505 271.5948468613426 1027.7823973846928
246.2387149896036 384.81281867981926 957.5062722010679
50.96624725041063 26.87290165891386 270.780732097013
37.173055886658716 15.176036679433015 1099.7570324626138
228.9458140125451 37.77221391890637 1198.5082153065496
26.324857233100445 12.233848221116842 1340.7051656535282
85.82473954788532 430.10925268885273 599.468960459825
69.36146831694049 143.80305496735437 1165.9866162442597
63.97926325559803 140.54945529286314 1102.8280405781263
17.551913242223414 87.66491006493882 719.4768586784978
166.19375337458575 57.88347007274499 400.6746199722569
155.98532552491628 217.17893405477744 408.09270789195114
171.14560296079188 89.9539060976265 1222.766472162958
70.57224547541563 72.94550380873372 1402.4171455073188
256.4368086970604 312.6132507609082 451.97299673886107
177.08838423400078 571.7446578051922 1308.699489041255
126.98739091057531 76.15738556080869 854.3786029922925
656.1710196423242 566.0259792878571 1189.4277163493841
95.20851083791813 109.63962365370807 593.2334493558286
31.602993574138942 69.48527144329879 1089.0068141117933
337.01792549589993 61.727716769269634 1128.1101157343578
17.33723928154679 132.9837788638538 1081.8120304569454
156.11827068841697 60.73312840160157 508.21093561199774
10.685546959921568 60.88519319694503 111.12219864303135
64.26014462652496 79.66965979975318 1298.5411902613737
55.45895114736796 246.45808102232118 127.21384718522177
472.29140662901017 151.7624772389507 1343.4336086332037
195.5370947304813 228.29378564534147 6.553647297112608
227.45778904222593 62.4217821279538 1453.9558870191265
416.0225854007149 88.22324954672087 1414.3318172850811
10.041360352552763 175.1390662564495 4.937958944987386
151.60803811108195 62.095892919549655 158.4862313042966
101.75656964799653 61.535036206181594 406.3234338097379
12.674615257835836 63.6184575112834 962.386055333001
186.57669911242107 285.3995118290715 1204.5867410737394
75.42622797812307 14.088897345021797 511.1816702939187
457.884450738592 435.99839458837135 851.0378972618167
72.25765959297014 440.8936182313327 970.6267063029433
319.3322815540397 162.9029249391874 1047.415230917036
365.52672937798087 1104.1516549872058 144.42446761022165
363.10151610681703 75.35153072499824 1372.0184247833674
389.9683608881387 92.47758247695023 879.1833755970318
560.6505300363431 404.371691169548 279.4551417802814
36.19809753510169 173.32782963258862 1410.457116021656
74.78749358390722 93.44988751983993 58.9604784497727
329.7793002101632 31.436062140265893 802.836516952063
115.8190439504522 113.76193402433084 739.286694171274
241.62164184588298 27.591290987984586 804.6861156323089
128.87761368488063 81.0857065695437 430.7115375036015
0.6844957985052796 151.98164134392584 387.4747005669626
122.5035739473989 229.63304059414384 876.577340923231
134.24518751916702 71.20660147660209 1357.4222910990397
567.7995364257262 74.89484780740409 404.1379699990532
568.4678938130335 255.91272110074263 613.5559934512384
549.90203710937 309.0361412063602 449.557527814962
46.5490435927238 207.6247294464378 602.158541828493
350.9004930422921 665.6468685204239 186.23205591457526
14.95067308981918 878.0795724057397 1067.9330098786734
10.289142469601673 118.78489462196337 1131.6392649791687
15.131881473119268 108.20248875027067 272.0826193478945
514.1878526869734 522.2268168340281 446.4301953114205
58.95011556689737 28.971757566716498 1397.1961712848795
93.96120341400804 166.28844336221022 320.6312629844945
119.26252920192243 30.885024606821105 275.1458627149373
343.4188398679984 67.46926717351923 66.61625703652196
182.48291384380562 105.85052780966151 1169.1983347411676
182.40725459976568 50.27163512281226 560.5895151834634
301.73138837854043 25.82911127630269 836.9905254934647
39.79334563206868 326.50592615826383 443.8998769725587
368.32483393720025 562.4644394630669 1119.3514937057766
4.160031274186206 102.34544381498702 710.6505518850029
56.71894845468308 294.2395204702359 1312.4305692295713
343.5762468751907 19.68534737349318 439.2897604959541
168.70981609775995 68.67367990994325 495.07070949438616
81.48123717184133 370.47959453811495 473.63043253727767
833.0185524078082 3.800801691695446 1026.2777330339022
307.8032885191691 10.416947611033674 1443.4071593384579
76.31200208572196 25.216301328462603 1354.6345754052822
26.427003151801266 10.252700155644249 1165.854994161408
244.308804809193 122.69378132738824 148.38156125162317
76.36383690124642 1084.8082033097444 785.1106671390237
298.4248988099821 20.94444331206513 730.2941529000138
46.34528613136767 41.58991353964767 1189.6831398660581
14.963156758363318 52.713037393431236 654.2237927005536
151.42456314791363 282.88568556369984 957.3101650078429
290.7601069842819 88.30159522760324 551.9955420521021
125.71214930506885 300.67189458375674 254.54530179143643
510.31611140728035 94.07351879486966 1155.2627031147726
163.04486432339255 161.694337847352 1344.956234100824
393.29563133216203 32.10104556056799 1271.2820105562469
207.7003052899513 32.01764228499406 881.0202513589878
95.68569495070224 218.0411311735984 382.8540625150142
2.3381440075621462 31.936648418300162 1158.8025292513094
0.45072929570407017 100.10450071380299 145.37614810674614
346.2604496472087 25.507133965787197 463.85348205108085
120.37541272077179 130.59347635241858 34.95695521493164
429.92268216742565 140.98359975612536 1158.4896533535461
101.20397165741008 124.7526543930978 847.0880926060292
26.44827798181873 186.56565264612772 58.719271636401395
246.2275695829888 112.18557651506286 303.17185084184814
300.96859514745364 225.14381230093204 132.55074248290705
580.742884992359 53.51375226095721 748.5901077218335
776.6254763407529 217.94088070552178 1292.8966339707229
218.73234313845967 78.82240025295268 86.29483488381956
211.14374416794988 65.06599232848315 544.5036917791306
158.4200228883588 68.53056407995015 1244.1131605412484
59.10587381944589 65.81988814540728 1221.7963115850234
3.16690841361836 387.6028177218641 364.34052864262543
722.974729055294 43.092688934538884 1233.3859102233016
159.6816036701106 242.03526251732023 243.4383659937811
136.79753411172453 325.3490732768004 924.447865134472
63.38721669722115 350.3836501284647 831.1331347827875
116.0439160240028 37.31225967825684 1211.1233339475634
53.277860364552666 325.6826997625758 1028.8547705159604
407.6092692129225 52.04966167327532 16.93594413056676
87.72047136267767 226.6059123722661 100.0804579579862
361.3665732065682 101.60488077606873 1171.8913706116296
254.78747833354709 410.1037189973221 4.585117585930554
58.46018199073389 223.98157398064149 468.5630665420995
156.12718506383177 164.67281466544347 120.40977265936064
206.35924742565365 372.6324895244303 53.50510202833675
92.82910457377264 122.32482664619253 1226.893050887256
242.3801415825573 389.41716619712383 1252.1402018671322
31.56354062822857 148.49904316734614 1274.635753031802
244.5569849778773 227.1931932947274 629.3438644958716
434.36639705966087 98.67183662024944 1479.8492744997043
248.2052122487338 641.8779892940531 759.0039450637336
229.08592688806038 65.35988249349973 576.0404380050664
83.96419465162445 248.3819880601988 693.2110561473444
85.67743153832289 191.98085547055751 272.81671202351566
145.26104707685258 6.483375896333427 1359.7656276263804
111.82765673945146 309.26469004420835 785.6516656781425
116.088698873162 14.935481030050576 748.1100246567531
391.66997143571376 56.836104500745876 1226.5474324950176
71.47191556459144 404.7281427061539 1470.0824942536485
160.48300353582965 356.31345336113526 1071.9111851752818
104.3267549837177 387.4787354185858 1282.3420140174137
52.12052267113214 102.96101190447591 450.9322163772294
110.8642157435901 141.483143267592 12.641898037759669
31.675297294006633 32.70413072108881 978.7158247398052
74.36950590009981 317.5515248550386 953.1766837407621
36.86067749743353 326.74310509970564 133.9159865220512
104.90112387374046 629.0609819865339 918.5499237433218
286.53504623766196 77.46170924457014 444.41791091490256
14.546040406471983 573.2470874305963 466.51849242777297
147.96978327402854 12.980390151804515 848.4807296608988
256.3610538184852 102.57076397849343 137.00166049878138
63.143640289102045 126.98057930671614 904.5206677481392
358.9610823730998 89.97432777626054 69.30206295315567
111.10335262993476 0.3820667257214336 191.90862654013492
658.093270744473 110.9556607867391 1476.7156420615704
4.572669037673276 96.00808402608057 211.06152684834123
3.202398572676067 148.90857369928028 1488.1609851478797
56.90198192362035 31.17598216060068 1254.0934061033338
60.49231113347175 274.93883459905703 385.5434519450471
540.4375071454367 145.9918860427283 1094.6938285089625
2.5564133524768042 86.1525316178393 869.1979119218825
177.5018551139807 188.65431869185437 33.748969463438364
568.077383730125 41.650622698576065 1476.3196494455658
223.44001728739178 307.3363970000491 315.2890485464181
133.2583942371214 30.84034818220742 457.87389620001863
210.97378571587737 1.373080018415925 1232.13374139557
712.4192390641102 107.56044775866332 786.7080583053925
206.92147520049554 13.845180276918502 539.166825607204
160.85061380904395 41.79538769233228 303.4663184161434
46.79659780827825 298.53539029719525 238.0548200667768
14.712241700640332 268.4115326584861 1272.7607319258952
514.915059274795 376.9110487392665 758.6879355103246
24.737922247962356 1099.7073465431006 566.7900267811559
701.0150031179822 47.23363472331602 596.1221282688822
13.69175996214789 140.08851513068464 790.7757200650311
301.22598726017986 79.82282213741189 1468.10362032971
78.65169222794913 47.33495011954626 613.0117126117487
66.58158495291907 186.58535243835163 324.32489263898736
106.0964911844851 23.440106247390293 167.26868513656672
44.03856992113006 84.53862397247214 1096.5840395590792
21.850481925293376 39.84035082228265 48.563647751903915
43.151673898375485 132.23397562600135 1487.160926680719
271.7219856339076 54.89739876380797 1042.5689727915126
49.003297169260776 76.92983771694755 821.5950540796462
5.172162195853935 117.52518625023178 714.2144083128806
329.3682846858991 40.33583164733992 598.5967282748712
235.23432370055707 483.9617840407628 1096.4892882028403
37.19533861228714 163.38838621255377 730.1520636231602
184.386150368354 236.7735057769659 637.6700359992719
98.4733248956455 440.90982646260784 167.01872027126342
46.76131371097644 12.971806830868577 1391.6564510633661
89.09934154220842 453.38385742629754 1339.5495931224857
982.5942918988707 90.33600055952179 693.083004529315
670.7967197422893 146.0156171861818 1254.4098058536078
35.16630744573719 394.63184584138975 457.801233954637
209.82609138434168 7.964523560496879 1306.3462587620115
307.21368869437356 118.97825440406966 296.7164810254515
336.74062569012244 32.27540962426046 1196.9595658135518
177.19458329959957 164.32106100491853 1310.2808375462469
16.85171252413532 70.1155164466579 968.5673364200561
324.6417781872349 200.92838541688272 1323.5728264884735
294.24435104189774 21.79486747474107 686.3094525695253
79.97906947409426 101.13739819941883 708.1697448093822
224.97374572877948 181.95794837251617 882.7542679932702
54.361142560687306 800.8879172913099 113.55150940198472
250.57571492901602 90.20546096299985 418.54927130357083
165.4467725735145 326.3320426529099 501.0606526101962
243.72369046452883 162.5257628530702 1481.911745546256
309.83495784289426 31.79316590202147 385.8414459577423
143.12713941457605 223.1017755639337 1417.874359664377
316.44361952663456 294.97261055620277 1202.208000323827
97.66191230054045 165.36914228579093 1169.9018479533538
15.820253502246532 255.06630241736792 429.61747729212334
7.149557230696157 98.15790873693675 192.1415470581873
178.99634130173158 156.78777797757243 271.00834226563575
9.55538091587815 463.6190596024859 74.61054017317953
136.33825618046126 70.85437680433046 1376.6522693897934
47.16699154730845 121.55426630546289 347.77212755490024
85.27125823578699 396.5957016976443 74.89757632551263
187.83063634278724 85.73461619032166 732.9324828673798
689.5962300797738 70.44521833752549 424.57778454277087
40.81130513832613 211.07151924530095 530.8709411642881
239.60292908234098 150.04652210859868 915.9563972901515
569.5132136211699 7.8608042447691675 1331.2957716468916
140.87804639286176 140.68882342835508 711.4823063122911
22.21750947179716 77.91317488177314 597.361353894321
603.4400143258125 113.44457024206855 666.0739069807328
167.1135413484653 17.233162330276837 1091.8439580052905
83.98770354448449 149.47042581396454 196.86203554770591
116.46930095533052 104.39941058052753 547.6830890241755
24.79538289870625 381.9361345029011 343.8028946998198
27.360150015564923 272.65012655278247 992.0553819501905
293.1191351900251 7.113410476237485 833.7258971049473
69.46756956053474 260.8227101057512 1043.5608393334842
369.2545758034479 8.266889109318788 937.2825798532459
216.90294036540664 0.3941791019612822 714.7635527375136
314.7717225367708 229.89302614103818 577.2837008541792
25.758446919870988 623.7289516777977 1044.9634088158366
1.5056410113425007 212.05137684913794 323.9168076124291
104.57894752122947 96.68196344987172 1172.4501120327777
205.99935188599474 137.38248834952728 787.5737722142637
149.8870418770497 416.5285949799581 367.47121330918674
221.59903417393448 106.50263384454979 206.82817047119946
245.52774139589607 106.6287565987598 193.26839490355724
74.22578298860368 996.2869520157805 1105.6217559573292
167.97685277206116 74.22099380055302 314.96151861026107
34.73389538401192 275.5823786469613 264.8751180782162
17.126868593301523 390.55356429502285 1284.4516828965081
241.8705655016657 1012.0601309779689 1263.879774557768
130.7059492091647 39.9312971090359 215.7358822790358
269.54678188910117 318.27045927258223 390.080585925498
129.81330134575876 19.231412403466212 359.82740292214794
179.0845089445896 88.02469608080024 1088.1274423133918
156.66397844322566 650.4240097106089 1280.7625865247649
133.82077552238854 3.753372981771653 189.98837847224775
125.11955867858491 749.9730081446154 1073.3636635710218
113.49658752809376 33.7253636263384 1002.6592158704894
515.4753709879717 145.7321257930241 227.72944332712697
57.6128904512101 58.18796087877376 165.77977927145383
46.79911913922875 53.49885368286289 246.8927743439235
161.9832375305281 368.6488087684175 951.1138074886195
315.9688731371092 37.3623944180961 616.7845626629725
383.6397249597527 32.10112900014357 1327.7294849755865
252.22919394022355 370.5059620240497 645.102161551715
317.66281223628516 58.64003686427706 640.5025476267498
92.31489532495156 132.78913705449168 492.29221334117216
46.49246925213015 145.09989279498564 1330.284048418409
23.55841676809951 29.648896968461308 1495.3868404559203
190.68849197754994 63.780918465843094 1450.5399834941497
12.82721763438595 125.45510833961187 1359.1665822770922
618.6935624103164 485.33921629749335 680.2282720852518
79.62476823871253 16.008934246222292 212.75459493989828
221.76806016458173 71.26621851893424 1142.5206997979878
72.74889321826312 529.5209624788052 1407.631195648087
208.6891683893374 156.4500402191695 238.88218305055403
61.68822716212677 595.2533934088035 725.928010179269
112.80796103217787 13.12919295193739 703.9388926287403
90.36965817557157 106.84728745676605 1339.657853956282
