350
231.44075224608423 144.54587124520577 248.0282090851744
457.7131600107177 229.73733266017283 1203.1555202681907
283.04186970639563 147.27645343373536 830.2998300403746
28.09327622396592 133.3146818039717 807.8500379096973
91.64568338621407 49.00734464596296 578.5241323292992
17.11327234483223 70.18195399095691 1297.484909268072
58.8258065946587 389.26553024252223 931.4298024710988
57.71454763425159 87.26067645553643 925.9154854969945
123.79324855576779 151.34727317207086 976.6895386783754
1067.0368502388467 217.92759213862234 1157.4476664588074
99.54239941542123 434.8909098204331 1028.7177184831214
46.9920467126955 433.7300255548163 386.50598303755214
11.251400996062936 111.45213471207352 1332.3683545751696
130.4758866212087 79.00981922458938 248.30505224982414
59.144529241755464 315.7831552337758 728.379121755004
276.4967508104077 132.57867605105233 186.57811069726955
106.4374990018969 131.26476329259094 201.99813085780505
315.7248133305414 220.60583297537679 722.0110225522815
120.84814427908728 315.8962879575127 651.0246245693902
170.46572139139647 95.97513373192012 856.1597143569272
51.819009078410225 337.592899043089 594.8984940288304
185.65529636514836 34.542581404509086 1213.267918718127
175.46040157339024 10.480239159898781 221.84299672564296
70.48771265974851 23.08319033463316 513.6777835977451
33.57225448808584 339.3469967515692 1451.1020294936682
384.18285062179 131.99866000943732 385.52433009627833
135.23501487462312 146.00940590363493 560.1494210934702
15.565716443733496 644.1230560033918 443.5800594284433
3.678542827640803 167.1532877069438 226.5587302195155
400.8963339194584 38.04009650006794 1002.39694305862
107.15929036732277 329.38894992772856 901.0462658728707
27.517362827885933 60.097046842892254 11.794824933788972
142.62680166004188 174.7292671381153 875.4875935249853
1065.5827360120156 204.76025261428475 596.4672587373886
17.03360750985547 14.753365395000609 1416.3369059463557
53.596911659891965 119.72700367500559 1335.5909530622714
39.57608507253145 10.12514387197497 441.56075136637617
81.26129352992902 61.626217074386524 980.2990108090821
337.99375328373657 16.409487826484675 360.142913954577
438.6240347034724 113.84582707369803 108.30393174644465
30.39798820445714 215.32987332851826 953.4202657942826
646.6438910938309 171.86189907786655 961.5575564206671
233.77416024938262 0.2612950415355556 214.49903542652427
145.56780325032727 181.15561631612655 592.5733524893787
477.9160775112975 270.49834244136355 205.4769348533389
890.8121158961299 267.163141742058 1261.0784150082013
304.8054139892201 121.00622378908706 1205.6428448598074
189.92594413702963 86.87556789859487 1305.9619623585397
67.38251448323965 161.7648380465463 182.40965331937792
266.1054522188652 25.29606843097536 1015.8221897229638
274.2835485346629 321.0338624001361 714.5257388424671
136.6967104715021 47.08842459568105 345.92867972393645
1.5238579395597422 71.71765263915923 757.1154961288022
449.6111598348916 61.32628399762211 901.5625700647458
117.32360448081852 20.490638213935352 361.954447650531
249.52474415237234 242.89767063859716 553.5002594427237
67.84411391128351 193.7596960173225 1367.10389467899
3.301073012903124 92.66175340189918 1133.7385738608787
120.10707787147147 485.1959614264441 1480.0497386487355
36.60596806847274 455.95105283734574 442.99252422531356
24.326674380902745 228.89114677287506 984.7841636618122
97.30501491488312 6.378647028233226 21.497405691369543
332.67841596543354 310.30581217778695 1099.5281355586826
123.25475919909843 24.883258904289168 1370.6201224870745
199.62605927379403 237.43604155312238 560.2981943629602
438.1838058087391 245.2550842367169 1457.5458891879111
127.12606429221283 345.4861893806647 171.64401000040257
185.2953378770709 74.34490598490669 1107.5602313110448
316.03605669569913 85.68877934012168 1020.8728139444081
74.61526732286237 381.78630170824334 687.7768007758905
1.2820026005204912 37.39251632717549 1058.260761774401
148.05487860822012 316.10427574522964 1043.0158915228956
120.8437686478865 10.884342001984185 1087.658078003735
20.10174300129234 40.01452403735461 280.2605011867368
66.07836358381508 639.7178739867851 594.9276963566388
200.92608823398598 64.27440640928207 712.0664851887425
400.61978737757454 2.4384938195618644 631.0510842315229
230.4937437875199 146.03053373207203 927.6429392325249
153.5194498293361 91.01642192226488 360.3114524654418
28.528188964502032 48.717678266490594 1366.165544292088
174.44048192129085 76.15881154916238 1446.4103855855028
203.1643091405585 147.92135190940564 818.3765692277979
115.03427494772633 60.659521906004386 1219.3208377001788
203.4802597822048 90.16086692280118 805.3639529032525
9.351943715070282 736.7403486967271 21.89830690310074
30.52718294874701 1199.0694553736712 1423.199304768744
21.28031004100062 34.9753654724365 1063.87337190525
43.77233127363411 174.58574618919766 601.3525350793793
216.02931513134217 117.67107131051739 1209.952217812918
290.1072091845502 54.889512525646 1110.730613752601
92.27143312092478 9.220104096225851 360.98107267495976
540.4535588524456 436.6629578582229 1311.2691267130785
283.7863477218776 64.57020159081097 1308.7941590093458
317.1827884367944 47.66055887542499 218.22908709937988
268.52238635772846 100.15447602409968 63.14213911330546
92.8132731704194 298.2523288283886 455.6135516594804
228.47428953835248 838.1327823125566 265.44307722528396
296.88398074812613 149.24238097566226 566.3533759469096
236.26104649997993 109.80017796141924 1282.4848859386157
264.02141112192396 65.89889021808322 166.91363236048772
241.63784681783503 5.279584115533185 908.6298179918072
171.5050800041161 14.252970158806011 626.5381834815873
46.21242036007601 154.13604038444782 1336.1400625868544
59.59481919543717 112.13748407932205 495.22843367562376
103.17965052001361 367.5724590370455 625.167142399652
56.37079371615082 702.4788037911392 472.9957293163933
268.0481806248369 86.42848175338746 175.7998830475772
294.8903490824456 267.48324981865915 1002.2958420943229
85.33572086437303 142.37754462403365 921.0209030978723
78.53956014133234 66.0351570434495 307.64748696901177
80.52364501446209 0.05397861207150597 465.67083344057204
189.95763000073924 20.05709703792048 279.2147814152502
132.08220124525758 63.38423360281975 558.1906121591855
452.2860327483976 323.6755091981436 477.1857771878827
68.86575397820768 741.9157991908592 1411.3092380239457
549.0872559536302 671.4088695091921 763.0254661042648
308.84383514013246 100.77040331123392 659.9972486737239
270.5824095502885 233.9412286554151 1164.2023516389304
144.19386201953043 434.9524166108542 258.8206819491314
29.128578208974037 528.3821992989725 630.2280743360221
281.7793505059381 519.9291248734805 1119.0148713349315
17.50040285017648 313.81166922849775 641.5118573443297
9.873760326799106 326.7611914953889 833.6407304866871
21.51312149854341 368.7546713010098 1084.2013699210283
166.88671905343503 138.54674123180487 546.1268783719195
233.30911942052745 113.14488622500261 1135.1017127323198
190.67622853460736 255.76110232132189 724.3557220078335
133.23689017805145 28.41917560211679 278.2252174576422
823.1132490659741 205.87804837015872 905.5284592946097
97.79478278256784 413.68404651655953 606.5964921866287
97.12656939607099 91.23088251063066 417.92525291502204
36.159041517095446 346.5940093511294 511.74879512077086
52.15163706738031 159.97948272556718 607.5906242497773
88.1555675927029 267.61299378124147 869.1142767236107
106.33232150026637 56.16307885878156 1347.6871951898008
793.6747689989986 17.064381327656783 451.8141338392793
22.908858735183895 153.7939324237535 1456.7873078078835
362.9330553940486 197.06570663582204 0.5128619562758119
103.67279783803878 150.15890757336703 1334.3927515501114
393.65122520640574 282.06889059691184 1263.2087633825288
571.4600885657245 116.11163791458114 40.384071654721964
8.237884986104852 101.54826974048501 906.9552202447614
136.77001885082035 128.1958817573123 694.2290474062199
48.734014980449324 165.5914812481448 1259.2496235859917
23.860409330588496 643.4964592120665 695.123819440236
63.22061254135123 564.084297178373 532.8049903775461
158.64806752706983 126.40410723086023 357.7068711398245
56.89151244399482 30.092816198350935 902.9380861609951
248.514611461121 805.296873782942 332.6842716123735
47.6609325310481 45.657669040359515 1120.821269352606
619.2257560975452 100.20895830789878 256.59902990731104
131.9631573280367 399.1624910047005 1105.0730804556558
185.9150338298322 244.4624680663594 266.46821471782636
77.21981221736314 22.807388906999098 683.0431093186143
258.46977570399804 84.760658896191 1102.7549280385701
83.16941578729406 19.537030838086487 354.81643229288926
34.358567648370226 669.4212664310068 120.11987316292971
201.90479832488575 16.508889573559493 114.54575910284592
169.42686713199438 19.63948557159671 479.505457883201
326.7858447324072 228.70068618453362 2.588288899254221
158.883615957555 151.7766444247588 898.9481601070325
246.96447862458206 303.3750220675332 322.0496176084657
137.90220395668615 160.7573547967937 14.307716213739551
32.39762611813507 649.800329871954 751.70229998011
117.43821113885863 217.84264535946582 1150.4608380245809
83.43165130959086 333.10933737644143 1169.2425094062435
260.31516508431923 25.342370792649398 1321.9893790600718
12.99611419205296 255.57421848811833 359.48521874220114
367.3199979857327 246.31802328496283 416.6996136335799
228.39450152367763 228.64147657489872 460.72429036275423
305.0057173960587 510.5189473842679 403.6101002994578
244.58872824165323 582.1860297547937 150.45707333862956
664.4750434029153 135.80893601397207 1388.5077803834167
77.00215837318567 12.33574721083104 1154.0204130551267
6.361801804233 222.08116476569825 1076.769262002702
497.5850961129636 94.78236080017524 309.1213744610724
70.19395358039885 569.0737424931975 127.59649150849478
112.72944091567958 386.05355812262695 688.5519931248491
113.54962157994576 255.16306874980313 639.7515181109575
359.5802799285372 61.65103871572114 797.1528976992975
34.61589357197676 30.94575822114949 946.4841899885902
5.967480332499922 190.98405612983848 880.9787697835512
265.1182137448346 585.0446188324298 42.418942098336856
119.191098571795 138.76982456678198 25.94670866481108
37.25197070091 65.57174390942546 686.2341878939095
55.022348409808195 6.150741962210216 926.8912584878249
142.40537354578794 163.56476865335839 1381.3808014171514
52.302326936349516 76.39396381865247 106.66252381548408
391.93572954012825 522.3768572755401 942.8089599881938
130.02219271192564 346.7886069677832 1433.8646888409555
75.40464107999189 442.7795724568161 622.6094150813337
466.01575752523024 278.975662566258 1455.7357965921915
963.0049680997931 127.41496829512226 382.79090939480403
194.19734080620805 220.71903867647958 1491.6281702838744
91.15537100705615 92.93619259467145 202.57767826043076
393.7866021361374 573.0223032408146 779.5563314297151
111.17848987196226 48.08443728401963 781.5292818144555
61.656848083094495 138.86207003035983 1097.1899899652012
292.9550226618696 1073.4382459199453 659.1135444146848
403.0145462900328 4.141968332349174 799.1757520846392
46.87519688633797 173.23109047079137 1373.1386289241834
538.9773163617024 52.88968765033161 589.3649166838536
17.682746093144278 150.80976300687988 36.646746754313284
134.14926539812993 226.89802310600658 44.76164266712396
190.2032417569991 56.98612773176278 173.24239636597383
0.8606219077167967 111.06541526428926 398.4795661926844
474.11902581304133 295.06460459852536 131.48856246619494
438.6023693114993 650.4964167954682 914.497170505091
31.23237362534505 67.08471853321889 1217.2615202470995
496.89398006938353 52.16161107595083 309.8562855091422
575.6267262884357 28.647633384695393 196.4137334854935
322.3047891543247 90.38122992983425 706.5912076977143
305.9679885128849 18.513308341294568 173.9523828834234
52.49007405400196 12.833988079067554 322.49158161829337
608.8722571760222 75.77094148520457 518.5166716104355
135.6441535716839 39.51608857777314 1431.673454041693
320.30876748280656 266.4174166294995 1210.9672713235223
70.2157201740212 156.04234830505473 1396.3920884975664
873.1210702768408 56.05812592718853 996.5405277144736
17.413101801388905 324.57131254139637 1166.7138659020068
25.551553775602486 48.71373540408045 912.0827063662746
6.019534573072238 7.310215901603328 1108.1535119542787
15.331880351134117 251.64595710443743 730.0879447422956
30.277409572859103 126.78456281506776 1125.0052163582984
356.3316822647807 3.754064952381931 502.63370634523204
111.51332185784848 65.24227420094817 698.3758608865314
16.52148076537615 163.73525831902475 1409.7590831391026
30.406927841082993 6.409175379751398 1245.8378144649294
260.9341142594501 8.198151016959825 495.0665136889196
9.444143012826538 185.7967588574713 1427.8155224910631
511.473076057485 91.4002602534132 1486.3810648568888
127.26609046043296 50.42786187043854 879.6659125493766
183.63179141868423 22.439445696506404 55.18097319985182
102.22225918539844 53.52307577640379 1262.5988657792982
472.09448457062297 269.2473434096554 8.42547034941582
30.086702787554557 56.29151284755813 822.3931739600764
212.118037218407 277.68742788094545 1282.1599852267045
85.07105160937324 104.36798720396826 1330.159235999561
231.7971851269214 207.9630014402864 1084.164981266142
61.864399285388814 187.64636167865694 773.4219370521284
227.31997807383783 94.10919885643042 977.2048702864585
87.15381713459995 298.2256318568528 489.59250435644486
146.28538778007655 26.44581321167457 141.96953367059706
14.913832979243535 278.42762047564116 1091.7085364264638
3.0707047598738733 134.42068566065385 897.3070229116548
538.179530629233 172.91538797152205 926.5148419386142
494.0598873885281 262.7381268681809 1380.1682010840996
449.33977784038444 180.89886819279553 674.1950999957032
286.94174369681184 140.38866675546217 578.9795740494943
113.26664603023613 318.6214578129405 974.169597472193
378.54221930222695 183.4000257181966 685.7819315461743
183.84576119312842 278.3879315057485 1480.102476946459
412.6413578925052 0.9553669505987744 1372.238957484369
147.74478622209384 42.88686476693916 455.11428599427387
696.0513423955227 96.4707359726801 133.06722278055656
179.78079442971642 548.9085845155682 911.1551049698941
300.6807903857047 283.2615350534893 776.9903608690768
228.52179474588593 192.2731548632202 929.5395023600382
6.194150302302208 248.3251529489851 269.64893230740927
398.45729872906526 186.3416431202774 225.36867899770706
359.9355131587349 19.00788942484229 537.9163881264265
323.6346013397435 131.52088160628733 962.2182015515739
15.18341191251864 75.27866989797124 216.21357936321306
127.83916854831736 52.790040226431564 603.1840084252839
56.342206919363136 52.45187053573584 639.2656148355625
19.405807519421963 336.121749959407 528.8323167236631
422.92348457818383 238.02254450935024 208.90100724852906
691.9561173586202 86.4629672165674 538.6273011703815
70.33582387023031 24.797583680522095 445.0291678829672
62.68763208390779 254.2826708257064 161.08185373420426
49.311097708129545 17.54440038821001 1370.2795424235392
304.67164255340674 495.5180554410144 1198.9735359700271
146.2157852976255 151.15787646258943 292.9476023396531
92.98076283357635 173.36207779768088 73.0663870924581
436.99183000447874 319.93821153219403 1443.7244686234772
19.135217872464857 101.87826627224416 1070.0634424121192
113.91009517640336 86.67832614135813 1474.9107994461654
16.71148485488341 243.34244449135642 248.1867865794396
43.98442620678431 169.07000257320567 1291.7814037173441
688.5718118826974 486.34279159995845 1379.9527922256696
109.05534696631909 573.9800936051805 778.5576562037903
326.86441840425437 637.9302964760642 402.85898654551414
510.81661832973435 849.9169248669892 1004.2448151658182
76.4562002488126 17.528185724741252 445.9459151783211
450.1509339187313 191.37304913876713 1380.981664550392
361.4610165788177 216.3700661616383 1207.9843784078116
64.86152165351878 808.588272285807 1440.2176952776733
325.8554371123244 292.6720027954386 29.194886563030764
390.8886755223984 239.52584358891963 975.4079793131273
38.480340088104285 291.84286923988446 1447.8092901798175
70.05490579643592 252.46669345463494 985.4448388307984
55.91063620884999 253.77815948431675 649.1244875003414
74.18162695080706 57.20184992087333 1421.7947399128611
24.242818099615913 30.848208211717974 1266.1467069825503
7.684813595203669 26.28810906334536 1382.5127265818576
57.71888895382785 82.95631010784797 1097.9451599824279
182.46492769277265 535.2366374327387 260.3150686920052
102.1158699660136 150.63443525132433 1216.2222671756424
18.29725310840034 240.49884983025308 1163.9638018590556
155.13560029570752 137.76647421034426 730.1746244042354
237.8033860304799 430.714244825078 1202.7631835406194
190.12080983920546 10.611316636078591 1002.7333264709483
81.71185242137582 141.3375746916507 1064.1663350413075
445.5838407514393 63.6870484826736 1132.3853391145042
130.361939461234 163.72382697581082 1193.2587330497556
30.29413567565579 361.2874265543995 729.91231318881
443.75604855940134 203.03390216474142 826.6896548504585
298.4695670859193 318.7193527366321 1249.8125214677711
379.70751355375825 115.35432814459352 129.39980457875905
221.872432582389 94.07427705210809 1253.2315454730383
5.543684542406868 26.242793660828106 1296.100288817774
286.5743230275963 365.9651346156871 1338.3182771140534
299.7388906601361 313.651683027729 1203.6099042696562
133.88728896550163 201.99383548638434 1239.530023779077
709.8020068046675 251.12329898175324 90.14662741162316
7.385635042991649 405.16977609295014 268.71553643366644
218.53476320561268 66.17267802980832 836.0471537658759
16.799333246801247 252.25835543574408 1399.3557405626814
718.5833677555246 24.783302319822102 549.0294525971914
197.9130863392897 24.84499199197344 406.21936974524016
35.53837042237132 172.99699142119653 1325.9297751414044
54.7760328168904 86.24238031449359 1033.8057158468062
18.724245843676826 25.13176796993789 30.695639983707945
537.9361137824951 238.3129965096598 474.218485864326
103.68082377685622 4.181294165501504 461.44284448100217
101.7728054754818 62.02715876675897 221.77505605429093
133.92427902631604 42.20040227480909 941.9022217460451
111.4386444824049 142.5056224130168 196.38703344613322
87.84240166886447 144.76490537973186 215.16339082453717
31.82284041130433 0.7099132134132572 1023.7987909476119
107.63578102456788 96.95466975328972 1325.304074365766
218.5665606785541 130.1514466611088 1492.8521383511638
16.75417379192916 70.5917166647389 310.9999640805055
454.31691096881144 260.42111742760403 541.7805989678578
19.421859580366434 19.993945754194648 488.3965950628939
555.3004800559504 74.76324331226994 1457.8469826844507
242.67743122384172 129.54739748099476 407.61599853179075
83.11423265281218 77.67052601978402 54.67244103183294
404.3286008735415 232.28280175532072 250.97722157630926
190.5928051723989 92.9595290951612 779.2279916888649
93.70076565489434 408.3619733279431 280.2638605469193
158.6677870169803 44.26158457554242 71.77290495895711
308.0740608665116 393.93148364040377 90.54349659710931
34.90747979434191 211.76325482764491 322.09721680344825
89.50066222393141 130.05768814617875 169.02344784942613
320.41522864957284 28.99634339217817 1099.9021792323072
328.55943896910867 26.62257851702651 82.67801918126506
575.1562067966796 132.27863624787037 1093.1242280976992
55.242463980652126 12.438903400911578 1314.554993455407
140.58449170945536 62.61165262907961 211.12267151019125
