350
4.138511479237395 496.644110369562 416.9691962669227
231.33771572176988 199.86123960607404 778.3918409577046
262.2536551874463 281.01733856458713 1435.7466790262379
53.5440654826054 49.640343584938975 1123.5997213677417
223.73958153648553 159.54505558751413 998.4249517913265
96.86993218349373 592.6922837457139 1466.2103732194953
199.68265089537823 468.68677164610284 253.21984197473586
68.27151738063878 173.65355113348565 927.5460155252906
66.86981591974784 515.8470404133739 1124.8205648627957
64.58077424330163 376.22117830775824 581.1955273474101
262.91956933693996 58.865843154201414 105.08484357299281
389.9277036440008 62.78791192279578 239.16004137594837
53.7610947808675 95.19468811366771 611.9339417865016
109.64220273134342 35.21832509256356 519.2486516858614
164.93349867203798 130.04636852036057 672.5324141639505
323.4018263560238 291.5977740363206 1430.1291653549076
173.25277980503222 97.98060409539373 501.87223517590616
76.98181738593071 5.817334083546878 51.45537383066012
199.59422997624407 388.26727466073936 1238.445284813175
154.0375562222374 161.4574947876237 131.1494767696595
165.45617974544933 50.036079080923614 1409.2280433288188
212.91624233582635 520.7444796057216 741.0892353143782
290.6030835669654 252.91223531054 1476.1379466927117
112.69725439542835 380.9534900512235 267.0069524927501
11.38890252302466 268.1583149210858 373.8418099529464
346.8861478638559 297.2138996812842 1463.099799606549
451.8346330870298 437.9912276524725 1008.5301688956043
395.8674176039238 70.46078231983442 816.6877323575862
569.3748076299598 317.41207710256884 541.306342520873
75.13881650354026 453.1729666750064 340.3150577139312
508.7368913193247 565.403308265159 1174.9762780618707
306.5386284111642 30.722784276261024 345.8851748370521
37.56719393896107 118.27912559970576 906.5648070970591
338.5147203417693 231.2292104204106 35.19656158793272
607.8118062269456 118.80592723155992 1183.966460935442
559.2915416336556 114.15916902912444 1182.6170498458741
550.9817615977654 75.85620904026732 184.2060061347331
321.6093016723553 170.24947800597658 22.737907153903002
83.87032218219281 408.3724005940951 16.044122872133027
33.88779628718095 44.55773704305549 514.5745113201148
120.34961294891463 297.06031878587555 316.691667368876
190.98202496767246 12.296391980173082 383.72815001130016
65.87110864816259 65.04864486851069 972.1921637444059
562.0221252862293 48.000320997457685 803.8980499939314
34.54816704473075 157.004241854162 861.1140749230709
226.15199816627936 184.29669717764082 311.1483922381669
7.376630377530205 79.78172592284263 1043.809261633843
209.20184828485446 6.086180172354286 617.7183503149456
279.78920864353285 270.0335967566837 1052.5867498631635
87.28127112580512 136.8027832706571 1299.379368958596
803.5143054245625 158.25285822755168 323.3245778361665
99.96451065917894 97.75292803378116 1324.1630137435136
247.3299333959701 337.3993522365667 384.2922155945287
550.895763092031 61.44805305058587 43.708892547750345
402.50020232888863 531.4763617544129 1239.304922703536
57.75818090125363 63.61008009265468 971.8834195317487
8.402632879826822 297.8785171301692 1443.2478289082276
253.43107213651317 1.2345677809448592 552.4259128662068
29.326388918292402 239.0213864958932 518.6823430889749
35.388828082873786 12.893931733114494 853.4112004239174
8.935065784393572 279.81224229777274 473.5741339524173
288.08217463554104 189.2365010992843 266.04274957459495
55.81444955173905 28.29080681983661 39.69781402532702
606.1943674512985 46.28853992900325 1395.6750520150397
122.36217522079735 1085.6330515222508 180.73113666453744
139.22809515990363 208.53922358913564 1068.546885785952
273.32001400417045 198.0975357838748 1450.0090309421191
14.058353051587819 36.464785316243436 767.6057647980018
8.783072516754203 52.6103214377036 232.32574480248076
88.80928592085154 41.912542085667866 331.7874475289778
13.786986995329226 44.08600873727121 409.44933585863845
148.48836550144645 110.65897703878112 909.3682120357886
91.65625681207172 66.34033094168306 442.03912169537085
2.2481738367672 68.60924288237116 1456.6451909869236
213.36812824856804 171.91677196556802 1365.9294935241053
67.60668592038424 104.97109396829171 756.1581354813371
44.13991510319632 542.5940386375246 1239.01421330306
411.7286770943058 173.4536496113811 986.6228529111806
15.427328544862256 73.75363839238508 1496.6910146024713
23.321273736750577 252.06042132720498 334.13703178030124
202.25126178236098 616.2534421773707 1366.6588949942523
42.5824416269535 110.94568304535971 1165.9911541797933
18.413093523884648 640.1002662565161 1036.5432610990817
14.887307345536446 87.12587563080389 304.1096786454131
72.70580809527635 177.0264675988661 743.7280539031946
82.06571754417828 27.834914037999308 1158.5775451793718
78.47002276283484 552.734736644243 1080.8952148934704
16.859890362299655 266.91289534895697 1449.9395606466828
159.63127455833856 35.37875076228542 721.588441443637
325.4175001941517 136.67067491593968 478.45803093588876
125.97349203271992 35.64620777341897 1448.4170193176658
161.79340121692712 21.367194570985497 355.0861419089402
766.4463423949527 49.68059081788391 897.2613531243784
173.76755391109407 861.4858145245411 772.5886058885744
335.5787248542422 65.23325816279679 1344.6411336726837
4.094933360373196 43.289057394788706 1101.1396586361711
175.97314041530558 108.16067711730581 1146.0190066613882
112.52881711864957 135.73163094669042 1387.0302418110846
22.72743182305737 843.3442266710133 914.4244058483032
0.5389907149183564 447.63446994234516 1012.8470720286545
112.11405427459917 778.0203586297783 1433.2338818171188
42.8337473449531 1.9399652926518498 985.7378654828972
164.93285698592825 63.98129463559206 1069.1937267466608
337.9257037086939 7.509432599890953 951.6832438576773
99.55214103940227 220.1561158371386 1263.201396229236
15.721636840079714 151.19400543945477 961.4143361146653
169.03724146949006 558.1596286826683 179.4030211137637
412.76137562551094 227.9137482265949 1328.8464559806994
553.9249378875753 128.2392972750109 413.07299262755373
193.92354846803312 234.98713737461551 550.8149994475941
115.18838568967537 49.08307859252307 524.1356267593918
27.434593763484305 471.8877411046888 1344.154194036428
177.26101864048022 45.66066084589225 116.00210837659652
41.35571800592864 171.17866398298426 239.6434547322691
149.8609623549094 42.04158773071774 1172.6068166771524
673.3703124251552 166.18980922467884 1317.496158957124
153.10914783110545 90.22669023354341 1460.894491833626
159.57006792847977 489.157732077565 648.8597634161898
292.0269784797612 228.3887619205122 1418.7107613542455
795.6366467274306 496.5057927467724 1028.297743206684
85.8273119928203 166.4734722992674 1211.2129547817897
42.269057143184156 283.4497839148288 1443.297700268573
195.4535551931138 222.0153153547077 1197.0467272791313
31.430603976641386 213.37723125014557 483.22394031872767
94.57111393509402 24.343333838719264 1325.651755152504
91.02857022019417 187.95723952413604 1449.0108720050082
7.087093464181788 463.9060549072182 710.7455313789881
21.208951490155396 179.6304305439276 918.7907180717897
68.82363697269498 686.6712913296857 1181.5917612140186
121.858610266881 54.83005224107293 459.8186763346973
446.3916242890622 389.67339454693325 1129.797996604344
323.4740096197672 623.5765039905299 591.6302089233149
116.01568336075412 80.49801393602878 1448.6082895485795
6.644937685590315 652.6973427228473 398.9639399983387
15.263265492163077 191.2802233779468 1344.7426413196172
187.61091954093206 492.7410571484886 641.5455051595476
201.38280325122628 103.75563359387097 765.9894466465744
211.75248083267743 83.87238297430024 385.02822006725506
64.75069713618869 460.3464100031188 1399.102318933996
146.0734488053206 106.55370508910802 378.83463520631807
48.60056517663477 172.28668760583074 274.3759093228761
260.49970351863647 479.37431018231865 1193.4616010301322
229.47316872386935 293.61481669861496 164.581972158354
66.9891184821392 8.622503353146053 590.9016440175734
262.41524019721857 81.1506749940701 1352.0680421178413
177.6588207631198 302.94828708284115 304.5398259960654
347.309930151198 153.61753626940978 1181.2666967657976
55.25355300540432 5.4427020722934465 767.5524357992787
224.48776743928818 50.01052100242903 1295.1156001953102
89.00582515824135 34.84371262607357 1368.7403041999237
66.41357300587185 517.5622752097601 369.76029799178974
148.40109520393605 105.13144486709758 180.4264947808169
16.994552185389463 63.07261430972897 426.9146741815263
273.17371087386914 1.448274202178814 1332.5333652777472
64.49149827085748 374.8337099025036 1326.0098172883352
142.36507674651205 66.85625481945402 1247.296801398421
701.3391550891948 410.3290467601793 760.1516034438819
9.0965811282981 551.9906562682546 325.59717550390326
199.46579505165377 6.464160737467468 537.7408872790697
79.02527810958885 224.31894260280907 827.824460265297
1538.5138974826857 253.3064269156343 580.154215177221
138.48691341510295 12.433709393495748 1015.5458986548618
106.50377727043751 358.48968427712623 896.5050166816228
87.96550936378262 218.37978609101208 1325.9204943668533
7.802947850891884 67.17618698534947 1413.7021944528112
308.2619655101217 98.7344060402978 233.86223821985007
834.2631158978027 49.866244944547695 120.30385772554558
96.40892495188659 287.9215871214359 966.8657780841492
159.0386729101684 111.660828183868 1495.5351899141954
194.0010887221925 50.7909373693364 1266.5631130930367
91.69762275981954 453.58324231865413 1293.851102292332
106.24580567837825 31.410898255967755 677.0768922509488
33.26450307155294 160.88687873645745 892.0060764010224
21.855402150753005 47.176013583440806 1089.8754124529144
76.11323070314673 63.051455328896175 741.8511641257433
29.781707135985734 148.88515387926077 836.3315853646691
327.70235199479373 216.55906834355804 1046.4880993466077
7.553341985748947 224.91960425435892 116.63813758998637
87.21219314932412 294.50080547543257 35.88916559299232
145.49320481968937 98.70585794161865 1395.8915331677767
162.18277840925288 513.4046543324437 987.3137130937844
45.558302581591896 334.6470521053926 1094.4976862070612
155.0409973935786 36.50486869965216 52.88807851589128
7.229926684696208 94.0621297846038 968.5594121521202
125.58839038023744 192.4662982750902 587.7592800880666
82.44978690003771 4.1184590240715 226.6873890508587
139.51974768227288 240.04197048674584 476.1279571142405
405.8632884354512 466.147520528067 1074.5802695377013
360.9180421630115 315.24537407156873 1215.4557501858162
130.78321238774856 3.6534361470824948 261.2345524780448
250.94656618044377 360.71020071437607 587.7970859050229
126.06432071619406 121.45144080917296 1309.4316772441434
96.60106237016427 186.95490090808596 515.8281066590669
297.9727327128212 115.74761786609884 761.3893143726898
89.53915287996537 150.1688642519938 57.7393183238159
88.73586648202338 93.0562280472567 341.1226335581311
20.830278884197707 205.95177580721918 943.1109626175818
53.09293830128953 193.54304138518344 1097.0250090256784
517.7846271026199 108.85103211499674 957.8882109128032
202.6439846377592 173.2559054703917 569.5673833176322
201.73192216652396 165.4565341095649 1175.3267674395393
73.76192699548241 128.47231289379434 1466.1968012669538
305.56457148860295 597.489168220956 1463.3394603962345
350.5304970929979 173.87461167597053 51.21670034009118
149.2145348782757 52.643025167964 908.4790072553594
98.08142985825815 417.1803514182864 222.61659107846071
64.66574493265881 366.84321915032785 720.0689382314586
99.33386423056119 22.912015447394513 729.4612949458715
55.16393971142618 216.23693817360393 53.57895988224154
237.40600390289552 1031.2935737716666 1378.002991633945
21.313127706569176 35.87561853685497 596.4651763597271
34.215933199704494 252.2861800421994 362.34793609966727
270.90053843674775 190.42003802804862 315.07231664982055
372.39313592257224 157.65178627263913 393.74865480253686
25.18900747432122 364.707287077343 479.8392270767818
106.83099592208866 30.3217479652284 913.6282750907529
103.11470804824778 15.202403237919462 121.50271728903772
342.8951402185101 35.943421075776506 733.9457651946414
20.30203454239033 786.4122616852416 810.524801470279
126.73334780703804 47.51209342643028 156.95244892649396
449.41234636140103 14.541389244444241 226.5179189465043
89.6541091194245 40.02959810754556 1052.7101375190637
40.4789480069311 203.50949582171626 71.36539374827522
422.8797278023529 339.19571075356447 780.5529930025398
79.99669707742886 17.297390950480445 819.2992064400224
23.54843392915263 57.10668175138795 571.875419717391
227.1834396860068 84.63903494151165 349.62399339007754
156.17453143287378 46.9558149798952 815.3022939220903
608.7871806785604 310.9534645625805 346.9302676094837
245.3057187774278 126.12340356360761 809.3151129295361
50.90674533655144 255.57757610239418 195.08264891983833
21.843432992898556 10.478608197600856 1184.0013712258587
125.7242438519958 171.32401968434004 475.77764978835165
140.58167909123506 40.922983883177324 944.8320334192894
223.76447892457296 562.8542862790603 1135.4518394907557
72.61413012761568 287.67365392817214 82.44661945604398
51.78915539365144 101.04249430760788 1445.6694152228072
196.48358958622782 84.20164471270739 1288.6794575645138
97.70432269101128 80.93168178316984 1019.440569647575
54.602586945218256 68.94303667430236 1108.7647637314265
248.9074504688543 167.60590081188283 660.6980017831239
23.269318670680867 181.30840948907195 1314.317758324681
168.87571489044927 59.0229144492169 1467.313207701092
138.8680697626783 42.39923546597043 264.95354924674245
297.73449333049035 1063.416170942906 71.65293889046492
136.19433462321004 103.58348205143658 626.5787943521268
15.281955421207705 684.592894789509 256.1401659915975
100.06019290455433 62.60498126918608 1428.2970424162802
79.58162424136023 105.9768274791286 1477.4367421065851
62.86929214841231 249.91069010134362 1281.5890390169952
10.658755799455797 263.0415770247123 746.7029426443374
309.0878535209718 39.72733685114566 89.9777780118508
51.18794718141453 249.91315290392907 1302.359067540282
44.59707231463126 80.48541500299551 1037.9949239394325
23.819597996097112 187.09227094388422 561.538329527122
78.77049019394983 99.50145549677963 1156.6400354202076
37.29590189083115 413.2003629252793 1341.3205860319024
354.8782762807898 107.4094268874303 1233.8941203288787
57.236305246049426 392.9246850841839 1444.8392118734603
37.85464396161307 30.599130569346784 255.7563174301883
96.22820155965363 17.591647368331586 826.0487651728356
453.5599012571005 372.13196625426605 1409.7914464122448
8.510738645453191 234.59242408744748 212.64376635984317
235.649335764043 244.40815062996631 1399.3275169091735
29.10975639329812 270.45783059429544 614.4686089511686
19.049314036549692 312.415046927931 418.0517537035225
235.8819438089961 8.078849507115766 51.0810280977147
105.19997550662235 135.1224910347376 437.4451271413885
411.2133035004482 253.64848437460995 360.82315412620693
8.905254414027208 53.14781364880194 1182.028129937675
346.91355497329766 145.4637966420064 1129.0602065450155
110.81747672995184 278.298850281374 505.2085397222082
120.42943418274557 375.2475865587834 416.67562454260104
19.44288015558918 200.54598027738103 208.78792158354898
68.7074759950438 465.272254425964 713.2045564415023
75.37664234286083 182.37424397631443 1345.7887867519337
701.5604732126416 150.83240179070043 351.3885413925782
222.65888145762 380.44281998768577 1320.822041343404
341.2479290191438 80.75168641049075 1289.524523586798
111.87408406126002 146.22351302573088 1115.538884901121
634.8056802486755 86.51477852608524 1337.9233915681755
66.00139738737654 316.3647449090696 276.5502391632186
408.9847942666519 632.526944568245 917.8300066505377
53.18928215092063 62.031871491495934 1197.5896084588082
69.04456651195491 221.2377435522401 1345.7435442955164
53.31022832157839 164.5635096312767 255.07026109431501
492.3539719429562 607.2628290217909 1042.0440783061867
142.45991341864067 482.20563474996794 597.2582110322585
882.7819466053771 1394.6625948450344 494.02809897328405
301.5998021448258 52.66564098746165 1093.573089090562
20.27286752153175 59.491839295417236 87.78580428914468
349.00553206306444 53.64206461181135 132.61915972689843
21.795740421710118 76.65132080548483 516.8669400021704
250.56363947957328 174.66273654578345 1259.7829481786832
435.19428182873156 80.08559998537419 1487.0604039799098
236.7054079715567 357.0695383164139 1014.6380945925359
122.04809461815063 446.8381023644112 395.74895782141914
98.33358616589548 104.55094818626307 1300.631508053617
50.45322992209568 157.66515973720792 225.23538706058315
264.9945437143178 110.71652723615134 714.2983114260576
169.694134508677 98.65971040728697 967.5097502665137
28.4783854827256 594.1195812824323 29.147840080645082
297.5871544211118 181.31544407817307 640.4722257359398
30.767918488302648 82.97058347863243 112.22818020252845
14.947236004415338 522.4299813407305 288.35726229480093
207.22958624457405 94.26545404998494 750.3869268491145
393.01531363514283 130.38493848059355 1339.6251404060513
462.8406014497071 124.0966141635909 435.70045751638526
233.1683312722296 150.29462737860908 983.2168218962546
6.947118652423099 110.35228400445547 313.52927756307787
261.4375241199445 61.82476945966899 411.97343767784014
142.76902577716538 31.74446565900585 973.4280235612083
32.54360543567677 514.154844170447 237.1376958649437
11.573434298502864 382.05741512510133 255.46544362548445
4.473012425983282 9.993444237616778 132.37979999133148
344.5549721193313 563.5890385250705 284.6612130994141
11.996161354597364 98.43219668352575 1414.5367206302562
255.90844814091435 57.80448756180696 1316.997667940755
136.96620709811674 333.3455573985744 1143.8626878744942
187.60068037166852 98.88928520108625 706.8856863142191
106.43769941173645 186.4813165005502 731.5411493531889
683.6850246921238 173.552408484471 385.1587753153656
67.74697056153019 208.5616403914634 401.0819911531354
134.13856243321206 197.19533923036767 757.3519885202603
109.29785895069924 48.269082639605465 1154.3455859883113
4.372492073968114 307.72439682275416 887.3927616897407
160.89290461907666 274.1075917882458 1035.2509848588606
261.9390552402511 548.9015264714905 1179.5251347063017
300.83728577901286 635.2233271334018 658.1903348032267
434.4620030391654 486.36912577490926 20.778124093870474
193.45137595598248 8.964145555713982 1010.7319503800596
32.07172813395485 34.42765892203505 129.20253882712063
285.4048533559574 3.4993023283585485 72.80666695527366
13.184949677810783 52.10270469988604 59.818498145117246
126.2378714964349 73.80288001958411 744.2303730898274
7.004098340570986 123.00411109497907 676.0454349022533
19.10077138630013 206.60372462298585 371.9076982982034
449.3296597916194 528.8152463874808 1390.596875441897
556.2005778603642 119.11539088081813 191.60058332679907
78.10364790667715 12.836240338808505 517.4114553663246
331.4316971636494 115.68495789481355 157.2059850518796
363.06482858840025 414.4288550902334 1499.17209804682
94.7497478443108 23.750581166773266 171.33927419092853
498.0331069301569 156.92674608887103 1058.1981668899116
251.0180402924436 1355.9807989472577 647.8774140572116
40.077089078980215 18.93977057425459 66.8644992782883
114.21342695673052 397.74404689592285 524.5727054449774
598.0577140665476 0.8501957917108907 427.806578275757
153.04319897069422 48.87547642130022 1461.0668074157343
353.3457259869373 125.470531875147 1084.7012519203852
