350
224.83310151941845 150.16645918456445 1367.8206994649847
367.9611006657402 67.1592420582818 1297.9018410483245
13.931684929039587 50.053167249673535 1231.0488526962292
384.1876804031533 113.89819734422491 1415.246328107684
18.01752877947785 202.5861679909173 229.4847350834291
245.56880961440996 112.35134025300462 83.77408725041785
253.93750607737587 76.77346171514057 782.0115055308825
23.426826137957377 123.88011276992424 890.8580188141933
27.71150459965508 27.4914880163456 137.5372991481571
247.05682348716508 277.8742541349144 1117.6233033934577
175.54406206431275 74.35966155577624 1293.3619702499666
537.8685188992217 212.21734227517803 448.26635605363555
514.0255602416106 27.202599744990252 517.5238120776854
59.45559366734459 169.0185314398526 1126.4839553990626
940.7832740408174 9.124822963808523 558.3627819459022
376.0941731024707 59.4085160357563 1340.6494976955707
425.4860631553233 159.11733976590247 301.91581972110396
80.35360633734253 40.09035328241756 557.85537645636
85.61553531599803 103.70153636594657 1102.689903661412
67.19805702071785 25.839756243984947 654.7392496000588
184.29378507152617 256.17825262180656 239.74194568610923
171.3699434706163 70.53674096071911 370.30195207282804
61.57438303016591 6.857550341690509 163.01942060831053
147.1271043549672 83.77306571193053 655.6545092003058
216.43550940724873 87.76891839954423 785.7685517447464
0.24124681667150152 216.32440797568324 1375.3839654118965
118.91409105965127 72.65327165820068 1355.416628857725
168.48670859273994 39.657202926568374 1262.01138871004
433.52330128609486 177.9981216215131 856.020306401394
456.28310994921117 8.274845933536698 895.308427619353
321.55405957492394 96.48723708726611 502.60004104788135
224.9612198729708 29.229887823272826 990.9407701154113
249.30395362748925 109.61028174126577 44.90617887467646
254.42537556207623 171.02265115789257 119.09825284437736
110.13344623766184 121.60151143417315 607.5252880244768
222.7300751303324 135.65141447916744 1469.1752371814505
12.397802709690358 212.46689625535774 327.3056873853741
34.20729460125404 16.749895476600557 896.7887661058941
27.05358374810868 57.61745904657432 1262.0263283750983
84.68456542937388 187.28262189719055 445.68048420252717
39.61443703356998 505.36529524802864 285.74489945297546
116.66813639856588 182.51990707144418 945.1100819948107
168.12002567803518 421.3439771305651 270.5147871188359
612.5110126620838 273.8675568358111 1254.5537046492514
121.4361481478156 243.1076747532035 419.5915776085107
49.95990245163845 43.87324990829577 1349.0470799205907
131.13057307990107 53.531280030349315 759.8797697660543
218.9862042433581 111.57970616948883 1005.9852956791153
164.7973808990976 213.84959839666934 429.987689704711
145.83591737854826 422.39620617345855 1458.9655271704582
326.9243801371227 62.57362660921395 713.0598088932211
362.9854400337615 71.15955773961208 1058.5317062713773
355.13652163080377 78.87587438338292 611.7517586956077
84.59633915794318 182.48129139609046 220.92063623494153
55.29020466635922 30.566235857695688 1299.7795497745376
317.42403983578384 97.26544301329618 1264.765879831295
828.4208989034578 48.344633762224866 626.2365676497512
177.54602231202458 215.09568728906547 861.9422394932121
13.396185276727051 16.220603617655026 348.01136905581575
140.97333536061583 183.36210277067204 464.6876107886966
66.02717977365403 99.39126215032697 107.41520317822217
428.6317932066401 299.6712468309555 1204.9932170367415
444.0463965285746 666.9022097555319 1155.6827642598125
212.00644966098406 580.9452331239602 1224.1771586557122
772.5807170794706 210.54830735428442 1279.6321780535925
10.867176883135306 305.6219870228095 1158.880765979528
354.6168552697067 296.73118107250616 847.0324255655389
441.13753955867594 70.07697847385556 560.6605000576512
95.60025428285735 135.35937888222696 1278.582179875394
176.53804820072457 283.21105400746427 227.44910365612665
238.0991791574619 193.38281372872143 564.8785298113281
495.29457923580037 113.56488125890176 517.8244242702166
147.03200398376242 132.67344158528206 42.3655070324378
1.7028028299454698 640.8586085205175 1069.486902617228
488.0999254834996 144.65038184469975 319.6327675600957
78.95528359351158 218.46334381689414 1017.8155124416212
61.32589191292256 126.19622456254822 736.5002085657155
334.17266064208906 62.621904365097 806.3609462769643
130.08320219621564 258.1538853969191 90.27300272381945
64.96595982545404 239.24712687180062 578.2937886699831
181.21719477362922 234.61952253531572 984.5350129232146
159.64402159273146 89.98138351484019 282.20824903078466
66.19722089359009 19.016669509147558 193.746748396095
323.5192160295894 33.524189632645786 1296.0713387553026
320.69681741605183 193.7343653959538 1473.0091357145084
434.83535391327274 160.467009278592 1140.625588257152
59.82336454559752 284.75176405216007 1020.4926003845488
704.0473094423293 222.41751987581387 545.2923585309562
314.605784977353 102.0558202221329 542.8120835785751
111.73238611433129 184.00954574923952 1153.1044149432664
206.5875384020511 185.60201321153846 262.6337114663798
36.45559211952944 13.30356702903576 1435.5515340910144
570.7343322132772 48.535325335217394 1.9342696191685382
359.9009063006074 92.09988470240648 326.9498971900058
402.93047448893117 201.33965472608537 1436.422113786633
83.73791734904746 43.39076815965774 710.9913155529476
177.75730634833295 36.745823180537045 1367.9938502042332
144.42116448529418 122.12444751918984 784.4451544359723
100.81758059550263 187.32777760130347 1066.7956523242385
285.0296780052937 334.543641546998 93.15613867800465
338.8053983553344 106.67465660766835 1030.464778888339
69.208339485939 367.95231040589533 429.44656004220553
111.17077907009481 156.2165280498232 1372.6795622746852
198.60711877050693 30.040290711874952 1144.5267785037233
278.8851266391158 210.77721018945192 305.753445527855
52.44435977439784 178.24585417794447 558.0650387009422
153.4198033337223 99.22425089489991 1219.5333087836848
385.8344848163933 124.19121317798212 924.9326016787118
92.90500476531156 7.7036975769336395 319.94334021395923
98.06996636697966 26.62075202699751 1192.826648516291
740.5336906075286 320.5667558656951 540.0509863999247
49.97928178526088 81.70120377743449 1247.166236380721
190.94947267237032 115.2168763711815 1052.607955989307
62.43757954473262 34.59159814039944 1047.0665960112335
40.6199474205381 40.60315710137771 562.748254053772
139.7055157113076 215.51605564151274 1295.3618686492382
86.07151670746546 51.00507357989733 332.55927290902065
225.11434022851398 17.649511664003676 705.3553540980104
57.07256763569715 29.593230857819286 913.4456169173603
34.451871888780595 66.15913513836362 943.6767654612319
230.01291011328905 211.99407279425662 424.8311822564045
31.105492892947012 94.64767043628841 472.28752144347783
502.70178431981793 273.54015914068617 494.4169676710592
267.701071828995 87.0461029662868 1186.0588477269625
156.11738040433718 117.68477105047958 703.9701635955885
41.96865001390378 140.46375862729215 1122.6887298341717
23.38722954932684 321.7742684111431 933.8012245671858
43.15020470005608 124.02189934977991 486.4251354528966
70.10996183710685 459.0265889784811 1011.4710570572399
24.326457373776396 209.59695820184828 1172.1419866071096
43.859901336949896 451.1904430244355 999.1524490744384
37.711679396585666 83.67645939757203 1119.4092910106656
40.20303498985035 1006.3985855153165 1461.5514334478264
129.8881622141341 709.2637649212797 495.45916817353856
163.8679288260538 729.7952259617215 251.88876501969864
327.807764422595 244.28248188663022 1467.1070729925088
173.13039168624763 578.942435793621 1268.225516731087
13.675598897017375 112.12666281016914 1463.3622123020048
708.9537433116062 576.1225994275 1104.437163084965
152.39989864826035 565.4944675071235 622.4362057212646
635.8000307475318 388.32156352654334 1274.30452366411
7.137132133112714 140.59547715965613 384.0200609832145
243.13569169946797 3.340465663688534 46.85050042090072
47.497503493748596 59.40840043868383 1277.3617261148092
245.21128319701404 58.38484050303169 1255.2100619286496
658.6798627073973 188.38972173954127 1386.773805454023
273.7028667877914 20.751261018488723 279.7284135008633
167.00777845804643 23.778682112471266 399.2684381727956
132.48382640403693 407.75134448919664 524.8429830747115
52.38798715651002 277.3701058434987 792.7565628689775
550.7839888517235 17.018364812946054 1460.0925203266215
270.4060178011199 305.7473234306378 1082.4695873857218
475.3058247867966 77.20896613439821 716.5491153816206
69.76092977440597 187.55988451276895 55.38431322231291
287.9035447375491 33.622561280678994 1388.0528768407924
36.765005683241334 76.91042628235452 554.983788953827
226.0809327192291 48.53750136800707 995.1302687435254
388.76663593834525 128.8071709986949 487.4398067973147
81.5843355783565 618.4077262367927 956.9833252634718
261.939047689831 298.3205311052848 845.5469424331679
90.68840118204974 278.20268205924805 77.76752870430947
281.675745461163 440.1668999334867 603.6481928378809
5.981562428386427 444.6260466220438 243.77939175193708
81.30164968049235 484.6810832407085 1042.6270884589683
18.52964681665813 103.9914963854649 497.96224287219366
4.706137139540942 136.0175694770411 332.26566882480216
282.7746597555092 65.91239390149475 851.0741897093501
16.837021205328192 62.52794412636352 393.63035330850744
278.161857557317 34.13923799615882 1190.7982838669818
151.43795238687383 213.63025564095227 77.8036927699236
392.2291232874884 99.48503913738071 801.5164498721716
325.5140854742676 273.9274797475293 926.8128675742754
142.02635000493862 276.4236520936395 1164.6315019604556
146.24058406027308 4.918650651929266 30.729033184481334
35.21340963848872 104.74289102529998 434.0815991538827
64.71358566183834 28.744552550504558 1410.1383806335232
40.90416077184177 250.3419455849063 855.9643635760699
132.60200500024393 81.78405581813766 547.69864622379
14.866077672341415 204.80022468509515 1200.7313288840664
422.1988498189158 326.1714678992309 1292.4663229464693
359.0992277272075 227.85880955439586 19.384902339339206
161.19420004351068 62.571335348413285 581.501331237928
328.00503763239846 98.80163293139587 1429.4233489183996
40.03301820265119 272.84956607994815 270.72317276831535
197.23745031722692 147.50942893406852 717.4248025407296
543.4792888412829 1280.084536426398 450.34209230001835
124.40472008163917 282.0638786587969 55.23113566349136
18.519503154594933 159.90737399249088 1051.0728114042713
650.2347593107696 84.31541514129496 280.1092055107195
501.9794304261051 132.47826042022632 1355.6762160592657
98.4157914993074 128.65705060764185 1007.6068506698035
200.83519355028332 119.1638266801985 412.473705807506
174.684802942293 517.1436410354606 973.834896786684
0.5960866626482488 162.2049880810243 354.52231443447715
152.51009798511538 267.6683384243301 363.6666879958363
350.2658610705599 19.53136708039597 1021.1878921825771
333.2436335899235 177.1493868481738 984.0595914413557
16.948282585321 0.4707369912636434 633.7424060005083
62.84003555111709 646.6014447932201 898.3782367265164
140.8280651358296 32.613458584360764 491.31197386282844
47.20262873025626 344.77601105646204 389.13059297797037
3.765824488401205 168.2465745170183 1113.1655596169546
148.12169918157053 13.591960680203059 1288.6803687235495
97.67511617322559 2.862860412366052 1224.5316576762518
99.18201725303162 26.14489357873558 71.26885045332443
272.31139303186217 32.22739020378145 71.01888059625477
220.33207761849653 349.53091037147476 648.1413416223825
253.69203731453024 240.28681040939767 348.84961698173646
168.3358075234852 53.31451024524363 1479.7047033330623
412.7365973446683 2.0071060601185406 1174.9297825472254
60.23738414506792 163.98741299667893 1004.9397252164994
123.16237333566795 118.79542348582457 631.3411045316828
235.8134217752712 188.27984325081718 393.87388588829504
62.917431829142735 55.82114984468025 268.9868092103498
216.09124286613707 93.49629167431941 291.38126520399817
159.75971414643067 49.250548075493384 634.8008036030504
742.169606266252 90.42865377765344 711.3532890600218
41.56806803008063 132.1035230452144 242.6109534229401
0.8755949478458043 354.9456413564333 351.29433440711693
9.925965651122718 351.03526147757447 652.0290799711153
228.27804586974744 438.6807278519617 247.6893149522964
263.958433383807 85.48361247430853 816.726313939786
98.45465376547774 335.8550288645559 841.205410217748
43.884689483507 590.1570878066334 839.8872845970158
222.33559095774322 14.768072287632322 407.9748175360472
5.119456706175655 65.02507741234189 1054.9697448459667
303.33835912457147 53.433493877335955 163.53749417971562
132.59255956391675 36.44633798012503 822.3702466545011
41.02863417583665 78.96445308830687 834.4156722976943
29.70387369148278 936.6391813981027 1166.7248733216818
66.48089804834723 609.123437433112 1190.0950956494678
239.56066354078106 78.31030569951383 584.4514367676705
23.11445430171166 289.93916955924544 527.1280979035836
65.9552379530163 471.45464881418445 1056.705230877012
176.4550702869322 224.56422215917925 214.46853976110884
21.2361182219124 175.94317511005175 160.53505082386914
481.56102935961246 35.51434245415603 1269.614911602285
48.17356338107904 5.889373115996998 64.35386826744693
0.4609566500034832 387.35859696684696 386.63669788053477
663.2825704130303 31.23300187147708 720.3278388044148
170.51092608416758 1.94866623618143 648.73562788723
254.35016012593144 81.92491766044637 65.17603878635842
34.746272007584565 108.00520732658356 1246.2732337348086
391.5877573804972 164.89027296529582 909.6174155711662
0.02348642947881511 777.4334205210431 340.94481176633906
73.53370342634676 20.015797632631603 160.73092676233986
205.6860174019135 132.379085832515 344.07302464596273
417.27840478723965 49.798949248968185 784.361321985069
32.34139828029934 262.0077604688996 1316.5722435730638
145.90181041305198 14.182141276586826 289.66876127170025
685.8929729141162 96.31878370411849 652.0344644811911
174.82693094562026 1.8067015547628476 159.05906533000396
395.95457296006254 611.2242463986483 273.34548283679356
300.6863350573317 40.97334868033318 950.8899073938787
131.54441641763572 61.70471792398327 838.3126744294509
46.03177556044096 96.79770180499021 488.98336968330017
3.725090028159056 74.79527775441673 666.2597813922592
448.8580988706883 6.927044337603776 42.770340485432435
94.07295406761307 319.6252051829154 681.9554667388368
76.81407610158149 0.548927258259405 676.1209116695146
38.30395217472619 56.30088251751123 84.05744252042302
70.82183443609144 104.97221636768053 42.82124055487008
251.47378136668218 645.9528866389986 1329.5831682800767
18.087533250136797 110.02465424521472 1383.2106470331912
120.39751506113092 1099.1067252955852 316.5733601832074
340.8552081331022 236.59546717175118 638.7104147719689
26.69277607863284 194.14714173057993 146.61112819312166
68.21242039613867 84.80955039595123 726.7458473701105
414.3905523906797 215.00395550758483 153.37841695726073
29.757590994692933 521.7619639699031 1393.1837103170094
73.86018740274166 444.5173853600541 719.7773107887501
107.87384013682953 194.90150555396687 1030.9881862283537
304.08838291961035 28.801643192950703 471.0836116800218
83.49233959077597 308.60249750893496 942.0754307522757
269.5320628809988 270.9583514708103 286.2764707196502
302.26814315611784 25.375205341264124 55.48358004895404
174.09642135624318 54.90378190664196 1283.1853593387568
159.24789415520775 64.39015513979321 678.1509425620839
443.1134879460817 358.1397829212972 949.5851265529653
18.69754715473059 14.43501227714383 269.894521385766
102.44563807654794 54.95279532109849 800.1368401131615
120.60416096491502 638.3212968491731 255.37425585482805
270.5722284292031 33.49244380191273 1158.5801250813465
55.75972998686227 74.02620969748624 581.1110794068508
73.74673967948 115.12024450632417 233.23352012740338
187.39163958212845 80.81986041681958 17.012609350382956
11.670722728370503 98.50927570238854 1232.6594936648455
286.3104436364266 419.4495634466735 1180.4766020847628
44.11842510559073 56.07844297904897 369.22854204177185
965.7392030180824 307.87999588939294 307.0052896887815
40.51650695722535 127.20279529935243 853.5799309869893
226.1913256881884 144.9901262573017 1207.714963713146
475.35396210647207 110.74335729179043 1098.9609129191508
405.2753045119058 1.0553392280757488 931.0698829827894
54.205473187485055 1251.4364571934125 4.453576154901717
206.97158952402793 488.62594283687093 237.78991249424675
223.3839447042153 510.3260677765717 22.59254701115393
185.82446137185744 81.82349652872087 1485.3994515681527
31.91455198234402 390.97319976531406 248.61791822617008
363.6819788013748 289.6167893130251 1037.3649114045543
30.68425874818013 384.00503616294077 728.2879179266837
16.07018925458604 147.37604765947066 553.2954144359172
316.37561300345556 144.83225210303985 84.05703217084037
695.2895643815428 23.646424373826434 1245.8775534134159
253.6506932694296 327.0853844116218 838.2146276393927
159.38622944613564 120.34027845536373 92.2614472978991
145.92999951526147 104.47630225263092 936.9176925034142
258.05646479788413 256.54239336248475 1189.4378244242603
227.71802134273003 244.5386961453501 247.4214191541191
208.8282601132474 27.14349069071292 1365.260638403943
81.18336387211431 232.18856996213626 1081.4575051762936
238.59569314588188 212.3454990209059 278.0276547319218
230.98510999585676 40.42054861606738 1052.2058594709729
135.47987149639718 22.02822247301488 50.8396927378571
49.933996838565236 208.17119623887487 811.045571695
235.97678848572548 302.6146398785444 376.97402083927614
197.63657961261148 185.83076954394912 206.38511355004917
202.24784242054298 33.0561612741717 1382.1189837454629
168.053655469586 179.85901544439344 1199.202954558451
5.74194494582126 163.5211879474185 509.2474319477505
471.63406630807526 144.5179427968566 527.5192811420234
493.7644216313722 11.734124490188265 1232.8209815209564
352.40423193709205 205.72945504220783 426.5944653734159
8.4666340403533 229.953819386159 26.349071024740212
205.81523827805088 73.22454190114475 887.9501773664444
73.89349657158638 23.299367062602762 1002.5359578355667
879.5904682664299 393.2601087325145 145.42584738434033
10.50376849610802 27.602390955603557 573.6354444638944
257.849989592233 38.483248181520864 1189.23510565166
187.15785424435526 33.31016426184217 591.3300544924432
158.96393843400537 97.97206705448247 674.9354950978386
794.2680973704744 177.24714015312748 653.4508275882922
557.4473250716029 104.53696862589152 1385.6451505104078
967.214957266967 76.91547951542589 1344.214966968856
91.30660997934625 181.01547099491754 1306.8406591158498
476.278803448667 265.00249198416645 813.5698049624815
44.94654124957163 158.42242964040648 484.39088333168615
28.72853017035228 1.1764273612776333 1285.3934141818563
136.01390086484838 81.98789550245272 521.549496670687
403.63358076071387 183.40862903956358 193.75363398088285
64.25017777467566 372.03247578389784 1023.4996888506747
5.466515960341336 278.4125684051007 1174.4998678303723
34.88418259155028 262.1448659608744 777.2564901229377
256.61013546936834 282.6009902002915 771.0015651600121
579.6434515606547 663.8778170964757 1327.5108451807562
191.7750021227938 221.96169209376328 945.5896612803427
10.120850910756095 44.1598983939713 1303.569982219696
55.682984395282574 198.945622450824 317.4366863822932
92.77627062861926 196.1966633177765 963.6068509862383
11.18438219793111 89.79644720634259 200.38813665282962
