350
25.74811804997848 2.1607616223826795 1187.6345888475971
142.12793251358596 66.76387558852043 1126.7483151872557
103.22048892104753 95.19987195752604 264.51216285750087
213.10883344076973 523.3588058941914 113.66697585958968
102.02255023120017 123.08920117863791 1312.753219900721
182.62181649408956 178.83903786510868 1112.6780591577835
590.9608994761136 228.04315708697948 854.8701876887056
104.57702070926838 168.86773823165797 316.5634426841869
198.35699644450494 1.3210151773414247 430.9412205731833
572.6272435800655 262.29815205453696 1359.072501337202
43.739659639303206 104.5062361735963 811.3929885729898
270.11976062141275 430.5039013153733 1140.7005463128892
297.6041442368459 31.63756975238415 840.1442913013807
543.4006265998736 90.6952754796192 1325.3224933096692
36.10820337085726 40.21928799112746 609.6116865751964
15.269130572183819 13.547281597219204 925.1199013042085
129.97610803632708 600.6598295930029 788.7971321216493
253.98424053153232 107.59017068519458 694.9299989145613
66.52194584922218 370.42302608734246 783.47370693358
137.55982201192523 110.31468672139589 766.2947140032343
261.37790894689925 915.0896620601 295.1853363291364
125.79103121573442 186.76327518599052 299.8850700356313
160.19656105560364 182.74190133052576 559.3033391803548
66.14664552300617 47.27429747272497 366.9072924925124
77.72558170467107 136.1257645509502 754.4466593419331
220.88600995043026 82.78819424790501 592.2858233996739
17.779220319046075 28.37048833983148 1045.2123654677428
262.747609159822 27.636649459266383 910.6765494872202
83.45686801972533 148.94246054989136 869.3239920028552
69.2393339344399 160.7908031558975 190.66407861565477
398.13699037422583 27.281805581800988 161.10036560658875
4.6250126109331084 62.01355540112733 627.222843149787
17.151865326505565 27.53269731660959 1293.054662145098
152.49744398617153 593.081824221186 999.8351362120617
314.06160508998704 85.78070871215667 437.69938184028166
1240.0940095517535 463.17774309763615 746.6501850496271
132.71622350696163 179.62265105988104 400.8077304622482
147.00503855499463 19.482568852232937 839.1923913451151
10.21474806071049 94.36925637739417 1398.6157412981906
299.98436934139914 94.32161463709542 1431.8314180251043
49.785699466173746 206.22065452454197 39.77027845063863
279.3602655240414 73.93106078338587 1193.9132284962072
87.1306001921294 174.34849443665672 679.4230168517316
109.6875964378504 265.7112361369925 814.1216305958219
77.8890390549499 59.52104061636874 1331.6363401472909
500.12753593685255 719.7830008126855 1479.8715672013543
68.17679340511962 200.32794126247046 276.52959741878936
244.79599821407794 158.4936624602526 1165.5056701378105
146.32291558395352 87.21908434616104 444.76231204190265
91.73779775022545 96.70855934675473 1148.0608836128881
271.6972337819758 28.786789546342163 1123.261684817317
50.94093162430232 20.8433516629269 686.8197943217236
245.3980416669453 476.96067637109724 860.9853246819625
10.157020739527557 7.9293028676459025 1283.841400648089
407.93965222239166 129.23975113449947 887.4395121403002
1311.3701843142942 131.75772485855916 579.8214052408101
18.349435896564195 100.91172805029099 897.9668542079531
6.449426860442921 63.56882196670638 902.2663635732589
228.070672940609 133.77733898970098 41.21728619588233
315.6292186173418 15.310401269326816 50.73973801399262
126.15104490185745 135.62829624990388 1186.7048798947167
439.9490049424568 98.28682909393139 403.319033254507
532.5727459567438 330.0459587200145 683.8819540342148
233.88581750494754 49.62335736774606 1120.7284799287734
102.94695759353041 171.01441858167635 1431.7690616596913
293.1668489108378 39.70380681886482 709.0870286417756
52.884193529497594 20.157189688104655 351.38496536601497
107.22236967485348 514.5129280430575 1376.6185760383332
106.31045018139392 215.0913550732659 1045.4333168447517
167.78710246948688 262.35183811968545 517.991322159832
121.05363627616082 67.19566665948643 307.437911077801
244.89660531094387 122.14834622453982 278.208699898021
239.20588938653484 136.86015340236355 377.7826042383795
74.10168615179235 305.14677076619427 638.8449300694216
48.00826178813051 23.86238070673768 748.8494812709084
3.811212786267173 106.50379448254898 244.14663824117244
241.69743372006752 134.35694291696078 297.1623071809261
276.9257775136195 74.0382600611354 790.602934353155
216.20371207857244 288.2319394649516 1211.372842506507
363.7943961581394 40.58093330251451 416.76502503366913
170.50260819094925 100.73699513497385 310.3216023056924
923.1152733599426 179.79802162722845 440.75937376522893
166.30427894356365 223.1596794029445 605.732290253907
38.26869445572941 641.6137450927645 1251.4918457795686
87.96234319781362 29.449695811019378 1395.4630849776056
66.65551794166397 393.60559640371287 509.3920846252266
467.70185735860724 9.339799867208033 1217.9017733263975
67.1116467125071 250.4192112438621 1454.6392472401799
477.97214732309516 145.3836309753375 678.7423494181159
103.44406298776644 277.23075035079535 65.78581862428334
71.48224502700116 508.57472396904836 563.0659010120397
24.424379216223898 80.94830721855067 1055.1084179843617
31.03666049445115 273.25707057185144 1130.0723585499484
17.620153899739776 317.0694544192499 1457.8708435006522
88.23687839041952 398.8473890781081 1052.4729001798642
269.7144408622789 527.4686600704646 1204.0678888815783
236.3730480001444 6.3828244686033315 1441.1566901731235
376.6973016702304 156.73179134430544 50.80166328994018
20.155092329236005 44.5025533595733 1066.9996515278458
30.27542109236055 68.93630551464484 1038.1041162678664
267.3580197557761 131.03036250888474 527.3259259907163
102.80184693102228 271.6925798359869 505.2137183525239
611.2908155080743 1053.7754820525956 391.9884487159295
129.78843823571066 492.57605028460955 123.13000198598183
146.57793782416417 125.12232966029966 579.439465219315
338.3895704497675 788.2334660017791 106.6919505665716
257.52621637017603 153.7027557881381 331.84985599589663
35.73216518131433 5.686311912599809 205.45859870990697
5.122367410587798 39.035618352793335 1332.6234445504272
13.58295559617893 8.545445203684888 56.53764139640477
484.4069847585366 316.9218913765106 1416.855153655628
345.94099910035624 1023.3051187985486 801.057571179306
125.87072334092981 94.7189670670482 758.583047282689
127.15240786347222 25.70777353030282 522.2410519955969
124.39824351975975 86.44870943930039 592.3492618239666
199.5512473938538 57.46506538728768 1125.983086872313
21.333926935355834 112.16161938118039 540.5239967633265
522.7439600190739 61.56237372653081 650.861059235591
558.8777479869722 305.8244291050506 329.4075594104996
159.28030539280448 92.96296698903078 1008.3188643681993
431.0164439490805 374.03093394550115 167.0740636029615
434.9903123827877 8.988501809709765 1101.2316887914192
416.4601624961965 168.20486595397577 418.9486924541003
415.4828537518797 153.03920544019618 909.0951298120677
24.262076430766875 320.9361066358416 537.2390075323343
226.9674176328317 63.7538787207263 252.00362036269152
22.100103612421965 272.46551151574505 841.0205417847307
54.418902574101466 554.7128019892044 1170.1604149419431
16.247744576829252 187.23883399868942 191.63869410035005
246.49266992610072 100.30836465461014 849.1971877597819
224.91252854649568 173.34003405213468 1426.1118718734076
30.84741471580549 55.19009483906693 477.02772966921657
120.94630019569283 709.1450620459451 609.2931889313824
86.96358968627604 94.2930566124861 69.64301201359713
231.5037303674748 321.0324773896998 223.7982255478476
206.88396539567978 150.29564483703507 136.14401204500248
93.1088702778515 13.210496271504462 410.4569298412719
967.1268886643995 72.32877966733979 935.185776066132
120.66343702684408 426.6324752152342 506.4547561362665
127.15492083812363 116.24466412122251 1318.0197069685357
283.24952027457584 144.98009095545737 148.15020831023506
281.1332784224124 100.13331919929558 279.1392378711598
192.07028601863155 218.37655523790426 6.958570711611989
550.5882804891451 132.18893975757737 1362.3507486130463
57.009495620449044 34.18751817320588 1318.718800909326
57.27549345988089 107.39953714069233 580.3780617533059
105.59982144399986 67.3378518538774 1471.8441116058116
187.29344023869777 298.0350345253406 484.8300349642188
179.87914741017352 246.19250061134 61.58158225511951
291.9771471844253 53.53052429544425 1253.3115246306143
63.764965976303976 19.74503490332745 750.9841724977516
80.54714637769037 190.46153320523268 839.7857339009029
49.44274324408106 9.366615601904755 824.9422480442986
78.63153876385203 138.48715728623284 666.026822625419
221.53343595267856 49.473325074478915 1193.8738303310222
33.79398347480313 29.927569516226143 505.96086234701426
136.24136047020448 86.32088537701391 1362.325658906934
722.7312322845545 654.3951399058099 375.5683835630964
176.55247127185686 163.84351041933857 655.4312274814573
299.37218653944234 331.6289358554372 133.161745466992
54.23177852323992 503.57313433245014 960.9756186928885
84.14975312939038 38.10276984062856 1091.5551072489538
105.09094225535966 110.21562643770405 733.2720462640956
616.4990807300063 298.4561312084453 1106.7590797092182
135.53976454530766 122.10081048263608 434.91867528037903
13.655273733354514 132.2334256811864 948.3821402703098
15.719955696968658 507.7745131708102 633.8662117956196
110.35395049218535 196.35197322640968 1439.1481878474594
237.1552597949294 121.69536138303177 1002.583843371885
864.4713480226786 113.13138084039134 1396.9562946205397
236.8276609174949 155.76371237817875 1385.5821699983835
348.8276266132675 6.034310935929935 361.48242169234334
32.86458680423669 49.79947889138286 18.2812218567881
112.79236699623854 19.13258953837619 204.88382706241043
124.62567935276294 106.54659791608488 872.8579375623219
102.23763660464107 0.19488949495086907 1198.6183261567576
85.90098782743843 618.0971457879446 273.1427537535207
704.3703364509678 178.6807914862801 211.9673600206275
30.614492542855537 78.10753159708842 233.4889750216823
46.109594394463734 57.5166826873789 644.490938170028
144.66627180388767 87.47417719804021 1197.911234217371
6.244310507963624 60.81162458302188 1001.3950419509437
482.48890325851403 71.63328738116454 588.1250073546807
41.27100426190854 65.33123141381374 772.2378238149304
233.50708686566236 71.86661711539793 1309.76030924442
247.21472816629637 300.1862556955106 646.5073675939655
187.83846258826503 36.50449535294423 586.2998900637598
462.0981201599262 133.53797613303436 871.4823307277655
190.2776157626193 222.25708864580275 747.8086272980131
504.19390503271455 61.203862383149485 1115.2039268877445
145.68983530894656 14.274453699595217 947.5418129475629
132.24526253800343 147.86645895833905 1375.7353734802086
8.703119023868851 135.7407105429379 218.26328307747355
54.013019799119796 139.6360896445505 401.8313943833269
105.8108660603248 217.6449494690504 1360.3896124500013
541.5145025143485 312.6945774403441 1259.6981899441942
382.75557526424126 292.4162812100529 1170.1179024806029
130.1007615825357 775.2135181335807 1157.8410260446503
98.33074191038678 119.7570192914992 1481.699560307474
444.7620858455012 34.431910570227856 74.23296989443723
8.94917344755296 320.5793683936299 599.9617571354403
57.29343853737531 168.97619072966995 1304.577026637435
4.293784566851906 36.23162091365668 1089.1163050070602
581.2416855856122 0.6144925316589612 740.6288403853696
106.8040403703129 235.1173017696289 758.8704458430824
107.4129171334426 27.104514143805208 1471.2063246623825
11.213075764746131 62.654753978288994 868.1296594204505
10.79366958576402 188.56398876242568 1150.8149425992517
154.19448672502278 0.07646286315832193 1049.2016872315346
73.24830127975721 57.792654188755 158.73463513902746
134.98360408062226 306.5828915791324 946.8523179019929
1002.3929642426244 41.72876560827286 1061.361198673561
150.7641622064045 810.2022909019821 312.2610251574254
138.8656590138706 212.9166967890078 633.2756491530482
8.415061742394277 329.4054888849973 316.1878396366604
471.104066742182 25.584384096124897 880.9513973001382
38.393095242579655 96.95252248200971 1123.9685603644502
726.320800343282 251.07015740587832 243.74370768461623
361.4566587133868 79.24548924358213 618.8782910072067
206.06439610220502 677.8742717544176 244.50684474790384
75.1877207011733 100.35328025123096 117.18726248718092
123.97537370431546 31.31508191917077 270.2622755263959
9.885821951756476 14.012438476994937 72.71242859284155
280.63912178700065 154.98222308510805 396.5154467667132
42.77468888374595 176.79937729868408 1465.635716479985
674.0293931471624 124.76771871620042 1169.760508213582
654.7772167547803 347.8156127280338 442.79932900049954
312.8542833960836 27.726445839794078 785.6787556920735
1.5556711749401189 173.84224991209646 361.5221623416647
22.298578497425424 510.22299950710675 647.6405407503594
16.16342482221991 47.73243861958455 1218.9100446843179
377.29303364604624 387.89777539963575 625.2282060791549
7.808964794643101 139.0185707466251 288.5675361952844
58.97629616184676 201.56438619610066 853.2619380596014
231.65878520342963 436.4355588439543 132.6319801131417
117.81010577417841 102.43765304500887 571.952063294045
497.7280286260437 416.80397516703636 945.0595077644972
306.29314081022045 295.6826778697438 609.0386510643608
37.64627052151181 149.85600765747088 1053.3683233588708
525.1019410077428 249.62615535665478 673.5255080277333
290.36628337639144 28.200972738226337 967.8689519029716
58.97379698081737 408.9654194404814 741.9784604598552
1073.2714329536093 104.26478131512728 44.23192632161271
7.03360770288717 183.72506818573356 1122.43093113927
799.7078709004422 392.03752977415115 1313.2571793964005
433.16517413785834 2.5394883287024195 1094.6588159472735
266.9563047177532 60.90605052309931 921.1456012317968
142.87193965207064 198.73676627485116 11.373824082257567
100.85007301657218 256.9097149647489 1479.3241697949006
65.04715573525802 275.8850085895082 267.4096764623236
981.8993367703166 55.143342248844654 510.7347887526625
341.36153530869586 154.6443666464952 1247.1764451934419
89.22565901054058 124.95120596439311 595.6495346480649
43.85987956921363 64.23868415430967 837.5011955114189
14.567513848658308 18.08553956534906 1044.0131941090417
31.928484862689988 676.63022881398 1329.5736626772675
227.58853009942888 31.274768153785494 222.38039961261617
137.0405499414751 61.442212241597716 392.4514203937029
361.29707337337254 12.958542957655217 1388.1262505249454
478.0825581303344 528.2114243604324 978.7548530998065
27.535090758642177 45.735901430930085 1485.937603203781
244.58442610543875 356.3299705278378 96.51204194720941
105.82026340234287 219.27369267394053 155.85389260443728
97.71743536464635 435.86098000464284 304.4652313651709
148.78831329610037 68.26479289105734 292.0655272654925
362.56329661149834 161.0411578953901 686.3383791874579
32.692661298819154 533.905283385442 618.5337988915018
319.17462556380684 345.3926358651519 991.5229974352319
343.9714967214618 559.4370214725313 893.1018079740082
180.172361536201 218.5500952039243 1007.5709677332719
40.578437534479555 39.125355049254246 977.8013333230272
167.90764133429164 247.71142403460638 388.14689262700165
864.941983788384 44.835513009048434 1249.1789794763104
109.66124796937945 27.86203572733832 790.7568468033389
372.52099763506686 148.11588948914488 792.9729308784705
502.5429648784132 274.50373386140745 1122.9612431289154
45.60514218402646 55.368653175377716 563.1280236854276
136.583067776965 347.09394048472274 286.248792667488
210.64113986878863 4.867677930739654 1300.1934138546771
39.195303003544716 193.02666380811417 358.6092190439381
185.25827842464523 4.943672010632043 170.86013874609284
115.3651140568044 869.2828619438077 213.75419799248357
90.49073544519793 148.80279150381938 1414.442277396289
994.1112526698291 689.1292765984804 998.5797824382946
131.8621074535864 22.34781953833119 708.1827557596358
0.28951513647186783 75.7975543390082 854.3407378803793
293.6448674532679 228.33023268989555 1296.5593809385587
138.40502125805176 164.61847874781597 1345.6211428080753
145.45678256448005 215.8683265678471 1174.1161564908641
19.011405305213533 328.00818956460415 356.9254709420642
180.04269043420774 425.6810932490806 207.5193812830188
273.4537337728261 95.98845570412233 1498.505421138934
116.18854565065683 239.5538635113117 1472.0581202049566
277.688821386306 251.70849365885277 18.56305479704867
0.8358237132109867 199.70176238300803 608.6578181635139
325.07513074510507 322.249572197114 636.8833519733898
38.506067558078826 30.994209555779364 1114.9602213771464
182.70695664019541 129.75438538488118 680.7361030461719
431.6312496513861 666.9672528009118 225.23792559282424
47.45802445257285 96.446633222176 970.9481987806048
358.7133395144264 176.26994050774312 350.25798074670007
19.846614872484782 246.78393781093484 1154.319778821371
71.41038102501598 739.6350201416678 18.60285450154092
351.9290294820061 68.95689372082774 549.8818322099061
50.86564007035381 2.917216571517184 136.75892329499166
172.80772167857995 91.55063431813247 604.4366150006693
234.32648103528436 201.66714906522296 1138.8954851434034
263.13610934072346 814.8073025822894 58.27644850071678
54.26769688919244 46.507466265000836 1225.718758728231
228.7092706584108 371.93102140732714 268.9694659427489
51.347701099085604 94.3257994961078 237.93876541462944
8.631330133678285 101.7849222139527 854.0929977499932
331.91203206685833 26.39084060890185 425.81612136593446
21.98173883657194 883.4652793793877 940.5403275281324
50.54197953921688 198.1958253447043 1277.6202514086604
52.46818905204115 3.0936849890460314 522.9418778514657
8.59166896105052 114.44961104087051 525.2185790182606
44.57283549261713 278.81164053313717 1192.8464885539897
83.45036550754196 109.27408098789846 1119.5374529271257
290.93779431034295 107.64844168995336 718.9412326726688
179.8109773432485 85.38296433277901 975.5406767813374
326.73061155053375 90.1028086676956 1165.8077886916105
185.83494542615418 47.49346048504125 1175.081842055739
80.43359775544245 51.164459797627714 1173.1442163764168
411.1116326784396 206.6710021933385 1463.278540634775
90.95198077037429 135.69962853422913 999.2141943614396
172.24651559449268 37.03685526617942 1229.9367605410112
68.0778867359574 116.36158552529945 737.2096806590172
380.2587866050707 114.31319755889373 500.78288759540345
709.6007198343503 184.76460324785685 137.81030849762115
589.2681459624772 6.948555788243167 617.0861603438852
441.0383550185873 120.89629495081655 857.8741540814684
13.871974866596426 444.1572462510975 1452.264261499044
233.55152856744076 72.24967005895978 69.17457136010529
88.19568244587072 331.3641501862266 46.38207367326152
993.2825457905155 114.13523506469173 206.78594331979087
101.1265824724977 186.3594315130019 1197.5276448596564
393.2318784560332 4.196761542967202 365.28997745354263
18.982251242421935 128.810818846848 1102.7892656242248
353.09978399456696 345.364573928682 1374.6003029335097
202.89663557296888 101.99660628705622 707.6356178412756
18.482665930963584 174.30247849790854 580.9221714460977
225.68632157292404 86.39466177468738 991.3179714096152
208.50860471089305 444.431171645056 1425.5827017940355
128.5039698298943 135.74687746914452 137.88663941628192
60.662627793861745 229.37891818816465 496.1487179650088
186.56396637802908 562.8865377980183 722.3269466592036
513.0128424495898 10.106505460564325 631.1475334037747
37.93002221007426 17.50733117207071 1498.152864758987
154.126871313482 475.1773592679241 859.5316634869748
