600
233.19882968160766 16.662485656927046 1326.0757903269157
162.73368580657214 497.9836145270884 972.4650284428536
9.939481517307497 28.196422278530942 1196.3811221708854
35.21829306701561 52.62529488478314 819.3457829049582
72.28109640533698 203.72722542549892 684.2635601404679
42.50815045782964 64.98685848684632 130.9270522388213
131.35024152192122 262.7317246358117 83.87758097328802
47.18363189310406 52.04901487176984 344.994580800897
70.49746431747936 73.86721653707411 61.5294198045967
59.25906718067403 26.229026716214232 346.0766167557806
180.32993642845872 4.836119822897218 591.1189906247506
157.07419057449357 306.71230358931695 843.4189308763429
272.1651361317692 89.48255966443269 1394.7859768297492
152.58808685889537 174.79092174410326 376.0453815454234
326.37151036237196 155.18933484955824 662.5836607721039
330.18703327353126 171.25535407364353 951.8057563856712
48.81999064557083 73.11215557959056 1328.5025540835704
338.52466501092226 406.7080316790309 462.4621388070905
564.9011653785763 35.20523967027665 522.9453204553442
25.78700516345766 57.932588054028386 270.03270377528594
270.98365050565286 96.49425101765334 253.53096929999901
25.16095805049476 22.155472921396882 715.4434953067778
1.1268404080180823 529.0322778360107 1498.4146211401498
50.78636708611383 70.8908889738964 68.4149828754243
98.45040436956128 76.741668104994 1457.812505396319
6.5718582989328045 8.62649575929248 206.71674515833084
132.03873837797255 68.77497945787448 1142.6721376748692
536.7935093092872 79.63894646933164 884.809745918804
372.57123399869505 46.204684993941726 604.2952608932928
124.26737354501725 171.43762200810556 947.2702846600822
52.429964593409764 789.5260384269718 640.5826413261746
0.9253574449826147 843.5084034535182 35.96225290141219
77.0904104800181 83.54031020911886 651.2179520476521
140.22100073102365 195.44710449270713 841.4383713544697
89.31478690220231 346.5964114182998 257.3190045142907
62.75720728569976 350.32532452613395 863.904172882642
139.82411177623038 234.02322317431702 43.007972625486225
21.583083249075052 262.44941329574965 1134.304733588329
207.8194345641895 188.15954228745142 286.3067887062779
40.39276785294138 170.0217356476895 535.3308386322024
62.16838805880221 97.21524147824418 1098.6848781893696
300.16559418656243 74.27952618437084 1427.4066950412007
139.85530000362175 120.02458736191907 954.5364301211898
284.43287335955426 1.1589339562097263 191.40988753732762
587.1882772571054 3.483964993715795 958.836910039139
86.19085663451493 236.28154370631614 876.237591770909
129.2671227695825 66.57164653226504 284.9762230757541
292.672751251967 419.4164239176511 278.6461558500108
194.6824183520774 624.6724998194946 1206.805042176175
37.31651792216384 238.30638827148852 1016.2435877518124
860.5512208196548 80.7942810288504 840.0708894506903
17.930489242331507 79.59471320172507 1320.0354619628288
46.77053978681133 19.379120315994296 1176.270826518675
77.43863070537785 11.16201390563704 1017.7602250327445
5.923725408343613 195.00652909856848 1074.1980380142452
42.82184095130221 119.08301142411003 1039.5136192826528
298.4204802921367 115.9249340260985 603.9589877202974
165.00164734984173 77.73005879309873 1049.9430552468314
11.671312486922965 138.91459518892225 823.5781299825487
15.669205151850463 43.853659683741746 175.50952636542348
1061.6025518329711 9.144781834857959 943.2058011318375
203.22669334310328 346.3557526482637 231.93001332388928
15.03888637083798 67.2844128272511 678.837528444751
221.79639048070524 441.96145275368684 364.3426803010579
344.4216708359579 250.6154704476217 1475.1272553902206
13.013008930761227 144.05268218893238 110.98321250969889
149.3244047315298 838.816338770148 725.1027981236672
33.1855582189918 262.06315250464536 126.69593804327206
405.8459521978649 28.523193846813932 1013.0938255232626
36.49748012884101 345.9494602067796 820.1903694501517
25.766624045676224 525.9814775551027 27.53985730668107
207.87088464522813 72.65620886122394 601.0682058835839
554.4334529121547 119.47002889413882 703.8950034192662
759.1173508338161 249.84363118987102 1033.1474342621307
58.85043847113125 385.9280876124832 1230.6780031660944
88.99392069525844 155.13085160387521 1144.009623240383
205.48172374091664 27.902967866092087 912.5072128616414
243.0389219195655 31.723438887451422 160.73083131728515
65.48772890179477 235.81371252301358 81.76857821598094
283.9722516088317 220.46490299961658 354.7667992069038
281.14677999458974 382.9679287309226 1416.8512787147124
74.59766247529092 22.580925070346588 48.491077678021746
248.57929720454814 9.573708557728596 1144.368966277355
56.85435735784657 303.4286795414855 76.95674078218379
0.6969965530675978 117.95434480789547 452.41100040697444
99.35994669981193 98.24989238772605 300.90653978444965
579.5254194365929 430.56364159001123 954.7955585678566
94.51834323066548 114.1273473927648 1418.7205855459954
94.68482308590774 101.35033405374041 392.20797752268754
259.5895336653572 30.162454991695697 932.9040463679848
73.85763373519218 52.00451751353204 1241.1846325236872
746.4311582652998 21.904444061893976 778.9315691611808
307.466470887282 20.52988169621992 184.61477587542436
41.10734190280596 143.94401048476922 315.31215265730225
48.30654007645496 5.104773134175137 394.99131048322465
130.64978609857783 10.366240353293076 860.4926996782764
137.13524139620952 52.83496317584478 1124.4223560632922
633.3886411373469 216.6039575828722 1247.0501460595178
516.1825382314171 80.88506161074987 1036.2120034168577
144.49995208916806 172.5869033025038 1032.334541346551
83.65976716016354 400.1176746133786 98.57795470295777
123.60527002379878 46.778370572923116 779.5219519470107
12.890918984284031 112.45808042758254 1344.332774767986
145.67130555948117 51.59086003432666 431.0435323811523
137.3947107654433 161.41079992856828 830.8803057060243
29.004963462128103 122.12184816729479 1497.5717075402658
491.17190803308296 14.396210447443854 648.529865216257
5.473118360626576 80.34387979613375 866.6133162512239
28.709037858849996 56.264082605084766 646.5150547246119
244.16445067047383 214.54315960208908 96.417090460099
273.39360195524176 359.9466757059554 817.533373804157
91.49636012502741 361.8544888785634 295.8521097836647
27.15534590169742 22.717642009842063 411.22636924508
61.34808561917049 991.0710690379028 1402.7347829533896
153.5288688550494 101.27347418244474 1298.9370755004709
179.67005237972313 255.08699911965286 273.4802713677202
175.90014091214994 95.4519838171349 461.5041869433933
582.3545360671218 20.745151077789032 104.30973141121336
64.9305460656233 104.69579925757711 1170.7915814215094
331.88397975534167 7.680795400129581 45.9070081013565
60.14898833326552 210.87535738358355 876.7159817194271
246.13853572321096 51.875207955186276 1132.1352299095513
108.1152296754204 201.6702633021859 739.6879616567641
143.3233454976247 236.97894154219182 1210.669078109236
657.2539903965701 29.66723109702114 927.9449802884155
193.21453948589033 438.0318459202253 371.8452329108521
77.17615768942517 677.4052799147454 210.29172374231965
25.18403969182606 178.11821181387631 882.8339369727465
48.6700162156397 13.268229383228663 638.2778415634148
17.83009360384955 466.8680962370726 325.3632575809575
9.218544945644357 53.250966493521446 1280.6109405879267
311.4333615179683 326.53736163186403 506.71004049950113
54.63676089236007 16.6016959643902 376.4808493041014
128.6584798242483 122.97713426045564 1196.2404077874182
42.85813136101499 111.44356799373529 1395.0368723432648
39.462653852311334 186.6459432035396 1304.6907411066306
10.885977881502496 50.73068862432758 1212.4475972175076
7.794091436251172 456.69912252161095 749.1514091040328
103.71701592637572 30.179431515302557 544.4491467635445
406.6281786087305 223.96916425212027 409.7885107133143
277.75378164652193 54.85494550864318 309.65669306071504
81.18853300382692 26.669506856403146 836.0549005793414
203.91060153964298 29.915847938047563 70.85419967400092
74.55580759769343 111.09383779274341 90.37163293774204
326.07145740963404 56.443557997052984 552.4100984756003
137.53995505718976 4.624023454243393 465.28872172776124
170.68146286447728 26.184871050208912 1169.8111059732967
1040.8645986984577 485.60473806556354 7.1272471404367765
145.46194801848313 150.2060844259577 751.6361152629704
14.216644270298714 11.314114694302713 1018.8974441403695
346.01761977784616 38.231447440996625 901.1987272692777
369.81656538540307 212.51289542920446 1019.9096413857768
365.20948608073695 221.16863744007685 800.4257204410904
196.8208539564295 43.83925305531809 1187.366762768434
16.752505288977687 133.726109087922 572.7013315522294
47.92413813572088 114.08254066963943 129.73379346561754
66.31900622370064 367.5531889899279 1464.7738500596736
639.1559546286712 120.76525478073694 1026.7001440758881
228.85118905091443 123.9156117946918 1234.9922979231021
138.71996060522252 301.1016105315473 854.3021519475853
21.689142734433638 72.95105701138793 58.566498267931365
728.6416523657708 40.63857425922303 884.2689004976796
10.350074867621165 133.4433986936088 746.4390235699816
135.6935065301849 314.9775462898829 1246.1113470204727
112.1454744574062 216.2603073143365 1457.0097403913867
7.925690303858773 131.22781759772778 951.8487451371304
46.49038483241685 56.875584262072145 937.2105326298706
84.89507970503584 272.63142887936397 295.2744908197643
156.65083619824514 44.05285161833055 1473.5567414700533
39.74352290108936 183.18572841781463 406.6900188692418
75.38617195538923 591.2841827113168 938.7195507357127
349.1747620079907 626.369697655214 1074.129692906096
160.1852945914128 581.3197364147256 1477.1302372119158
237.37403126475104 6.717821379330536 1046.7674466379835
33.93742061852134 422.8227890072671 808.2786775690777
208.73723094159752 224.88623801283808 804.0685909898573
166.90750750659808 657.2234762211997 1444.9066840947814
9.06809476590239 43.23958773635546 689.7494681708283
106.8340627332125 133.71853887093494 527.3746595447702
449.9761284813391 59.976895463658394 639.36343663103
242.070724329992 110.96505975179358 1320.6158524596908
8.19370040512641 6.7500200982464005 481.05745977989295
1326.356376616464 266.47409984960484 429.4995921235462
23.454719090807696 52.15595501289824 985.2238614646864
646.4979503262666 34.16011576371551 998.4536756182328
82.32323280723274 13.715945939220727 1047.4302540072647
47.46533593295128 198.92015470297613 123.22119955612982
12.085438743093144 410.4772160459793 262.87120433904784
152.74765151093757 203.38140738400847 1143.6761785804272
7.067350286692774 913.3683392741823 216.51486947824682
1261.4064036254517 58.17556781463902 438.28122556436387
329.87875581587105 112.58286346865822 1195.7298591837007
386.08115127392654 280.4625157777865 1450.4740521181818
102.7911827018859 132.53032039717587 1161.0732541998632
254.19450788515786 12.667154651647941 1312.5224051064629
379.99819184515144 60.56316008707009 912.1644313721226
229.80249670851313 430.03079802152166 217.51348874498183
587.6238325561538 74.11096885468841 892.3449029287544
212.3434468282688 525.2043431268049 69.47559909709462
351.90957089228567 61.83089023733173 560.6847076678029
349.5285705685865 208.0440064309256 1156.8595656577636
116.0530038140639 289.43326666270235 691.6169634026571
81.73780840689395 50.490257368109525 5.069398833171257
224.7031429944699 314.8492241003609 1351.1611609084453
40.96308305504297 206.0756706543431 168.26968818998895
9.097907875732304 15.484441439419976 227.21463673266402
675.5228870727378 3.1590068107975116 532.8014514285787
169.405720863012 2.7264570268955377 673.0666608848984
74.0787338301704 213.66369301766767 1172.255588089868
160.02092493395637 536.1779055510949 547.0159108101325
105.58395351863767 401.3966895309682 442.44781961446176
31.867890603807552 329.1809048854003 438.34883751207644
189.3335016351114 234.64289264551655 541.8567238030373
8.165986946338657 214.95853177690293 519.1924992753666
13.997277221436649 12.835829381880615 1463.62810540005
19.84609493493942 107.94576909586122 1168.2343799678556
578.7196199119625 201.85252205827823 887.1505573660339
89.45962077622325 1.4800512987801795 1256.1623568982147
13.315933965010588 51.38391332017353 1232.3945970394643
11.837328643846556 164.28291122037436 973.027394707717
608.6050761045495 665.0238694321752 215.8840577835594
70.63815853201898 507.69428910113214 814.5598625095807
109.63331618918015 57.075260613953446 1381.25603898393
111.1677641393909 0.33435302018800334 1259.4912046523589
76.06989700724651 294.76161229342597 438.0002818441231
12.91643694774497 220.8718402861991 1384.0085531817954
290.3733252519831 86.0968557726144 563.6062722066906
272.89827839417626 127.88676147060846 1246.3173419057528
572.7913255912789 494.2660389965872 1189.4892719155393
5.985718419551618 62.02046387376578 178.73598214327092
178.4172800419006 30.083128825904925 1137.376724285956
113.56824803012422 413.94516888245414 232.65631356170462
45.202066438624655 101.72826460395848 552.8118716862534
791.331316794796 230.88039386114514 332.59686041337415
109.63937223615893 83.22126845053329 654.1896103752963
260.1663878826842 238.7825340760482 1383.7453270162123
68.5405562557105 45.02250789100247 361.7512790872747
319.6183401327697 79.34823593840122 819.3934917539422
59.542977410178345 459.7306958272616 155.1838224799763
227.91198432170975 426.36767471701455 1287.7811055175662
1204.1175016922052 166.01506021887698 896.8976435523938
211.1772103495714 696.6161130366619 473.04845392698456
54.758586596224724 26.184366151166433 9.265188832793314
975.3660079287295 344.4464878760701 386.64421560071014
274.5086253942847 370.2643717260428 328.9969710098099
59.86108572681184 173.87372538226649 193.74216906190267
190.6663560734576 35.48870711049826 503.4686173014313
39.50979880741455 487.6151778816211 773.0321416983776
473.89416777670743 8.592416894674978 1417.352552618368
313.0021807186132 10.967305021365616 834.3694427298794
84.95838292634691 140.3195846019932 195.4427209950625
188.71618470933035 40.95499005502257 1486.849219864645
359.7862827239418 77.41020106861475 1160.2381001593253
54.34218496975537 489.90260989016076 1472.9391329973623
304.64451664553314 91.14354912794568 811.480907712997
202.5794943120987 220.58602326157688 339.2074809530803
76.98879651522356 28.07002442562719 531.7353508122792
131.92029535953336 85.51938200188425 772.7717506362246
62.95466679581468 56.785379471146534 78.30519560230142
280.2229539478015 161.953780940815 683.3052974276001
13.160406507306469 31.64404632557913 590.3769837888575
53.16595764252337 145.88855017495524 1300.9590461781888
103.53790241300156 117.96545950975872 742.6743950699283
24.067153322391395 396.71849875487345 1019.4143720971539
195.4259987370281 516.2948049847695 605.6929346039486
23.674962456772853 48.26981723980991 726.0890752153583
345.94594333375846 47.73612483217092 635.2425208425792
107.42874111501499 591.0722767452327 568.8463303824473
3.8583069632746207 56.529116057801524 440.96405678188205
180.9863937600435 175.06995220632166 119.79564461575637
126.39876996644728 315.1136878244962 660.4306430510228
309.0723241308807 175.44406576844708 1275.6534637836555
8.286153169627287 22.024732407832833 923.7642129759192
561.9754153331264 185.53259773663146 1485.4144462894515
46.33503746459805 898.1680365182225 639.6561904068578
11.444420327770729 182.81798602900318 313.51924447537624
107.12495328243324 86.84728116396109 538.3136364321948
6.819816019498405 41.77525943086449 1360.5020293274847
19.577998264139037 23.43373949155323 1174.4820393660725
83.50755375699256 338.02276392640294 1373.7685372456053
32.89329682940904 43.783655001051294 636.964869978347
212.81454830555347 80.08862766340559 1287.325871416365
24.36758399988963 21.35734130758867 1120.9983290248763
177.22436777203447 45.11806152907111 191.61596522495628
56.19459923230049 120.92485288658426 990.3601465289415
78.59699719283687 873.2679723187873 1326.3206151442837
143.68042267535358 369.8445330606356 570.378972585695
144.0274879892641 92.89502498816337 1426.6120414491097
796.2361914417658 34.37654027540443 1020.8380800595943
120.2070343558091 92.54674518722533 396.856768717399
136.5647670110474 170.70648148013748 1248.9645933156578
60.81509927609746 149.6901958252326 1405.6351791032787
370.15202763544164 200.65470740833317 171.75184197690706
45.13259994096703 86.832544248771 1026.0303484969354
11.319182154082991 383.9292160141953 525.3960548278927
40.661353225599754 323.95129841839406 573.2581938714545
62.79936952356954 6.387499525556883 780.1414333048037
95.62468875632321 463.1919210811525 190.230416767817
107.54742295799733 143.2631177291659 215.50060188698518
143.57675361194725 64.01277252153608 703.1169730954098
138.30235176013014 263.0603644575713 196.78249078771776
341.09249695234655 142.55624574460163 91.62730001959818
45.37804798615813 140.72877658739222 1331.3218233138084
352.54684354094456 62.756609513353055 483.3814344083224
231.68414599007195 51.47136710722863 1370.5455909947532
53.46736561936678 149.8158976407425 1046.6625733955796
126.99020385143301 534.9437370840611 863.4095140892489
106.2226674903781 176.22133253970102 392.04786970005665
195.74618014230623 35.79930410708869 448.2591850081896
179.21451229993937 16.239380373741692 755.7344679746828
80.49558436931285 97.69065897754746 1359.605804399474
109.12192915288243 151.04266935472143 639.1887534694231
43.57550826328839 532.2550238095051 787.2894936166625
96.24462985629623 14.44851686435102 768.2527780822079
75.11328733029508 294.18871558553354 721.1020654682824
121.63438440863776 727.6396183059946 1499.6822435811523
10.26741585954516 62.09042456592526 1230.4950639924073
139.4722779952176 143.7456018159917 1144.6138803297872
187.81875039009174 78.9556932768403 467.46489134230524
194.5899172651578 129.43310621360519 1116.4937706534886
3.391357419779589 9.312940767497373 810.3506845744893
3.020083740771654 102.62976113915896 1051.2447332625502
96.47419679319053 217.82817653817483 1061.0338255677082
24.029736816831637 1174.964394322672 715.1706583184837
307.95412563676996 536.1525257892142 351.1429565524929
33.71271807505108 389.03143406382736 462.1212337282892
178.74896395683902 266.4137061932881 479.8525630486924
76.49304831607142 21.754938106631542 316.5010293674023
89.41601318008992 51.38003147850871 1377.655895707751
53.64850458967756 142.49661504469782 583.715414327365
375.75434857845613 324.2643100767913 305.64199421140677
99.43416823195854 80.6941035126893 204.15990298033228
62.351643064471304 44.858739537627834 641.9581023317016
91.25622495708811 240.5758000854847 345.4049668032561
164.63879713467367 16.428114241711068 999.9138068115841
378.0547716701044 485.62526316116373 1031.8110009851903
19.216360653626747 114.26929014522675 441.8427375556324
270.6268554252924 26.6980238972378 151.67017069120675
159.9667368809044 82.22328792508353 1362.3948853921897
313.64652474134505 522.7121651145109 815.6085526384751
254.06291871866452 391.9500970665434 1442.5314409650416
57.28937270253064 49.10708757515355 1463.9962670172604
9.269372112685687 398.4985465608392 606.0403880370619
422.4413255509919 191.12587601212695 375.8814307779294
13.862930954459236 3.3992508322337094 1220.5876111966081
54.247062951209976 360.3405409446421 94.97500831372874
178.27378865650138 213.56231518495727 1115.6527028758262
261.62046016047873 101.99855334089357 1316.6605329175873
80.98258120600104 13.355653065183148 1388.7724575093416
125.31965286468767 22.125664822534226 223.41192970430163
359.76349068660784 51.65630109972843 848.3167678131566
16.258847592488188 387.4543770640848 417.12247214480385
159.29635995391226 392.8021087856833 797.7786236193648
239.35183359420841 388.71913577605216 837.8938895836064
32.91292796343728 151.37343249607662 60.37599754318307
215.09570380399853 192.72715310581472 845.8387065027697
24.186665318129645 302.375465170745 810.4250688359831
71.0331791856133 597.6228851326242 1177.6446384831027
656.4715580362346 453.85218002692034 1181.5535263425468
49.268400021669805 419.3000737609957 552.7631556127552
485.74266160257935 96.96869614832477 388.93679921400684
35.62629043473487 127.49088284400428 266.6120307222377
157.66158914261948 49.46016822438074 124.50822054901145
167.9511618533589 67.05322143138422 382.4972779614228
512.7299419127834 138.31298977858998 1282.596397480439
17.32587353245751 88.39484555975268 469.7908303452734
282.14474911567066 107.69000183991739 1383.7031886791044
43.147965371956275 156.87743616806142 1112.4218523211955
757.048132870823 1094.691108229753 766.4464317666964
18.13141632854391 574.4434334946155 375.14382773848695
13.94279819036812 289.39363884049044 826.3369717924868
74.20731484578066 200.28685535222212 1011.8746915795776
478.5212479610463 1.345612379740121 214.86047712416206
50.94807516898386 59.80332817080035 1492.8632838244753
11.280263729997435 140.80596599605028 354.90017663793134
235.50395754004794 193.25299976653156 226.92899041266628
11.244672158319776 60.98598348776867 1276.5687499533617
20.683573681791103 139.5842963268662 345.29522723670567
152.96338965073127 319.19323625088157 796.7541295256738
41.68288311081857 714.6748721817657 338.7479676522769
478.9484337421518 9.243937912007246 1012.5857444833252
18.04361571567809 45.98149277637359 835.7876349249302
91.522954929974 82.0027032778215 212.32444541114526
117.64853036912417 36.41719861623147 1034.177671522667
473.7873423511104 216.9967161703765 93.847373986518
362.8425698705045 419.9177200625783 7.5844400055650745
126.06416070939572 331.3475320117674 205.84045010936802
398.8815862643959 38.11221275629878 1231.392142080302
321.93234893665493 702.1430920422891 635.5216963213165
9.941199181578387 443.07842831105904 409.1240219118073
106.67018836525976 49.581694551608244 1375.356024691082
343.4573415506316 245.06195333779738 27.140529682296965
5.165328409454167 71.61532872942276 993.1420852064801
9.71004103011768 27.524821524361315 730.0439421361523
137.63668139309354 9.724275126451166 530.7270780122552
109.02658485715375 15.333468554657184 1315.5462560707929
351.1995349290346 56.94028950634004 1323.2194398502522
509.19966641351016 102.5837077777705 1062.269385254525
287.4534160879435 107.11697848805403 221.98474588054694
295.8415504896328 406.1123024830253 1298.5399050440533
1.0226236250361285 530.5202065489229 599.4077382563478
104.58505008729368 68.60446430754752 235.1117448174417
30.961647611727518 9.228371591771678 1302.9925437498034
486.362346763279 368.876932836794 698.9050386322308
142.1226805089101 3.803413955455009 802.1715672068199
11.689041810537045 135.55947505561943 1107.9997715000484
109.38612518838433 175.4377537708298 397.0393166388385
87.58182534209581 165.11424689625994 294.2093675365357
219.9707941598794 755.6701836186297 544.8657111002742
270.7265670017476 161.15637781807422 1081.5026909444894
231.3232971596293 562.1297193980936 1144.5515254158577
172.27732731846453 386.03243356914396 1311.0231529508658
503.38139214463337 309.4547962865538 363.1374209364277
1225.2032902704925 381.3731567308105 373.06043695507105
9.470143715714945 25.817446670523847 1468.5593581877524
248.63961413019916 209.0180014693256 909.7769578107536
80.60864886046953 141.1283254126084 351.15865662153175
239.7676524195438 184.6620537112679 91.87803829729646
156.12553836212268 38.99630098528082 413.77227227496974
256.22265056261733 274.4776938292683 408.7964985081062
35.60659758366669 157.2999977206115 116.54777039734465
344.8913288687556 20.03996510477124 769.0997064343496
23.436557300121653 148.8787327484737 928.8793898174537
364.348248469152 107.43703288171787 851.3700296868919
222.04092681950885 34.60483899650224 578.2568313446103
77.47776056088291 475.34030762292286 703.5043042679844
69.60927019496364 402.2040619166859 1236.7026505955005
2.40206014461063 100.52237932670802 460.3022281400677
187.2926932286862 327.62043693100696 292.3753995262182
235.31571779373414 44.14596084862732 610.6914029945289
1029.0902798694558 13.46590727591798 429.6465809469298
72.53030640941405 42.34439001615544 884.5992492209177
148.4726072276795 287.0078063326717 86.71576696970196
5.590224589444788 149.23333404686505 1407.9716788461465
84.00732695015036 856.826979943995 404.93776928222815
454.3576071784274 150.58977039827042 277.4197702308665
412.6834921930289 348.9210825664952 840.1382908136261
34.452092509193534 202.7092409638315 400.6370387915545
72.98735417875378 81.83858272045936 127.464502449798
282.6927081930275 264.06628696355955 1338.3097305804522
102.51599988312059 341.08790242446634 1360.7895422339318
180.48687508025708 45.513815904662245 242.46569105472116
129.7719532976626 2.48792290929621 734.7749940434711
227.01630006750526 172.28412592142763 1454.316418423017
1517.0673670910157 169.99873623504013 1008.3861390278881
46.06520264900722 244.5693205793969 34.21805107870135
247.16588471675755 565.505731328989 1210.7222176674313
94.98832372500951 118.46101350039122 911.211021199823
648.2674847932238 93.62097896809345 322.9225923597424
362.0290742992287 255.1130337413936 544.827570898743
188.94663723056024 11.625056276962344 1417.1682974268158
396.33222384202344 210.6130676915818 1063.249316936889
165.31217429288697 87.8879755793727 463.01948634635534
140.50636162184443 619.4595104560894 567.93712522102
456.2602916895824 193.09316916335496 681.1382597434648
249.20766749680925 152.93329686829685 810.4894566033273
249.6805264920486 14.431086239455077 115.69211514879363
319.38541407075985 259.06360965721643 658.9750337207611
636.3084924220591 294.0545196088783 739.1259272473883
48.59054578961046 667.5555937920135 342.1282521032478
186.40570870299265 468.5689195832512 95.70940728146444
454.31890843428266 96.14553488910796 38.45715265532312
59.889284013337964 102.48052777734713 1147.7352217337632
392.9701588799095 69.23972766902699 1227.2506315939524
96.95721204657939 27.197731892050953 757.3592563293795
274.64231598184455 61.206964783465054 272.12461859416226
20.138592987936043 771.1873973909306 1398.7734442678518
396.7870957697176 279.96204836237337 1177.680404799198
185.43701291622466 294.3066878166565 74.51252162767386
301.05019619883876 331.1070859698491 822.5867605251344
155.88801456337436 31.772071019186676 375.3450105027947
169.8768777290061 2.4102107213830766 713.7485096842798
181.60466032508486 102.48444877886244 797.6825751197474
97.79437275115461 47.74561472517477 389.7801530976536
742.0808058708342 321.8803008514356 1282.6771786051313
105.51232585338161 45.47830658931195 507.18418337560104
168.01765094834406 262.86214152460974 1091.1801534046656
350.1406940656603 412.96042359028957 80.3037596270793
765.5190557837071 376.72734539031916 402.80214659796064
254.62156439572863 83.50083299739892 1265.7484378468794
635.4831571181976 930.1310216438791 803.2884305986945
60.518490724875775 150.018137675186 217.96970648306984
177.0277104090502 5.342373624287851 553.9162230340601
320.4326746533112 25.22622695269694 402.84352963635456
90.77119413585014 150.79886143818578 869.8220663204796
41.37582097681105 270.7383678016061 678.2864606291789
691.9853671987562 3.9322819476129887 572.6819107634585
203.3500794041067 1.4686376015826912 730.5541935526198
17.66946320781311 563.4084671469399 542.0632961685984
125.59203307496006 119.39896731477538 1261.2324590391959
57.41998846707086 212.5020502660435 919.5682219110967
194.83847894547358 47.0275237556316 646.355816515731
345.70078984362726 53.86181299674537 458.24750187521664
135.3978150675368 239.0500631879315 677.0707641409956
95.28642700666589 1.669104938835678 1278.3611491056604
77.13465098400295 217.64770364848417 1468.023928674648
90.27473081839446 329.3993582181785 1477.9920564724705
545.8491236047196 136.7911282574491 1009.8516580161131
224.28403427060127 14.646791756484312 1351.0814061631804
111.00812842726266 0.9574888985584102 507.26605714927496
125.78415654448816 235.35021931847072 181.38158275582427
278.52970417751055 223.5876490410505 1264.3173625023026
221.00677772568486 531.3184684429325 578.4487386333117
70.57270821718438 83.53007581383125 679.3968108179749
211.68406311189707 41.0183448814313 1166.3626182320031
98.93126557244322 0.27032071707776517 779.6339459875937
34.15439024661528 148.78579396453827 1189.2563912214266
38.09147156736543 297.9304762006619 162.8560636082519
279.91696469101527 252.3337904813196 1160.395679403911
33.81400810554244 273.0000631679329 1368.9478178607058
585.1877394313724 137.44613623437135 1435.4804645528461
241.61220005943224 195.31756562336344 836.7765023670992
94.09819390875441 58.506539369641644 369.089833579572
458.2217463581105 32.92510248864788 1284.5969746346868
9.380625379319167 785.2479575747349 445.8566072696559
149.19725779334425 263.2591463061977 748.422321669801
70.85398499197038 331.6133242761228 890.6317041429862
179.62552747696472 42.11195390090709 314.5139768823656
162.34307291477757 424.96396702091744 176.11301728391837
1329.5219874576426 122.31266231613391 1313.6481067744098
608.1301189534653 203.1176498450136 1111.151534684028
35.34479481396606 178.62445025692216 1077.0946629081498
165.49801186524914 100.73331491134914 1079.9449488322466
59.439605863105704 139.83488795914042 1324.6347171612515
420.9240069582566 247.80973916356604 175.9439250675252
395.9654132707111 269.0553876915425 490.2182152582629
110.23299012661529 306.2794240885576 73.89098290732765
65.91586012988053 1.700100973187647 261.403671227359
81.67330028831631 46.63254954470856 252.9133491079713
347.49655638429016 665.7680448905609 89.22559028964832
40.79793724868086 113.65904979866855 1205.0921746629335
115.19878058947661 28.6923389644952 1032.8376300706611
53.78828182175266 242.33698402719398 1123.404267835296
552.114284137832 67.17995338886873 644.6709120483059
55.89929774183848 663.2904763143908 985.974173538607
88.55497330524206 41.16388176329546 356.6219976520796
406.89633141334855 42.023105293270355 471.2192983764075
86.55138482099778 43.36175899063428 1061.886910032904
23.042023111108705 82.70822123763286 610.9203435954192
159.1888697725424 464.4817535389464 1382.1926426539026
287.2299129634392 151.84443473212036 502.80774080022087
102.96394382260037 6.375616341331745 528.4098105909086
122.40400051861204 101.26143053343723 1087.0574267513068
42.62185934779936 199.4528250352652 934.3213713631967
95.44113266759425 334.0914932067131 409.17461763868414
137.590461051859 32.44427638915702 603.5693644483305
36.90024205257616 72.57863821924452 667.4733218513787
422.29078607142947 86.87186153118542 170.99842584221688
421.81133466908153 205.81736068649184 1433.1997740929914
39.83061196005291 127.47020336738346 121.65292062035516
502.8357469458727 279.4139472190677 1201.1809197360478
62.54251096222314 147.91257753583275 1205.030229411599
207.21922605701982 157.56893822611804 250.83246110379164
613.3860016584181 113.26885477039686 467.4268709292267
366.19186808465895 571.1972934528093 376.9026522085392
413.86570718510274 498.37491882907284 796.7663744815263
412.9625041292295 40.21585286131258 702.6098896761295
522.8003990443127 547.8601050927632 1233.0504616782064
472.51867788251366 227.40497525902234 1106.974479168362
325.4877112381656 118.22864783605529 1067.8282575509122
94.49184577464823 25.733712071229693 521.1058266663222
269.66874228940696 388.17496566036203 1339.1841796164688
40.814729173172225 10.042201961449805 1427.179887913689
78.04372264864095 338.91044462383684 160.3667748403293
81.07023774632067 47.128119004343596 721.1125999082515
187.9166756258327 187.4440584745913 240.90521468580545
89.554246282061 12.862248123740477 1250.9561046675199
641.0060898956351 355.57667248596255 971.8651746357665
65.71850064441533 69.04327330576369 106.30262776835536
173.7602786860847 326.36339024756296 1364.2561051368855
5.613298506558804 123.52494011965251 1377.4595078477473
296.88336502341144 69.24498390408735 672.0958293225883
256.78800309073335 191.15638380204425 507.3897342040674
226.04518955699692 10.806953005631101 780.8099060733692
168.33990554125103 20.73443597973982 1381.9580202981972
112.89867993285709 235.56856546920196 891.646669883966
126.18532031363824 27.083403541973368 1285.8446105660046
18.34518639778368 353.61189615486717 531.4927727999246
799.0655872149316 213.26173121873148 886.436690519873
39.987907396096226 44.48226557820137 747.9575059943558
68.03116053076573 224.12221989222255 226.9139532717342
136.58883917278087 73.81688494083654 1304.403357988151
358.3092170111296 723.5748690233258 340.22497737326404
61.91619484448191 352.8345095562034 1372.6370314200947
126.39593737587285 585.3534449055009 1410.3800363783973
517.0557935530255 157.22746884612476 794.7421805430974
113.45327958015979 60.5446914378859 478.9709738295327
359.52379166125456 300.51132591556785 825.253001440902
6.095710956416776 223.0103840497145 905.5970690877472
41.01106865566565 36.367986539893764 249.50689961133193
153.16945917463173 175.338762677987 1370.317121858614
363.64258497594597 202.46524664518896 421.744188203841
439.8054897068202 215.3947089518711 569.0872876922413
248.00001414388962 70.42063528610197 1455.7162691818255
205.32559887034606 414.10463519956585 1016.0642250664528
325.58849908638797 200.35141222042662 153.63597884881545
40.244226059523044 272.83352971353855 1135.3411270067638
87.82295535553806 16.68488463628997 337.4799632567985
436.92082357217635 567.5320439495438 266.09167128791086
103.43253219096576 164.70969573256156 757.4808478257953
