600
315.6678771067202 4.343831707818081 1251.9676146494223
93.76360940515892 489.0623479399166 630.8714129441969
121.42674655499725 9.302685005338954 751.1269298931502
72.1074315788017 136.57333160446532 266.4786548116896
65.1235356475988 169.21225674655383 729.6188864129981
18.659211958993176 247.55879042918002 1192.4365267530925
251.70501554129748 106.63127643954675 81.63683135291822
566.9595881427119 98.48530089804991 1285.5626895017185
901.2028433558878 202.98236278469074 89.5350413532262
611.0761954365694 125.97143781567655 986.4018028267004
200.70679544911613 58.01714587311364 184.86866414752396
99.641939994836 184.38045746342212 1102.9888119129657
117.03415262489756 14.471418466196145 1094.910052314543
348.8123894363885 81.53895893255553 408.6190924725201
389.3731423890467 248.62114396038447 1098.8365446671016
112.0550020610378 424.9376646607674 363.24656105541385
52.33713389306408 124.41209843955944 1246.6664252431458
291.0030022112251 476.71810008637283 533.8764349337144
280.41919060216327 328.7509626104816 1130.4435362870813
9.144495214222921 136.90167779202213 273.48171094180793
352.29179266821603 143.93279049504392 1199.4595813700453
342.22394403135183 197.2516070668541 61.58458477744827
65.84314619120777 156.04098659675068 1474.8608758005528
125.01740604351255 7.754287768890694 1189.4121087373924
303.98550550978274 202.60833505648455 127.06543174290053
433.4942351899383 138.15605476608073 1082.1388474262928
111.95624485487734 64.20101835599755 85.22581728237371
247.7812191821188 53.8393108920255 872.6634564443425
98.9685517790787 21.902921521223774 1065.808076829634
141.52099825591543 536.2044484880162 638.5547114826335
255.31707456138454 75.24645444930779 137.16254733214035
213.61796079541816 39.517635107277755 1194.7432374633106
643.3091711672587 204.71920730542132 102.86876398284083
277.53058790767795 206.61540650016087 1409.2476110438524
207.52694175561373 56.18682384329499 758.5540500907414
479.5267928818245 155.113695697266 1452.8500278569845
164.96083460196286 69.24587852380849 1434.0722883421092
434.2829965251272 454.2603921953134 865.9217372652407
224.81595145303748 119.06780014728078 414.70452471265236
418.0267809013053 271.1395638615792 1407.4614009430884
5.73294497335761 143.10653169500048 1224.3711706679535
35.5758587240266 72.31133160394396 486.9254180331161
219.9304131286204 251.92340125583482 1473.304382295492
209.73764977639618 135.218459725453 1421.8583867261882
131.040242841071 5.798167481593248 1268.7812218976771
708.1713571053457 18.542826588543218 1138.957106045789
299.02905585393745 45.212273900131585 1042.1570062912472
698.0179714624705 53.96074570315819 513.0064270043604
2.4825193938387917 3.947466946081135 556.5540953621169
35.86297284588744 213.517464965908 469.34629616579775
240.67233595453078 76.72754698606742 1130.5615759873358
177.85408052723665 279.2460765146232 797.3610062521848
256.4091055262634 8.744477648502816 768.7186992065388
69.3751053359321 159.52367540393112 485.97015244897534
28.099956284897925 7.071879208895777 497.4844830873817
129.0545189999011 42.54201844243428 873.4892253821721
33.63772386994618 207.34289893130455 749.551513305074
284.4683824153823 177.33768868793533 1314.3892391295913
24.55008153214731 179.47224883164634 538.933011892966
353.70322996656853 112.93223597391979 1119.6238277191583
238.52797095128153 229.08351289873158 606.7187575902205
399.1943391660243 77.9116807975456 482.62965554236956
161.3051751450127 4.746363313486207 1275.3156978743677
16.448043832393626 330.62765123454756 722.2497200235612
327.73584122276446 184.3291145179945 54.61984434327627
1356.507222124574 23.669908080528597 995.6224808645686
472.6136237295246 174.97563858695383 48.34963507612539
41.750111907602566 25.514309990402502 628.6580424233923
73.62275510359628 271.4440966773084 78.001470545832
115.8356135517272 7.220679443880462 1200.3428065288165
264.05307113874784 1019.8409567899512 548.7254121894531
91.12439699045898 286.6090907968451 295.9343533554379
97.22238093299558 131.48560365661686 685.8135054478693
298.0204360216566 115.05106635622924 440.00423362542324
28.962085364670287 136.18237721086263 500.6575311483581
4.88856844647118 237.81990299164653 951.366465498603
111.03305928348983 308.949739408202 1023.4876762927759
456.8875224081342 3.234301435455629 1259.3035005035065
166.74391049636907 85.8913358292672 948.5559159526159
123.52996685466167 32.09737174858739 1411.339503814774
350.57351161389397 28.677020799180152 1202.136975062745
80.95889609784062 90.97439939769113 11.55612287835439
655.5267524071555 576.7268410370887 420.64017492701214
170.31173922363465 91.67885303146474 150.08968798195767
2.173473796849929 141.13946901734496 640.7190264262782
461.4050053676073 15.073341061453341 1341.2950289482196
225.14522893025227 141.14715498122985 896.3597576831635
36.335419190787306 55.8507594540538 236.6749137469367
212.1838585738252 336.70753010545593 1262.0781972686784
102.28329594000421 89.98323660018758 939.8010771771255
289.92370947848525 58.125515623460835 851.910853804
87.1666312533763 123.00179773827797 1391.0928867384273
226.5529134565045 66.26653318114626 346.0208227263769
18.688103923499483 63.174638497780336 259.76875851550164
75.62203640563627 30.202567045011406 928.0826644510344
26.763148187117906 295.8876675690546 885.2655204523306
43.74737252116931 79.08035253925789 728.2996679217824
479.89697199262287 142.50645195647664 502.95221238793675
269.71805517073625 223.18241372603657 1443.3227196325488
140.41251817397549 151.7806069987368 570.8193634701668
160.39946597679494 575.6734774656742 694.5772256673209
69.49463108935522 32.70523106417649 103.86048519161051
91.4238501271313 97.93162603123558 439.4139132716319
172.94264801028635 126.52158818794757 706.9747553153264
51.80740230476594 94.67730163327542 1486.7411876859949
113.40261283377457 307.8276532703962 1324.2274168470215
377.1995389547739 166.8214686854864 775.3290668019177
367.4271961525362 392.0900090196628 1143.520006183117
540.1909172962793 275.54292563621 1061.9056692776473
4.680058607282886 35.04953020901994 175.12956808025427
209.96824674260418 51.89988276042449 1120.4372307491358
92.24601942986111 89.16949675450421 1081.0426159099143
70.8694392185638 113.97360213442882 406.6552237800297
487.3661906810715 144.7033143525594 70.68265193915568
27.56891081386995 11.997194729121057 235.97895464651074
420.3738990266045 219.19302648078053 1273.110982065883
219.69848919026887 242.18292390885549 1443.7718763212722
132.90562856202885 478.27593816594873 1266.7035529756774
15.944922095785044 204.29122939748265 1211.849674084318
40.04632192872417 39.52289673335708 203.6348663712434
451.0582459717485 492.8831785822915 209.67528059260837
248.3591210800626 42.93571331547523 1491.466487081318
0.7362806987547923 100.3549850507222 106.37329298764048
264.78231673560384 135.2594913029808 896.4448288205033
245.42763108385955 73.60058233839665 324.8027712507221
147.47404987017893 348.7742523531693 170.6451090897041
17.091511910746032 155.2656839511675 716.8336379688499
27.05118896546905 32.762473199301915 342.585019530521
237.12859871961913 1259.3614452531133 790.5151161257835
315.25405637868937 136.89348710366946 1436.8175730733922
22.084035238710946 178.53119716964164 7.724391424334954
33.42616915930527 294.212549966801 365.2648850853524
77.22753837000248 231.47267483365997 1159.8333138736814
218.86651059583633 172.31650136365812 1185.2975309614453
256.80050169209375 287.4521717884285 1099.942592056942
407.962466659409 24.422678152138722 778.9985376995186
109.28902212987343 101.42240412460512 773.0540261482316
328.30649702481327 165.48432754861506 22.34769699695127
135.59870076781945 115.58739240372795 594.423987462101
819.8692620403616 50.778611439238134 440.19359992276395
283.04924559763884 273.4808679369346 1068.578288577152
88.98229049251174 248.13581456838375 1304.4126833997564
626.3293620162351 172.04755671679177 1382.0756434271332
220.4540054586018 205.31965956642614 1274.7791600694318
139.02554444732795 58.41173333338927 276.4416635258454
23.77122059495827 198.61864135797265 1328.9549703311488
233.0212015164372 67.11255312852538 1449.558864222141
294.61140482200693 139.24471613415673 325.45663537076746
149.58613008215664 160.4103358654102 541.6125190699198
59.36892698096498 127.00408297365094 1390.7015341128763
34.99629761449326 40.632510053844165 1288.69467122439
143.12885254913027 46.26624553072221 1154.01785999666
157.1339793360277 81.83858003769933 1381.6054326072099
139.3728594250395 65.4485640228035 625.4310005620233
242.52260815809797 249.87438868946575 207.1464240614584
143.23558658644274 41.88068285119996 382.5992293121278
859.8234719058831 22.48006757113711 713.7537039151971
48.470957994966376 50.76126637812038 1065.596709884434
7.9514371974715266 498.1716495726201 185.54560508562014
31.94375752097344 138.23537283252517 1253.0494840824176
125.62763627052406 187.6936267199199 1228.3021244471336
55.06558485279173 357.975792044282 690.7281433797162
5.755134405927554 567.2025795651325 1424.5884595072162
89.27231183512576 116.21889394447335 1084.5881517379364
250.0255651973443 41.69808796273304 763.7955535640932
71.67982095365804 149.2144256875785 1263.1290341515207
3.181156473958812 54.24816069134886 651.9678380347311
19.93917892561275 111.36216335599079 666.9353244795024
436.5244890872928 85.8064764873238 809.7098759369883
28.16921112112261 39.335757526431316 176.28516198657496
5.94569455447876 6.398459554415345 1149.8657326938849
167.79218197744544 143.45925983166262 599.7400044454824
326.8993154352764 19.258800226080773 997.3854062544609
52.07232801136234 254.36464684674576 1101.2361349085731
82.54053267109693 131.1529723775116 692.8273845764564
245.82018101720416 630.3510720505847 309.3595595926179
556.5644266770012 422.18316717712014 1209.9735604478337
179.9560178055969 132.41373528572328 871.03666724121
81.12378501339337 5.608032982848383 414.8537369391819
24.221898723518944 88.00072713916758 203.2679220686644
27.03126665812528 176.79822803240376 942.5197993164866
42.13790534870359 20.899990331518982 514.070389423391
31.290784024721454 233.35903894667425 1057.6670289638569
594.0913676113106 94.07552770840334 456.9662582412909
23.212902410626825 60.70939314798826 846.0695659142582
9.131354088079597 71.38003481699096 361.8516021810035
278.9041692395396 27.145181315859425 7.110209260971168
295.38016503989286 233.91616297510387 1381.8789948295234
1.7338068055355174 12.695767741914828 813.7600806423611
53.70245409192535 320.1109721748751 1435.7961278613407
247.74808845354573 153.1108686126315 793.3148573590005
319.21823124636217 11.540463329749798 1097.9507753470136
50.35981860851753 205.63435229416487 716.2637011761027
168.82284238559657 385.31735041667645 555.0055304585275
153.40173142192347 117.73227481770101 200.1166839673551
226.495170563719 6.215852791644023 966.2394969333676
14.145337373636385 102.58998160598742 1121.3867593427817
90.28273851449543 2.675845050236321 814.1453846618746
41.37632754082799 158.56218138983996 377.4990230847362
74.21595246198608 15.299999606426033 770.7021968633536
87.38978285987888 734.5227075383493 52.5802781795075
42.83795554728307 311.4938789523018 1256.5817102792375
414.98072169815237 44.363973058796326 319.20917192024825
81.78513923037657 248.7539150645872 953.1726032370128
185.9967893514234 166.56460977229602 1333.0073299617322
242.64613026627714 291.8134066161391 1042.4165005253935
307.00259213407304 388.3122451160648 724.9117165263949
28.009838594469628 453.16225772597545 383.91094481094757
42.12338593370538 893.5146913414327 277.1254132237227
162.87645738603823 132.79547255828285 959.2600220078818
82.80586188598342 189.7174514886258 503.9602353941955
151.8633670521552 45.80325471733546 629.1661923743475
330.8536448820696 29.626280754141156 832.9972739036378
121.15060434930263 260.44723183670015 1247.3437149895951
101.16539694011037 43.55026131767402 567.953819903012
148.28341052327164 39.03555154654625 671.1212497210548
276.3247128884505 37.16612216261744 1207.6865148535278
206.6519095965176 55.60876081068008 719.1136554584645
207.57685894485664 70.42098203037881 128.67951290818863
266.5740802353435 541.7355289787693 429.5443952435592
128.23088451827516 166.7694980496918 973.4012396080745
2.575626820625544 11.717110216827557 246.4897623906574
80.50919054606929 98.57383443177721 106.53450844199052
258.36494325775726 217.33308043837792 1254.2283142510435
26.520376205950225 526.9174354851937 992.9865751238153
42.47706575558233 150.52402553039744 1024.3955363213506
300.1005502433773 108.46381848499378 1170.8737279795946
15.985724524188393 60.16298784755006 475.1129073075529
509.23064878273124 132.32363571096207 233.59064704510368
425.01561736377005 211.0906448210345 888.9813849442897
96.98168831294407 47.068590152436904 691.3659812448931
141.2876932020565 109.57994410483047 928.0341176063749
466.97570861241695 22.491754044617664 1498.1787326186775
19.97006199729072 165.0269611180843 158.49835875950237
16.74648917694766 15.31036108379287 499.34876720235746
511.1831180376692 52.93870152224381 925.926662587921
187.49825822723062 189.7609335881792 1086.56312223183
30.307175256079887 169.09788463219527 1206.3522764583995
533.9854961913871 102.46312854125932 1187.9487512004027
7.534437812819352 38.745651464199575 685.5123630972612
352.5044303816996 17.114403151786426 1498.4582775240558
539.1309336983816 215.5647707472916 452.2468532577414
421.1582699223301 59.43758592732317 606.6663335444433
26.99729696058764 766.1135700772959 636.4663001474956
6.802974920784122 630.6624675461198 361.09743572543584
320.8573362461131 654.4664506762208 1166.7614836944754
435.6852967770016 257.3438133506379 1484.586402816312
233.46367098649608 50.447935135246446 1216.3952487882716
38.7350607428321 6.504840965354138 1300.563087055149
75.23656095922716 218.1590423991433 1178.8393359699137
138.78358392611455 71.64742014149206 881.9620349016342
209.81780972834733 70.76251875820034 869.9867994308996
360.1524109705321 129.71988168210368 370.20492902929925
18.318345635586212 489.2914206748518 68.4067431442994
165.3361779598991 488.80062736581647 752.7207214167394
291.9286822704142 215.00246752059473 1252.936377598005
202.98374086568836 231.40394833105557 407.14492355256954
146.60736441554445 235.12581681982684 23.46813898282901
226.15976439934323 771.4237276774379 859.8116183789978
328.42431647654416 247.35409079132396 972.8872729712192
152.5763991938456 280.5907818451681 119.11876120109504
206.31634107285603 141.50164427532022 835.285299417737
254.85762931047438 21.420304933494076 825.7185258827941
615.6352319040149 137.75456933264718 1218.832391656076
173.7429496034047 250.3744507175435 63.754830930955904
630.3442594837649 30.5105616897266 1208.8010311595992
79.14799508820191 138.6518329923111 1256.2521636667939
290.54318175484804 102.34281684922904 1016.8132499022878
95.28855882204152 63.85231667681962 146.8697788981578
72.9545908997371 285.0087563455548 277.4487176944507
166.99531634064962 34.64523624631193 1298.946736368297
29.27364193419236 613.3785945114244 748.0991176760771
125.37699124242876 132.30820680460778 874.423498233191
376.07180843346015 41.32039666508076 825.750128727229
348.73096944425595 226.9783968193769 57.37797801863537
277.8997386248905 7.569002011083979 43.970632726801576
34.696208417864746 23.00789013661974 604.3335168117119
18.646714504607207 122.98409996802127 519.3249853952539
383.8114209526437 202.40704310270505 86.81466505598718
96.95552238221879 279.5213601934133 1217.311982611523
474.94036317373735 139.03728996069867 375.8321652325537
268.4329481769191 35.1031850424643 691.3642333644866
88.11526472680205 365.7141591390912 1476.0925677935836
12.699201654811754 129.31852444728497 55.38884561545071
203.28828646898626 271.31325736503914 10.007425437814854
148.67928050650033 242.15822615683388 1497.444670507422
34.66848762293337 86.36411880979679 971.729762197362
105.79013441169222 142.66530868765057 1369.9885793726678
159.13994263709978 484.5838349647637 493.77804093773904
443.3020650387509 74.95123646689605 1470.7575384166962
342.98666900052666 190.41635631789268 384.8869266596105
228.75298087629355 62.56438409272395 400.8970439268892
147.95734107042549 93.544074071519 334.98571377388515
365.5741975471359 51.03221287641476 1186.9964215771065
57.72609545657307 375.8246531618871 1385.2645286448371
194.09572270728233 162.81080411882175 1341.1428958201675
844.6776457298231 99.2333316665162 171.66094322706144
426.6581097461928 42.47461271327956 1212.3850083657092
2.7064382960670152 238.401812036851 1467.2458446239734
20.442067962318276 171.86130593429874 596.5385869241643
360.2573458077741 340.3961401659403 191.1222542040953
204.7426066658557 185.57548653329624 628.3343036023284
17.688925085381197 592.070706873038 1303.9083874888047
44.92674017173245 122.97722100451816 1082.2784264544916
501.8702748054767 15.043156541983599 708.2917286620964
32.7503987051174 20.481297534773425 134.17022000095662
159.86971329842487 418.2695220425807 345.9695156368114
229.47153964563998 23.599758149505995 495.7268344470836
499.46815906629325 35.76515293446034 819.9574685383456
27.904494569922917 58.14065244725817 248.47939849649714
187.96096254247797 263.74010472593 508.04241752534
65.13886632360627 297.87904217914985 331.15987110539027
220.67478189989083 85.58975097670222 608.2423602406826
239.83972711912747 116.01191385970805 1274.5973991348799
48.88600273575078 657.4161921894915 1035.9416162535722
169.92258445864908 56.815415093685 372.6908318544555
596.1071643200554 436.0525743894766 325.3089350700706
68.83531754331935 189.534154228049 1128.7762884076774
247.31842040105045 64.13100354596207 15.826625108429916
330.5195798787708 59.314311099242 497.90482625868066
73.59556528649132 652.9364233625287 656.0181607487049
80.31570401306757 667.8865223683152 124.17111697476396
391.19855293005384 33.27982312773139 2.3562283862123556
17.74274093157799 138.5742957620898 1323.1901220902323
127.11223290992608 280.6308876530857 1488.499561107589
16.227757112222406 68.48513013948474 1036.1388344738875
72.96637765819324 64.61242571578953 934.5385008005052
179.68277770348806 18.44966968840387 360.0553270090061
15.995899433350083 6.531647007897244 1446.4376574409694
20.2554978532193 49.83415853514326 376.5589162151457
18.22078105048336 241.8404008915622 201.15858579929218
236.1065900313921 8.3220289082478 568.4175561215945
13.289961480265653 157.21865444867805 1170.429413564341
92.36065350044413 123.48385677567788 269.41864157909936
482.64588952414124 351.8133373117127 889.0600999216114
70.49493183645222 179.18061647864621 197.40020368246215
431.99186007145806 215.88612072139912 108.75737692545052
87.61980516441102 61.62550718488 599.1165653335167
216.232863056101 130.68124851565867 567.8684184975344
555.1566540979684 9.031262592637438 266.94725058057776
1.434311205453988 197.7301778381327 720.0604693461058
90.28569908886807 288.8343154357257 1408.8819317837608
342.2901190582596 279.4306643011464 1306.9165957347718
65.27208722231688 32.33067826118578 365.76984517111043
51.500345139690694 198.08660605018446 1080.0087121406257
25.344967517655693 41.020144579340304 565.9712676808062
53.81887417775929 365.7297680413488 746.8747050694126
83.65536385688304 193.4244059225938 1021.2854577432088
262.5486405780609 6.15108210960398 298.2961421987675
59.778954013053195 38.21276786473455 882.7661092609942
171.31161196664607 123.27934266020326 118.036332100675
63.402704259316735 365.72711819695417 1445.7473133680114
103.64799140134153 60.6211053884254 899.2394664881609
87.64437754345767 65.91997704106831 371.2362077809006
388.3604937663688 49.19707152847296 853.700623176763
158.61670487523207 98.34250009555473 1329.8897936834312
319.11057642435225 192.17113079485554 1469.8358585530996
64.93734760825473 219.8507256899346 125.1396163006252
62.524473660963885 342.67627406780133 1264.9989342333697
153.41716117192482 179.0533884857506 316.8016978117773
218.72037695483337 51.613784642203655 724.111092015337
60.26324846202276 237.27713419441736 96.46373363080745
129.9735875443631 176.62698253138004 732.5792783178431
1.046562574359891 152.85949567643993 229.019652915825
199.80748938308642 40.83964199769798 73.20889886828236
249.46064709119358 439.1929780775916 282.33121941636364
443.9942112480633 280.4921790681229 200.13907981677477
793.1697527213771 197.5432093001827 560.1388365918217
115.36700264070791 577.1546476613555 1419.0147044378302
63.883930370537186 19.94074275745015 788.2429016632526
171.24958043647297 460.5103446164416 641.6518163124969
118.67770193984136 181.62475696647112 180.4178155610262
16.116588039110535 142.88661570545113 695.4158500773966
18.157971986982886 68.94999156908041 122.30012450699223
94.76710357338744 125.96026693170668 1342.610433335196
53.139218313947126 133.11576489529227 512.8750396898319
6.685003396804512 1.4576602022026475 272.75748753610424
2.566065113959005 67.54114842099163 1367.197783461494
181.41141167097427 36.78445250202257 58.273596532446234
200.58947882833297 16.024625888117843 1244.305528286728
220.18986832226835 157.7829097440687 193.3359275091056
190.6937741638646 700.0993631642777 441.8709396109488
41.44480528821049 530.4002836424719 216.03762921059598
148.33923184801347 327.4294573776193 945.5739316834732
418.3622948167469 43.02458283311525 1384.5155575234517
239.0313433941501 11.459253283146747 1012.1808162525908
90.79483885439721 45.473550591592684 267.90791451028963
98.44326087062531 229.50879596124506 784.3072060142838
30.180330364846753 526.9009781208939 766.3250749175434
589.0468933424148 1399.4149276119815 1057.27875482368
882.1138357076736 520.6915480265778 203.4284083786379
18.33968387895932 34.308342690766985 1144.8756594803983
261.58752538052306 5.58539610811226 549.4516533684392
90.6455892491129 157.09268193802944 1457.2998148523914
546.3877288574065 643.3274955595807 1389.970642053971
296.638832309554 41.485646453909816 1199.517146895732
238.88746108343307 38.40178114475937 1148.1568135045272
198.5351148264865 46.932775537899715 456.02550053088
1.7295390163622353 156.92342612789378 1122.1646671776878
46.92912437944739 39.10285421783259 583.0244444347038
140.63316168066964 47.56669664513119 1423.005574699504
118.6000297858578 186.0808322787291 1264.8370666840322
81.86749181913692 557.6109185206546 94.29161059043656
74.99994094062141 36.47739260761378 62.00915016708719
759.3495014068195 193.47701035167913 1431.0466502258353
183.92324058605297 211.30908891645075 379.8202682166253
34.37453500626801 80.22719086932014 1212.7960861454035
54.36521663300389 50.06476399074224 35.68845772906837
31.449478045895663 138.59703864815654 801.7422992495855
42.39839251507456 77.96958658268368 657.3044674238882
17.634362021802946 320.4794595196691 84.37154659223745
269.07447142436945 163.32675722611023 531.8668897681137
592.2024786073454 553.0199968818802 607.0941041487611
77.52146462805031 38.88957340998023 401.24733411530826
244.16070591963322 568.4986045407475 58.60647927966034
185.2109422507626 181.15691257869594 1090.5235423308757
327.10918857773936 129.6135722872664 1011.0033631896439
165.250402534567 356.4783129259634 1342.8525904299077
14.750245654914874 335.10143096067105 296.74532057003177
451.9042074646018 24.473070355337477 308.44626962737703
203.54693462407326 8.772382745804132 149.7131054398287
25.73728500228652 152.87823997877 961.9381704043011
141.54729031102633 66.04165058872887 234.76490073342293
26.697375067212448 51.465583796154526 1407.5951181031614
12.422490250988826 141.4199306184011 632.2518859885205
123.41005782522471 20.599967913807717 152.49963501029674
491.8813838349001 61.26469517340526 1116.9456949561522
93.90109192114195 100.31308175140936 1346.7167876657804
252.2860081289767 559.1324203864361 696.1133216618188
28.968841392060067 165.52162901595887 1471.6023435174889
193.70877766639185 71.90540753654021 157.95476130365245
289.64218846415537 8.482493000664721 158.17575135949718
144.56588917482068 82.29884126874848 725.7864683617106
110.19118769334287 7.5443770034608875 1271.5662809719624
96.36671056137467 44.843930292618815 1433.3927445475
359.79123861945845 111.12943661617776 1337.0400295370905
251.51809688793406 68.40391724443808 1031.539180659415
588.9099121615684 27.15165719012803 1470.817561958475
12.848308813451572 306.1645086665981 1497.232436211488
282.8272582235341 520.2361192003104 824.5079136586725
38.550262970081064 67.95985470995902 1482.7139956236715
12.882666852810301 168.7618019087857 1283.3793954353087
23.348660531148067 1.0955291234957012 823.1159935130784
5.211022466562044 0.7912749343959065 1210.1760123443112
6.229827447834216 547.0226907386428 580.928499013461
167.7283248926147 129.59409296183807 412.7622287254255
132.54754083881878 84.4449634892328 782.6657995848468
6.168950130045057 230.08001605825768 743.4414841463488
242.80739379855797 686.4878767521578 732.0724231209009
73.47504274997667 110.45381307570725 398.49317687700994
643.8172498335377 406.8194862149907 484.7423106827851
270.21818758923575 79.93161332362729 853.9190120106732
198.8611690915839 80.47358382713308 108.51583316934182
507.70127773593083 73.34272669265569 579.4961468104599
6.723008439956926 283.0864314044622 345.6552871385652
634.4005226579532 52.16373177775404 101.63567232903331
274.5384517539277 199.0369881946054 1137.7959993357774
436.4981219487139 10.25248387867462 1492.094753817129
445.65338633819744 204.1079947433278 1076.8129539425684
114.01607221313735 90.71329963880932 548.2883196999135
55.478599366295924 219.2189241100427 77.40341461633982
352.2620905188498 182.0381716912319 1231.7567267339023
99.28628173258966 93.68451549622282 1330.090698417155
787.5259200888028 312.8118737793349 115.30729912589965
211.9874690204528 63.76829866355224 290.10897882202875
141.07738838935398 78.75501263264424 499.76620824698017
36.07245616391402 223.01811925728944 1265.1282036285554
197.38659268085812 551.4766654220205 1499.302530557018
85.2696923605108 331.81566139580303 1365.643863908975
76.6247953066258 158.00771225544486 310.2126343630587
36.78653275791974 319.6826222490919 537.0897325689247
111.70003362803588 122.35268471347949 610.1795006588768
235.39771132433117 605.6302282919111 171.47962794521365
21.12254130966049 23.452987707216238 1141.6433452854722
36.38993726751317 45.16339777669736 129.1111801084255
57.46290013998323 343.146484244195 555.398371660437
111.62277748915412 354.8949879488625 467.8301202667622
139.00408347541273 41.78202454889079 933.1968426188237
895.643294265034 473.1227471074321 206.2817077496663
105.56353064527903 186.79932370204995 304.7875723059647
139.40876595907795 351.3681628191193 856.4698323814548
135.94706971815356 124.2821896192732 730.2826606577225
49.1573125338936 288.9618899847937 1382.264448494473
921.2983615733823 21.890672718581424 485.05298098248875
24.77239124537244 52.187351364549684 776.6377521849879
1248.7039541509748 136.8414207133174 585.7466658651631
266.3894268093845 439.7062606870493 688.2345704921966
10.50095828199154 18.56431565726226 322.27772466912546
190.55304705795123 41.608893511856664 159.84334907543396
103.5276495468619 66.95269083194513 1425.0615125355089
874.0543798177393 101.81027258846306 733.8030763383985
606.7363031347364 292.38745371796443 78.5007912429903
429.52921876957487 562.4482810154385 137.0266917218352
325.3415625735829 140.125956592583 1395.7912280913106
252.536372925806 502.62301149740034 827.1075843182043
337.06266568882086 13.391263685655993 191.58339320969463
120.6580946394 47.84787048151211 1178.3430180935327
11.566298439753536 138.28038204880312 782.1182678528834
163.6572198689077 78.85971140807054 1496.39658479563
71.65732332223052 31.061288847228134 269.6459690111649
588.6302222937634 19.41005900255198 363.0495053587715
270.7215717147184 266.2842382630031 655.3370901826395
397.168318578415 479.4076439042679 847.0836894209796
31.332578368070536 263.2486886495949 802.6588218677673
563.0353085818149 49.26506081374002 703.1708356594058
122.16921184342982 116.63802140693656 574.5380261865189
75.66700983273162 191.65517148196233 549.5051406019882
199.84189908297495 52.16119057748359 616.9797226334738
109.49238948873665 192.63070981110087 743.0146176886443
84.11824428822375 348.90582837727897 1485.9602989398652
116.26925666659406 95.32927404765421 324.9684284968362
187.14514717504397 34.31486161906213 915.2411350418209
82.70788232828117 154.92847195064772 440.4410192510115
532.5358438084088 379.56182646432245 662.5086285213582
390.46203237406456 80.00183558330819 934.1915363131997
68.94713580541885 463.39024508442446 115.14516726712426
137.43223361106266 432.72816643605887 835.798802810292
16.377889034638528 61.78350948532041 106.47639659287161
46.34812644428729 133.57449251773818 878.5520649569363
10.486845530989578 136.09055116758134 414.7604914147924
292.19421394724907 126.13503496831835 1330.8161237676125
197.10099213617335 68.13248524040716 1474.966844309577
982.7184383576199 178.00801636969518 287.9527852904527
24.629175544879413 4.45175318636645 1331.766960052372
42.75226670604265 446.87340516223617 853.5928731821251
87.87924681559203 295.3837105465615 682.3629545357222
45.76904753331855 12.321529589902166 1098.47127718915
809.7795265879878 80.68152280555056 781.7671573751296
202.70282196261746 179.36196953256217 726.8963640925019
285.06267925433224 8.873186007173148 1360.6031984193125
258.19026516519193 824.6119176952814 865.9852676519852
135.86256049267837 52.33666408077598 1129.3019171420299
34.58410525437113 45.355201180060384 1283.9184484831874
116.05298173793412 8.95006055284648 59.88494770315994
33.84725618600821 179.52380717878756 835.6120639041825
144.39598326715088 31.067960762150122 1138.659598757106
134.31738843857772 35.162214741700915 935.7371058317956
376.4777541663669 173.047453554357 943.4295210167819
21.538693387760194 79.96089158318104 960.9836329732775
109.30668496706859 320.35718447091733 1083.0558264308443
517.040315333461 22.79048948294701 591.8080754706136
23.26271548475315 74.5818195581498 554.6766806003031
53.05258616961744 62.72119206911729 1319.5146438726786
19.46143792861092 77.56827251344791 775.3798433259708
28.41210381327444 224.6073659955294 1218.0998266682475
76.25876953244219 215.21930343958994 219.8431307799758
80.68539203680226 5.293761214793648 846.8429146815472
16.298499673184637 2.476915870942408 1058.2847114497092
220.43797627339535 200.43989180890512 473.82263720736853
49.48940391727016 21.281122214386638 1422.6404606085582
504.20847227253114 314.89023654623213 413.06530731053675
25.924491050222485 41.27869062704719 105.20921841960273
89.3420819555516 133.11731834767804 1330.6168907075196
37.53773474324189 235.78494705415997 841.6160584392379
380.90962153398664 330.527267070388 980.8711938509276
33.275551779304166 1.4286940692938324 1389.8646478407138
24.40533204304606 210.352434314307 979.167756898103
57.66740347898202 64.82898781904626 110.74672699808963
204.9274360079591 207.08987368999684 1000.149697649982
30.729401214906503 345.76978764953947 773.8635433633934
6.676615671566127 29.07425932245134 780.5138225570145
28.170508695680006 257.1101554208034 889.6229887508683
42.61294188238804 106.96100227039518 1100.7964875671182
19.524753213086782 245.10097256157718 785.6800347283624
115.93065704657783 16.811686236660375 1446.2310108472125
319.35868172763605 51.42459925508979 754.0545017545086
74.3410252579873 383.4706709496029 919.8281021057841
54.944057589414044 337.0696420710375 609.9611492022049
28.393538443102724 308.12836209510965 355.9911867294872
297.5409949089316 376.84966532131693 447.423932501586
17.528106839451507 260.98465215820744 318.0026403997946
48.73826546351482 55.15487446338777 522.0424140686166
6.176700582468833 182.72890169727387 1075.4645310089775
9.15752090064203 392.8264752076935 19.91898523810126
10.506808780993262 24.816010103278625 186.78063421674725
61.68005775136428 222.2877086804853 1302.5286518646406
258.41843627275586 17.302766845820884 233.9947931008945
22.205465981661664 75.39628914472928 38.35702695111542
405.5185325415953 35.94620391283803 638.385739533088
124.50677084659037 40.4266049980356 549.2157539380709
160.6678549986729 26.018649515999147 442.0601391190273
18.688773861607448 155.9093547440439 1310.3378856693537
1024.933510696984 173.62619404778152 1105.9350232368204
326.94963960825754 799.6137883153739 747.8636810909258
61.16201092631566 132.23494969005728 115.80745021602252
136.84280632358116 98.19507948058653 1165.829765445908
256.9107819428594 86.65717365711055 841.0911191097778
106.50291600225572 390.7807557385872 1024.3478488855246
267.37738267915324 573.063166756707 27.038467427790646
148.69047435947272 405.57358173178517 846.1841470887816
17.728776483649927 113.08848483943419 191.06290706611384
684.5843993463234 7.205040605935653 921.5995529243164
59.400663515101535 306.10561378712623 32.628022304228956
174.76547592901585 33.59745649737303 829.2609108101647
447.6955627696471 10.619081022234063 664.2351179844433
140.58711528018497 196.09446966582172 430.3922502395787
471.84882268553616 55.817729633823 1429.0115302814686
110.93353862180761 145.70229254359413 565.2541235236565
689.5033078152138 161.18752485492564 763.669742061249
244.4538598068135 64.73825070214254 857.3656981789251
