600
132.9629494084109 25.868423485495732 835.0107218760965
571.3953958724801 297.9517699075338 1393.253947979565
113.56989069693724 354.8193935264178 99.75481812782638
28.354398790989993 670.5147568607522 976.771577843698
242.4342353785209 175.98824528561119 1225.1204388882427
164.67815225537922 31.431713080983865 237.14573439018034
917.3273510555857 71.5603396261145 1082.3296448845194
258.70828233081426 117.62355728225451 999.4636415970992
124.49734569936064 160.22641574956452 1170.645491045435
320.0709329345125 181.13549216113412 656.3851969952024
343.12157670932334 72.49419085618487 1335.5533849518317
95.68012425392651 49.20057774610085 670.9303138373175
274.71300045519934 148.1296651291591 176.50637285155352
420.60218998518974 142.06220373136713 509.57473692384696
206.6878165891343 196.82362657674057 641.8133780736493
75.0970438409673 27.44513037524523 1399.1563567592295
79.9513578231251 286.0601602365689 812.7662091704876
84.70194730612322 279.96670770276893 1003.7584398418578
276.55929565501395 76.85250237138821 578.6419860433448
51.20553984923147 37.559011505815214 1186.0977177184745
154.7641220611802 193.516303631164 1457.2882804147644
171.7951396121841 269.7189459560316 678.8049987185194
33.284111383159036 276.97608728930845 1166.75436751173
203.0982994416505 180.2274993463152 481.2572357812591
147.46548789946632 30.392431034441124 1213.4394600239696
401.95222278799463 224.1301086450577 1465.6698384539498
263.14778972548265 47.58578281492859 1322.7921577785883
803.8129777123642 178.83928847139993 1495.6652864537868
140.3640229872778 517.9362938465989 1279.7134857363349
179.51486517055167 261.99185469457393 608.5196105434741
57.39602055812002 28.321013517667815 842.3255753498679
184.55023319939977 764.7577556668328 464.3912710293006
23.514776829150012 192.79262557027815 16.325877793610665
145.2822366268289 73.57009551466086 682.5577900176099
25.53677695110529 658.3167530311198 575.5441375687561
147.66401263935796 23.836693204912937 1280.645522494578
205.88891243866482 86.71466469500936 261.95973789340076
31.650319554804184 88.90841246021908 929.3233647850018
2.3125018264265034 259.8328903166251 280.9486791753787
99.67195775721225 260.46270081603126 1327.0937696748028
224.07886665115498 606.3092978421705 288.40158042071687
278.4745188239883 96.70085281005085 1030.3754664578428
109.03241800703849 113.72588071284792 611.6220231339764
116.14329663446301 269.10276811840083 349.915273976919
208.84129426582945 74.77937049628505 548.6884818006542
83.84181779355816 352.08343888234293 907.9875445420583
33.24429960766786 65.06282024729464 1327.8791407492542
509.46610653664976 80.1087237477235 747.3553877724521
20.469721759499382 7.438917152746958 1339.1417705939496
281.55321804762707 37.3835848317293 226.22800927152903
113.04877244223321 475.27386157619577 779.6487273159246
180.61708858722508 369.1440510689447 520.9820296315719
341.3050821484361 90.98502086771245 168.13202659615274
928.6998664840141 522.9692729913517 1001.1877155378022
12.234318179139747 20.44401980800749 1297.1137022891073
5.651343398376995 244.90658365899267 529.1744931327974
116.31179836008943 103.93970203656518 1154.2779479179458
133.2837888197066 288.44134107594505 369.13666826339846
262.20925180489456 120.72722160363773 345.0700951583721
367.46942352931313 25.68245655589852 228.90996983572077
509.28758625411473 397.34281529245266 1261.622868366864
799.6503005796958 399.64058923083405 1006.9182300746803
54.4117007359994 120.50874895924888 1165.3493567784465
24.87403857443453 151.7600318876377 1143.3017178508067
61.036908667353174 240.25565019494007 734.0574675145529
314.1674724060036 151.76110474482564 425.4016331993719
134.19200149862428 204.53199397041323 230.19488457732467
288.77668743782203 8.377107143848747 620.292189363687
296.61389854899613 120.25190522937781 1171.3908625138959
135.21572424105577 132.42031388560423 349.3997659906561
329.95088086445054 33.5234453868166 1355.8679769554453
140.6208363575322 121.34691346543303 1260.3963998340735
108.30722940450805 33.861947531873746 923.1564785523686
22.928968175728713 104.7481105997655 844.605623244429
48.44199813472445 182.7335983778447 1066.20087204031
314.5467256543823 40.04347035594928 315.36810266464886
92.86225707802383 500.43202048239175 400.11935786872107
238.5414760877735 135.32426699292185 493.3020007706776
199.91993832800296 133.3058490310123 190.15198013381064
40.51608612337136 115.23501499954843 819.9988664490332
10.425028795694843 835.9297828269794 1380.7725875828544
13.956263640315486 60.1244132629542 826.9967619917817
469.8391375703504 27.989198337380127 138.6210829045131
43.906338859172486 47.59153823852364 81.88630124662983
89.26092587433988 81.2537423326676 1057.828265427519
72.66291889525166 212.64176121394826 557.5197058044674
169.41210092930632 35.396158113957014 1001.0198658555743
99.00157964607898 365.0013830755844 1017.2237466285942
241.3071958270296 80.07312800339623 20.05573557840934
264.39797611664443 291.1696461091216 520.4304289791551
259.16045320848366 200.55779669353927 1304.642554236757
150.73233189479342 66.76480798556688 1474.5678330277929
52.52326686706409 97.71768363522192 787.8500525582541
153.09896168018608 153.9935000740311 16.290358542327134
7.877670078197376 8.499166761272898 390.5794908035315
176.8950097669533 30.58885932300177 622.638256559716
117.03967854975363 322.5562690115732 378.1428804450752
481.3355311637284 24.972081804304647 73.1651238355232
52.848260587812355 567.3589425948451 1011.3817759817447
238.17170413430992 227.0400857626436 1319.47795719296
97.90001751589988 42.90399740402949 657.368188494802
87.64332078290533 16.135698419574677 1278.706836199465
217.23818691408354 273.4040104975237 722.6632611429185
22.628781507339973 166.5794160651748 523.9736357832362
138.15503292773303 106.49193935213039 1086.4055954557875
398.2114094675234 347.0286210220096 514.0119571877322
38.579374722184085 134.92317591971135 449.8092975440008
276.89580327155807 327.15972834020147 651.7864402592594
354.900262198488 326.8257048912459 1102.1429102211248
190.8806888922376 24.243497571209282 1480.9869284673148
58.077237735113066 69.02654888234612 353.9676029625959
12.576814691396798 346.3792848562943 1257.35272112309
45.369401932991735 22.728776666400318 210.961534637799
276.0834378209171 102.95711954847842 1048.448569399512
146.2351161936396 114.79145852204363 1128.2835530764326
308.36134492882246 610.3368628349675 1345.5380288808144
658.8952052987041 122.04581812128083 651.1945742344094
747.4788154915676 45.84738569922403 434.0938413584539
29.54990812684744 504.34298621087123 1176.3017605410444
261.17641328462685 489.0712761102925 1496.2584692640735
102.51278441652177 352.764195532192 255.67995248805747
214.91850974122065 287.98771103180843 313.3156665994072
245.15810638840895 415.11311297486105 437.57504314831635
446.1304081259299 11.797262011816956 1139.9675509906808
73.2131334390558 39.4273795640337 1343.403550620267
407.0500857930415 930.9806974600964 627.8747572934894
65.48220403367947 265.92958100979286 318.57601753759326
71.8355555162039 410.00566784535727 1008.338324939951
204.43194897037125 624.9463750406687 530.7965704253905
261.0745520648238 40.82391458726985 49.417277668836356
107.2948706433003 222.7831532401598 1473.965694848562
477.72356629257234 169.80550019559402 672.027803646284
265.35856511111166 182.00804751488286 420.8120699760213
124.51036532787568 184.74335601665038 230.4302012117807
253.38547425857362 131.47927834000893 208.32173797411346
191.13898616389824 2.2510035887182425 1301.2414187250322
645.6257780417076 201.64838362517844 630.5802794088501
499.1744925641581 21.354572674163464 728.4851356087282
289.80329820174586 72.03579290426607 1026.0953995517307
157.42934677018664 401.5244745063637 626.7544662009102
177.3038837412117 348.5168826917912 51.21330210047065
39.30278996854864 227.9239032662058 634.3190725985789
53.766538476900536 127.04457695833628 1475.1358573453704
213.61652730440395 226.52269185352498 959.4199754144943
198.23164952161426 365.53278061014487 1038.1922802473262
7.220083951101758 78.13812889695765 1312.7613863619624
187.19094633595876 28.43464759192203 439.8845570722319
58.14361263003624 872.252114842735 1108.447575416112
421.4295476416298 106.4566133518946 245.33783784810186
1.4693203662367016 149.9696788007627 426.49120498342916
28.468505489111962 0.4500239760115349 1277.4059902192798
59.976357419776036 310.8145822167969 1248.121043132024
695.0218976022454 36.71393667945232 1378.3664440110742
181.4821766181465 149.51656651467758 1354.9328935545268
938.929106113717 188.99265215977366 1210.9793484866502
54.77721804731227 96.15685016526413 1423.5091802768143
210.0767801360675 175.18278809001905 51.21752554061659
287.8821123277317 90.10744311617555 945.8888798343019
74.51854163862177 372.7639744210257 1329.293757290376
47.80570303325665 109.67580271818962 557.7211942044568
5.87091739053109 57.815648843206034 149.17755116394383
70.74888541726992 528.8618100013932 684.9429627080472
542.518376453628 402.006632317724 1289.1628683403524
14.273985121522959 439.38796371050637 990.8768000553109
42.86262423401495 16.61171317929144 337.686562825587
51.24912055182277 10.81618613822152 834.7819223468892
197.87495664134775 299.353198450703 1283.9536898161823
280.79063756965974 73.24933493453378 1386.416724840662
786.6359689297566 307.55822048049606 591.4816350614637
746.7058118891407 243.42450129544955 546.980428115068
3.631177290532047 92.5032990518198 997.314112437593
142.30882286902263 102.76891151300296 445.68342670142084
121.32303056074949 370.52438471958726 522.7870983779733
318.5014827864606 203.2661423602351 473.0805945777366
182.06300756514838 31.658811021241224 297.63320290573887
87.39985708611937 438.9031817728901 26.392365397674922
409.3269682301012 10.836435340352049 907.2250548514405
16.270063531768578 6.171382985883329 974.7286187408203
28.277442178872487 80.38627103629771 34.7448980050315
57.97172931911232 1508.8391916024405 56.04374050953403
18.667428935924267 376.83496032607513 619.2723607580498
207.2762156672787 161.5150437324708 5.37611622453138
48.65950255427709 328.9765434481044 1424.6346074382507
126.99221556609994 150.10834310678766 1310.3834048392928
129.65832905344757 835.7822211800236 984.947704358725
106.97267601422391 31.594791449960923 1131.333075274185
232.65838205553803 352.3269734761593 385.96870905941284
13.393030277217846 30.635184755829382 690.150770689329
139.85334920121767 30.536961464726648 515.6707525210049
435.71200131909313 14.766813676819595 1144.914092434666
290.1834415663368 220.99102769336133 456.2567315379916
147.15220414125542 410.2277245632084 127.64011142096365
4.500746529629305 190.96007445762447 408.82876366949733
253.31489278098377 674.9731514379013 823.7923788374975
458.98829050874895 252.33149781524799 562.749646299571
642.5144517288874 219.34288237242504 1061.690446818233
154.5412478643013 337.71399115211 1076.376858476417
59.093399862975126 190.4679601602484 307.1338103554975
396.7431940102608 32.810301968392906 564.2069823527725
2.1349072614295395 131.12554797449357 399.01932443385465
134.4188295468894 82.4608621579155 919.9009767178759
404.04734951752 78.06853096849748 1006.45950420413
289.7169850540823 116.18932568591813 1107.5151175624308
199.90620027012164 276.05487283637905 125.32042730916703
470.65606544555817 132.761212108018 697.1085700240795
271.2105146136782 132.69598136130455 643.257355916542
233.0918878999177 87.55669998204618 204.4436714415322
181.0625214504689 439.8377069133253 1015.4140090841134
50.33263791748801 205.9339078120497 1220.8774146528242
62.58885374936528 368.36671849541676 677.1650282994651
70.1240106061495 12.789478104965363 464.19390354010625
143.4317789526533 461.09733709356567 1344.2824134179134
579.3959245308936 150.56676815452775 856.127457462038
387.3981863518214 90.64079759730437 1059.740125036773
70.08863454419524 202.65580636511854 562.9082101111416
93.90414381443355 98.21142482758684 916.5869219714687
90.08515578393907 86.43848682774828 982.627316544742
166.33731372067834 1236.076338778406 776.5510264242473
64.97855675882073 334.8511151106656 304.85119023579796
412.755414753252 357.56264538748644 852.8198143334395
76.00782480125265 253.96424775672637 569.069243210824
120.89937961829492 161.97420775907995 1405.563277324954
75.02417816673523 22.432990277926713 820.3292550296416
104.95035136197176 165.2613055799017 1065.5379986546334
308.9776417996282 235.2880115194298 935.611057092644
56.48294595978961 104.34809797169197 1027.5768475992866
96.44756566680725 90.85589066325561 724.1533937122388
47.40705209051072 29.420817163878898 1040.1625191175985
88.01732684042645 73.97322861604934 513.9008513501594
788.9796688742395 203.13362225808342 49.532676541515826
238.61954101719937 176.2866789422713 616.7219053324228
96.18908795431996 272.27109629076034 1234.709896344567
460.24443432711564 90.69695142892131 376.0300644067072
484.30370139628513 106.9266549151975 1198.1230836773154
316.19795130684383 14.07225294621239 1478.0869262652952
302.557527521224 122.54748519922904 1321.5379175888404
58.05142641579608 113.63408132650727 1194.1304352975603
238.4382266693423 216.5603814408819 167.72091650271187
136.94317712327413 333.4751602226368 164.69303545570008
57.60278104006558 27.964460477756198 983.1945395700383
320.6658979369364 221.8275228016366 1351.4715936861958
247.02581420574847 80.80684789731313 885.9785545749229
135.47553331115688 269.53891990074277 157.59525573761184
234.69524826043147 381.2860447180819 763.1259220830783
63.124077452515735 349.4087252840538 1198.6467443876672
279.9521137882882 2.2867104184149945 626.235306426165
49.24975044333234 12.598174500714986 224.8679181309104
44.11192790551338 121.92228428747799 981.1320360143038
415.078465996961 50.42152644013813 740.5377439693683
150.80737175633308 136.81012216072955 96.4264201825864
52.52055415867511 346.99534922179265 89.89239026929418
93.77071567300239 16.446675913860354 1336.860053082869
213.22971629035035 69.05407222192937 158.91755433683898
73.18496822768331 154.96613939673935 496.4270852593515
14.458283461603264 421.2456179219018 41.430448279052676
135.12354440118983 7.500553693720214 1207.8886862818504
76.4124994012421 165.94861857358694 1197.5671580604517
313.6415559626336 368.5738519819659 1314.4723783903112
34.68054983696638 105.6898843712935 873.3939841061253
281.3750748727544 27.595842946319927 491.9479954780717
28.83996639320765 317.6478646963598 14.765400996551104
146.73853049460755 24.766682322022685 961.6712421395756
113.63962839213657 350.86954218981504 408.6062179859706
221.93201347561717 147.64596151063998 1114.2624399207164
101.03854159415235 203.31839835170217 38.06706805186633
241.54325473945076 256.2460340496253 1232.533408750876
298.0605005750621 537.1241808163645 512.5565474624584
69.18084561736565 36.476371571945 599.4859378786317
238.0894175195104 9.569196274313683 1055.6125494954895
95.22615740750051 21.106625011328113 1481.531029012889
210.18736689312414 698.2883892243342 618.2113298819086
121.71032241657113 14.474615826448813 504.4528361078575
89.29415635184509 369.6173659529026 927.3874712084124
59.81879872854117 209.64786421455534 516.964849792119
19.298156256208273 203.49236470836072 1111.4295470905936
17.55595869827457 127.20865757940052 1471.560810081496
44.19293853133505 77.7012181050974 344.85139240116087
78.69765626660099 34.85786666123074 1473.0892285762725
295.63643398619075 110.8963584978247 812.1853083442182
66.64990398622629 25.008772029467508 899.704748478218
121.7140324316702 8.403838291539445 548.942942132015
722.3303129403035 502.8633313926232 1139.3839886560615
198.24027736545088 650.5550153381272 105.69167632749027
34.77966057740512 34.87919575956366 383.18294700445796
39.84052580299508 6.957133683720343 856.9051127712601
392.3581952294618 42.489529029530885 861.8755795982966
555.8078486811308 31.507722746804394 1321.8119336604007
39.80465388748191 311.6205859211378 819.2066351960465
159.87478483235137 89.92668747491079 1066.6642870503993
64.55474061771011 103.7596788572697 276.58440756729317
103.83946886330575 1.3566348910866304 434.8612982370523
9.867847680192275 178.17220357578262 802.7109885042867
163.93098310218303 289.4287113663842 1344.8864056223606
101.30744976946761 236.745074314435 1465.96865712834
14.881350909231777 43.43989017739905 422.0026910721045
36.41872297068543 241.1448526598965 1250.4043536058953
159.10707157932924 303.8771868673082 1140.2015125228484
107.40659102807652 221.52632699073914 998.1978618961872
426.3253883109668 273.777762764842 1298.09245330529
790.3002494264923 133.7774681912903 696.6070822245619
28.925978024101134 87.25999817300777 1065.1072806891746
391.44021987708385 287.45276655252843 787.1874363197294
714.8204277521172 3.3717526267438562 1442.4666819510628
35.15643797008208 94.88537178391127 317.50450189458195
539.615876847989 58.38740393713756 834.1747579936291
41.497818280021825 140.2463212219081 883.5922797715917
112.27240629213915 226.17037381257 290.2635891909647
748.6694879394065 514.4079135956724 277.3641067978426
18.071515139447335 833.7039912002798 1128.4974427699378
70.50865243181822 267.2530467236421 917.0939299787067
99.03255124680975 351.64244609088746 1300.085351012065
319.137518993527 18.099278320891035 92.07665661283193
420.57172490417054 222.82037162648285 1281.7052357635162
96.13440050329328 66.72314929112449 293.24002458766904
195.79619262311488 140.21190222231553 791.3813985104817
69.13211095582928 246.76165064808094 280.98154505862925
95.85750370724116 30.063388458843036 236.40796513364708
311.00373988370535 263.5193986309447 999.6467471004091
195.51691759897355 129.99224072728632 736.3838712040457
19.765061995406754 310.96038797370653 934.7994416081776
355.83988856798896 200.5439075091761 1202.6014476639775
81.55850774467864 56.600642394470114 1429.1839291178323
248.9991308311095 25.34341174678163 1365.7961305039105
682.3848032503412 412.01068293486935 590.3252562368027
135.47722625879817 436.6071630381505 752.5787896522354
102.21505562474813 19.441632782672386 959.882549910612
375.65208585261485 4.64715798545519 1168.750321268902
104.17123633846785 27.44718938351855 862.9050533977971
128.31594626033745 31.787579411317086 46.0749024828081
221.46173073460008 678.6891735587056 396.5093779114357
220.61358585492167 1.7252790404585605 1431.6673559865487
238.323770743725 65.17344637698234 1329.6223014565198
351.1414130689308 79.41811213776114 1156.349506480017
306.18566896279947 34.27067522367319 677.9811608349806
68.93652457142238 197.64028332848966 466.37457311745413
79.0441035839123 537.9410610082024 885.4976293494801
345.7909203736655 161.94181449128956 154.98142867790875
125.18891726164074 435.60591503238237 107.30912290514067
168.07928314746036 143.8060748296902 1460.638503095771
325.0834045304329 22.380482074331617 108.96270927088287
33.020845521217474 361.4085459871835 1068.6472932263148
158.54015684960558 97.03257747722866 783.8298271118613
54.94699377473024 65.23485989189643 1044.0132110794177
18.56696433577322 89.59708929106671 251.96440038191048
266.3039551040087 382.2285362304299 1186.3174642651136
125.93902301221729 134.99866104494635 55.986715522037485
9.897820060050162 57.26159790785748 1188.7349731392976
297.72738262612506 0.425248904754148 506.2163590756458
105.00371372853117 236.68505854086473 604.6756510868031
268.1595971552071 373.86105531527556 885.3445324574835
15.660833286480038 238.7496080996574 22.65730232521235
42.43677210931799 333.1278026178564 886.6425834024815
41.04657167863061 70.46703507113605 1410.7049848077156
22.465666989191206 88.89740544967651 829.3930399533428
374.715603330834 240.05982801197945 796.8667924555351
67.72307581363503 153.17213796702677 1247.4808748878772
558.2943152602336 18.640319612926284 1217.7021302094013
197.7195659425762 225.34049993457765 271.7103519509985
4.319868068289422 64.17878928475321 971.1968068242973
340.291002940308 2.8556677331192586 1163.0444052351013
184.975907929686 12.69060402810328 859.4978158141846
21.573012147397215 33.66500039621342 1064.5168294746188
60.67668376522528 665.5569265358116 120.11614380500573
372.136857260458 7.943052527588976 879.6967033595522
39.56328131439342 15.852483486357691 1295.2579768277067
115.89521804538472 275.7993567338815 903.6561737551493
577.5478393499029 53.955470802510355 371.492739756082
5.1474548853831905 207.42824653299644 501.13440951455914
214.95842885175236 40.777014867441046 257.34753958462187
24.156464197042222 328.78416197576735 495.92908941503526
23.71850957318212 141.93359927966276 1450.2761589596473
16.911156131298068 151.96984615323396 1419.4279067798766
94.27354366357108 15.219109082378854 965.7820367781511
96.9292379384441 182.7693426320675 557.5026089185526
204.3356747289983 57.041640444543475 1111.4948147860325
102.02149142950445 144.14491272583047 1120.9870781629857
118.5270449011864 144.95008706257167 1363.8902257763896
76.86610068296613 222.8940477866875 259.2200141630886
103.1116698348524 228.99180168429024 140.4266978543005
219.9044802667228 93.0165551501937 914.5486663405826
233.50722219887126 90.89453292232656 537.5064976195815
34.24916268203274 24.44700571935759 1155.2995228070954
367.9861899087177 38.81841248910835 901.4626029714599
0.96629120601137 49.247601429662694 1228.1865711876549
129.9105891016923 647.4474339123814 956.9485640997826
161.47041241779374 209.98532993130294 526.5111472207001
1063.064180726393 206.7959451436635 900.5862354850601
224.74970785931637 183.4801587308101 662.6468602972665
557.9283960370259 77.5093400450651 279.03892853049757
215.74484152120826 161.09981781097204 1385.840408930983
163.4502314057651 105.81162678735474 424.93631668023227
395.29166306777597 452.9810853713168 1466.784694776453
477.1372713149131 190.59605772885905 460.47461482056957
71.99415948516679 6.644335876602532 567.5178169876239
236.44065423955394 26.60614260123643 878.2130451141313
401.5618155593385 344.4376004465444 1490.951550886711
536.0655663107194 307.5134411751556 1367.420717276895
738.3532978797246 362.2028713249091 127.0136058991017
113.02499016542325 206.949907657036 1138.9864765142866
499.6170574165052 460.0001288093382 335.4200624461151
726.8997501353638 23.98369455926129 441.40886930564477
230.39354899161336 140.52893999778098 868.5411367749872
91.52464774714734 45.80222146817324 681.7808068843194
57.72418219229488 107.13448130701624 996.7440653004911
193.34334900553708 87.34818352191016 958.0036047923935
10.803425679741247 22.07359715441464 809.3800507606946
208.06668687864115 163.1069193028204 631.5881495124103
722.0238418391134 394.2950854288248 1127.0988473489617
223.12650173507026 43.76415801634461 1391.517703237736
10.805250588493003 14.163590054311728 1121.4218227366014
131.6890115690848 190.35754828355095 24.49446711269465
40.1427012746636 52.27093009870447 684.2351074206794
5.117779061588731 107.57820761707823 1100.627987888296
588.3972521603423 23.48833491603767 935.3752188569538
151.69811315735004 258.5191603495854 300.53886317756513
109.83342147090653 46.82090824401639 613.4529966972867
114.35131105503756 329.9559032869904 1348.1044896196909
1010.4507220134842 22.414900130102335 1223.895963384848
334.7886100741126 64.57401623105696 795.7994961823339
148.41549752032336 1164.1187865001018 101.11977192967103
154.78459577142473 106.19638063915711 196.19342136837824
825.9129777502942 224.94871537229736 22.930572972004846
699.9226512062046 5.062439065715921 1499.5049577868615
4.036546667908436 101.97099427410909 1453.643104024635
73.81593454025865 314.0053954786993 753.3435586391607
408.0662500656953 251.85041919469188 504.2657397010401
262.8372923021936 105.18645360737149 1200.0493701327896
193.03370652531558 3.040087090335195 719.6100967920964
478.3405118931643 104.31628627585923 890.643690283298
139.88185585682842 105.99455163535197 930.4490474348615
251.09501993237026 504.16343351192336 1090.9858131841547
139.87077568026817 199.4693952814466 427.45447511274324
69.34522974255427 105.88006268317332 1100.0723312773896
325.96083188424075 99.06345880922768 1452.521602334493
320.2305123951923 104.24110852597653 119.77912402399777
21.74722410282916 152.28383805063115 788.277174727333
119.33595038837016 198.20415048201176 78.28562882047379
99.0191054588977 51.705897311842506 431.9341125715537
51.301252343012074 116.15270884204266 400.2466238641705
113.5569122481518 96.5580272159029 166.45622614847778
90.55605002825821 201.86541364531348 142.46858521427737
174.10633225509983 129.64421951984139 802.0233255119467
289.9811359345537 320.98236830168105 377.38851270418616
79.79957943261617 33.3553608742094 863.8863880263767
9.10084039352096 274.55643757976753 592.7636548853425
132.38491166900837 44.24403807432221 679.1685956490544
11.601646765641457 82.80632348784222 660.7869502992285
485.21082668193066 106.16572279259826 1371.2120669582196
64.50221302421278 704.588167080413 998.1033362811157
44.21228003161204 558.9092325068411 1085.2012987059254
124.86448856236143 415.04090266423185 1382.2289982669793
176.4834122201051 2.4857921851723948 975.3520714763517
83.93683459632906 412.7906882827433 883.1270985290785
115.86341622127205 265.95385694101515 802.272310312852
55.36441626390653 328.4247036953051 1393.2878460147506
172.34056966090426 134.65047040432793 523.8935911599165
163.18085491218451 826.0019711761323 1068.5634173485978
9.138880649259255 12.346234518292809 100.40611232886948
301.12233345102777 4.744761072870746 771.8527929339518
13.573148470090382 73.5183663156212 1211.224648352642
10.16464186928487 6.338292122997926 766.9060154158268
319.1972730542489 32.8718529390901 1004.7687966969762
535.9772606522907 21.699310735336393 1296.2913750539435
109.06195172453388 96.13428312042448 679.7351592210099
99.0346711200835 227.6720823140912 1314.292810613579
733.0767511518492 177.06045444218574 66.20690465314195
129.94647482131649 89.3698095035796 897.2577780141405
98.8285084626612 201.54512614729475 585.7351622159401
45.23150517014004 106.16210580015189 874.1475290486436
22.90496385071673 73.09603144989572 351.85692381717814
329.29871718157153 35.36447176670006 421.51400366803273
487.1262185690112 96.83193354879704 1186.016621718051
196.63467703316275 530.917775517695 264.70924324045154
144.07904336375904 8.55453392805731 1060.3042310877959
80.81595697086091 9.663013891410426 1308.0969172398952
373.06647468072094 16.15917272301679 178.19465282955244
323.72718523110245 389.5862110472385 1335.1510589453349
275.4344394961073 62.05004904739374 1057.1172572019718
55.63927772374711 119.6435868121552 215.95009771406586
418.1314153795496 453.75752089156833 1053.7100509454172
522.6701369328329 292.19928554851253 264.85324187760267
68.77330664084647 326.1959447158228 973.7010559155798
83.77814502888519 625.878544816621 360.17378457768217
0.4640381730020625 20.174369007833544 875.7869736818205
188.56222317233943 270.73145563095846 228.72382820558346
64.7652600607056 296.6530786900371 487.22957908141433
32.173069279534744 145.26543557830286 124.94980694615815
49.78008725582527 60.31339543430343 964.6008114094625
46.223497948922066 77.13460298666669 1214.8959072768018
48.47499273483152 169.82514229095193 167.2075520106734
186.61858207465173 282.10185154214224 468.58290555764603
83.77679088891195 125.09843239307847 1001.4460445263495
15.342822316115381 237.9890123097796 1223.486067624339
279.723907122655 22.071440183070585 442.7233420637096
128.2568935696816 465.3831722545988 240.9027629740545
10.199197078922365 402.0069943381679 759.3328288476281
237.38748496987893 500.94947962448975 1117.1417816026533
351.58967136829153 19.424856829497834 208.203154820781
241.05925072286703 39.40105140065148 381.2574639545952
329.11506317901234 17.13402826894078 123.44540716723878
40.89708330474064 233.6303809396815 45.79115710760079
18.864521512017582 200.31629409242808 101.33280981471925
31.09278551216984 121.19010859070247 1313.7661861545005
165.3130319898483 280.1907351288839 1093.3455705166818
515.0839235987073 71.16357245685036 1107.5223754318909
232.4511995361008 381.43666107143326 102.50955201501766
169.23158886269144 459.56308091272797 1213.8078117245975
140.84104293737093 40.96937146012436 864.5007620061398
387.48672814701365 236.73375111133475 597.9443780187487
306.32881269375156 117.2172587238021 1278.368985915555
73.1681489860235 393.6114551795272 545.5915446435505
238.5772287757315 91.8518684924149 162.7382471612755
29.4688551266158 56.463962230125105 255.39921772516678
214.61025566834647 21.08731267045642 1175.5125483171958
157.0874519338338 23.300637322320146 848.2131110030163
41.88659891843997 342.4124846844338 126.29554239932683
151.37516965496133 42.49819224059346 346.1599970949577
53.72808164814914 71.06842649171966 347.10213390227227
659.4715228529702 20.962162304652463 880.3363566304887
30.965651545046207 72.1167544645046 1350.6097139445872
240.30324391055098 183.29494191749058 663.996612522155
276.77483773537074 102.74455726640726 298.4749393877179
233.99901095865866 83.52007910927446 544.8959921877254
28.827518255332063 242.04441230758653 1134.6114797464913
416.4122071933701 28.370058633542772 1014.2601430981144
30.651774037145827 40.47621866171208 1396.5440763162314
84.43997117787883 75.81587814131174 1265.7071708628603
50.49311734366976 28.4767119870345 564.6329175154206
311.15035334315155 90.35268441108137 717.2708224215522
124.73729960709963 590.733724351537 1284.5581235373877
104.39460343186224 163.72448256598992 485.1174532709825
727.854843547171 152.09480781562806 659.2621575767137
85.06741627171715 398.7155283219258 97.6109578561074
12.36282573131242 154.54189998900048 1017.4280013233977
346.19116268062515 11.66694971453741 306.87751332939246
19.805618843216575 55.294503782060545 1433.3787041543214
15.263407086360203 155.31249139882934 542.1071084235632
361.9670049755929 35.48963390906472 101.4781670169868
391.50502959325075 360.0229012259382 20.466076369469064
142.49659336491646 405.58997098735637 703.1449688854647
144.8190649591479 1.0925299929549208 1424.7134475990956
369.80123506551064 1357.8151094343098 250.21973610443132
89.18124358523212 340.5213638012362 724.6734951527116
211.84868048428706 63.99333025295838 954.278535828176
234.93208834285372 159.25595704459872 5.651153597466763
76.17401078930955 100.76812655882776 1360.9198701417047
326.5719823462987 275.2464728385358 656.1826832267259
55.26830177656231 16.655224877529527 1083.631591931229
207.1701387411288 6.158444401414574 1351.1024424814118
107.63426594768333 85.73896736064417 135.7219213991438
200.64663770365007 553.5963397280136 262.704174594035
94.75705813993703 183.5002287287768 291.6941360415127
475.7578422115122 19.00247008557573 681.4595774818866
119.26906834969648 9.460238778032288 1244.1488304731477
530.2511677128667 114.80839971854013 674.486319214061
129.02012321316926 127.46078732020973 94.9620833573499
0.31962176620709215 43.942237108081564 390.10033262944
193.08072518473233 313.06187503838385 886.096879301265
396.18000739084954 60.45725755660379 875.5828091398167
76.99152564392969 239.88346470075408 479.9517000900848
97.76286394620661 671.1658488001757 496.3316325256498
139.4397142418171 410.9018769302445 844.6267955392009
61.44290606445498 23.289187264367726 1260.2529791034144
10.392869562490285 158.48088418977284 1022.3544111930761
195.2694718923219 64.02479098935032 1359.98629107388
313.50185271795976 6.549803545443796 847.1879196215577
725.4624187648891 121.71638503685729 406.22924128975677
65.23512604153478 4.817480757630506 671.2005670372423
164.53284450344057 579.9013594213964 318.1864030409181
133.32902751017897 7.121181351810983 673.8120063841333
95.23182035892714 189.68994240852325 1499.6702431438646
111.44595442574695 20.58089356958808 1292.7969370593485
18.52301565540298 287.5506652739577 743.8971978791926
32.16056930726911 138.7159083727128 411.2998644932913
276.0088120524393 224.22735765017615 1399.3291024461764
67.06041482828935 207.55488912647198 1061.0261473668359
92.01568596123113 40.07792452408118 1016.271284194863
62.88335443507541 248.26682483229158 933.1531525056677
81.72700028859423 87.69271375388496 318.13948419288283
623.3294939746656 458.9852264375322 554.4284290072821
109.46273347198515 27.827084565559225 1179.0202181604902
245.02591380864587 22.730316933524385 1456.3058713154337
224.4904053177566 128.5239787099218 1127.566147311787
21.00596465710393 275.4960959749576 70.65885405136846
448.6105406930638 65.48269531264113 565.8255350536315
145.48587912636992 612.6456386489539 538.9219907194179
90.6438714868799 21.925091974765447 823.1207233426262
59.09533591452013 213.61483345628986 529.4215295001993
116.02095984991223 28.966236958899593 78.64184999698787
120.74024344617544 433.1621471041141 252.7826321181801
114.82403503453149 75.25478794973932 1027.930634319798
423.5139036317176 83.84955952237651 1095.7369798341708
7.884050146391192 215.63582983350182 1278.3252052272705
30.92434858421565 11.112060854135594 234.5563290673477
170.99449495567077 81.81881105638867 176.49514197812312
415.926436463925 27.15049328082874 1267.378565425245
659.8838144731964 34.66956859550959 871.2254892553514
145.15432955284206 93.51234021734696 1301.8898015687314
280.23032427959765 536.2732466629026 271.7626170521108
297.17666459474594 3.1494590592371576 307.7132882442224
