1000
892.2192400330533 1114.5489459775579 151.64983314568892
883.8832948675143 987.377867595091 240.23161528192227
1248.3205228159275 695.9473062610675 448.18304923295295
1195.6766459532723 1072.137456449004 18.543458803489177
1071.0830250018641 1539.025816894397 748.7450014628054
953.0375436594543 786.055008311635 311.2575508749761
1372.920398747977 1341.2726815824262 731.295593347058
745.0333076597526 1194.1984329857933 117.67453322563254
1135.6037444258518 1204.9189645049366 1391.2427210548767
1021.6941630443508 1017.2008994614755 950.5050388766257
1136.728946795158 1102.68515699666 15.792643432632648
1121.0266668132429 793.7647895528164 1320.010125486224
1227.7551338909698 867.2952674514597 1338.5005247855477
1043.2093314019312 938.5278360353764 141.65321846523938
809.0966149694757 1155.3655000376016 625.5261158543633
623.426075298159 845.1314850389851 978.6779025321971
556.5261017225541 902.9930126948706 1405.733931091148
1193.4157958009798 1046.23318990206 834.5440562271867
810.368464212028 1023.4410412720123 177.86624175914267
1238.9956879537885 763.8136029882086 965.3532791829294
1081.9027585316817 1202.4210198891012 1207.0847254685164
974.4711508870812 966.8700971730045 353.7132397764257
1254.9503470990185 618.7080663522761 1133.1856007459405
984.8158513032816 1098.0627716292895 1148.5811918101076
1051.2068128654803 1324.9662033387413 447.0520098821979
1172.6636046228875 918.570484917416 447.02335095951406
915.4998805408526 852.8065495801474 1217.7847903505963
1311.251130202575 960.8975464733757 1066.2273543527715
1202.359307102471 1116.2068890414964 869.1776479709422
1655.933499715049 678.28672381317 1282.7109894675905
815.9351758181443 1019.1937604493409 626.4774385367666
1065.6957922045372 1152.4176548627006 649.8269355178262
1435.9551478325907 853.5565622163261 882.7532414135173
1358.790057166741 1455.1746440155925 599.0630191719795
844.0887893710658 677.2832725361206 15.666127003601815
863.5675599416641 829.9197448706885 975.4979055778172
1270.1229273008971 909.3315267428429 1191.530236376108
857.8336891946199 934.5844650643113 265.6274188424677
1006.5094139943072 974.6770037549047 686.7058549532488
1051.476147275066 1239.9463438069818 1395.1303897285636
1272.9575934012337 1061.449759555769 1305.8694853071631
909.1179044835714 954.1426875037538 991.9586837246242
886.140363861594 913.4969977078135 1496.9343431803984
1127.0743264453777 1023.6276307947721 260.7480754988478
1062.0261093339752 1365.893479018395 1122.619678715393
881.7035543917817 1052.8417914803329 177.03341764780845
1031.1059888803645 651.9702460433899 614.6712536652052
1265.980540568531 1158.7610215561945 1157.0939543281952
1332.9869773151647 1000.8350121522994 697.842806189319
539.9882766540395 1470.59849619095 393.682916281613
758.3638899337117 1111.0417945669092 1434.156762932866
861.1401252172128 1440.8208414617648 761.1462124767584
741.8526159653878 625.2874790333949 986.0480163662677
927.0009757762201 762.4768811624903 540.1532329642409
1549.2827959027386 1502.9516585897711 924.0779787625155
759.8945721659769 1246.1500921865622 1151.17850197903
878.622612899394 886.8794290895577 867.0172371313324
1112.8607813432618 905.4862410113623 668.1471118766274
763.9492432303381 1127.2835597532894 244.48033639817123
1296.0805383391003 864.0613960016265 880.8480126239318
829.0346134220359 913.3631681556461 1004.8949027433699
1369.8366589134373 1191.270412798058 191.5236599367933
825.3626943342101 1222.254628005052 445.38873824518186
1538.401164329242 944.9194889963842 760.576311665691
1196.9608166625549 1277.9289524639512 976.2974087606146
907.6289411872582 952.7690727449085 870.8311917385431
847.4622565307088 1442.8518084143213 1312.0700579482923
1364.9058974374884 1257.5701815358884 1268.6274358653684
956.699148318884 857.4721908232289 186.55252440818725
858.7660030048037 1362.6333004415833 797.2360634220904
1262.6998228129823 912.8005090737255 845.3844334083132
1021.9623550464761 1175.886090019407 1469.897193831013
997.3521810869067 903.5825804810081 614.9627352363407
789.0683677119649 1050.994758939978 982.8797167663189
891.3502321857907 770.7058687958873 1446.7226402798146
595.7699176172409 1065.4653233614968 1217.1622165457147
891.7269532263074 1119.0669265061613 827.7721003417525
1421.1205427114703 840.9005349346517 337.32503071316734
1261.2666673488932 957.149562331721 486.82410488012914
1031.584642912936 814.0641656406126 575.2053418248369
1313.9082356862068 1032.4655463371244 507.2752052432615
819.9441995805653 1167.117266947446 960.1799925349136
918.7235384359536 1036.2963676453387 487.1244740663557
943.1239759057906 913.7250959585599 497.35701713262296
1055.1283038070667 1004.8043002025181 260.86279631860833
791.3649316125301 639.7369743936227 1233.7523474247375
1323.135983956652 410.85088948084694 568.9294978421614
1320.0202099858045 1524.8548933245575 301.8113109236694
701.1129245228959 987.5772818472608 1280.383577387957
1022.9950700345788 971.5097313758694 1434.8875587102254
860.3454105148215 1043.5564524396607 300.41331190694365
985.6543193437434 713.2950462286016 955.4972846510854
891.038213611128 690.6031924595338 638.1526274285286
887.704392970575 696.6892030657048 466.7992002562948
1009.0220990465355 974.0068175776021 831.7159555114157
797.9654208091401 1059.4606314410382 1335.362253187795
563.3260320045747 1134.0604743994998 1332.5590355641878
944.4966766224845 1467.750669118948 675.9780260274495
1105.6361420145251 647.4410869141129 1430.473745412416
571.1498919563576 1053.6556000015833 1102.6857718985746
773.9225907308578 845.9618020829904 942.5024476011691
943.7269772249213 726.3981193928821 1062.6023990427414
877.2261599622351 1323.1972738613642 871.8436299692405
843.1407995190017 831.6864769684266 1008.8460730278822
927.6988350400347 495.6743250435496 484.8510439779881
1232.346044397463 291.31762510661144 1345.2870262913561
798.7285392167533 880.6732837067838 385.96839709852753
730.7731450735307 439.06279393916213 849.9735851052388
1091.489896934783 1017.7409735116646 718.0718988510154
809.4688877898836 1266.1096851061766 738.7130384196815
710.2232712088426 1147.0180674035719 1013.961051483416
938.9503770489149 829.2332091995011 1338.3296241628143
814.0194302031817 869.2272097231499 565.7097914394154
1049.856193956026 898.9632751925103 356.8796262740958
838.1452421616891 1356.4265999922884 495.884160597852
1074.9916609353852 1185.1722663921682 870.4931467216271
876.4762387187302 771.6273885313724 204.11306395655103
782.7199579926339 833.7682340500262 728.5303111686701
1152.7395927762288 1145.5785242279808 605.086849416062
1092.6936718100146 1100.0664237599672 825.3544876800679
1172.6413147030032 944.5264361684615 418.85630140218257
924.5429991065579 1037.2875817491702 1277.3812452043794
952.6355362625229 1234.653112465644 1022.8396857953919
944.1852158337653 982.2964417987785 429.4274590087468
747.6569284521596 920.3912455062685 553.0793125328588
787.2872571644076 1160.18597721859 231.40392882304954
1162.528048213132 697.385205098471 1123.2088131353164
648.3403046278066 1298.6556898506312 983.5692839728525
1188.2358496114236 1097.648431535068 740.7198306468856
550.6606964822388 1142.6801808416024 1435.899124725765
930.1219226898214 820.3322025097091 1423.3742825133425
1309.7287888080632 972.984909324134 1456.5640165652499
614.0738869748377 628.1958818910186 199.3752934007344
996.9062555011798 982.7905453031957 781.07101011085
739.1442165494518 1450.6071106537026 1380.7644724070237
1059.2437619029477 1315.8850271374267 65.81166394038213
478.30750904997865 1146.7857712997222 742.3013523151412
1196.1113643410126 848.8251991311645 1369.6575901595795
688.4744710576556 596.2965925859626 595.6620846593776
1254.2466954055485 820.9292123476704 317.67987150493326
868.8771776716609 773.654044994033 1391.304897854493
1107.103950638547 1727.5993340405216 392.5855210132059
1011.4272157510367 1375.6644571944228 68.26256558221338
921.7733228800818 936.7563007962588 512.3881622034771
1436.5751247767482 1053.9574816575398 1265.3811011605394
1066.8194937381804 1006.9174712910112 813.3450716060091
1145.3839122870825 1139.2600861056478 515.7565175082451
1086.2830174247938 729.9080614670712 360.8726117208614
802.1205657010952 965.7740763308931 1481.3406304633145
1191.7080557939219 827.7309375855418 962.3755731510869
943.3900154334472 642.699852995491 1371.5567954973149
750.6264050749578 465.61156911943965 1108.304645683348
1095.9585301202242 951.7676673644869 846.1825910332158
910.8401478803562 991.4973425276578 998.9600920951095
661.1965721867622 1066.5360344724081 489.21347551043095
1036.5416815049568 1125.5613952907552 1099.2831409746473
872.3435354695823 1060.9504989005018 66.41227287075435
361.3344763763506 1201.3126451582243 751.0104558017806
982.5735930066451 1062.1315633819947 929.5457901079803
791.7086721372274 1022.7186145779053 139.50659883713416
1336.7961221251246 828.7448556605993 895.454939715195
882.7980236929042 922.3698336025916 1247.8405527046482
666.7828128540137 1166.5555179854668 703.3857759793292
1610.7682264729192 896.3069137268576 1078.7964145663102
807.7928067258082 996.2145171582314 499.90924983144504
1403.5563736296585 720.1334619272129 1319.8611960695866
691.7961435792756 1062.8482657775735 458.11750491860914
1531.0265200570957 1446.0245888876045 1268.945390400945
1346.8934563846042 1146.3641557989185 523.4608686139127
327.3450806573428 906.5213049013745 798.5034771650604
921.8460194018019 905.5443636262999 461.5984212983697
1170.4130948297477 854.5966612541249 1410.1803509448746
1228.5376524349977 1584.8051104351528 1320.5964965715198
1142.3798391350406 673.0574536951541 1253.0925898530597
1077.8035460014953 780.4245291715931 168.70000878765117
613.7119266303912 1040.6483584271186 749.2097913365235
698.7558414290156 841.9277038375758 86.73217649619025
951.4246118148959 1108.4899529740906 933.4422205836773
868.2789181644532 1342.1973584372695 1467.199414694984
1072.7093033562908 1178.4785189820782 421.5579400143662
679.3937599461665 1069.1241244496446 530.4308629009331
744.7393034712461 1156.3323334816355 873.92666044561
331.21431480579315 1242.9651957122287 494.6094177625423
913.5413201269733 852.5917073482636 1032.556380854149
1033.9761070584723 717.7772034528251 367.6917432540037
1205.7989748732969 956.6768212100533 1339.6720740153935
997.7300272967964 1032.4503806151738 561.9333076407568
1091.8481998874822 941.7559727467714 1458.891641187422
582.0437912137954 792.0281730450386 62.60736962283009
815.0128556696371 862.9926627113801 364.5286462578145
540.7255598696627 802.0274170338611 37.82713018519157
1355.3779931223603 1123.649304183791 595.3559097571508
892.611848778185 1242.5541499837896 860.9308083188072
902.0359114518654 1059.0056060042727 1186.834750524666
856.9193502598941 1414.0541303057557 1161.519612048116
811.5344365651231 897.1434950982202 1117.792524819295
1483.190098597722 636.1352513858373 99.78162755767484
825.605653183304 1298.5344734881878 564.1715672276324
840.9194518903624 976.2526726897119 1374.409030907771
977.987133668114 1283.323985983373 1217.7143372866885
1019.1068900975762 995.5419877746814 816.5397828263094
1363.281412925886 1271.972630247368 700.705894458
822.7353955484198 1563.3071737577382 971.8244206340453
969.7512231943972 979.3013612406501 559.9849622744625
1053.691796281172 593.5807068775036 8.459174535703884
950.2365449822097 1270.6831488402293 791.6643317232769
1374.438595323606 1243.2230718653161 689.5206057248238
1341.8130033303703 1105.5023777118658 101.0520111372038
793.338554615455 1191.726785233999 882.8868594430256
619.3141917804123 951.620166431709 148.44274338573015
1033.0775320112236 1166.5832757021392 251.23154147724335
1062.3414142493448 836.1516007188354 636.0267566501356
1328.3865240786006 1171.125731504435 1076.9776720411294
817.5553921105851 1244.185398520973 540.6357719013347
628.4999453455583 1469.0537790754033 73.99125359158681
938.8087721496611 813.4623952338029 387.20046609424804
983.3973159213624 968.1780841641763 165.37692204925685
1124.6922757021193 999.8405882766054 263.5184122203833
1148.302606333179 713.0593868137589 1130.8874707998634
891.4268740810764 1122.5609078598404 79.32741377851433
692.655897709017 702.1197953115552 1141.513756916306
1030.3889588059355 1078.8342897488963 1416.2052324175045
839.9462801673308 875.3231839635877 1458.739647331765
917.1735077068281 1196.5521348337656 788.9862559108583
1197.4771693141936 994.6013769027143 926.5906923626409
1196.9634168504708 1314.9765904082842 653.0976810836049
1021.5763009932507 703.3426011873089 717.4053389470522
1150.5931328437512 854.6607583016215 1465.5542616231896
1223.393821213532 828.6409198584461 1088.5778021905855
1213.2109873246995 654.9607571807915 1391.1311125269358
905.5485525489455 1062.6400420984055 124.91104751676913
776.3471868214948 1130.781800476318 252.49112361173127
911.5919772277756 815.8411910332952 445.5053982491547
978.9807184919202 1143.1790630431108 20.7041672221972
700.5846780728208 1438.36335142104 871.400282512222
873.8741273169508 727.3534812279418 1352.7051198152817
899.7290884076416 1018.3834593831128 32.19600293568226
942.0498061136078 660.4312523927141 697.1592331318524
613.6934089174129 1148.2899118282032 812.3766393448149
963.2894724355814 1004.6851226702566 1479.344725977482
1212.0558134935811 734.2290267938463 1373.2352736384387
737.7507418549919 1418.7886447866715 1063.4881926438923
817.3193343649572 994.2353480596561 993.2831075215691
1281.571203168758 1261.6267841036013 580.2946009458126
1130.345983167423 841.2068764836577 418.8206520818673
1285.579592766078 1200.959300121691 589.5747470935577
1290.7250138908032 941.110429732685 1446.2361808534965
762.1106262766947 1091.6324656132888 1147.245330249943
883.9104416278144 767.0695867705308 1253.5528684276844
1350.2456651302168 1133.0502690716469 720.5412797740556
1115.8694626505192 382.11715822075405 488.6591037716382
1010.0484432736517 1381.6470788025397 563.1017589914464
1561.3995591973448 1059.9999860479654 1416.699024931043
1288.5979180395373 695.2474429727745 1373.1568327571285
991.432643366298 860.6739107623162 507.98660179798634
930.3257155440815 827.7630980772865 1455.2046299073618
696.1226187600362 754.1542370366568 210.21764021351157
1046.12236476331 487.82981545595646 993.7562858463016
1319.1335817828226 1154.3854309303738 1451.9416984523687
920.3929657320125 758.0009054937859 75.56793860747679
809.2299419968673 939.3666260671323 1179.0141931719434
977.5114846110687 1310.4817594714013 760.55924335777
1255.3326706462879 1124.716837738012 630.1001139385829
943.0967566722056 1024.1656166827331 1296.3810034330577
1211.7481588491335 686.7807483379528 806.0619999371671
1128.218024415828 1361.6512741791455 907.5597162704162
650.2484254049209 1051.9023889562197 839.1452719060642
780.6600377877467 1109.3559921857816 595.8412801558827
763.0533440133802 1218.482928379619 1245.8506709453777
1134.5544412028507 1037.1513076180863 1367.351061472983
1172.3062226008917 1187.3355504974938 1085.4699967408062
1401.106122756049 689.6366065971175 1116.3999296362367
822.046640741458 1442.2703050676528 25.17983120132139
1004.0922025608673 633.1806206984871 1352.7631784861462
375.10788905903064 693.8255874121046 574.891528676876
1353.0683621767803 1009.2140410140723 167.84015678551566
742.4629130492722 1026.6831974978543 1346.6135326726792
817.2481174599409 805.7532542267322 359.1507528137489
841.437782924502 843.3390512136227 838.0769704345148
1122.9633656996998 1107.9592413058194 545.4161357881242
1134.952063162229 1260.4124476559737 97.12092881086382
929.4655380213729 971.069146832758 619.8916049480589
1362.5401585955715 1211.2601509899641 1276.39659302592
1091.8813155744335 738.4796264260762 259.4081192803083
786.5708836803957 1042.1148939848003 734.4249931639716
1100.5083502504594 1506.5432241325889 1055.7237722816494
751.8479051885582 1193.9182143881483 1263.9685794470438
1023.7545717946024 768.4727457619892 1124.7261016497857
908.4338984341118 601.0355322042595 517.4625185047048
655.2349702552112 1143.2042611402735 737.7463490462958
964.0121587635728 973.9117677260909 776.5649840315975
1154.5449403897555 1125.1814730136357 78.93838062782838
1060.6685860809048 1210.4964318810753 1278.506048610516
1225.27131772352 1032.2536220636466 433.26160697456487
962.7246062282388 731.9858845744968 1076.4289069335819
1290.3731037268183 564.8398658756723 524.4514255493674
1145.7437236120725 992.7089387923323 681.9085687581432
1160.9520785837549 925.7907499091448 6.99122867439722
986.2847070388904 1015.8517903848518 601.3132327647954
607.8673505033235 1281.179670679943 143.15666703806585
852.9883218630055 718.0460200513081 1057.9905595331206
1074.6087293355736 680.9003661563454 975.4092456334383
959.6262177374666 790.0846189132681 1390.9794411538912
1427.36683009579 1114.193801922395 983.3542742217331
1532.3287525070846 846.6067280217094 1007.1006590293678
1498.3479195724603 1042.9117520523437 524.742416877876
1224.5176823661636 1382.5429286042622 1258.857897933759
832.5328912038941 1060.0606282769074 855.5238064660812
768.6750255925964 1084.4326337320917 777.3151589248837
1197.5578373727565 841.6770385030928 182.0718527246238
980.6439969615733 939.7225072590076 1441.6814819142364
671.6313869383496 1369.9981803935739 791.2185641730742
937.2749009440847 1159.8005211456114 1245.4808549834001
929.6568329669027 1418.964488617749 737.9768331401284
881.215577892888 1522.1917527921091 315.86604972577175
922.0885010733454 1290.9695271467226 1180.6892702620175
1261.8864195105061 1207.3029371984107 1329.1445503483494
1206.7496874344342 317.8190660034842 457.59703235841476
1320.7284512445485 1059.5612518444157 496.6715183756929
1037.1521688123953 723.591205041304 214.42714888619986
1204.395453238146 949.5065868870565 89.41883333407542
497.92527391873296 1101.1475082735205 874.4828267561772
675.6217968287591 1137.4210020581702 668.8194139639337
941.0756998210474 1175.4575576492668 724.6292869393066
979.5796097397201 818.3088625798946 9.173034301859728
881.0386771659922 1307.8427757613458 513.5290779728215
700.6213779217571 799.6330951643388 932.2282076046015
1492.61393337834 1040.7971699862385 1035.7117707110979
786.1012650609346 827.1335740411644 400.84522398337197
796.1733268409539 825.9467976214883 513.9046396590302
1119.5062622269184 777.1301779349044 902.9093730369261
1129.3895724515314 1154.233643082906 331.82457132908314
895.6032212734383 1043.8996707025722 842.7349544184043
839.5645130897979 575.419294820934 499.6022481708922
428.57128296025087 1150.6524681979088 163.6958498736359
667.9221966134966 667.6146488205087 1102.6671473099289
759.8584046896758 1178.7563261842595 910.570884478016
761.1099621299518 1063.3623942449951 645.7643552640899
884.4403244802983 1315.0389662464179 294.94540478633473
996.4191651318813 955.1180671820023 262.86287832430565
1086.0730307089134 1156.1379669858586 399.2076337422125
823.9376530296752 862.6209988597552 39.94151261447387
466.208566315095 1063.4872178621583 531.7189951787987
1112.557634967016 1189.106743534018 205.382405084215
883.9368518359406 1056.7179420701 1249.157510094255
1185.7893589303474 942.0970768902621 271.6801636583491
942.6068034928077 757.2065422360993 603.9446203220848
1330.7261184886033 770.2352604565344 126.27799127046441
1274.6323001584835 881.5893891287378 329.24151790724403
1261.4563972519488 1110.3751015144023 23.844258148938092
1437.6489716133697 1291.5121714939157 1416.706360252714
924.6570467339341 1031.6656113974577 895.6979862591792
1266.902476547536 1011.7053763076424 1463.8608447689792
900.1900352847952 1213.3026060057618 1298.795724793616
1306.0847900196216 708.4193308646313 879.5963118283674
675.9026013699656 1365.9590926411988 183.7511481323771
843.4897197937128 881.5667036735991 1247.8713000180016
1486.2242819770797 1041.4299380523987 634.8900431051114
736.5459583512335 903.6151203575638 375.84536480217633
763.6184182722249 911.7603445339727 384.56588913766404
1039.0467734691754 1116.078805778253 64.38200068870664
976.8172632322791 1156.2972451755456 1430.7439954022532
859.0127084886078 865.1739021541987 901.228265743094
944.7281847819766 1246.1163814577542 314.2456310186555
789.4925947696945 668.1663838986271 1067.3419975289703
944.769345659302 830.3191754912928 916.0620956046105
461.92685562904967 1387.9686780562001 1406.7166722605036
1408.063812950651 1257.4923465625413 873.0897753879304
656.0035377975023 891.5986046849579 79.63336058173948
921.6327134102196 1098.2368529272874 484.4553376509012
980.9078622623872 900.5563307185555 847.2351958236059
975.6455171973164 932.4527721686852 877.8542300102758
1048.1975549041745 1682.4390990060976 1153.5716619423843
1110.9867678678138 895.065252469509 179.34389466968608
966.9463795614573 888.6950850539619 1033.3838164265055
880.1172430262308 1033.3806791848024 106.36761272341217
1063.2439529202468 873.8048632577446 644.4350976072199
919.951950263616 715.36360358245 236.22474644607877
818.032359462876 1187.7534875763995 1283.765183373627
1296.1432137975467 995.2470754714323 1264.2454330051091
745.5263270987128 860.5077542952545 496.0780085014253
883.7041332674834 635.2762937362165 1199.8784483999
1062.9826126294956 823.008446003937 1229.7397245081709
1443.5163487994612 1226.5074995119548 1446.180504920148
855.9523728831837 1072.3516691858567 199.30680012515583
886.888263771664 992.3835747145237 713.286776869199
878.2350827105932 1278.8363561596523 1118.4630007680432
1010.5333429497607 953.2777842956829 969.9854467841717
1062.9181858756535 1429.4552346278756 1327.555683166194
1108.623364305054 1039.8279638676092 717.6375964884934
1574.151444637695 1163.6789221022314 1271.8504907960041
570.6983673046942 765.308772864889 1375.1312748685425
1291.1144453105576 1093.5072731085902 901.5075923608335
1511.0629912092188 1266.2271519871276 212.01576455756134
1226.3582407821461 1097.6991123135124 948.612168651015
1183.6606088546855 977.8563376605357 930.3185124096267
754.0699504936997 1245.3159275844996 571.2718966720927
807.0663797072024 661.8341334967397 798.8493662337854
1166.5456883805425 1181.4589624755465 91.035935893793
720.7438658538626 1123.4087239098776 723.5887564065105
1385.3091241691586 1175.4792803955038 398.2348051503734
1047.0782232512377 1208.600534344916 291.5538732943886
820.5167046433309 991.5940388324714 249.75227705186703
429.0756713343279 657.8322105727864 211.44202187743062
900.1231709622537 1182.4495192783643 1440.7480477090767
1010.5124958699396 817.9406629698735 505.68421298350466
823.1827326508479 1568.4415572608368 458.3033615099389
934.6851009973491 920.7264201224077 118.59360489987647
828.6649207489023 864.1243883185031 102.28292929025812
1366.787973096166 985.3739458070847 259.93870316923386
1039.020938690195 1108.310589827861 650.0339649889867
943.7100340748979 891.7161853126888 706.2643264367216
1251.969883407733 964.1467393954387 1364.9900070127055
1095.4769284332108 1149.9970725919004 761.2700010108235
771.2432073848086 1264.4165604123382 261.54475068578904
1404.540119351061 1387.622463425701 920.6901499041935
1136.6524602900536 483.64666121380617 946.078213882883
823.8452567097186 633.2110199234072 302.3918055051097
1358.3180740167866 1213.822646056377 562.5594175551994
1362.1963620582208 1171.4329267982578 1286.7228459987346
1183.9049028206346 394.71851661663413 530.4719404073558
358.17667856158357 1297.0815629883136 862.4764436436641
415.11029054980486 1007.6409243056121 1047.4021945487495
1127.7185439014063 1208.858101605497 333.3373666930517
1096.9995499989993 1097.7058082453277 1130.9513497071255
1194.707076174256 643.6511169290118 361.38049447896844
1087.1456117591663 1064.3106717413073 681.1598466375599
1094.6903019111376 1553.0042059635343 630.1182929873572
956.5221922299492 1048.1620128340583 198.65820539940322
1214.079005166197 1363.7359236518298 1349.5478647954037
966.1987745489441 1169.243954447641 271.2929626298938
1314.2648010403302 1405.194507667419 1415.8519698925306
1259.2836818705184 1212.8270724486397 1382.93601345353
966.2790732157016 1303.7520740759815 32.00648450161997
986.5380424886339 816.162381862211 774.8148512606024
1019.1781688403165 477.50374530002216 708.8061653649855
619.1360023291513 995.9930706070113 14.488979654875777
828.2677444428125 780.1433792144453 1470.0003959249161
748.1380515270878 1423.2722727709133 833.0199645163497
869.1719208343286 1709.1708769081322 570.1758307660286
667.7921770889552 796.1422891814527 347.23308745513714
1548.2314567633687 1172.3237704161068 1487.53423490691
922.7736400459573 596.5444185504186 1098.8996326917668
676.9786466397895 582.8067442472636 451.5536692589704
954.0597298269429 1216.8485290824922 616.4747070180732
770.176954035981 554.8262340512326 995.0182167960022
1088.9111218190126 759.6874135009358 946.2788449595932
953.6864263984937 1454.9171365076768 1056.8774654408737
1176.7913640953268 1193.8442480849735 1284.6094918492117
1094.5108555073623 1347.8161929980674 652.9929824869539
840.5685289888031 833.2228358547378 1062.3395040147375
1143.5991952962122 1104.0200687861757 67.51785286809026
959.3544075448513 976.9501341852763 242.94246705763217
1371.669539427786 736.812731369537 217.00508516430938
1620.043487990642 230.99229239276815 1356.0109185451977
825.8247252817911 1021.1003513372862 1439.0435736300185
942.4728342734013 888.7924911192998 1082.9685964348207
860.5609279090503 1147.8118073860292 204.1502597848463
956.4068803168074 1257.7951743325987 1286.1937930510726
896.1014113979018 736.2784416904847 740.651068887135
1240.9229123501452 1321.9504781911737 826.2736954384442
1147.4639128595682 1000.820691025236 12.384219073684921
1116.981150983132 968.0680120802747 52.70853286979826
765.2849324914263 507.9014428246928 123.99188133736483
918.2416037377666 1070.8155300866415 906.0335840964959
1172.0766763250324 994.6914965751425 804.1796278135259
962.8445390329115 1267.106859842024 974.0496516639065
1104.7181375823336 1258.4515389499636 795.7134141647524
795.6309455017812 1118.0296767246753 1496.4694997233717
1423.7389443483012 486.8434322588944 1055.0843735361714
995.9187203422268 677.6303244504945 1371.6113670181521
1011.7065845653761 543.7722776325713 1247.3428986799506
707.8806370246887 814.67641018857 1319.4195939417752
1199.457268601651 727.4106436566434 31.69314564706893
483.31854928956784 949.9435594353613 450.7278398269326
801.224193054356 765.1355390457907 783.2387343123994
1060.5110667091249 944.7033655126831 882.5208631262307
1265.2467227807792 784.3433116843521 225.58713155087668
889.0303048017518 1049.481905534843 902.0743176064567
844.1031453537303 954.9133643666366 725.0722443226459
1211.8341006184453 1294.023249484064 1081.904572195528
995.0130936995282 901.580534334427 19.313531500416868
820.7817290419039 1160.270488693674 1236.0709012526088
949.1692824476112 1258.9557259788871 1289.0866478358641
803.8424808151681 1261.1882210188223 726.8212170224247
659.864391071952 733.3972492591968 766.4589535870008
1193.4863892869876 899.4700830334605 736.008634347979
837.6980180650539 1125.1199616992578 618.4626478087528
1135.2808232524796 940.949289145579 43.58990217021752
1334.4221438925883 236.04800834243645 339.8153226300297
808.0640208797766 1123.872918131261 97.59969644845218
1041.200795703028 1008.8418747747863 233.00265803427067
804.9650864040666 1014.3776146504216 592.6733934506802
1085.2214197815545 614.9191469805506 829.7414152161975
673.5355576929221 796.2889421672601 1109.6703550984068
756.5205959961402 989.2747342566722 605.4304404224534
857.7071117373014 781.5127970845816 372.68125306766507
606.3701795859401 869.4299699439158 564.1728377469364
503.7819487671932 1090.7623466361633 917.7069075217731
1012.2807266788767 802.1638286079784 694.3206910449409
1069.1480396630047 1407.4646416956084 1143.837943689776
1050.309025692421 770.3535721812584 154.69681517560457
717.2909128197261 786.3381743129426 220.04813532961847
545.6034867956621 797.2267806342404 671.5875104025694
1288.7918540342516 895.7764449827974 287.39102710192026
971.6316038031598 1034.362059643626 1016.7620909675861
623.300875544507 1069.0186080291808 891.3642335933879
1180.7714760769036 1211.5951970451645 744.1901992779822
1025.49213626704 910.055176001114 662.1689605937207
1050.8344024779806 1283.558805796161 832.2507271880204
1238.092876566386 851.6249483771429 534.9320505266634
795.6925592871484 789.8202335190509 766.3663302294528
1486.3029170549146 856.1972164449111 881.0631268057194
930.3514320049067 923.245464040409 1198.7694899320359
1141.846141419491 908.6514558720942 955.7183749627808
849.4776643878247 1067.8376792572042 840.5609972144175
802.5517186214007 1477.4759255211125 710.0014650194624
1297.9002711001538 1199.4347754107116 592.901516076721
662.0603736378977 932.7835901389925 510.9932794841695
780.725828049911 1169.4436094294938 1262.7494023488523
1366.4833913060515 944.7938965810415 74.05242702549025
443.1757883708599 1013.5447316739841 215.61769543934872
850.7273830873218 1219.1946115699782 116.11400117405418
699.4892284127109 751.2318277431716 456.1381568246723
729.7987908902412 895.3880847779956 1347.1389205803116
1379.8273442593415 744.0757708288006 1343.0917018991292
1034.062815079056 1163.2632032304373 561.479038456758
844.7131940105212 1013.9317119602247 701.6859736051749
1573.4953693201367 1122.185876483133 177.19407227919243
1067.4508174394066 1446.7770795137226 1311.1970523021048
902.2361878724217 1255.3275021180962 1455.6858358631048
1533.3018689009293 701.6579286159728 787.7088994865276
802.9971797350631 1579.1998243557382 567.4653226929006
1425.8516899300505 1012.2418207366436 619.3600856452522
994.9604526924223 1168.6431262851538 110.76815424208792
964.2153320050132 1158.681061594833 1078.5355413344923
1016.8424076303666 1147.1903093705707 475.0574049857277
1378.8978443548588 1291.858917073695 1491.4220841611038
1074.2463090167787 1176.518975465706 789.5629066368915
1040.8267744019524 901.2613105515074 567.590193530705
826.7188831703825 754.1173724531104 272.6694381801466
1327.9500759859213 842.626178714579 649.8238636856541
1238.8199157716267 1326.4486567317745 695.2140798394583
1102.4598069230913 714.704481075953 773.5152531005956
944.6672443562281 1012.7528585367506 1039.442673219978
914.8504171054881 1104.2315713332473 798.9115454338253
795.5056010076488 1215.5349556114231 783.2163004726718
717.8491618577634 609.924992926341 168.85493733685374
1022.3681727794074 1034.9537111447432 806.0085672044719
1159.8379230970895 1257.6560899644148 571.4802236656639
1474.185594170614 758.7888389760858 1126.2909204199782
874.9271809621557 1496.0891679202016 1036.8263201208565
1400.5821152792826 1234.886086881216 443.43733707487297
821.0598851485042 819.5429208779855 380.85226263110434
471.0009061317006 994.6607889863825 156.54319210113908
1122.7714979522777 1157.4648322107164 1003.3063606345696
1089.075974544526 1243.3909660341444 720.4979728907279
1072.0589311606823 917.5368273136216 416.80200237349175
965.2859717727177 968.5034670905051 583.4140247086043
1740.4167256621167 846.225095481085 659.0656964612108
989.5177089696174 1102.313538951497 1043.5088022623122
653.164716419687 1031.5125425697317 970.8805623479409
1143.1202691403553 1360.9476154500915 1333.6541858329808
773.0230034770882 866.4443096062602 189.36450780271096
1137.5102515302265 1441.5719620644702 396.77418321323023
704.2119862130033 1138.1427655285197 736.3344345420463
842.9098392819152 1474.7742982051243 856.2870170118632
1085.7857689894781 1249.0282185165706 493.9062365378827
1028.31260649587 861.3876281343821 270.0936564699472
1016.2309520772478 773.5661651696432 422.6977689611556
909.7603504912829 711.6857487074352 928.9709350274605
575.7909794571583 810.268148011413 1263.0972681022909
1164.6799492623688 1258.5900191145843 531.4112864241449
675.0049934775602 845.8285122074376 933.1307655420464
742.3144218039205 888.5833915271002 195.14487836277848
1107.429833147197 1224.5855008332292 856.0766226503895
730.2034947286651 736.9240105373613 895.5352667494417
1128.2620697099032 955.7495982079436 1429.665164050698
1088.4259180614727 954.8917877846188 833.3767741351124
1012.9534764180493 930.1921352492751 81.88887478193601
1263.246814997474 543.817621172795 680.4563095443847
1315.0312158406477 1229.2060857300512 35.73725865858346
575.7075413636619 895.7448949323369 475.6574288134357
809.3920111873452 908.4604495957199 1250.8355005730652
1044.5294143824833 1100.670157331084 921.2944358395138
893.6639649296951 922.0231323337866 1152.7779737891728
959.3012544758311 1346.3195336001254 119.64276355513832
1215.7814756645635 773.6385977035197 332.5234437325128
1554.568576000827 960.4589665162249 1045.167915704625
781.8217162090145 1269.7223799217422 722.8720307698576
1146.223929420024 844.4273014597552 1135.332344462967
1078.3826746175748 1023.3329769530094 1071.341382176314
933.7079344842016 878.5642685283099 60.71462530283345
1509.9606735026014 1261.373747449683 1183.5663187382488
989.6035385094492 509.71631127545083 656.8480842962513
1315.6126199147723 1274.064348383469 804.9978282436595
1138.5905397436327 1085.0597078811898 1380.7226879837613
1060.3799773407918 1195.718113795123 681.3073194573298
1284.4713209524634 925.0861835023343 687.4927033144158
1045.269842395806 989.7035241678263 102.5295878491358
376.91668025786885 751.2854706229364 314.50550122718164
861.9998275147357 1354.5516135264472 120.66346213272212
865.8615084815505 859.24685404708 764.3780118092141
816.1515999417034 792.8564023027313 1305.4035820537545
767.2182358491643 872.000304311571 1459.2762562504847
1005.0982976850794 885.1584126155136 503.63698270874926
1203.1498268359971 1469.8456385626746 1314.692155799931
800.6376515882566 793.9466308485287 148.15680053872748
1219.7021298841767 858.431921303039 1371.1575412280424
1379.4359033596552 673.644720930553 1020.1001231009815
974.3218910031833 1317.1540916770634 632.8031590408475
1423.0619901321356 1004.7165068292813 271.03023252305496
629.0719131822281 1149.7035160092441 825.6652539983784
1316.8102828140047 1086.2627722908999 1072.9544019401403
786.144131092972 1035.2578832363256 456.8044474780352
1218.389149380414 1170.2640206068108 565.5766383504878
1371.6920364973394 1310.4743497886914 1298.9012866166584
817.3521359413022 1177.1311574296578 1112.5343332873351
868.7438505283076 1145.239780888208 609.9445266071109
1313.2697346820744 695.0177969207514 1062.7080080500195
1159.976157150917 1302.4532527614806 707.5047384093361
1692.2661360158456 978.3810084346718 677.9033158143233
1386.4861227140932 863.2869473668022 456.6382638249544
1032.3071840042085 808.1979792106503 109.61414313978473
1063.8695828877699 855.9115982964947 1159.224828359464
1240.3522114522384 1005.3663320791935 578.0745448877915
950.0052645683076 570.5177295615558 322.95276586566223
984.2225088038023 1277.649922649045 447.0963699305154
647.1526944812078 1184.216969007916 1257.7204395477852
856.0097166599217 843.8671375314199 35.87087325325972
1159.9908011168104 619.6608819989642 492.04157439270375
1164.6742056261833 1130.7117659145938 1025.6927682447624
978.4846830722406 1105.0174509561707 495.2700619534031
1279.8954283880234 1062.128272899335 1370.6504783218945
987.5293979276339 584.0529942662083 1191.075779733478
1210.2449740389166 1136.32616911183 227.55924231138613
854.5817787129753 1029.772738983195 902.7742461231699
910.4063940853598 1428.195934051722 215.35227256190993
1078.2489994684722 383.4536667078214 1420.5190381739544
1205.1978056186717 1264.7410212817438 885.2712343939522
1116.893453087773 971.4851305802067 379.40387084403017
1005.9699923688815 938.4575532235569 1443.9133216932605
514.4180581956439 1131.5454720364005 582.1936950497604
1405.4451782777694 1052.1895322625599 55.03187326768161
952.1879273824984 1152.6849557933951 382.74614917260254
1247.115924431353 961.9625325622424 437.0501622096111
1290.977606278932 906.2964942013805 892.8682027227975
1415.3361297066444 642.3363961293794 1452.9866454639025
892.7260488499792 563.6830479501532 1242.459024723237
1397.0138976122935 1269.7244372160524 183.91500501823717
1289.918422091752 812.0286184994345 798.353683131795
1133.8394543412426 1243.785326817545 989.841491182945
640.1515439484749 983.6242533593753 1146.5708163668683
565.3421920020487 1257.691734198042 1471.2006500374525
1038.1286184856144 1227.121480743942 553.8827105395461
765.8351098400991 810.6532519672387 770.7822705428491
1254.3038759674373 1049.7823494671784 500.6935685186335
1508.0943089269995 952.3392618923906 309.99315771498175
396.7930452483715 762.6394399095672 268.94867164792333
771.7787516624346 1299.4582354487225 162.2727895285992
1180.4832324734837 636.8781958590075 462.84255325084433
1100.96109284834 916.8030781542432 55.78797865921003
995.4552263827511 931.1083590510783 1026.0401742093277
1098.3220000705703 788.8360040577329 127.95507976299331
1258.0215457872348 782.7707341486778 110.49257473705498
1037.8591040593512 841.1616236854999 153.6678684605804
880.2580197322018 1112.58512450352 1332.4678451705793
1109.2201362303326 1055.0598705921607 1038.4109877703677
1192.3864356602442 694.1788766921384 1249.317161510891
1355.1273680615425 821.8992370376448 133.90133653357273
862.2404849864578 1052.1102371938357 812.9456732459267
1147.3473484108335 1229.7734288754339 828.5505606077844
984.8199567143442 1127.4997981722186 828.0238489652147
1602.645788379357 1462.798392825644 1350.83083953731
756.6967712566817 896.7756717105632 524.1255651486496
1056.5727549489814 680.4520238327669 667.5720335248947
821.081145874912 811.3452945405752 1104.6290332321807
630.2834929968458 959.3190770492707 976.2614236333817
1260.4797188852285 1400.1542004958367 799.8833408672951
713.7195700554746 1352.330955870515 898.3986036227783
1306.4033248455853 1288.9026353017784 716.0609041206411
1011.328241390337 1194.7331856140704 293.75037834062164
817.105203688757 1206.9271816794287 859.6490962694535
910.0371620858979 1198.7901341666852 1312.7252496254775
1203.2093956003193 893.9470690603493 1179.822321519969
898.4052825207968 986.9697862642893 57.11979082968094
541.6101472797195 791.9150557893264 284.02432724005195
1153.2088810454345 1009.464917753702 1437.15161016792
1350.3253118428731 1123.6388790101023 1128.5484078436502
193.30370718785935 590.5991116262335 581.7535423404081
1027.0837913177443 494.6886789354764 188.36899773497788
1072.7438684353358 976.6117210012195 343.4862514338759
1031.8725836613874 1046.8129690718065 207.2137939072351
960.5884629548202 861.7794646849663 858.8106461253946
903.2213614791989 1240.4740615743128 581.875562256217
1210.3645861341506 932.0927036888729 1457.153092193311
678.2691861770371 974.9016699475003 379.06693884057756
977.8294449468157 1179.5427165946655 421.18177112633856
931.4392621402951 1383.573212205526 1309.6567955970768
860.110040806305 753.8053377955089 60.48569539174425
1023.9128766984437 1084.3618893112507 1321.3939804880285
883.2261222397906 1162.3910694204558 842.003110439883
1078.3806307847976 1156.7001543166007 757.1392807240618
990.3231872249826 1085.5897178132263 946.02095875215
1123.616526365373 883.491090570386 400.1648492333555
513.3949656234449 421.6283186594592 452.6711650677793
997.207841997705 800.1442534040143 1353.631354365039
514.1737630183857 852.9770829917572 682.3602020119517
814.8846584168697 901.7574503281188 44.65939129640495
1072.4591829956046 1057.902916662177 412.54707989000985
1130.0967456565677 1318.0407192290113 338.32422146672485
844.0609818708225 1495.2821725475962 442.22515395788156
616.7062894820981 632.1984652505737 1320.3788419384946
1106.1718831541305 1509.2161617973372 944.009724221866
1058.1562027558055 986.5904099259377 739.8976024247199
1288.7681274087736 1269.7896392792022 212.06801209495686
1060.4705839344772 1084.4443510338454 1055.78413600336
1332.6042639935358 1238.3063716965255 357.93536402805415
687.6448613058975 784.9098486754954 159.62021561584356
993.8199883561451 1200.0829066021824 816.6292687354683
1090.3969217803024 636.7894874960119 1385.5962423270644
1218.378702935892 1282.1072020232286 356.4974179979371
812.0331441913377 1029.7874698907654 186.62179071320378
743.1299197426467 1105.307592845288 569.0368851892562
663.6566821795222 871.4461150264597 900.2841534664419
625.0043278751394 901.8884733145585 1498.8286379317683
1042.1363066082395 402.72169984683285 925.1844700831052
1203.2382714256419 358.4478765625612 56.36867432831549
1006.4732770532115 1103.4839253313778 568.6880309497412
1198.3053903383013 1634.9027827318978 961.4205893974296
1526.4720884141825 1180.2536602789955 1186.3974224600856
1218.1061343336394 1046.0643361355174 71.95984533981814
1172.8236174369779 1076.380961745796 613.7999597875936
841.7020630270954 1222.1902982759518 1032.979328239795
1128.066275110131 1272.9468844303499 439.2370637104147
1326.161630977015 771.0486344150655 139.5555977031098
942.9477358599538 908.5866707790165 1360.827707932264
1372.3542960397679 1241.8981498497496 359.0213298080101
993.3639295070452 1016.1948752778543 483.41661245245655
1318.1979911519943 1065.2006945190362 509.47430007878205
1101.7330705596657 386.5826937306447 406.8667288589248
967.0608837212021 642.3192488965115 374.40126009532315
1278.8842490821671 761.0523141556589 776.7547917105168
1579.2831726528182 1037.351851852693 725.7199103152245
796.8205768427368 713.6050293072917 1466.4896797542344
1425.3646194331027 1005.7686504821284 458.27442765363884
999.9577021292719 862.9442488683267 1108.774194890731
588.3724903829168 1000.6125424454525 1410.8418018192458
982.5490385051747 903.2691531669321 1406.5781187501643
1153.438083260208 559.3267994093719 185.21114336680571
1061.818144570937 927.7665945737733 901.4715595197288
900.9003630237538 585.9151469055657 1244.676193996969
1089.459326225495 898.9042790990793 916.3206548639411
941.0583615442555 338.9234475145071 1466.7847583760758
1126.4526108776708 1140.4020943046776 1433.1382596182957
1058.8030861172913 1005.8696494994671 725.0770539774395
703.0684997100866 872.907341346825 1352.1693012544117
771.7654876832819 900.9474555966893 603.1862020214631
1176.679706574138 1169.4240087694943 581.7403910728759
1117.0252859994612 806.0852905807844 135.38406651714595
1169.0271630566676 688.6652468872753 1221.0969834100601
848.5589392825084 1041.8113301071808 483.1059901932986
1019.3854266856783 1289.3014663332922 379.70739988239166
582.9974951059277 1332.6817949616498 491.2218968006604
1368.6389765986523 291.32662936775444 1334.1540996611277
897.1271000446446 1064.2133773792384 883.5461455290637
1109.4398371330199 719.4961974617352 710.2451130253793
582.3301755019593 981.6767978828021 1045.5853162553651
1107.7663176655067 736.7659238995859 292.5790051024844
1076.723931417189 1134.0242670542882 788.4709533690605
1115.717574265119 1102.2865985853864 1307.5335967435983
1010.6086564837584 936.2566439100108 343.87613868294153
734.0618862200765 1114.334509386153 1402.8824388005346
833.6880325793218 1211.0200776562265 275.59120743155546
936.2530681512008 421.16279747464125 668.4639994657459
797.8728469495837 1263.876718420679 935.6532618964937
773.2077191753436 1321.1806490730703 159.7193874210906
795.3002959306431 842.3294855295235 456.1433559453811
1300.5137598780382 1041.8041767997097 747.2340105252083
646.5760585723879 1299.5181529596728 1194.9121744134798
1311.2907967475512 720.6013091032944 885.0381492235689
813.0325892447186 1010.2349743688148 1060.0240942610592
1284.6116356748626 1087.7935372233303 1275.6673275083317
1156.582158724157 1272.8615974081852 486.47519731320614
1190.560175984901 812.9218245246926 379.95056103641514
1500.0087325695545 795.1917578549906 795.9745332499485
890.0862412434174 1412.8480457043888 563.9074302470385
1032.588429841026 1203.5035053825602 340.7949585605855
986.5536904633877 1055.933821760616 536.1669041694757
1051.862675366037 969.3552184838546 289.47815075039784
476.33428537784494 1570.6730043014886 68.89338997942352
1057.7453365191086 1107.4531247831178 462.67085277031885
843.6760588167599 991.3192085506245 17.232768645924157
1294.7043843647293 794.0504747105532 145.17813161741623
1034.3794139941954 1454.393228740381 1043.0693361758717
726.1531579379096 904.4726411965399 1335.249264128387
1211.771188204942 1251.9822076040996 514.9651312912499
891.7607791570238 1034.3204878869492 447.12521333510745
1044.9174847473766 1042.2058744185338 650.7018890787627
641.3333491242213 1568.5218489254094 921.6307058651482
868.2697447988112 1211.5477692993784 1337.4746186684067
788.3077250179956 744.3452739780632 758.0438005334596
894.1122485174453 1028.2932720857946 61.818202382466325
1438.8166426775636 640.8309190638759 1360.975106274797
862.1746891230074 935.5998242987389 224.88238524881905
1266.5712755102654 1050.7736348367484 1071.5432613285097
771.2000470864403 716.1920973838984 1027.7664818816831
927.145144224722 795.2953334802669 1489.114494237466
1066.3599573871918 810.7418552051927 1342.721364495227
1339.269468694149 1178.7325924864224 1426.3945221233862
1140.3879944255668 1472.6988449246944 1486.984798030903
1000.944455612592 1186.3978061363973 1268.2722587352055
632.7284224725145 619.1139459623504 853.5509364083005
752.9409708265849 587.7243935913099 318.2769306984645
509.62135138091105 863.8821260325153 1403.0777872031542
1000.2513754969118 361.26552545622144 383.84025596232294
1035.901531826344 625.2208934035535 756.9449223481238
681.4412554169052 1345.0516271156814 1247.7127303156406
1325.9012435392322 780.5897810115111 209.16799616007575
332.3547004753475 1376.1776421592035 152.8707002531564
1123.7812605617075 627.1008318690358 578.7863548529782
801.6551353403706 1088.844586442993 603.1500212212296
999.9748077964277 802.1434117178243 40.770938569801686
1375.5015287227607 1172.4488418848957 45.696822574672616
1003.150834455173 1114.3161215929497 322.6667653951909
1039.791867216153 1019.9460489262673 460.65905549506334
522.3673192931575 1226.4803568571547 30.307631291069892
764.7832758749845 707.9706104459723 924.5160022954951
1085.4439583342335 1006.9941954142838 778.7646183011952
647.113775624324 834.9643684590387 1297.9345017730516
1201.4170630126987 1092.7476110282742 67.12725875577486
1193.297939338774 1185.0162204202015 845.8856177565746
1239.2071350997303 1314.799490967173 775.9552763022291
808.735875822417 956.1887979445663 1118.2672736125799
826.5908706817401 1084.343341280035 666.8917690522908
849.3336140041534 1027.3015736961486 1399.2325596394962
932.4707076307917 1020.8933377786841 881.4620763939523
1172.0154527341692 1060.3886430870755 606.7447118045748
1577.6167666075041 872.7309582149469 1203.952618633537
662.6556720136391 1017.2531627384099 782.1038760631634
897.9227123872884 920.5801119114544 1071.000465490573
1349.232711491794 1038.0820558308017 1332.6695604896051
965.7509639685734 1145.1529853657678 1205.100044325421
481.67073890741574 813.2727806972066 1176.7111344466446
1447.5528186065264 1200.6721612886074 325.62444996480457
886.915478065707 998.0260703632005 461.0113273188449
1336.1814968047372 1097.2635077398868 576.8140262590808
878.8001934658365 1150.5364187307468 608.9786929066896
1258.1459178210669 929.805218367329 945.4218164421048
1160.6780829819982 1487.5602181557983 1176.5052065526427
785.8581929414886 834.936309178526 599.1987574257437
1161.5347592288513 937.1957750268461 1332.6502087411595
821.4601890597608 949.3507362899103 942.630091115705
1158.910459702262 749.9421809188971 1205.4417164122551
1259.6737501228758 1082.3218993386595 1230.7334345983888
1092.1501527404093 893.8582244840516 1038.8357931028359
1255.6016843120033 1134.9963715416573 278.08491514547836
1087.3167451038503 808.0780178681057 870.3861510231534
1216.733817831879 898.0632365286579 1285.9652976832297
917.4663154529853 849.4919085044855 187.94238862672762
1040.8154730054282 939.4938771238053 710.6370436200598
715.4809428738387 664.9580030326072 558.3509069573099
1184.3083796276323 767.1881975191814 902.4402726863398
974.9375452009327 1055.5273007247665 190.7370194993368
958.518446921451 1095.6519259961399 1383.7029274987233
1451.2273262331087 543.2154651407297 16.230332460669405
796.108750462254 836.3435149409323 848.5649869393885
523.6026344123101 1002.4325510820345 1330.6520703365968
1261.1678004902087 1087.6076758814038 1360.9913199821167
1323.5387208043962 640.4250519131351 833.593153457588
952.6890499408278 1039.9593939913127 1112.0683555060878
688.7503300251162 928.6105446085911 245.0505187406466
1130.7046981113454 1095.7687107964366 593.9450419887477
969.9141942628094 1166.573993971993 1261.8440748926093
719.5335654211706 974.997682035622 626.6947378538548
742.6689275871684 878.5980697085663 1344.1768475991869
764.2856014320245 681.1747988698955 333.6982117622017
1274.5354297656775 660.0551425028048 893.2902128620877
715.9350470550696 944.4572477093419 367.00831136121667
1341.6217618257713 1095.6845483033164 1340.7018990286638
1202.2245898264991 951.0254915928109 964.8881478616654
636.5950843587956 966.5247390119893 319.10129255721506
1436.2523301300553 545.3885608354071 585.1812644289424
717.0055112053963 1071.3780843990207 693.4283114266508
812.4667244095718 1015.0538746912011 1077.00530987261
1291.3144781789108 958.9185951066381 1265.0185757229365
1131.369894964737 1236.9302020967043 144.79991254856895
1013.9359994449445 1172.1128191792143 505.55090382175257
1044.9827564345653 896.5139147476333 215.97449564163844
775.4576653069948 357.7174374375328 719.1378541507283
319.4141968683093 604.5849561244088 327.4243007761081
1396.7572299301273 991.3885666854368 96.65181315839976
1053.862280842088 1140.3483704886874 926.0797174435337
626.5745728823075 1275.9594213559303 570.5438451543583
983.998686246207 780.7085508780939 496.39013229614625
1059.5670423023178 1424.2364325824688 954.3189421498976
1160.9117182737132 746.2906208629438 918.7953208494347
810.5997884631284 414.7887471948907 810.7062165114353
1343.37125594197 942.4218360252335 1458.7873659444106
1336.0135641889888 1106.0694015699326 727.3804665197711
940.192825268133 844.1197368454211 16.55486435508641
949.4614828010415 1180.1914012233246 1036.2052873622893
1144.8355994166548 814.6870608495216 1088.6277122204392
1142.8916664816863 854.0497770710218 1178.3604864883239
1215.4511342151354 562.153521250891 648.7384200370443
1026.658376098623 1053.0422623118184 1085.6274031725222
789.134880249102 1516.6686490175516 851.4071430069757
1303.8205687419286 1099.9408773253208 934.7039102667111
332.8513309542178 949.7887255069189 1234.9257791069388
978.4300563747671 683.3883684099151 1122.2854375012919
1170.0409082064775 1125.3091391102153 1284.1885796379054
1138.5556961781033 84.95395757775725 429.78666491693787
944.0570704631776 1356.0836293505613 683.165368886998
1108.1585079022136 1127.63071532543 939.8743342368595
907.1295952649771 891.0156094435164 720.104343719761
790.6699016929299 1055.0943731815566 631.4219246786986
827.7331152781913 1404.3972317524936 761.788295060396
555.6029187022735 1417.652787623968 968.5106131120128
1197.665760125828 1009.1563640973303 1212.16043093297
1136.2165820167081 1307.3129857418326 1214.3326974236752
963.7334090536041 809.4633265491511 852.3333212934965
825.8187240764601 1151.2084951415345 773.0771941863709
753.6749890999239 698.6516542488127 606.439569219558
1042.0899196289322 882.8469348456487 1266.41298111692
914.5345033276856 1144.6305551475095 809.6320362254147
1158.737087457559 990.1290429556198 659.1685521124748
1071.9594840761877 1131.7664809064715 1227.141915750724
989.2960093873899 1122.9932343270054 354.86672011433546
1087.1075005677887 1001.7899585158019 1356.9133374485932
963.6675909245505 703.9028108284883 966.6665903184187
1102.1748037694394 1307.760860302461 276.5974588733777
1091.3983658736875 1108.9594671661084 1195.0646655514759
992.0308829679007 993.089810155809 1147.7740032962877
898.0593579989651 1112.27222213835 985.7978045800277
972.453971393106 1021.5106836568896 300.9457093202948
1035.1871249495343 670.2063537474804 758.2141977133174
1191.045440724601 1234.8341950085949 597.3032643417936
1020.4332463232151 1103.4122232628793 1205.7233645620406
857.9226276638419 1110.1637970193594 1346.335548257732
1223.4367840212324 956.273913407165 830.2288943133681
1087.98273585353 1118.2990572091276 1185.1299187005861
1269.4013475997745 956.390159173485 1391.740966980118
763.2994411362538 1299.7347506837796 263.23429453754926
1185.1350660650562 679.0507570302424 913.3222834359403
790.9347820281075 1089.7630003679794 392.1897285408592
1177.7809855695107 1211.953640597048 1438.9776047477546
979.342754133164 893.3618963672983 973.0256949398669
1381.54083572642 1058.4725984693662 384.325174007305
864.7175824766064 954.2511462994365 422.13095469696333
923.0568162627062 1169.2823996896236 1434.393298556302
804.421297419174 1047.0145681913018 414.58714830435247
1317.0284061222 1328.775704250811 157.97023737831273
756.1693916748692 1054.9621803100079 115.88838323947786
550.7863527551583 1141.404421816088 141.07579402991678
768.3855968215944 1075.3890822654357 414.60943838005784
985.0914683066604 1264.151583277119 1193.9703699436227
1251.5210769558391 1086.733063278127 257.85782488402714
1285.7228733140284 738.3787851170136 519.7621931969298
692.2022229640527 1013.735196787904 967.6650385921116
1304.0570087130159 880.5783179953288 1452.3605549725212
775.2710742672516 1045.4409365449162 1176.566302210753
665.2100014449563 1152.634203024333 1305.0036165725987
1292.6988508749666 1176.145751806982 1209.918258284017
528.1053518386744 752.8230779139029 546.7803694692203
747.2741021172611 1265.6123518021082 509.8557524472442
1027.112118687019 531.0916933933297 789.4992909045098
831.6648442545622 1105.9073315799592 1351.2777043034298
1022.2245314228319 844.1866891892716 89.39633915455403
839.0333383130828 1353.5870651189462 16.20506431224894
988.6921326517497 1366.948667359301 664.0259612885053
838.4665307775116 916.234960925745 1262.6560327908355
903.4545718459153 699.9790960282407 813.9291632482949
1187.6439533300154 1399.8884464211415 809.9654172167002
1215.5524870664358 1043.3501622505628 897.1583970889473
1081.6973554957253 1228.0115387333035 781.5508820217249
1131.2104983217632 1311.543664666615 1320.338370844859
871.9315596018477 1091.6769353385814 67.5715424102652
1026.8532317419804 1319.3850223675972 277.8884489748275
985.6861742476934 1127.8683109270262 543.2765169388267
1490.1221922178763 1039.5161009811077 591.6845945558865
788.5114218365873 1052.4555796184338 1267.671540807651
1377.8564628318145 1070.3798882883175 1269.7963376378655
1052.3442100539735 757.5398939899151 611.1169898406537
973.0582721848539 1138.3850488050996 1120.5145637684805
1176.219228409842 1057.80280342488 221.78815993244083
833.2053260272844 1553.6694531144412 684.1203017121904
914.856609940728 711.0471957056573 402.7497534261596
1084.6992629717308 769.1104014300163 904.4994894035144
681.1579089484908 1407.3068717817175 480.76812002780053
1350.7600529601154 1039.327897688996 829.9334798853694
567.892423246743 626.8545623224034 767.4624212718002
1109.058873534493 1277.466550834878 1258.0897263049562
875.137998880399 935.8867983593564 1115.283631005961
1134.6796892260109 1410.5814279047013 117.68106990301658
1239.0240744530502 570.0818654900904 222.96691976791118
1151.753409938374 1034.087997835557 1198.0308370351795
546.9989676652408 1267.1800116108284 1043.0746003464553
834.0921236993281 1000.9375398357689 385.10058453188543
1198.3583383957878 1196.693676407026 845.973501215303
1025.8564311304424 1248.9455977300508 524.2537161175785
