1000
1580.2951433841895 1057.169412565369 279.6333148194506
1141.3037387376164 1266.4160967867988 1322.1757997040797
865.2392079610543 1067.429057396432 1260.270574655625
1074.1615462569198 967.6847819862707 225.40514203672356
575.3219111631529 826.9728316247965 1409.6897794387946
534.3434219714063 681.8372903966936 805.5380567115334
824.5893690870978 1481.8914723781995 741.4501680753448
960.3193996362211 1143.870413443449 33.39034953824294
1211.2861481552288 1276.2213443183327 1062.2001517199626
675.0548432111083 885.3735461968259 547.7471760161409
691.0497092311296 860.2300377264094 1359.65852398041
851.663734513149 1251.03124830336 914.3416741930394
920.5847444832186 1102.3385761018442 456.83897311594893
1212.1331255451983 781.082228388942 1254.6116960112656
768.9237672712496 1001.1546749717072 1473.0295185071257
1425.6821524497173 1106.3802399596316 642.1595562728289
1275.50322773537 769.78089734905 1478.9301797038825
969.0059437283826 1181.516689871602 1462.670064464195
687.5450189789607 1102.7995532718915 199.47959672967792
1075.5354428298729 1178.435312622446 23.94278774032721
664.3519975137644 731.26435461256 142.56069692847944
914.1679065225223 570.2828706644102 130.55886180527088
1293.2647291167655 1060.3927181479262 1366.8923072185848
1033.2319686144858 877.6845262375434 82.23070050538217
1274.7869173216457 850.9789925250976 1241.9833845019293
1174.5262585121486 973.27400333714 419.29148661919197
932.7483914437714 1554.530295361159 1144.758161332325
636.410283593701 1369.42811923989 910.9594303538123
770.2788348710027 952.2096117870517 173.53485220872454
740.6023405191524 1039.532063547171 1209.2349620991097
707.4625503485047 706.0429857999214 204.74612046546864
658.4403951573137 1272.735922668096 660.7070801530004
644.8448485496777 588.8586536014086 639.0272970881884
900.5345094124477 1190.7045085819855 439.5045346948074
503.0095365427242 915.817515645703 706.017176371149
926.0568868370772 1004.1668783744043 746.4932961168969
885.8759529658183 904.2961803926489 463.170403988561
985.1668048286983 908.5949764426784 1103.078420632959
772.064395458775 877.158594952677 664.80990669289
552.7581328892461 689.5090049908047 429.5637501434956
793.4116887150042 1134.846856465798 11.773373803626807
913.2473583643226 452.82992809399036 55.60312511566745
1133.4725625314572 746.348764922782 115.16444129636471
1160.9633934810224 963.8026354177601 772.8298645236521
1345.0004472560995 1131.027673227418 355.1951403750161
1274.5580236913688 353.1282989980215 459.7743542761709
1141.9466392320692 845.426855272565 951.1072373440953
799.1312424818864 818.1748320160028 1056.3236652313467
1176.0340103825265 1442.682637890613 802.3211517215353
1042.6268807762021 728.2203387943483 862.9819002164711
1418.361728999665 1277.6972969874157 1484.4837651451476
574.3739184227654 1028.652355492762 610.0332096453031
1204.0601324064696 696.4575945164627 478.6084431272346
1177.9779099235946 1205.3868307843213 123.98955339539397
1520.886653661962 640.7355767377908 1334.207649403548
1496.306449465338 592.4862245428285 538.0218047268268
1146.1046268089497 823.4848109071006 501.14970489195775
1153.1751713382048 1508.8168645854655 1390.7140751570541
923.2914000315145 1159.3198795481553 896.9585609117767
952.9462582654653 1093.0046605221187 1399.2708406122263
1180.1865145726981 1026.1793493668717 476.4455788624614
742.1431573262751 1164.117443589487 927.7561009450875
1231.246574726478 1231.6399008210863 599.3835405700688
1034.677516784808 1533.1751180709405 500.7482275088553
966.1204113646003 678.0337816593212 1402.026639641154
1404.495749103481 1189.7265425889962 72.37164796908685
811.11487670413 1191.9978770090643 10.065117155538427
1274.2502966719046 976.6707070319144 457.1242833239528
965.9914961028785 1212.5778161054493 189.37385128428556
991.8565187297213 1423.4375842733648 1278.854141000731
725.9973880032089 1025.5228440722485 305.1211680052582
867.4331484148922 1208.4788589604132 1327.656916255644
1046.9790132572887 718.7958353761887 198.528421713922
1108.4368783087687 1027.8653369341796 394.9807963545693
954.7845240179773 1038.1116075356426 516.9855706823573
797.0607230029842 1488.7491556088826 1478.6683496798353
661.5335134899633 870.4994708616746 460.3909034949284
831.0777346837917 801.0311365179599 1323.609852294492
913.774161186974 1138.236335497935 1350.7874280388387
1151.953739576094 1038.0253424503562 1241.4921604627898
1099.2596180402293 680.7417047302418 44.126356525159174
988.5747811564418 1043.5262433864843 479.10612058095927
1216.2780665353303 1060.4210955493184 722.6025181890773
832.0410555805546 1396.6356689624254 904.3573138590517
504.69266331316214 891.5303460654161 556.0856574405151
896.6719734213307 1042.0920043371414 104.80480408795223
809.5039259867152 1551.3768063918978 11.050209694231427
1069.9112187411718 988.4595176197049 622.7635620999746
1370.2161958725296 818.2286698279826 1116.5158610619274
1399.1688699886624 1053.5041217816126 824.901474062038
1390.9129883073597 1312.8388394026945 860.3430283455091
1415.3376535918405 1452.482551263349 960.4744113049198
1024.7392899612548 1041.1683151661086 838.9567552191154
1208.4911530150448 1144.5480712999233 87.92398185247369
1044.8851800310197 1205.2520513696968 1255.0272081948583
438.681473592044 968.9769222427497 140.94683135106857
1065.465663911468 1269.2851223784046 943.6503852698125
943.1528409684793 1070.591208080429 27.365615642331697
497.19686529185105 1241.642752739254 478.9654630790609
942.3018172172223 1129.1537577414192 740.6471004960227
1075.9622349329668 981.9903913067092 825.3257040539775
998.4481343436427 925.6664317698504 1388.5231970063867
1131.91199485808 958.5794633022451 324.89567536411397
967.1126045155339 724.61230472577 45.04844602157593
1610.1773393549702 984.4527512041817 371.4759706551978
766.5039134892138 1233.0026105638685 355.4184845879919
907.539732234414 1545.6367689848007 235.4517271457478
978.5470972126675 836.7147494746514 1099.5026528103913
951.8584542238559 830.9932595065058 1224.194264950557
1221.2740723297063 910.7978786734278 1034.2561656841365
1204.2194282667165 690.0432192494336 1429.8967958656638
1281.0382721911653 1508.513572113235 200.79462915262104
993.882804083907 1147.7369950084117 516.6626770342141
1107.3082546270095 1167.0815645210441 261.53874222350566
1112.6359642702273 1097.078932805185 1153.9874025954332
1050.4008430424656 883.9652764520717 593.176637226087
1034.30586061667 1071.6746412640205 1449.2226440008885
975.8339991392081 1204.1021751713715 499.7818488509739
495.01239011475417 1044.618308121606 1167.7029753860072
1024.9688497622797 1147.8516376805296 1422.3411038015972
889.0459881679176 1077.5118212270295 1360.963702028769
1425.6712707377453 1316.9524286636993 1218.9904168592757
799.7373710024895 828.7971836100559 276.37927101921383
1310.5246349732126 992.2626611832774 237.95711248304164
1226.3747539385488 1281.609429973548 594.8740901707674
1237.14296639802 878.6117222763066 493.33359292890674
1100.6722147551013 1031.5197029914193 294.1681368362707
1105.1809315442742 1430.5161970753666 109.64408207461884
916.4800278198802 760.5866075795954 1316.2395044696111
832.8331931599898 915.5757936222108 458.7526016161631
600.9133137731543 986.9462377420638 676.9158550452696
890.376162302367 902.7108510706149 9.73071425915062
863.6758012939755 553.1816572196623 154.2618306118655
1064.050060051077 1515.4524215357756 1326.8466127954518
1294.791225636562 786.3685826063586 74.70405794005008
974.9149541513607 1294.018316334002 641.6558767410901
997.6813741965891 1340.9861135039127 1231.0801131293613
1374.7491155818725 911.5625133882212 414.24221415524573
182.35909601865967 1285.617257522255 519.9472483977879
841.6033435871838 743.0733865465251 757.1385618728436
1295.5862343453794 1173.9529786849134 115.25228607536947
1137.0719034978506 907.1296287135071 1169.3012299389577
605.9603606840664 1231.402065547721 1237.0508335156842
1017.4564974045901 975.7862623161858 1419.186943762471
816.0490929359463 1110.1284687753396 587.4656193662048
731.5855876898975 1548.6357377330587 767.0148347094528
1299.1200515323083 1105.6204947324316 1468.9594379439134
1043.7887491225736 1003.7877749011375 349.2788195639696
1351.9521053496358 1124.0486060351259 1039.095026756758
1192.6814035401464 503.39844675199777 1452.4666960659326
737.0936021820694 1340.7072228516004 189.27506864932985
1097.2249711020934 920.1869542887384 670.822850431893
1147.739828827007 643.6768502370101 1049.4751223246994
670.9790407784699 989.5194971041609 325.84158909031055
1092.273604950249 531.2994476554102 673.4500388382847
985.5137494294595 1136.1765408084923 902.8548699079977
932.2603796301124 1047.8066088372868 1492.7383231369915
522.8268576708297 1096.4748863831567 1423.188594030449
1145.5170157912153 741.4241239095477 1031.4507724230732
1056.880024138471 1287.8440604962889 83.08292669541805
779.0113092072351 763.9222338166747 1032.132101716587
553.9603668948906 1282.3811382632248 1282.526254812744
1114.3649075692106 1057.4821827609737 1028.1759046346065
1013.4272401067582 1029.937561270123 1402.9638844629294
1137.8493222085722 1389.4574985463187 973.5021354315421
957.1074719858756 1456.705713722296 944.7658977391836
785.6342982259715 871.8731660736223 1329.3771982064793
1045.3250437213173 969.4946932775694 1018.8734506425667
1367.1103833087702 1313.9208141533663 660.7612646371423
1280.8762038925702 1069.3202899663272 652.358691520019
1525.082934814082 993.7002392865223 323.05633300727914
802.4194177562393 745.2153416020171 632.526130681697
1073.0472606457126 1167.1855784964125 1270.8764948411997
681.9427089221412 877.1151003097353 930.6295573214718
1500.1265352157766 962.6175244959736 1317.0604205111727
278.97939343651456 1061.4636323579546 1287.4125948867609
646.5107143444952 940.3507171398506 947.0380482865422
1260.0213721738642 1000.2914106524676 130.96181298121928
1006.8766223651857 1164.85363763148 395.63431858741075
1489.0514613857272 1108.4389687713176 969.9518920297486
981.6339587827388 1316.027069400307 800.8631658134897
1097.6789879025434 864.1327707707796 338.8909830658978
1466.9989902372236 1175.5414476907342 618.216168582941
870.0180828071502 1239.1593701971362 551.0049992236102
854.2329135733692 1170.8018708163522 801.0216479355523
978.8599353209999 1006.0278063982105 199.48568031338354
963.4500754680084 985.9235729913322 376.14742464168546
1026.0281155577813 586.3355740910388 168.6045552837583
1414.4137236346219 1094.1623594298205 1168.2922071521498
769.4285843660309 1282.1807973242012 236.48460453120978
1339.5118579781822 467.6913488946258 1372.896125564825
662.8885996112224 712.7033332965781 406.4125844857034
564.4218130489569 859.242798151018 661.658798431445
639.1837732801196 978.084609904909 714.4308675387251
799.6112595471271 487.97068073402 1421.640001057974
1177.7120854592622 1129.8037552894748 44.647091341447066
782.0242626720387 1129.7271198686774 718.9607613459308
792.1885672734909 1260.265402016945 813.3699980618925
1002.560939508972 889.6307535692406 1454.0332431803781
1152.3271216809064 970.3250453639149 852.6599031569915
635.0895199006789 588.9475256147103 489.4667712773881
993.5163101506105 930.3876692043434 1471.224420479617
782.1187344959071 395.83761828862316 1355.4545628995265
864.1947874107605 810.1954132368232 943.3551126065154
1130.7093608212383 755.7516234477123 1298.5872176833186
1038.050235028722 689.6480235483775 539.2925688715711
1161.1960640851662 1109.875345925107 311.822882245967
809.3141982649092 794.1261667075223 338.6157136029397
1073.6608331659045 963.5858729724642 685.6125376795586
814.6274025114304 837.9453488762732 1236.8215893820682
709.6711532001286 1043.1917125079149 1232.3565575633359
921.8901698205634 1130.6794653216125 989.6642500026045
832.0799328504237 953.4605524020648 1250.2338662474926
1102.0430965096753 919.4571047628428 544.4186052416452
937.9290063298448 919.7565946094545 1271.8402847094776
1016.2312736330382 922.744793897595 985.0198760080239
1166.6062611157915 869.6201916392656 1451.4594785921067
1289.5468732352322 1102.1146258629174 1366.1904975928994
490.34414791026046 1356.5897864762578 4.198801816950759
1245.349886905069 1219.4520295562343 1476.5335568403862
790.4497283248342 691.9660665740611 1362.7410842609513
1018.2230998121026 713.722054179761 678.5370201995024
714.9344682454075 1063.2886162162645 481.00092244255364
949.3365290836116 946.6843677041846 718.7284551807846
1211.1752616091949 869.0156790272714 340.93265207748806
1094.8365322051686 914.2806457137768 800.3213757391453
1081.147351273915 894.9173640081626 426.7737107286405
1130.541390079672 830.0170550919677 1165.6395569977378
1010.5250931175693 899.739712603868 507.2327014590256
693.4235462676411 1339.1440401304365 1004.270460045264
1104.1125106287911 971.306437702565 569.6439966013155
1237.8211187811403 771.827324444173 285.9779164193623
625.4546602771205 1302.7177618933697 447.0579338742173
857.0664264116926 891.6763433914037 66.22686723524029
1167.9706439482693 831.6686982783558 639.238386395484
676.6273201962415 1337.934022179952 64.40604346886691
452.340805443411 884.9202375863907 581.5520723209461
1480.4581305568195 981.2830084200302 1118.5970175988214
578.2628196898094 893.6034318646629 33.191086848481824
485.46368528683024 1123.2895943206636 516.1575744027004
995.4518665650381 1008.8679072326228 111.82296589329994
975.4208746224007 968.8291425620449 723.9415261128294
1032.8091344277357 913.5180563368963 305.3059747127334
1264.2345014969455 830.293301880347 47.95903038614158
936.1302212877509 956.251798192598 970.5819114586193
1194.601456086743 884.288524001519 1223.1784563972137
278.04113862703093 1465.5802021439172 871.6325594896482
1207.3945550647281 1204.360982362705 240.45925457849822
754.4959466001462 744.1217517899605 1191.335109128082
933.8096002190999 1290.8391142247388 1298.1628564843909
1282.7342689997856 1197.1404979253512 97.79387708505432
953.4222328111255 2000 332.6552721181572
740.4849780734249 997.2387593638956 177.06089778746227
1091.3096063437233 1465.8192426353564 133.8906498938351
869.3544780334146 1001.091229175792 115.98088936008017
775.8463218862917 1157.605737642201 705.2807901587059
1052.2308346603513 934.6189349054595 651.1259779495939
969.4311903314064 511.5769737331688 625.4264472632224
957.0154543012089 731.7402147474882 484.79543491872073
868.2258301140655 849.2023846364784 1422.5146250383443
1042.5356525602378 840.7391516305132 397.07676006311715
1086.509843426731 414.2880231840867 391.0147055700446
907.7630021692286 637.7381494395856 313.59818640147125
639.3935225916246 653.3938146672938 1169.7759039281295
712.7558471012475 475.31882050154445 1271.3241319064318
1135.1724418649792 1202.3446420334496 1464.3808620542495
1167.6081829475147 1016.6716224130176 1250.5282555864821
1047.4721387689256 1142.4660419787995 130.6889155554337
1115.4982010542678 753.6457540318183 1427.7161899934792
872.5890203267936 753.4531160585877 1219.8694833240581
981.0996881180437 1005.6873147568024 1073.6353954363328
979.2533976005641 900.394341299267 158.94160721318264
594.1080640651828 1171.7943824240633 1.087298125285685
914.8636392256076 1033.1686847624255 951.4281988443955
1014.4906091048955 829.9679664462155 1422.3110924262319
1131.529399066775 1154.1154249253698 1060.2335435691166
1131.8276968666896 545.8581568868826 104.61879968040722
524.6127007599575 1339.0113555241858 679.8377860008568
962.162026003815 677.8332464249143 60.93783294834692
1163.0451285858985 657.6362728176939 43.33229288375095
845.8443123114537 595.3329517698464 446.6421347614723
984.6638651868209 1211.1156194844232 561.9587145036614
726.871164653144 1233.8498928636793 1237.5672837275818
840.0311064189557 910.7085871617154 945.8479409171379
1576.9291935019187 1110.8837007607403 360.91422477822204
853.9795576087017 1045.9721324957263 1059.5421162131404
1272.7427247332362 1115.0334062186926 283.72307051211675
1351.877966840088 1027.4103314799327 580.864305286938
1147.3235488161743 1380.4658169248314 1446.3793563149522
1429.1780805552412 407.2227341751003 696.0656767610534
822.4362510863223 624.1288283360784 567.3696882583954
588.8749380361979 1445.454183952928 701.0772911554568
670.4087914342881 1304.0783799498922 487.7813406891173
890.2896146792358 1218.753815748747 593.3388335732708
741.1183367359952 1028.5967220053694 1261.9586248478533
1357.7635969337373 996.4231356915936 500.5779912293925
1152.640776120627 1005.2942684422061 585.5713077925991
941.1617762516009 821.5723270057802 771.1316943119022
1099.983284811935 1152.2714924612412 1066.9539233340477
1103.1484415252482 846.3915538451906 1454.4069827710669
871.4208394937939 566.3566670842463 546.8616310709294
985.6096400178342 819.2450210398805 1320.7525380631994
1226.2370745029978 1768.2673715790306 274.3955129971643
1048.9444419697186 762.4949069364023 625.552266202974
1278.1477301093373 1237.827604662132 1382.6718368128918
1145.5117212151504 830.4665809368057 405.263810628014
798.5163854066519 1254.6758831519664 1264.7102755900585
1246.7311293095074 685.1605945316207 268.7804812459645
1094.7110111597476 688.2040511236419 262.5288116098706
1395.3054239758621 607.2595181112715 840.9465824252666
776.9886968496982 520.4724394918959 77.10252705250292
1164.827849125473 924.8394334724924 275.064205935243
1397.4314464088818 1223.904961910625 1239.5350413617589
1428.3518168123917 1328.0577804494876 293.33085291205305
1286.8491427796166 1196.069885005339 109.34750326219495
954.0200626549774 1227.9588378178207 227.89457481752396
969.2032483667023 973.9443745236721 196.93793413111942
892.3770166630969 943.7954019422452 348.8656836714048
1288.8469596763057 916.688066914795 163.45135747882418
957.470924223988 1292.0922457104784 263.4933207170844
1179.9904333548086 1200.0847387349131 1003.2214226579065
971.3802969843526 948.9640722439807 1423.2220896777162
920.3346422954602 871.2958615842385 1007.624909465877
1363.305981403512 1514.8510983266185 1473.2277512296355
922.3377078858625 1037.5161996741106 1440.613820764824
866.4999175591693 960.6899947356181 1260.2970556414948
769.3162874205277 894.2916531566391 1337.7499725157297
1224.4217803601732 1274.754974676882 545.3701082319659
778.2923588851954 1336.6694764109936 901.9477121462298
930.0777009683288 1279.133843531364 1401.1249393169348
828.6753092174566 563.5159647008004 435.1232793140718
872.7054899038537 873.7731665476391 1065.3439830019543
975.1331304293839 1047.4796198427107 200.57832493515028
1006.8222236961669 829.3354063355405 478.85444690461827
1253.542116224346 1184.532081600173 510.7704408694376
1095.642470569068 1031.2857581597023 1050.4168890480278
944.0949861228331 793.9958249429171 551.4180112636303
1182.2423382090908 927.9308906061826 688.0233766684483
949.0444989359195 954.0329020744902 1197.487556041911
751.9797049997218 1216.6943325989823 1304.814515979031
639.1077128056845 1349.2035973011607 253.33813621569013
1154.1090453743918 1396.1521360034453 1438.632150969999
753.8552462437557 962.8141116868916 660.4463838278983
1128.4285149195669 1181.9966128748708 832.3463487363393
1411.4796765062677 1169.2354174047662 1225.6148898742015
740.1802821474412 536.2037215818204 188.48238042248104
862.319205693542 992.3423802521202 299.25523852401574
1096.027099160747 1131.0282865815145 80.01115418234662
982.7816101509391 943.1883467777166 1452.4001542169894
1095.8668881243452 845.4361322591673 116.20641291484868
727.4632165677434 1363.2767184679378 999.0595440998196
1140.6331919689892 1391.0601149333793 588.5258144962576
937.8884703277831 740.7471200680709 447.3522834555475
1046.9637138565192 1195.1494185745416 420.3316358769561
804.3496298959237 925.7798027575876 743.2741254733915
1076.2719560722635 946.8749245914457 1091.5277563679035
1138.0513266699302 990.3840683834077 1064.7686725127976
1275.2842461302776 1077.6156288147345 556.6971149023976
420.8889828049847 1077.3913639008874 417.1243769476272
751.4755645377705 1172.9636825700359 1328.4492749981162
840.9795941836795 808.1822082913355 343.9959856861308
715.3380955134298 794.4866604588351 749.7641160738966
655.8298957583456 1125.7450163566168 1266.6275613147739
870.8849695739357 934.6244450552409 311.8532462673281
618.2634280207593 628.1592632950444 1224.0177325484972
691.5774723062177 1087.3591493442304 1220.041936808762
1077.68761470188 952.5578935203152 151.59158339895401
1111.3773982111397 680.0793758114561 698.3235184640392
993.3762099853602 1049.587452986281 369.83294999280815
688.9437560584017 1325.1096354240162 10.916701920007988
866.1049669758554 978.3164941379282 1353.5818499994903
1204.777535089147 769.345476584291 1492.00161640974
1472.8436261719085 1178.4794017006043 1201.7386341064844
741.954290620283 815.6150780126364 1320.1611498013108
576.3654019931041 929.4682646831125 603.6150402357075
1001.5403080450138 1138.642404008158 172.15804523600724
1163.9407418189196 613.1709991205266 705.6220211107593
743.0579490371148 1142.3840092425232 1330.7500444110344
719.0290351600199 581.0155196706005 1429.3446422145716
716.7254467346492 1085.6552766090213 66.86269726805111
956.8294307166657 1099.996604320029 266.74356892871043
944.7583121129888 1121.9549065332315 541.6104732129369
1158.994378935105 1527.1552268799792 1453.5363849869038
786.5984080710368 891.5273382072388 729.2482343574345
989.8970569642877 1390.2706431226102 206.8940272308984
1051.621407085565 556.3883876477146 1048.962376847287
860.9679395447897 750.3364160074198 886.7750157617169
526.9267638776948 1385.0847596623598 271.4368451480633
994.1464297760019 644.5564858949012 443.3451300306955
1165.3836088721348 1048.8999665646318 289.36171187455443
1572.0821290466647 1065.1865551787682 1255.6774524473037
1104.1265020709072 1231.4314895084476 353.0105173081771
1075.1400714358222 1403.7629574271252 1358.4885265657167
601.8664997253106 1731.7393529309518 1118.5988748278576
1100.3921903183539 1355.318663120774 984.5325934654583
907.5270407575634 1091.001811615248 1027.0549068907417
785.3960595150825 927.3899557992615 1355.259474849634
1028.6962483455188 901.920717067976 246.54457840594546
1312.1874541498178 788.3110117859608 805.0602753112004
958.3993482944318 1126.4249004150026 174.70148019999831
739.527717514509 1088.6507232622926 1256.8344005732124
872.7548446466459 556.9915279973163 562.2069236802666
928.3395241441611 990.9677090827527 1098.2885201777815
476.3777231960596 1057.8679642624911 487.13984528947486
944.9067382869864 855.1684164091338 61.97622448026119
1313.7289911998112 1161.44002796322 1102.6156290888073
877.3019668853434 1556.608549921094 1472.94466736992
1329.731530108297 865.6851709375418 235.2013169221649
1123.3479561734837 1291.8574806772742 1489.6706739768572
1432.650859424404 1061.9732521394901 231.4921736883031
1088.2460901458248 1264.988407432175 1435.0218152323555
1094.0496310054764 816.3201518022487 816.4949753914427
823.1285740265637 1349.8310062633448 1005.8214930500639
1150.1603782090676 1036.2795143178032 393.97264100779864
982.9992806052607 1579.719516281899 939.1294712022291
715.1794063155744 551.7693538190472 329.2459585634543
850.8299172542519 1001.3358115591518 1156.9864237652193
1151.0888523092885 1243.5954019055905 1429.474180658481
1282.2375484605384 739.5313351054974 1416.2984508122704
488.14482961629534 945.7931826299783 1319.6564543501
1000.4575844689031 809.5386214002015 422.9721410087798
1483.083989266708 451.091061676541 61.86519352387387
828.8248195532568 1272.7998685360476 966.2674071635346
726.0129770775036 1103.8701307024812 129.903944793546
643.882836008542 1182.6729453123783 358.38079859728566
950.3094711874874 1185.2065416160758 1.8985866008109364
752.7803359579334 664.9860296380845 776.735724272313
897.9406943693799 1299.7865531922255 1466.136385927242
983.1773588166094 394.9912959377808 846.0128855910551
632.9304887101894 1216.9878260739574 175.44858368269206
994.9406232844185 1121.5252093056095 1131.845532326827
1028.6409540914533 1393.069853741465 1173.680853953204
1038.2093065620593 965.5790249422333 161.87360571309088
1282.0064375959496 1203.1767366791607 776.6300013189897
893.2660640245132 820.6096892576031 241.24514608200704
1011.2993963379587 1138.3367969877663 960.6217502299729
863.4375209859601 911.6206061046378 1137.7048055846494
732.007767713582 741.5235315070524 108.87325867797843
950.7841486293352 980.6264162107801 47.2459352185392
1089.9454116718343 957.2654129655616 395.05791074708253
1231.9023372043744 675.3372875437567 1243.1310519679175
953.4422014994251 904.0941761638131 307.450036657282
751.1034702801081 1000.3992732854405 752.9674763517966
988.3986316096997 811.1240974543108 289.03401310389586
993.0862462033595 1156.407804973208 885.8035490611065
1093.0094717431973 506.1500018205034 1495.329819050948
915.9399735114209 996.6413995103111 844.7217161904636
1191.0868129213177 1104.1721553683062 930.420806536271
1262.5212007768364 908.5405961673739 8.438116997378842
1419.3010104629275 869.1160047610249 702.272354554027
827.1139680274279 964.4409416270223 927.8896891618726
1260.5172475427178 1028.905480370907 479.27236007212804
974.3942829007989 1121.0582357587825 923.50965952105
1133.9874456948676 1261.4378936315377 940.0137054981412
890.7909088618312 706.4522789502801 103.30748380067246
646.162712943045 765.2970875662976 668.3011642921883
721.2881023276984 1808.9904466557296 1043.791531884811
948.4351326293184 1284.726194880223 735.5339387938409
916.0832205005386 1158.060161421364 556.2880979203617
1021.2989143914122 1021.1854833892488 980.0279297151747
850.938356340103 1119.551903120489 298.5848415103914
1395.616518214401 456.36052905484166 1398.207877566732
595.1597173824667 1080.227979404045 830.7646621741819
891.9207104970822 1334.44708842056 1100.1444446128094
953.8299212674847 1229.178836407049 928.5166019151845
1003.523418723393 776.0865659069797 990.5756078137995
1331.0044508461076 1318.9314394631497 626.2035271224257
1126.9928044686303 879.8300013699037 679.5126174766925
1398.6949234807219 948.064168806965 856.7341935238311
813.1826268290256 975.1396600262804 1268.228179071521
603.6643960413892 1334.330644365822 1195.0533995753835
1256.252265257403 1280.1326937285128 678.626002136428
1121.6517955900335 778.5729509562975 1028.4240646461833
1109.1340056165382 1020.083931735434 777.003373383302
945.7673754151103 1059.452016426474 554.5852218707131
1143.3011525747943 649.0213925887269 35.713918555569656
1209.5598568759458 1322.1292104075749 311.0435851835728
690.5141818630481 522.1016461543545 438.6398479406398
572.1142846667481 1248.2498299609802 0.5037889209904001
791.0683220474855 470.553302039041 2.3715806653714644
1350.950647052708 1258.5073196399994 321.78804322326863
1123.742643565135 1547.3201869058676 458.68023344912
1196.0740267458063 1013.4450134414878 133.9850803371474
1249.308044581235 873.9997580339827 1261.5804505877607
772.032934542684 1152.2420832103007 819.0909301375095
1122.355131325721 593.6137844166572 328.391779727842
945.927325790484 927.376102486964 1464.5444964546457
334.53570264632754 874.7789288246187 94.1269602059227
1008.1603183230332 1127.4499631871802 453.11658405987345
873.7819560532224 1276.709099764588 821.801236595577
1335.8100344291618 673.2259557857179 1443.766306339214
1346.8641082936747 717.3925884659607 1327.088478374733
1080.1992456901633 1139.1385412025602 822.9926455655328
1008.228542669025 806.8079201374003 112.55409407373662
877.052419231472 902.5124978228406 25.372130854957486
1159.079900222549 1122.7762666547058 505.2862011729205
1294.0564679769293 1028.9983690520014 1415.5455913195722
963.7490436943101 659.8240646717245 1029.360852113916
1106.9122294488152 1347.2136779608772 1070.3527812319921
643.8668582100136 465.95417864054025 1416.4004041093756
941.0539462984093 1060.965230792118 1.112358412494241
778.5072356931553 971.7861881732543 6.329080461318304
1094.2935791215684 1075.9607661681318 358.9015100764583
1074.6330224465414 781.493007993316 92.45888602929936
1004.1069410947114 1392.1975902619852 880.2817929763922
958.1902008834134 859.7420280513049 694.4850609275312
1223.2352982843413 892.3248052797454 760.0620653060901
1007.189310758706 1203.5168345962363 477.8269974222789
1037.2472797328198 948.9573194379134 871.3896886087301
1087.6868742028707 928.8587587975699 1120.552984292118
1270.3119286847761 841.7567162111822 1347.90943831339
1033.1107651718685 1082.440391842632 600.471182808719
1269.134122608545 1004.0870257857282 670.9299712255936
737.9074586984783 1051.7962761065937 1230.643820518628
1127.5550717567417 1480.9842597589848 880.3392468985494
981.441700554684 796.901893855243 902.3480695465245
755.5336623935837 689.3493699851756 129.71567553536363
843.5918577103166 1132.908409359148 16.279766131752137
914.817294214464 930.5922163929207 1214.6241532432923
1219.2220487220284 910.5255584807403 1325.184357884913
663.3326525568358 1024.9524117095668 1053.7793087946875
1184.025145968547 446.8551883657009 700.7941466857518
1217.8119602770794 727.6126796613089 132.9631477059578
853.2057192923698 511.4750739271477 999.0440293959826
1002.510095586143 1130.5133349800383 1316.4203492288686
1451.180849975241 1429.458862181482 535.9662463621099
1074.4060181468153 806.7155288013265 315.73833641944566
957.3795861384327 1228.3277517129309 1375.3100175808981
1139.2603763685436 710.0174775755193 745.7892781740222
1119.4128413857009 981.256017789285 983.2811552481911
1165.6184636950038 722.6280354034005 1023.9364820907185
1101.5089824355905 923.6654152621055 1421.1450084373068
1152.3710047620777 493.5915144074351 336.06119991891126
783.8827469853409 1271.4823450728638 638.5894713896116
986.4094027159832 672.5872733687454 851.6729515364016
1180.0934829071232 1377.212478668396 1492.4961254307698
1000.932897243483 1271.6883504960274 805.8644101636788
1140.4153751730298 585.6348823575136 822.8659117572031
1481.870443484321 1008.1465372603636 1430.4744831196874
850.2557122527433 982.1708356198809 884.4366758541327
994.3098815723216 835.0051205107052 851.8012034683123
830.706807242652 771.8063093549856 313.5472783702306
516.0614793595876 1064.92140400565 1385.05917480582
1498.994701619397 881.6752279583656 659.8311435271162
1149.456693861627 1005.192148243016 723.2044622215578
1480.3611372115374 1119.3365391170423 368.67547097942634
1142.2412282150378 1234.1362995952984 924.5445181563592
680.6481608594706 1063.5869521462073 502.3465867759069
911.0531870875293 1500.2382706932888 201.93482432995745
1021.8106019469324 1296.1439167226645 832.0326783997999
1314.0957690361358 944.1455031409907 587.2191839786789
718.6088541729132 947.8670809040021 1189.515760099854
862.9824019704101 1403.2863621096244 1042.5537278277611
849.3652192472432 887.3982609900376 1040.3223405943845
834.8337309931075 789.5688000435711 695.3201491636962
986.7509355661405 1048.8659289010727 1228.9943176164866
905.4240916753254 1205.4295242412763 1146.306312674983
1022.7634297783935 976.8549167527162 778.6059502396042
1180.123620914494 761.7460569715944 1394.8100841704527
853.0244373998607 1550.7041279648429 1315.5686663978277
935.2007071856431 885.9409285006506 947.9812968638072
892.0693822100677 1010.729481993754 709.8571585735643
1030.7020221347957 1565.1646564922746 538.4510893496932
845.049055310251 802.6416761960647 534.0533206514253
1007.2018876406139 816.4695623670182 105.7900750328164
1106.4405941489583 946.2748750911203 1228.93184607287
1168.7110859590337 942.3484730618294 1043.4937182605213
998.2699265029605 1314.5683814732074 1168.5989393683683
990.6664210789428 812.9408575060253 561.475581077349
797.8329843567338 1118.9092001566837 351.6252624380247
914.4406192174633 1154.4907119010882 65.44570107293663
746.4464037487301 1203.616541040785 886.8920254180929
1286.0565381522078 1326.7700659995735 1082.9926799831674
1137.028126562251 894.4708852640989 491.9029749857852
1200.5525426512684 661.1425508085312 940.9855194454739
1362.846492468888 721.1582580464672 478.89293655007907
1125.1633873953144 1089.3318288929352 1348.2338566821736
1040.3906972794864 1211.9253464534772 33.33248342824224
1146.630126386243 770.1595549574542 1374.7321101648242
1169.7338162228639 1108.864040794619 1246.9925486457462
920.0960449733262 1136.7167154918643 745.467167138538
1424.6625729593056 1148.377928498725 1377.2624766646713
1421.0934829252458 596.5216719614814 187.6571180439146
1249.889799942832 866.5633201318534 431.44167789452206
1202.4896240584137 987.5097261092671 400.8098476562443
975.0439945301883 725.6292358135863 1241.836686875101
190.22303745402803 994.163183559737 957.0223416536318
1292.4246582357723 1268.6329759287032 443.10250386248566
1295.886852721835 698.8554784015862 682.9131874204286
760.9417418046729 945.8591330067625 17.048193136664835
767.3207259766821 1400.9003513743276 362.231816003062
981.3939953409808 898.2468779728885 1221.8084584008734
1029.4266624494182 1306.658041837806 1159.6635494582847
1399.7021178931145 1240.415726463963 891.548226726983
982.9238311583903 1030.1452279996877 321.4761816881682
1196.123907672542 970.1945855527202 1063.6195833531824
1027.5960789640117 760.7437271031924 654.7875126860836
1206.353675562867 775.2494399857064 1221.551541256249
1068.6925766277632 1219.159261123314 501.7393608735704
969.7373727609387 946.5605395147243 1246.5548449160258
639.5533715836716 1096.40598355186 103.66627837486098
885.253199534995 579.1651161812416 653.3846300065459
1059.057301449467 1155.031976848495 860.8169190735903
1327.544936977895 1306.8595111366485 1462.666908417923
1106.6233240930246 1071.6382706269787 1045.8216279230553
1001.3281951314141 874.1618270096877 1373.1378547594034
817.2767752662382 933.4089212489455 1324.3769522429297
1291.7764398822458 1183.2929268724452 576.2786740136187
1364.270521915022 985.8863704566528 1317.7931451888837
726.015204966986 1049.8073433724921 497.5320267552853
1227.8016391368656 786.8739023979158 1243.544149883237
1245.535721012616 805.2672988368939 653.8623569590837
853.6842220991814 1080.3026775858148 1381.811245169925
1032.7162645122673 792.7647196116689 672.0011691315955
649.2774300634188 1067.879697119984 489.4147017290141
967.2115726194875 1243.1687911370302 843.9678625983431
1287.7749575198084 1387.2536789687144 967.5516036629598
983.161736852905 780.5032049360759 357.42719989609924
1064.038217933194 689.659524546943 1150.4957311068686
806.7621406869912 2000 1387.8452717224975
922.7326299128092 1183.2168278453614 887.7332596004987
1156.3251384548537 1000.2242202792739 1467.7461683004099
879.018735893935 919.506539421954 353.20730047971085
801.0706026287738 897.3160963600695 579.5377950845822
1412.1018167684056 1064.5581587345737 341.619286114808
1387.8738742579073 649.5492453934426 1269.4116745858955
1102.5350264176604 802.9993727911254 207.974640795613
972.2780167744825 1128.1734652560785 988.7700043287167
711.8572842889105 706.083837473341 1154.55892183001
865.7433614825892 960.8246077392404 666.3439461135423
604.4672624578278 916.5954294595814 307.5863232841799
973.4713015946286 739.7845593046002 1413.3576356954975
902.4625433334279 1112.4211658792494 684.321714935844
934.7716937570825 801.3253472011138 1467.314619410587
611.31388482939 896.2879890523184 232.7131444819972
651.8392180281793 1394.18388254284 250.10906795214393
385.61785326301094 935.1400336594311 1492.6449630719808
947.5249009941992 790.8967717639745 403.2493119646697
833.9903779613758 689.2576481672285 257.42324570742744
1051.1897547692163 716.7353985943979 786.6993255715207
451.82478411350246 1046.7152368522504 1150.0386960163423
1072.7330631175862 806.282901608652 1024.5796014736532
732.2172789036915 1271.5038978516693 842.6415747403609
966.7835715326485 962.1788790995151 525.5766261512787
957.0932908874479 561.054815693422 1142.7610539038517
676.235213813055 1078.6072388680802 2.5864714616426476
949.63830760212 899.6390155047619 279.0188960699357
1236.956701786179 986.955897595116 723.2947373587028
701.6142863373402 1147.803771767615 558.9605252891337
727.160263230186 977.7939154051564 181.02689923275412
1325.110818541738 929.0632114683264 1061.644038695332
1245.453488800128 1291.6256598852442 1209.022746908703
1188.7422688492193 914.2991369306861 1207.9219668616101
679.6139100123048 903.4178699102767 1431.0818613669107
501.69943089584467 1198.093813257905 1471.8333371511665
1424.4501742042034 973.0845290222522 643.3543924761682
1223.399667569487 1008.546858474744 139.40775004162376
890.5149138917545 1059.9948261678396 1381.9690092742514
1295.035124083441 1093.8186175034289 1281.4898231079271
1392.5374059127716 1220.7194551149755 42.24919055670179
771.2173971686514 1016.6755254152451 157.8399938466487
1003.2954695732099 229.46007826168204 459.5864803811469
951.4159794477267 877.3825890091841 423.71482842374985
1091.4696193289778 1199.717419490626 793.766340996203
776.7016895137988 1035.517747137145 338.49715515250097
927.4548959118084 1288.1137371932787 302.96192202260306
968.2074909192866 574.5053779701163 1326.1285569778493
1211.6835222928407 962.4451087250349 365.151355654368
889.6615785726143 947.0081224602284 545.3447822757246
1248.7655699218765 771.8018824110537 279.71358294155084
874.1666688262842 903.6238616945569 1211.9920474421026
1016.74222156054 573.9452218425869 560.9729383647136
967.8060683584746 944.3291527778891 196.14353330616478
767.4064386617345 709.8175604199628 1413.5953898515927
1398.2285931869983 1042.2741712010777 1463.6761120017984
1099.2979418743837 1124.7216963724456 160.17628611449493
1009.4359860089351 952.7442164197209 1240.8941652751132
741.622412077283 560.7865617251321 1397.3372666547875
1025.6035302287569 1089.9714362231803 221.09352049134966
1135.8763620404247 1110.3755120194999 572.151106058712
1326.8672012418438 579.2079952748921 583.6400344801361
1409.7062256525594 1185.5147607367467 237.44850154966318
916.7702361155206 868.6421084033608 484.2933666740143
700.7060986404058 1081.7696215838553 479.5815044331512
522.4595520733826 1174.3456496052893 1223.4928700806106
1244.054103956332 1193.3355850571795 543.1691412812052
785.6360991979344 785.9214071137055 138.88061843876693
644.5104494510956 1623.1868780141378 1154.405191605517
945.3499831914578 1017.4720680778607 899.5061420892144
1377.1967511284402 870.6962473276852 25.613060997048407
1073.7771914386262 1000.5241251481795 318.1185569669071
867.7203696714871 1128.8120286003686 1346.2156345357164
801.9752513956411 1358.7790229057355 759.8096602223592
1073.6612331244817 1392.0854460267014 176.34508738237952
1160.292251549274 576.6190381254498 419.96741013859287
1126.8557337893023 984.1321736996779 493.1191012631197
1101.2455029744328 875.5016085726478 1494.0790522187135
686.1494952043805 1100.1901902132552 16.848501820564632
868.616824420804 1144.2926539978075 1383.3692342632428
563.1861073195823 988.3308794907414 1171.9411004267636
910.5099919370023 1304.6877691249974 162.06690317148366
1146.3856715590014 1341.9892523210767 1324.3638773967034
803.670820491231 989.9718385243508 1347.9325161003342
468.3180625251591 913.7424679929364 739.2859606334142
946.5690329726785 736.4069647684651 680.9452744547733
1121.9017030664218 1021.4388987644745 84.95774394093914
1377.286659320689 1335.4812592990284 653.3816778267856
724.8737250789413 368.9236997999717 382.5674894114512
726.4485643342431 881.418168447135 1410.5450601364735
1027.0178055433503 795.7722387057325 1111.0982468564946
1095.4373159729682 526.183827633409 947.3272649434196
1288.7797553824128 1028.7291678700142 1033.9073237056637
1177.3463761022979 1222.3404306615214 425.42661137830873
896.7105832107761 898.7852512767498 590.0819263343086
1111.5700189401712 962.0594274644565 483.04545513345465
1112.84643342679 1216.0549626814977 681.0431544776616
1481.2003089155103 601.7876906441004 1365.3466066159726
843.7344466263104 1222.4046024834781 958.8269436794201
949.5789578122269 1028.048909252776 1251.6305593447917
950.4703285946716 1161.278922809982 128.78186411119842
1032.8929617945644 446.4335956767675 1037.7144243434234
1151.9260351932567 889.5396945409154 189.8301102652995
1315.3255596131721 988.6965080163649 317.4712519027211
1107.3023911233513 582.0154089008541 311.02746698212513
1053.7598600858785 1209.8503353321169 817.2417796097247
1003.2678191928424 811.6578737864719 1332.8906937787017
909.2479289775616 434.59896611491297 972.9430922441716
1097.1065448631502 1096.9781797767955 406.12917733689915
914.9420306822796 948.7373362967224 407.9620872410839
828.9584961264359 920.2473788621818 4.139756302461494
1097.4162393212437 1031.3336067653981 859.1308008176022
938.5653936147154 1108.149243722461 1460.699454607512
1493.0113864595173 740.5432720229296 1388.6786222362118
815.7625958105111 919.8382292326121 646.7265974199247
1089.828232415001 824.8752782149832 304.2382260995291
1100.5868560341426 735.6488561927993 952.572002452308
1243.0869029676717 1258.3204088236007 626.3171479419422
1433.2554508540325 727.5799767559207 823.4364188710524
800.0123234180801 692.8093425151267 927.8413047726445
1318.0101506287865 801.8013800388208 1121.7699688778148
996.1578367891193 1128.0168968053144 1292.321555072308
1127.2905710463992 1237.382106261563 856.8200552771566
959.6712085866815 1209.005543872935 1198.91167773328
913.1706046300195 816.1378104556848 938.173689541136
1443.1317478477963 917.0485403974031 415.84872637760145
763.4844964738206 1278.0458523292793 908.9840657154526
682.0663136109117 958.185595330651 1024.7531462403815
1106.9906727384061 1188.7491063858106 754.7734679009158
1213.7303744489727 1284.881985822307 1126.450452854147
735.3737430925397 1258.4029113085185 1244.641453186144
926.7091672215549 964.3669168509472 332.17495154487716
1202.6542729347327 874.4376261862599 1392.3163908128927
1003.5469844338264 1166.5896571425349 1098.6047986002202
1097.6015826408407 779.17437081515 1215.9178922077335
1300.94690764847 899.5906232404425 779.4334187180841
1211.7516848895293 1395.9804837035497 1174.6075101255165
858.1591059597041 581.1634969584202 96.96217801437773
711.593791099081 1099.1511464879986 686.9740353904099
1047.8526422641617 653.9747529095389 1221.8490625929
1121.8759352277832 833.7582398934786 290.5915922508799
662.6586768211569 961.8161600681482 282.70246262607407
853.3745005773504 1496.4439969808727 1390.6513257364963
1214.3062517432568 747.7765956739622 1240.9693946829707
499.9497326911646 719.8584116521084 95.6012915837714
939.3479284387791 1288.8657098555905 323.3816858927721
814.2350060420836 1048.2949199746797 686.2202720477975
920.4215610539875 683.6856498312325 1461.3771928530612
936.9690002823237 985.7942582089211 979.8279855045513
629.9732887734756 1396.0153703062028 118.0814719904219
1457.1670485366576 1008.8099944380831 887.850096116371
926.4193712466652 920.3006130578169 603.4893487588494
792.2695507809697 1210.5792283734293 358.1459311246607
770.7290088850011 1011.8744565181693 300.0272600548107
1000.0142185969102 1032.754967475306 190.22649929368472
912.0139227708023 1417.9277976727176 579.4921735113496
888.0202047936832 786.4995555232277 164.8665863174918
721.59920719918 915.6232276189523 406.5564385004933
768.2428662353221 1084.3982898329014 750.1648807510725
966.0583143438145 897.5210623752478 756.5714588486893
940.7609829831243 889.23061177495 1011.0225908747406
1061.2612375418753 769.6789995358439 119.46926772579802
733.1296025700067 1036.8666826182587 139.25724935929534
492.0504522139814 918.9929955453073 549.2997595144666
1151.7483082427582 567.9872386944508 1448.135387692263
870.6981826282205 900.7605483885075 529.4133828418637
936.6567563028538 944.7963817042203 1407.2851275810472
672.6641318265572 704.3044735776764 605.9949536901281
1143.9459500115784 1007.5608943732909 948.3790747664276
835.6499900419512 1003.3730372133272 820.808402748743
1528.1449862678169 690.7669687184141 289.9840941145388
784.0653640404618 1261.3887970687688 313.99619394266773
455.95245860640614 1257.406972477534 1123.3193512145087
1223.7671820356793 757.4118804905622 1293.689019752603
1212.7239929308678 403.9637970933708 456.30320094757207
1325.7853152139792 526.3535864897378 421.3734197458758
1201.0267528933516 996.4163270155191 1232.8823962679903
1081.1590475459682 1360.4649040447612 49.21584888916997
1247.5507104008325 828.0353223452959 949.9321182441331
1208.4324272816884 1152.653985508306 1488.8112194525502
759.5028669132089 1103.7203326012814 491.6328367500087
970.1746044430764 827.7341030109636 858.6573540220735
642.5912567947446 440.3763109914303 594.4979998518567
659.063407681349 705.0458724020907 95.2547452555893
953.3619480177811 959.399095490467 427.80170046947876
882.1432342494275 990.8033731406192 1231.8165217538897
975.1588171193566 806.2195068603512 601.2655355167211
1395.535403268528 1189.702157282327 998.0814481531185
903.0124027760756 654.7752829535073 890.1231544820224
1148.534177175292 1191.2978222639524 1310.7005444385727
1527.1299999108974 1576.4414018262905 1101.5924707817808
1235.9154916408206 1287.5262788404482 280.5830282324404
944.5221602949822 632.5618654679859 1282.1370686852686
1076.0013994017713 723.6237557999854 1106.0371979118966
1395.0693102742812 1190.873962051568 445.43888944787307
834.3913173986921 1175.2009465194803 1281.5027274819886
757.1173531905545 682.2183411711662 842.5586664344369
621.3366269123503 1591.6555245054108 1169.7698679245511
611.8718268628224 1025.7474512183687 552.4086169467106
615.3549490793814 977.7695480944305 1384.69956451086
1153.3448554820313 522.035761322058 930.0297813192739
1026.6976117002416 813.5692099056978 1395.6709662135606
1109.0061137072953 1167.3508669220937 385.7883257374413
1190.6596063790491 463.24405191817687 284.7520167391218
1161.2696223271937 963.3456728533419 218.72484784403755
1513.7753618984525 927.8259575905655 1136.3605024948863
918.5164812212145 787.5624577309175 1276.1028669240113
922.7967821218956 1399.2729239679534 1076.7972592628414
959.7761562036391 879.4418532711389 792.6637356692688
498.2532974061178 1219.4564160554485 1319.8485935113429
1020.772024739886 1092.9630512599358 1390.852322673508
1818.526454250637 703.2983180070279 324.4622638239616
1054.247486515633 898.1008175120702 1302.132186879967
959.1664918548947 587.3697476515664 693.645828108898
1488.8913833844622 1346.144780523075 105.86202012727402
1474.952353352425 1148.2300165851493 783.286981104649
1174.7849500320588 950.3410990397422 891.4276583284816
1297.8124206503076 1065.1795602689108 1411.2768688290798
1245.3953181805512 936.3009515257572 74.28194528027787
1146.971593562215 1167.296954020874 627.6643480869395
955.1672141842929 1169.796246839274 588.4880593474552
1052.0579433597027 1106.322531678921 854.2858926187165
1652.5792368425455 1235.8123225163338 973.9271608498244
764.6785399694161 1680.153255541194 1256.5374566386547
740.1499263518899 751.9816288039688 1431.9191210515646
711.0006144939155 1127.5994192765065 856.3796176916585
1252.565175401117 1261.7120491117507 223.87168555407476
606.1602676072139 1067.6878781589564 1072.1235499523555
1027.1534170353186 1129.742724242482 126.58723494672097
763.1977947738069 792.4749857419824 1419.4225391672628
761.7607514464459 1402.3052202372687 73.88425909404151
443.49462701791947 1198.9945569036813 441.6956421622793
1090.454118897415 929.2963010696778 481.9886040191987
1008.425547855981 721.507258823457 408.6222213719821
801.4037595561106 1137.6366418929185 906.4758824763197
952.207515372617 1380.275873786098 598.2624790924749
722.4297170606121 1226.698378832778 1018.3318869684978
629.2371315297684 566.0797883894908 80.88526504690074
1142.025596966425 883.0899686614991 898.7028853049414
1173.7573124945943 550.5434991213823 668.6798222635297
1070.0392734678892 819.7478999551545 136.9489764868565
860.5310550475194 724.3666436134356 685.8850710772879
1037.4035741551156 984.9324051392027 1332.815535384784
1072.2769793203915 858.6844921759277 89.08712126161828
642.0390187992916 1082.3702444224848 254.85586829620556
1066.5408264830578 1033.5137350659923 1325.213408963169
415.0474345734019 1010.2672334803786 1046.2533976005245
968.4345630384579 1159.938029685551 758.0202348803277
1289.8296139735446 1141.1931910063936 584.283597297934
1395.4106369736069 1178.2536057315147 542.4124242804453
1149.316796184464 1245.7608702944926 392.2043445309408
1154.6009826391485 1079.2912873416708 34.600599268458375
1134.6764069263613 1439.1772718545412 732.8672531223639
822.4352553648339 830.9300583696643 750.8828248035499
1143.509036907234 726.9903858826243 716.0303627544868
1068.0311095163377 713.6404044463384 17.232254418376613
1051.2932737163492 1816.5776941580546 14.217703776219114
999.9727853835965 1072.3914571274108 1245.0119640153537
1089.1846143323655 738.5465230443835 813.145460516347
1161.0126228811146 973.5994410388745 1232.6258973984313
1185.176143789967 1274.9568723069244 411.3731341554303
1210.5021302374118 840.7105186762785 1368.6038965718058
1266.751666930293 574.8456923605033 257.6336916813974
748.3768006922884 1330.4034399663897 1448.3711538149878
1259.6306469099256 951.7395970102466 730.0769866458993
1199.0316761412887 760.9000257908606 367.5251574880997
1156.6449321547934 1038.144832520268 451.88255000824796
1155.4294377329436 657.4452957785682 1054.8768993523536
1239.7316981024069 1215.852847712876 977.8983761100602
837.6629126420996 544.6226824010225 1220.9483880145476
1155.079840233674 569.4163482848762 1151.413579067473
1155.4460661136814 819.6506333345085 1289.7162961361562
688.4783245774598 1195.6429184628487 886.1250367594752
1280.6079648443342 997.679804386254 506.0503352840186
1451.668456613313 886.3594419824576 210.67550756069343
1153.7687746958431 525.8071725746732 1194.2365723898408
774.4643437983935 742.2024757002694 1181.4569193994325
995.130724353518 764.7595514668822 406.3595897497733
1212.217072157583 884.0888817154075 57.315601717478295
1188.542831164073 1302.8243333676912 425.1330770908123
865.0848376014281 588.2134897188403 276.16796209449666
1191.3299475022648 833.4065842655042 990.0975690120408
1017.3730159111826 431.4780283233549 710.8457398951634
1256.6218607328574 1072.839861876007 932.6104956342406
1028.8764959429116 803.0041178418339 1072.9478976557484
681.9671663634168 1366.289394962016 753.7951589868393
1324.6997748938434 721.9759863713546 1085.9121524858465
1019.5569300723264 857.1955281414229 971.8764985783287
873.7409802745237 1003.7726975884285 163.55657131045476
1014.2268001747957 445.61774578299776 972.5864907294033
1025.3216808285263 1273.0766389360456 1005.1168558515085
871.515064504918 1141.4652690079654 274.41874733743185
1441.4027743292484 1152.2308241750836 873.3318554242159
1471.486962173451 1221.6985231469166 119.32155886626222
1264.0864488045577 1109.2750658241926 352.0411679283901
970.2340562864604 1231.6007471402777 1251.137329892113
1043.2727247246537 1286.0920328485536 905.8819976869562
1283.761458405199 1020.337235492958 439.01173291879365
750.9070635902319 880.9433669861991 1239.6185971518426
824.1457480900323 830.8307710905406 68.76560605006632
913.1368995809781 1242.3783961222905 194.47881498579318
1044.909320691698 1311.3463371161215 1115.7968258034257
795.2163397773329 748.5450056551464 609.5911679689949
1407.3023060167984 553.3121848953696 361.5589325972467
1384.4823815489126 960.7565370133241 1287.7206741806801
869.2556767312883 1019.2178744766012 1462.3695447894718
1147.8008276030682 617.9193929107239 891.8317655371252
953.5294609313761 941.6539427190141 9.316788055979519
851.9462243855658 938.935294799107 225.10020981793872
1181.8596345816547 851.2689257468917 603.1015361610224
921.7714509648041 841.0142858426029 964.7472304251579
518.9362700484814 981.5171088062817 578.1011907974914
902.3197732528168 1078.3791201903316 8.475243690272361
883.439684468493 1240.7088745579802 1356.9490691360024
736.1777139727285 959.16325601649 195.35968498324752
816.107663443246 640.3173029004215 158.8679521485129
962.2031089771184 683.6421845866244 905.2947450530756
1039.6683994490377 1010.2377323386474 596.6102174195693
925.2443505327648 1024.5486033348805 587.1309000835336
799.1558068705199 1079.7970000902708 1346.2506446652392
1314.0965577569286 750.4831869218056 441.1894968587485
1340.5940744642694 670.5886395833386 161.99303591715957
1043.5771656120542 1016.5363835042293 752.5106100190459
813.220133536129 1090.9784996806532 661.2666519152328
1387.6820427760792 1114.3926617166303 810.5047567641183
1137.642818794717 1268.88574069397 679.1181326851096
1247.751618859711 798.4011711766937 1321.33165743762
980.7984724219181 1272.5236658376898 1050.8257728196654
1167.0116114955024 1034.8557302308836 567.1052671514589
832.2061704271116 911.9433943439813 477.61754434268585
965.45148126017 927.8353464859791 1274.66542940505
1432.172217591258 985.823466399399 973.6161605895007
1288.0257833794576 1307.099755075915 164.59032816305785
1134.4256211891318 522.7410078992448 385.5386081091116
702.6337328565883 528.8812947135252 1130.18500974705
552.4510582443711 1059.2836578660279 1012.5686555639728
995.9966612598005 997.064771111474 1168.4322713140518
751.0478542936761 1142.5071341791509 933.7588281181941
1285.011771073411 1056.6445346587134 1099.2699077366865
1095.128201192867 917.0859127722442 1484.1793743345281
699.3128310491893 1064.8448150147585 79.61255736412242
1053.3665353322865 638.3087573890334 835.5239052835689
869.3071858099515 942.9894463623599 179.4818151020381
858.6387789896322 913.6139153170161 760.5276033970938
1219.9761058431113 1008.3968752933295 882.5711797710519
1031.9234357276503 1097.4503027349085 1450.313036526252
993.6418573367912 766.7439556956211 608.2849855147019
1393.3573154380877 813.0935532999841 1349.8674078659792
1297.2106995496636 636.0066830763149 1487.132180318696
1023.8068777526769 1104.9214829932396 663.8456639841905
1259.791414794229 785.180482958978 1455.3720456647075
1131.2564533870298 1152.6470009953591 1411.8621142033933
1044.471804475187 1012.9994302681371 1121.2706626877723
817.7378446127897 880.9178046026898 912.9204910087142
723.0505773225286 1131.9790786777621 796.6242184787221
890.2880160586041 726.552812523719 885.0444774269481
850.0437055648842 1133.783195660351 1098.2846636278755
742.5713862839467 730.4811519900602 650.5227388762673
1056.8758701101237 828.4092271629148 1462.1986066006953
741.8953574621103 1185.0055472023937 1338.4056873242616
1209.8519529489058 844.5209142708628 1431.7200704251954
904.5103801236858 1298.2265023913226 1120.243066714967
1061.1074907407083 1179.2098751281114 653.1902692397792
683.0977577551555 1052.2924189258692 12.873121772146334
724.1487494245018 1063.6420423753332 421.7925190284746
752.0535170156498 1028.3456162194452 503.3744042013981
1228.9495830520734 1404.3552843772793 803.5780585424372
1187.6557457827732 463.28566756617863 962.0378887407056
1053.211264073223 1225.5342468487295 778.1428020713237
905.2246313209641 784.5856982049033 1074.7433222626921
1157.7860223069572 1458.7894566390323 579.8111725529484
1042.3724212000275 1014.524403778267 1460.2329045347797
342.453538334497 465.18937789875247 653.1105823737939
898.9123065099539 1112.7282489418226 985.8227258143178
707.2097314084144 1004.2209129090513 764.3916673898646
1298.205236362329 1214.0651688783464 1376.0614284307942
1432.9990919901843 620.9380919390701 1334.867649281937
1157.7592787652975 847.9342774349561 877.69242288182
517.5337324254419 948.7699299471568 698.7193205069606
1381.3143000507202 1180.6195284085643 952.2038220661058
795.132013147166 1174.8948345337449 1395.55057225769
