1000
1053.0010217419144 1262.8809069145088 579.0632810207592
1248.5285727493072 564.1531732824499 1037.8759301965504
1084.3843904365053 1024.0765686534517 1305.6012454755735
1146.3786746086037 1244.1088432282404 1437.6503898587464
857.1692711163782 1378.1259914100756 621.7571742659608
1017.0423989383049 796.9866862290637 47.57773834385293
655.0105229961235 797.5801751361978 822.0990362992494
1280.1323210238675 916.5692800290674 685.8998691817798
674.5357030254656 1225.2776694036413 100.9146070800564
933.4872662728076 823.2394181140626 1087.5142061372483
996.2440128050168 791.2070222355854 65.21311938569745
1182.9392051981636 1021.3035646724495 75.73036035222842
934.5539218999073 1154.7996449302468 1277.7604387762858
951.1200974402196 1321.9617992532048 740.7421568499776
1334.5243873392217 1020.8888392456375 260.8789226495671
1182.699865167861 1248.5027587371235 484.2800960943606
1191.7814564933244 530.2461472122515 251.41418500305264
1529.5285693555334 831.2345266871303 296.80018939876527
867.1645892612571 581.2032498587541 479.87618524334806
1396.7968747146538 876.9337210329393 1437.7101431785454
684.7186034694084 1219.7417663992055 1340.034036848748
1225.4627679530367 845.152890499723 1059.8657422364108
1090.562080282985 979.8422927671452 886.2474659023142
1168.2643726156389 829.9890352064282 887.2367543238346
908.2933616227651 1131.5234894048895 156.39704978284234
1004.1975275091853 434.8918321870773 255.17974081489237
1489.0478256326269 1111.4333448474388 1360.0567651800852
1125.4291455950188 1246.6682689606794 308.32450530647753
952.4515221054131 929.46748558057 708.4444674071534
1088.4562957901755 933.6951375901833 1261.9624079398668
724.8617905159342 1064.3261317691893 1241.6495574578141
882.6379780742949 859.340282628323 1201.5564296050907
1270.6741347450939 1362.7161525923825 316.38128630688584
1474.572338317061 763.0070646446324 215.08011671960097
1214.261068629993 1002.6987577222613 138.02585250123906
1152.0578147866245 839.7998924399604 367.8658817533086
538.5320718573097 1164.848321358386 747.9545282919437
1122.6849477420258 1218.0782194910153 510.2532579626108
1213.3743988866584 1204.499100366079 1438.5606792873655
895.6431486629065 1069.6508116969003 468.6711020307088
1075.087020220382 827.8252117253597 666.305750275305
571.5441288903723 1051.019824472791 222.6255410113507
472.468458227356 1161.9916685322455 575.4892713018152
652.5559575537482 392.1142078968485 1169.8633418774448
1047.382772870034 1361.2372347798691 592.5873928150753
1047.4608402598703 917.7983182273372 366.2570932057699
1010.4704838255717 581.8807866586405 1045.991153250038
1099.793981797312 1109.783788656039 984.0837789757181
1052.5723246886203 695.4387592341975 1381.473398470744
1112.338228554209 1529.1242452949034 622.2878845164784
1031.6229746694212 1617.6737673130324 994.7136331089944
777.9408510093551 533.1484157889786 260.98106199581173
1515.3400891876336 1029.2865205628666 135.0315887651584
1053.3716861653404 1045.5511697217476 403.7798308053862
1147.7227453094933 1208.6424046035215 1142.1416718442833
1130.8790002169596 1209.1747400515997 1196.1036223180854
1030.8021901297893 858.4359631107676 998.7129855543244
1433.255139342835 980.3027329445301 284.12154370535967
575.4755742838199 958.6813752089247 842.1232197205037
1219.3352717077057 1258.4001967888073 812.2722949389936
1145.6427367338852 971.0562787129799 162.445619421884
1203.6027123899146 845.7627833131735 1353.3059688902433
918.2810173199318 1292.9377980391475 1112.742649177564
1147.514011026701 1057.7439770132837 758.397297352784
534.6120834599499 820.0571494553561 95.9532513606065
1090.0982863383983 1101.9314366883264 410.2379052567855
1159.4050611488124 514.7675791121551 169.09331114345838
1385.890733653633 996.5711775926051 1096.3302690110315
648.9724814302535 847.1281522831808 263.2530024091033
1002.2280387931181 975.284560086112 542.5403361084026
827.1789867835641 1031.0475188721136 147.99875150544594
789.4353950482705 983.8237312802482 1087.995838825025
696.692787360691 1030.4227449041614 311.36157835571686
1088.813137659821 797.6753721681832 372.21382249356736
826.194267686659 460.94692174015086 653.5110782343793
1235.7352581525868 838.6665028082999 242.01561959912442
697.7296351705484 916.1854299600803 212.28142197783077
1315.6883211835686 937.9974744360978 378.3977001280732
1210.2800563980347 995.8835093177739 593.9775884421315
807.6075028356086 495.43700290059013 1373.4332312364859
1022.9023748409401 900.9742312812339 1276.284663259524
879.1993154351288 1152.246145169032 821.1882984252987
937.3990407304536 1080.065049374636 425.272486137686
1288.3317030196708 749.827172022915 344.92069800878056
1236.5620616009965 1000.2483819326966 954.4422273973524
519.1512920564278 1023.5464841048795 1084.5901660586653
642.2445061889907 735.1296253606394 1472.0221948150229
605.9606366553114 1074.655392669779 973.2134208252461
1026.359016970981 1119.114678721644 37.75501270599996
984.236353949562 816.7850022659086 983.6741826390811
1302.176371723342 987.6926298165799 599.1558122074458
655.5396489099757 989.7290607301723 437.42676051202994
944.9754002132646 1130.413065822197 779.186771093129
977.7205239155066 562.236769500292 1047.1736973137583
1120.118404976252 921.9284824015413 820.9536366326887
1479.94640776707 872.3317742638575 1149.2501801824417
1157.30643143968 934.971871948586 572.5840234583676
466.156938016646 701.1443732746502 775.0015672406905
909.4359238657478 1154.6998524950138 950.439574280627
1025.3920771574487 831.5183365341919 423.9614396353832
1149.4168059208835 1055.1793144974351 75.49710818856437
915.4157530883526 1200.4190537832765 667.8732228595742
1029.6931497393402 1001.2808290243099 668.2883129627473
1074.6679464895894 792.8552843984388 758.3357550323701
748.0251938072429 1027.631776890009 1156.3889172748802
1015.5930674386791 917.7450028158182 258.57513588407767
660.9214417064604 1303.3036066056347 572.9125319432493
1359.2050346469334 907.5325675626358 1041.7613643401553
1279.9509634238552 1128.7563845618174 41.55770820359833
534.4503522976817 1233.6780627659446 426.54056700578957
695.1063450420309 527.1918934034786 1399.1385135967234
1275.3499573142983 1081.7173162289753 35.88280317256082
759.7828192656516 1063.2549156977461 277.20047886394013
1420.0845236329815 860.6468483503071 1094.6203567999273
1107.978703117866 1041.027098172917 1036.6635937592932
1706.6645688678702 855.5398646132272 1175.9265717387107
1017.2457198436351 1322.0339493573024 986.7238747446889
932.4674894806082 975.9294010703126 1309.8316140816273
757.9593312063173 1108.7419585636098 1346.193110586267
742.3564343438748 1130.359446031801 366.3027211579556
749.5347889825766 1206.755482296274 1281.4229818633892
1067.5075835094533 1427.90827958981 790.4022579992636
1256.4442127111206 802.3324014593337 479.6299485334989
1028.9547908082632 920.7812374496378 998.0068625407015
813.5987861829569 949.8786699742466 624.7283976369819
1367.2720164247526 1196.9315049013248 167.94222583955892
1361.6733456517497 694.9282608129342 203.29399904739077
964.8745750264006 829.5814744320977 37.52739978034897
1178.1661346180815 602.866081478277 218.66097949750957
859.5265259211934 856.0166456740532 1321.2574482595633
655.4645003124484 1736.7165231646668 107.72600903316632
1144.7514662998221 1270.9505596733256 758.1120008306922
1055.015053069899 1040.7718126784048 587.1197383323253
1204.780815636107 901.4421871736511 1148.3939016114718
1240.5403151195735 949.4508606053155 1320.4632970054838
1189.3962830189619 551.4416553420117 783.4280180878279
1108.6675351101628 461.93384857989304 786.1683280622576
1182.4899935287187 657.095835416695 261.07256586779295
796.7781686535204 643.4276294487506 1378.5665787872983
476.6667674865397 952.0928965953456 331.966600891552
1236.3751939664357 1005.5825198102025 1205.1155782099788
1136.4364630594578 784.4092222865447 1275.5035431144292
935.0144537324408 1049.8411610726473 45.6579532108915
1137.3688904708797 1084.7984739122821 994.6228485414092
960.7003091278336 1327.9105946365905 1446.2066297301205
722.4197347829131 1299.8894610798134 1357.1000407013485
1320.7561768936912 1060.8587838766555 699.6213310548535
1250.9154304876351 937.3858561116296 765.8894241777588
404.5999767952652 1050.194207357748 1086.3033442211472
1046.9014162483468 858.6726921637969 593.9468929013082
993.8194619782087 844.0739108643185 227.7940114754723
1360.1037991215583 1242.2001805677373 606.1005515737071
1018.6160027210898 914.5577454182755 708.474152155294
1249.6297007374476 1164.6843849812324 728.362705596193
1016.0877557390123 885.2982423733877 1022.8909051716219
1132.74986589512 562.9020075297999 391.98522765768524
1025.4206679624174 705.0148748439049 1384.234499577571
1206.0117303735435 1304.0049949149857 1007.7183401751549
640.7662153229878 1132.5971343215847 491.337642705122
680.6477250663293 1009.5678154899967 626.7671245050985
919.7402018404267 719.5656443378072 1334.2307941383408
1657.9058870774784 1250.1234674462582 1448.0369510944442
818.1393451306856 1032.7671059561067 344.3906533323875
1461.446251977734 1058.92524759686 89.25795008295046
965.4324659930539 1099.0567368522677 1303.7449941859704
1223.5696549332924 967.5647270187131 579.2793900213612
1116.287820488697 1117.8908734025042 417.23987806712796
1147.1589632119544 186.97047376265482 505.9453028093438
1057.8903141817448 994.0012610878448 1186.5278807329719
1286.8174690179253 1030.529514322573 1350.3398601172348
1148.4398547637963 742.696837487762 791.6628154235656
958.4109656649341 990.268823912262 1056.616939035228
1196.8562729978519 745.3664367918659 767.7512832829193
1077.2648172023048 1368.4192557688634 512.0657525804268
1141.3631985181187 712.8085372119267 97.97569067539241
715.3252416960086 1368.9931199040566 95.28427551292357
1389.134217360337 1154.5443556686246 1333.6252075893601
1291.9442017856804 1352.6386557873175 739.6682728940732
1104.1746610632792 1049.1460350570555 180.1431705196509
867.3140130033405 1283.2667860558831 1489.3057242408222
1183.7442695831755 1097.1307282648702 911.7502249383945
912.7349793716326 1222.8542394099268 384.8575334939068
1272.2906329466537 1069.9166730809015 1061.4670091290702
1141.018982187813 824.5929406680043 520.4135220922756
546.7976093918937 1004.8151105863537 446.4347517568921
935.925727269698 1149.4952020095811 1284.0808191246629
1243.9596780950883 1093.0597816862373 1086.3541771822593
972.3297788672145 1053.3781081155576 817.4563363184511
839.0484186116083 1194.0626460088101 183.05032492256
973.7843215908915 1187.7938152554445 1388.397180264931
890.3887273730592 667.4081767849873 29.52820754791885
710.8675035000351 940.7716701356851 508.44433263298777
777.8643759011359 1284.8382631975717 767.2033021444993
1009.2204217198557 751.187611156829 1251.630642931471
1381.0198554216247 1169.608954670126 1443.3823913925087
1125.363835274255 1503.3265912316183 995.9937254929824
1120.3156746784332 850.7650290001948 388.33081553488535
890.0294525021625 1282.2063340590455 206.86564791628493
1090.739799991293 975.2183386078268 1427.8911906527453
1124.5169276602041 973.3236860690531 1295.7382959633746
1009.6631447026223 1106.9913767821786 10.315806447137199
1226.0506493273228 1069.7048566486928 596.4492968135261
1330.3963506928085 901.1094997885773 94.11026254466171
1005.1664841283782 1159.2231519991865 642.4123719190984
690.1445778969571 1246.3684646782772 1131.838070110422
1103.9632109368729 974.9708076141318 422.9262492001775
984.983526535844 1278.7100042532334 1298.8351733004579
1123.6171883151815 727.3653267221546 650.4494904902018
1102.6889333932033 895.5010399404704 705.2708952981154
1310.7452833338148 1125.035839880333 143.46696132904728
973.342486884847 767.3178861632558 1410.1253824260912
1559.6798872741651 994.8169636232404 174.98060941503635
918.1905042332079 660.6806818811006 1444.4777785809742
892.3375620509457 1011.1587410402103 1286.002950159211
909.3872806702199 791.6014631455212 589.3071970909849
1268.2187755181958 1034.4869441201279 110.88363234231107
909.5572751294161 778.7041202130188 929.9659482248572
990.1531654401683 572.1798880006446 447.3049287973606
933.4776363465862 1058.8680008051915 1189.4662862994617
740.5395525428542 748.7741595489688 312.8803183187204
914.700770338378 1326.1299891236267 105.48321202241495
691.8821214287393 711.0787074837151 561.7419344450137
1392.3257337115722 1115.9336744967852 280.80928084340053
728.5601776907165 812.7186263799543 472.16421343705343
680.9016125457053 1149.3992389587754 205.05333822801975
1234.805740006937 889.0021887642647 341.0900750696805
945.7993769313438 988.6295149455359 604.1244425693135
245.2518764218895 913.8492476436912 975.8457533012593
781.7233203814773 1103.5861925997376 792.0855272731343
1192.7808035838489 951.6386386124504 1422.0337920209438
1451.8238396914344 1159.1401814631777 788.6729653570584
709.288095038977 747.6867421467073 216.31317052821151
849.2582928680471 844.1715428773448 1184.2865945740602
1225.0899522531874 1279.0538936531518 752.4698466321436
1093.560214961704 1153.9808642590292 717.3702372719928
608.8402352283484 873.3878380846411 1340.7095527816812
901.9655912151695 697.3944549679434 651.4589616227081
468.06355044446343 1041.8351496645569 643.5327676861966
902.0149291170009 1036.987449503649 1410.2687544666867
1074.2566267356403 752.4299406468252 301.38804472552937
1277.068219097392 702.7229554237769 1272.893499089424
1398.944344149099 1195.2883355034764 523.5000771080557
1189.4484580907392 1218.5702092000602 486.79686062131634
808.0174640051391 534.277977553347 345.8061847164682
1251.8291956450225 1588.4978903407793 1136.5887747379493
1160.171289375268 377.3198051706461 1182.5814100746138
568.6228686038331 1193.903422069248 870.514950811057
1054.878022666396 1153.2147820308621 16.094988889107988
783.7961761046043 1069.4171391637549 138.37216306884974
770.1740762379815 1000.2925776932742 28.06509151986869
1009.8535333822541 918.9282416851069 1050.4492772855574
900.9887493383076 1145.4288322205603 9.44728936301875
1104.488299629975 969.3304867844524 997.1097645294548
964.4928081559133 1418.02903066133 553.7820278014897
1533.9011370303642 1219.8651839691752 622.6123108794355
649.3021159372686 750.1358152296159 188.3328708319711
883.2760449698121 792.6011182261868 53.1781337928735
997.3564794043384 1311.215531024217 311.8165285648258
1188.553894426977 963.8759837805577 908.8503058413844
1212.6279762722543 1017.086234846479 919.4728069382345
607.4545948668565 1442.1944591142392 944.6717257660646
878.7716035750443 952.311949099446 884.7523605317134
601.0817678960211 992.2676392080086 545.6323890043096
1534.1413992052771 899.1036771105963 331.804927645181
1273.4636565558758 1003.5691421332016 1346.6731918660287
1007.6292331760484 1375.8744875299717 8.547587930156197
600.9687618316254 1074.3323321273056 725.222907262784
1404.3039312126136 908.7162838879445 1318.7076763294676
1191.2876753754902 510.14234163511026 1384.753642231115
744.410187256532 1144.6835761283355 681.4845563686599
1522.3313998348456 848.9973833009241 805.8362988523982
431.85827981936586 1213.8010964666114 690.6001332734427
959.7319773419778 561.9835145419192 1493.29048616773
1094.251768868869 728.1812058382574 748.5747951506814
921.8065177236786 1339.8646676817095 709.415851577909
1346.9202036676545 1237.2839304689116 1078.3716856309466
722.4888924383195 778.7761934731402 791.8534828046197
657.6769344506308 931.116234124497 275.17909434009044
1278.6678608582506 740.2333491176248 1499.8436966655408
701.8373658930474 913.0293658926238 959.097798383998
1272.908397211706 900.929548177938 582.485085885195
934.9628683236745 1171.6408649259606 949.0823418321642
1223.6615062285866 1228.5647056345629 52.82302227821617
700.2003426944045 1003.3282057808746 125.85057920247394
742.6247661591708 783.6201753287556 754.0485313014082
710.0784169305571 1421.779463931423 1040.2837945796523
880.1273169827167 1087.6765095325693 695.0459225494646
1280.3792695993488 485.7569216119243 786.4417759172484
792.5104444854578 912.3829425045894 1166.3468696853756
938.6123041560609 1176.558508707562 334.87738242331005
1312.423628443397 1466.8888059004184 682.810113408805
870.3706864014987 733.9021565202518 270.11635735081023
1329.207990167196 1112.6368456959199 1285.5577106774783
1132.2905289783325 776.5900958606253 1057.5197392799741
1219.5913818843271 1139.424510183597 1420.30418059606
1149.9381731715494 1232.158182472206 933.4346955676651
901.8187069022576 1120.053149806709 1481.545906735956
779.3873534920024 1104.5357862832855 928.5655868074721
1066.8758576630996 994.0589969380753 171.05806793307127
1134.4596196804114 962.0722972085686 988.8609855884176
1166.7816372545612 717.0431425181189 152.54588774930022
718.9302312969404 622.2984271141497 771.2362359254917
1157.8723082280133 662.7790247735165 850.8767619626112
939.340919723877 969.5917958958339 654.4780549922509
778.72890744153 927.0721293586577 1012.0330892230992
760.5343593703602 1124.9454466279497 326.8752243327627
837.8503211288685 921.9207569845139 1168.7029309674465
817.768243409925 1363.8101007597486 460.9539520195128
1115.5858664568705 1182.4570107840188 1472.620535131902
1325.8097743468581 1043.5332116845007 253.53565579633636
940.5965565090037 981.4088752961636 1434.2379675568368
1688.1506660031996 967.6824338211873 234.63217068517145
929.549727498777 981.764206676185 433.7316589093731
835.5906312217616 972.5547484196569 1297.932112519768
1079.270683058091 789.8181190543436 1440.8970250485938
546.1444876555751 971.4511020073376 1121.3186915086542
913.9918536313573 462.1130289596854 1420.6599275503825
766.2163847874834 1012.8261952815834 1428.6642927267294
979.9450776185116 1192.324596670362 72.54239058790574
692.2371777953824 797.8359475652835 1483.5589746268815
996.7508233609635 1318.002214749924 745.1416038803711
972.5855803845865 1004.2100874576624 852.2723269907758
1221.6113041417168 1255.0184339494494 1421.717802630397
707.6849331603999 869.6418866171316 716.0483797746485
1071.2948913032965 844.1295228967361 523.4310112629057
913.3292354634972 993.9923448834711 972.4713872714132
1065.7792058845287 925.6704714350151 715.2638792702929
956.6281877465827 881.403719240238 216.22240318087245
518.6910012450339 1078.5931319746405 546.427505483911
784.011268555192 1071.1796782928466 1010.7661245687373
1097.0187677927577 861.2294365633888 834.2228241695555
800.7993358462792 689.6598689820055 260.7337735348227
823.9877066207786 1350.0883424874971 1371.4829226159975
834.5569384663393 901.4181508247524 299.48571231034794
956.5526105760079 1087.5231379164732 987.4797239327378
1222.0468838850227 445.08666169736125 929.9252145288823
1266.8007136441315 913.3389758456386 377.2277949764622
1192.9521110137975 936.763516486841 705.3542544878683
1261.687273694457 1159.0892951884448 1246.9100243791358
678.5988479904165 1034.5883934458561 1039.853373383648
970.6469355301462 1421.5599721042797 1138.1145348225052
922.5661673232603 533.0025094605384 1348.9663817938203
880.8988717417553 1379.1619407495084 1391.7656337863718
862.9413610828627 987.1399825864879 78.7455353152281
1049.4233862766243 1017.0964213760179 14.291005981804384
988.2864717363003 826.1117439101286 902.0617405036437
875.9074894418652 972.2218943864166 1019.6740503974312
1043.5093608421325 647.9623447954451 529.413753705708
765.1860205671572 567.6938435457566 458.5077606014573
1234.5301744816154 973.8378668057314 168.06061735943695
1164.9346853797233 986.1216154139686 157.69937269809654
582.5092297518345 1323.9788349742007 1166.1170069492448
1457.314898428493 1166.6149224282708 811.8267159585083
937.1688469135478 1495.1786364009654 489.6825274005306
1264.8869852491332 1663.820129774468 1392.163425944887
881.2823514657682 1034.095089081633 18.700197757854532
1201.5501474136915 636.9639510859212 375.9932631836468
948.9887762429648 587.6565884613796 345.63727336799434
1316.7026528983668 403.924943818012 478.7498962769534
649.7323898329171 913.3871785619624 77.61662358339227
1026.355012113568 696.2541035191543 977.1988938574459
931.6877594362516 1284.5618389259944 517.0905379316501
1276.065320692402 932.9120756828182 273.2106795011077
608.3865099827863 999.1978657494905 611.4556709962424
1348.7609852853473 1003.2998980333188 933.0511530212573
1264.3380723565183 1414.8796041391888 549.7869936708898
517.620007061588 1030.4673504997234 294.35591974105324
1244.2123184514815 772.7279837213125 48.93296721179041
1047.5734611717946 465.8665493991167 1188.2280966388944
749.6137598644592 1016.8767742948676 566.0285887183342
890.6388034861137 994.204432177792 911.6810943603114
1047.159490848121 1562.591008175698 1303.0400491004589
542.5214962400205 1002.4075072931033 1321.74032081672
1261.7171997495363 816.8326888019858 443.7935063411976
842.2292061744721 1486.9688854374815 1317.859328812808
1040.3335204242396 977.2412759562177 760.1162920122763
1174.336118143045 980.0153705633378 592.8622723661698
1225.9192043673904 635.351213524056 1342.0246571390403
1036.2886468433246 1474.9693221036334 865.5340384138611
651.9430791743223 977.1585225829268 819.7943670563311
1108.121221926409 617.1881211602376 443.03310952863194
1296.1435916997107 959.3339225549015 392.906945813593
1201.8371798324688 919.1164482143386 797.1036137252738
1054.7242382050547 544.3220502908342 865.6127774455091
984.7985748369971 988.6617580619799 1284.5068202839177
1092.146230572602 1023.9243425468144 772.9496549167981
962.8487485170441 726.7251756918411 1274.2177360062826
843.2880135899976 899.3457629341242 397.2743602014491
977.6021425319112 720.2817885830079 67.03238686469138
718.4115640133106 960.3493423607987 714.214898548181
724.3520271833369 1220.413477836316 284.6085689259316
1114.3097813202833 1136.702108934094 1266.42000830216
871.784665637168 759.940014075127 1162.632738997373
1142.076852532143 1181.2125406949099 505.67399663115657
643.6304516997144 903.3976038478696 688.0140742250278
1024.8961462594912 903.2375468476002 49.63350720963328
1054.6961178487954 723.8364717626257 1441.2285103504248
987.3375793393188 1345.6172352291546 1471.0057278352062
1212.0992041350473 1069.34705930871 323.51609495532585
834.9210953930302 1298.367299032442 203.08263586398405
760.2577517636545 1026.243315265674 1.9616943088808791
1490.2649413604584 971.510972194745 465.29627976106195
993.7410073293855 287.2356327216228 1359.9785693066494
869.775668153939 922.7621857099581 629.262115091484
963.4344136724712 535.1271557072143 223.9452011363079
1415.6658478262925 1113.6643282779664 872.8964538149784
983.4913306295407 1250.9242159715411 658.0056234553175
1409.7958842581493 1196.902073471114 957.3672920662206
1010.455772824717 1309.63112930113 1177.0373611332327
1096.6090151803332 734.6377303252366 207.30463015552482
1201.54683473406 1220.3656796681844 761.1011188344157
637.384344022599 1125.5791611551024 1390.8542836255524
1159.006643247262 807.19953133724 90.04313503372529
1075.8487432107866 909.122452681157 448.2706883434733
1172.1658632122987 812.132052461411 219.5549579700668
1322.6185861108254 1134.4214896092772 667.0539780765523
797.7061303212562 1081.3687208800147 928.0375716924616
1119.3979960479928 993.3718476101308 480.6904210285435
1150.4474596106331 921.9482103611028 61.069620310095885
1444.6889793208484 957.0143604827764 872.5256397377158
1493.5183212811958 660.9507271386124 340.3111176377724
845.3185885495784 1245.3950445190135 1212.9600440009194
1360.2096798043326 1243.931977275048 731.2762807878319
1197.058314153307 1186.3099903613365 191.74957349835452
631.1349842088819 1028.7927869045952 1344.036008343449
829.2335644486113 905.6623506179651 739.0374799810647
913.7176595773146 1577.927244645044 1291.6118718713387
753.775502868907 1261.715955286425 1315.6208687766916
692.2933020629537 884.4288647665419 164.12497907771717
796.7852625213033 476.05910263509054 1157.6787601638823
1059.3034739394163 1045.1939294358233 824.0806502589953
779.8553824430687 1040.824007385219 964.7155692373407
1389.178656962123 908.9220340986994 137.56174959995883
1007.9815178126152 909.761881462471 748.9671460010135
1253.3985725089024 778.2929018044834 471.9510326021862
1212.8768237930296 978.2325377256103 511.40454434724245
1125.1358767071422 985.0367236895534 1100.5544293221315
1211.069258758238 744.3376065514028 769.2479893146352
807.3383955216497 1161.1722124109356 528.1229930323168
1025.1351156935048 789.7623029011514 1342.7013966569327
1320.2326911181724 1405.9757860136942 1042.269972137441
1031.8818893124903 1421.0522265036886 11.961621242274179
705.2081705361447 1108.9006893053163 1078.4809871276116
927.2246970068229 718.2838152428099 659.9606062564811
841.7505459984087 1079.1729868978828 95.67966328124511
1393.9963360913212 842.6921650002259 1034.1076999854854
879.9267850844832 819.1852050274709 1334.6839065564168
1227.4195596310158 1206.2477286407761 1035.6819318684834
1155.764418754584 1293.183005615708 1479.4196116329995
1067.7632831896344 1017.7589505779667 27.339616308119652
1059.9840782572194 708.8590250762393 64.68182599577533
1177.2448080747665 1258.9424643032057 1112.5115378899104
1108.7041218139566 1597.1746240501252 473.9222606612604
1319.001362986569 440.91319755364793 85.44027770986379
654.7783226326276 1037.3628229119436 1484.0958778817924
825.4727997046972 982.1654272846296 1314.4735576816151
1036.0823183090627 901.5207930664891 1446.9761200753173
872.4372461177804 1024.81821838367 495.6743954485035
783.9943213069323 1248.253379327274 1122.4176547515565
1373.5857169522778 1200.5940948551638 1180.4318430218275
952.7202959388746 1325.4000906386282 423.20039254374103
1113.3288653514112 884.8416915838205 659.269097219646
1032.8220230351346 1349.2127039155046 1017.0804040494833
1027.9241351681578 489.32200995689567 56.39986358813465
1106.1185652707995 1350.4420237788586 713.4093504691017
1004.2118502360792 1270.3085598136477 681.0089217150983
1263.3440143145815 626.3785499409125 897.8958471796999
763.6732152571853 550.2137184627712 1422.8347056097293
1182.179954660107 667.1645455250134 1438.2173413996052
1524.063576205322 1091.9563145777947 1160.763078737409
1137.089083558741 665.871830099719 265.2175579728136
749.0878002037268 822.662751618735 717.293873620048
1205.4326239325571 1011.6903682686797 276.19763306441337
1106.0068008312148 1287.6650460454443 19.734033627704207
1019.4663935956021 1023.9222487547955 199.1495423015849
1072.9547423685094 460.88078189857265 1115.1082921151324
1007.1709872359143 1017.9065813995082 597.2602973320093
1315.2433676529556 796.7232251795954 394.91339607276353
626.5953337105774 972.011655311902 301.4229154466435
879.8550233120102 1110.700590557538 1461.903172957813
1283.5684264414024 847.0462780182297 1464.9669473498136
1293.1043033045628 1222.5940514746446 68.81633861090414
1368.6798640362986 1241.320242150834 1148.4889428063707
775.0198320943085 1243.2146294507727 881.8076839588106
814.3529219394655 1073.7149405786136 202.05888951439698
1228.6094207207043 1096.1300623580266 462.9588629594958
1108.9375003677314 1105.4642045639139 1387.2885752389527
1186.1937388574627 1265.0646612499784 256.8952766568056
531.6127556453598 1063.3012298165975 1429.8964217739035
676.2236036813842 1028.7820719197027 1211.0437141569823
598.2971649985916 1458.1278052656812 529.4399024460556
1146.667130843141 807.8175335185654 1477.8728040677331
1081.1081201162299 1107.3149713562264 1012.8881853634133
759.9109079080021 1354.109908250182 1372.1299302906948
824.9927617211999 1039.1898648269187 1212.860051146397
879.7050865954687 1038.6360450492364 1486.8104487262697
679.9756433949476 1171.4541689463456 1122.0500038909345
1109.1661210283928 1009.6630633198652 783.2522922902953
1046.7044679522037 1077.742120619437 1052.0619984227844
961.7387256810742 913.419113840639 779.3224848070998
849.7906787603915 1221.4561610182743 554.8375270686261
1044.9150508932548 1180.703663915551 1324.688052361634
1058.7019644837428 1030.1370179470641 145.77156169691767
1129.370115894755 881.8428370145342 968.2636978051644
905.307630045994 1410.3799244804338 483.23117991435834
1289.6928353349278 1117.6635755334162 31.091989041457712
1392.1932777239253 746.7714662861033 910.4245027265534
1257.8884881778497 1217.788415176874 409.11963758634397
1019.148212010524 965.1907798897818 991.0378170460283
747.0931398299358 817.0297211237064 678.0483393782623
1023.2554445167465 1138.304543357092 1445.0577150263136
1171.6559902186436 1166.4763338305968 512.6930804856964
814.8694340346698 984.6306620562094 102.2744662361671
431.5642045198125 1135.3392376068746 243.26774349772927
780.0369281056873 1076.035367207698 722.8047228959526
1399.548131456604 1016.7607078184639 1192.2192743091562
969.1700478259866 802.0075208684792 1137.8865019545146
1470.410960320046 967.0877055878196 23.09852866069606
584.30353426496 1061.2975274320152 198.63194062132828
1063.633330136888 868.6053558564811 1108.3399756693643
1494.9006475412739 1247.2358788273332 419.5902229218255
998.5030156361105 949.1165417539011 1151.0206936206982
895.4508644640065 1303.2107767384578 466.91220994108176
1088.58388725077 1004.1515036943877 12.106290316519164
1066.7210704681063 979.2890246683672 1175.894225983719
620.299009353902 1051.1004481779526 1195.9370255040108
911.5606422747384 1180.9053560726834 1496.2393292302536
1200.3192431819361 1112.1234147839837 73.83158815521907
892.9650790298182 1256.730901507783 991.7034052335486
851.5932624789787 1175.2627763940063 248.79566777587263
1113.1626256005575 899.3116112184175 342.3830021454172
1025.857504820096 347.64828024679196 1140.4373572414936
954.3795806578379 745.5056542555412 1499.1421595984955
1322.6797496713984 853.4097577517098 103.92142908229718
818.511051739331 896.6806433842223 1248.7968414042589
1288.1701184443198 1053.9019515433195 442.04391236851035
904.0563488209859 1163.7694876121573 726.109060101293
849.9286450544041 718.1220895137758 968.2455732853401
881.6584450309764 907.5715259011843 1163.6792287043083
642.1988280172177 1068.008022234842 1275.0434333903502
962.7039725483413 789.7614790159641 460.98343136487347
994.7387173176885 1093.7289076197376 1090.3478676653706
1112.787587327074 1180.2151577486154 1427.5661234996267
1155.3465346158237 988.0074384112041 1058.0961005764323
1086.3282530967592 1295.7954196967007 965.4562939651204
1387.951384940895 964.2121407847375 791.6225299399273
1001.8775794561114 1128.3538472551854 75.32826230048161
875.817882494621 873.212318518206 1275.210570512204
1273.3557838042875 959.523676169581 1211.997357148426
886.4460311303194 592.2086349505663 387.44453286287927
968.0175933271119 1062.2295809267262 1231.651093740722
1069.1200985507974 791.6030985293576 414.78681274600547
1142.0883593835474 585.6757489984639 1260.8624482005273
768.2276616137025 1137.4609752908084 458.550932679214
1437.3158140498922 1060.7877048852208 1265.7965878874322
1328.7375651784062 918.5654895360506 983.3541864336307
464.9303305181194 1072.5807853395263 212.98817414668474
1257.8003652411726 1179.560691153108 847.5082349463204
1238.8891923434364 847.6373222109974 74.3401937948992
1353.5412801603634 1378.0592811200997 779.1618108262943
620.5243649191773 1094.8968296124015 1166.1413602608952
886.7355907273467 845.513364155024 824.9338064829435
979.8584289404032 640.0046919236777 641.910432819019
1099.8872361379526 1464.8431738159888 1443.2572543823692
888.1745574955291 1219.069867324035 538.0683761086088
768.1533972246341 937.2923389926143 895.908814753712
1490.7227059033048 591.904802830792 1490.1909060414548
751.6748547989171 653.682245817701 1387.8268002615823
1350.2081213911492 811.3731375573979 964.6952438601483
830.4476725170257 602.6713740734879 19.69065572314871
1333.0157659894774 656.8812732232074 1218.5586952311348
916.6224618578493 523.9807841715448 1337.7106205937455
929.3856316765095 754.8170175865771 452.80629274078603
1201.956106236312 737.9052858195157 913.5645490493764
905.2059468424865 1190.9830192211314 803.1866742872405
1130.9837721749498 874.4383419703296 794.7982275853162
1004.027252842199 730.0515913123234 262.9574686081721
491.96688701562283 1134.9106837006248 69.41506875234327
1373.1485198652201 894.9158522827906 872.9238724535679
973.4211524013554 790.8858550017078 1185.3104040764601
1119.9405551028315 998.6766539970314 1471.2784638581152
1144.935181728694 1144.614505779968 1450.8861529873786
708.7768545688527 1001.700399618015 212.55000301098488
1339.8734885368665 618.0110963966512 1205.7381442128442
1084.4226555603518 1293.8962156984585 1138.6750841933651
762.6093472923742 1617.9279818213718 539.9552913200109
1346.195496401082 1218.8325708277798 448.10444505288353
1170.2635125678423 1158.6350690235656 1089.215960409079
1148.7967600055429 750.2646798127578 383.70163790854764
1362.9997304667731 880.6616192929587 128.825142412211
1238.158923071339 860.7354422157323 1291.7209613312093
1208.4197710467852 1030.514722680145 335.25748356617146
1042.6470525910422 1055.1808019922507 731.6397352184226
1141.5156832745197 557.1839969392233 673.647271678859
692.4296023310765 980.6720954768666 797.839966061589
1142.379979151564 840.6376524249899 631.4393215615628
940.0409746551394 935.2780307639957 422.78205810228405
1131.4189977428655 1273.0979656674008 932.7217352727644
1372.7547710806298 1230.7061715240302 212.59062696125724
1448.2615550320475 877.6276656010233 735.7397464157083
934.8321683851898 1427.8383488884917 1079.1344052139161
1155.1767332940135 1235.1361729290809 225.00956713252856
1012.5614407933754 712.6865151370223 1110.1123898395624
1043.063420468297 1334.1329418447776 322.1237889459471
682.5253698631891 807.8449849880446 191.68446177510094
794.3965181418597 1290.4361409986286 1007.8546985080139
1258.8041682533185 1089.0470495159966 38.032534176636545
1124.5076275521567 1013.791236263743 701.655371606895
715.2537111926538 596.1532404479574 96.34223933794223
1007.6394222702199 1502.4967941022771 5.431165174518304
1201.8945418523917 614.0569848167931 1100.5575418047558
856.2450477129544 1504.6015653745167 1079.782687947821
1056.022553516543 1024.9394170952967 1148.291128825198
738.054091772385 858.900069094738 936.4422427229109
871.8383465033102 1109.7849189312053 588.1028618499898
910.161436555949 1428.6281948149638 1059.5142964715612
847.0142400292442 1018.2100156681366 929.46282916212
1082.4682544596085 888.3535061131914 462.5627185512882
991.0237344271299 1208.0135000006424 1061.3438192872218
698.1760750672346 900.1101054242773 1446.1062500852538
1188.6085261432559 1237.3954134669661 1148.7632153978454
1038.1759854858944 963.1120716044658 1146.3419310127276
554.153793724581 927.8137134549683 1353.9983926654686
954.6913170051165 906.6923731595758 259.9625790311457
787.7118249715494 1198.2671336303986 1373.5385792492525
1293.427139482291 1071.1023580194465 270.18651556027487
1360.5635654752632 957.5140483632593 426.6468022741422
1559.0209025049712 1225.633537758929 1471.0679605983598
1110.4123128384106 728.3334121239865 704.6099257085576
968.1717045685473 860.0725389412884 1291.908204387758
1133.8446317737425 588.0618581809622 1277.0687507608136
1223.6469546461121 658.0337386088602 411.58282234264226
1290.5616733911581 825.5032111005544 794.3873101388504
275.0679822394475 1412.8204977914568 1071.9158119994133
604.1630244586502 661.2132817235179 217.06227248180122
762.556065813648 1034.0603999014102 958.3184853141687
955.2506991270416 985.026595027623 570.475986776215
1342.806066684745 636.7545236329101 509.47358125902633
469.34000262752136 679.3766087485207 294.55055983357136
933.7881390798567 858.4557015006974 747.1790301142723
988.7530025069154 1105.4415319478453 1177.874385591651
571.1919517720348 1139.2839353224551 1121.8868784359922
973.2765055859131 1424.1671582653453 960.964931188912
1332.9016364222039 847.4049950571925 319.9020095143933
699.7636314221245 895.1242720653572 111.18116209267554
986.8476907798762 1223.7666632656494 960.7392157537593
488.16164517799734 854.7343997997192 1092.4285084281612
1247.9128966222006 756.3262280797584 322.1591246693424
910.744324662834 685.321550390247 1498.4177282547637
1196.447287060401 1368.511005744151 686.7162257564195
1276.1311207834883 1379.678497658575 313.2196083485432
671.8365903983806 1212.5970050163814 353.0962070496746
1193.0950496533164 1073.190111061003 664.7192209218958
613.0662569023389 707.49522520717 571.7821378955725
1140.501623967772 1206.4463228865486 965.7786311894702
393.51998254255875 863.2949459631645 1119.2055566906633
1041.901864531294 928.2339250881039 1050.7770714629228
1158.4527831291796 989.2718517464572 364.33147087312665
925.6570230398311 936.3727740349684 1183.9928875617222
1265.1456671044243 1272.1702375086054 1074.1893951854768
1095.5053938477638 1025.9902546038898 1223.8648985155285
1174.857399441575 958.3915156295827 1224.5177797504493
1101.6705107249586 1039.2814656491364 2.727454310608113
860.1709328871945 277.82796896703303 19.844601702944775
1470.798258054433 1039.2646952496084 1486.9433345982472
876.1627525381003 1233.258779018031 611.8336809965684
554.6503632336262 1004.3181347561263 815.4125623212102
814.9109881831682 677.0887372507914 1361.8450095250164
1177.7408798090885 889.7509758810015 139.43708121008348
933.1308416421632 1138.3625700561645 659.5182030747663
1343.1449630305844 978.6325709832494 1021.7628068579478
985.4094249190738 600.5554922333026 209.45353044384618
881.0257905760961 803.767164366424 177.64692098355243
792.1713957874558 1298.2270965347877 999.6135935296545
1021.891392609822 376.1850219539757 647.8443499710902
613.2047809821529 1117.1617771795961 137.43234895815337
470.46484523079914 843.1386178211944 1361.8140884401091
637.1309310435045 1424.7873899893814 1136.1256705057267
1187.7800912772475 399.1439801377468 1438.23821743028
1264.3572294684498 345.2920042312222 1257.9757661276788
1160.0492540158025 839.3462886648775 716.8091672690854
1020.4241809452152 1013.7712462435929 1000.8736259526772
982.7650213738273 667.7889824084316 415.9902424816865
1180.0156696223978 710.4287850947255 15.569520491286848
1244.579096929139 1152.7686295451886 122.16821337832123
779.0457328256789 1260.8009500486219 1400.821917253984
1356.0276097048109 1411.5649638606283 848.0147393577056
1131.8237363348258 1289.8509677788488 266.44435977093184
1151.905362347907 1033.6270575614462 253.8757010463848
686.1759539067328 1367.3721261373116 1371.8290499310992
780.3912064840908 1232.401036686585 1135.4676564392505
1131.5610816313738 1380.746261008351 685.8458810715684
953.4075580180528 803.7053567829271 867.7052007113111
1128.335101065621 897.9148931574297 912.2255996062019
1179.5323586081395 561.7247322924934 782.7684600986037
742.1670891210338 854.8271404883661 979.3985098431826
796.1103495697103 1542.1010383574082 466.0448372794712
719.5790186150532 1193.2428253461567 1095.6991605200992
1140.4536437936958 1063.4904571603224 46.76245423908054
1218.6919622836265 708.5927366076921 1205.060006757358
992.2515187563351 567.5553563745905 236.38200163812522
1131.5862025935078 913.2854075401134 666.7245460261548
1382.2868072415295 1382.2754903168661 767.2955412006172
925.5619314264654 907.2677855445547 979.8024354827178
1284.987158160648 963.9720883171653 1444.0417871890704
737.7199213406593 1248.9493419508215 931.5638311208561
384.831455125729 1102.4335899964453 566.4420251265955
1441.4765909541343 853.7840494286788 1399.5634906995526
676.55834760834 1101.2686275206963 1110.15435674966
1317.8508004236292 844.1834539065113 135.61746658672035
888.3777930017832 857.7119106038201 1332.7845099661079
1022.693254215708 903.6793910115687 118.89486204436695
606.8823548557768 1392.895125304 615.1997345842425
1354.5560960355722 982.069932458666 1205.154784893682
956.6975929553184 697.376722579831 192.47620558242784
1079.42223633043 1142.2311079846427 977.620710806017
564.0405826426811 892.9323834328179 1020.9629361235994
961.9730530602094 1043.6276055906612 94.20414274034854
1147.6203113163351 1086.4227267843085 1097.8748662776122
1084.782652778262 977.8867589524109 942.5959117996367
1252.7920304670165 1147.6638920161781 486.1445760987684
765.484485812814 993.1232534163844 1031.2186776482622
437.0514471631776 926.2765189876615 1149.9512581082106
386.53650410038483 927.899260030783 976.4543007606878
1042.162769164235 1026.4860344182698 43.9581879526737
1219.066176355256 632.8904063286484 1275.5001944119122
840.329028534392 719.1021268185681 144.04716524985452
837.1150886807853 915.651083941965 479.66840034953486
1501.8827554153463 1259.077368891998 967.5278345422228
1067.1846629731028 786.6407210971316 83.52894692741003
661.3952379975198 1269.5066307984948 837.6223553305724
1147.019439772008 1364.5603036382038 311.1643477760471
1034.018033190573 755.2497223561927 1344.5058682721349
756.4142406353143 1250.321107508763 733.6759268533667
936.9937809964993 541.6482747715236 1292.521924959027
1232.8719243787968 917.8171719907857 978.8816181718183
829.2713323758426 1039.0598994158988 880.8903048179945
1395.1332954991997 785.0542031589284 212.7958440269545
1378.0371318251907 1092.2422269421668 657.9541321826966
537.6218186533624 501.8487260342217 262.6441784050496
526.5175374429597 1279.2669524185123 129.48175596726037
669.9209497046957 1299.8217978970936 1204.3495741332601
1191.052516670534 1387.0419572086425 884.3586672851816
956.643568997006 1021.0380497364035 821.5814794778554
1494.1657708286361 971.8804412877654 773.5294660924809
1242.694457980868 1175.407129646145 732.2750545486631
1484.9386816156864 863.8036379429905 382.5348864095157
844.0861645648213 1025.7417673652305 253.38033032142482
787.5620096803051 1171.527650521217 727.6255404853318
1175.5577250070953 1229.7591020540806 585.3754752463075
921.4088641024282 1198.655869443356 14.038581656232452
1094.1880102730709 829.4976027367388 915.6228487257207
1001.6369370199475 786.9359894606836 332.2502684860899
839.2727404675854 763.6044151033228 260.17012318874885
933.3173776666226 974.6057583437625 1344.7143451214467
1066.1455151091768 1073.809218796022 876.5651653876149
968.2484357124467 657.9125965232276 1313.6202605833762
1124.0962559527024 379.22745619943714 1361.1455851736691
1076.4656296313972 1057.036439068309 196.7358508159266
1211.397471944517 1144.7392419353198 1030.678829784648
942.742799086278 975.3727019058808 966.7403023590953
913.3724230662644 795.6353002545268 1032.7451647802657
1209.2158059928815 930.94875612723 267.06939487854726
907.3320498690841 907.1280171363517 10.419228287603833
860.5174174901684 969.2820747453765 908.8542436881312
1085.3561652396877 813.7357733023896 575.3958494814442
747.523696577603 848.9454721688459 521.4481360250657
985.6775070588524 1138.1298040040006 753.8706822098601
1030.1229795136403 744.4627628449541 1156.3120057791132
947.695186552934 965.2147778602039 604.8603454197909
700.0828089266442 1015.3851596944654 1132.088916041213
867.784484430181 1327.2104244431237 1064.102791454338
1265.174861044695 1107.4076740968499 1152.1200031003052
1388.8154192945678 578.5401182531075 1155.3655019069543
1037.2643975038916 899.1706944797465 111.482479314016
1039.518117711795 776.6862701235655 1294.3250923750682
1167.9661203202531 892.3365208011063 300.7695680593449
1155.5872198713325 1225.0553195040093 767.5824785935317
1188.6904948089177 905.0723495668208 173.84162623766247
1183.4899609024665 1232.5616609530382 809.6747891761845
905.715845805477 867.5434172189193 31.70987737887099
742.9418628710152 1147.6730622583718 1206.8836539559154
1683.6181136633772 1329.157019253052 647.6760960061556
1516.1712877306313 571.6769134171168 1114.338584436216
888.7657959660928 881.8381065660845 395.64998859350965
1143.7266078228604 1363.6186576184944 284.81231527989496
1190.309813989406 1406.6880103707858 1248.1542816333429
1564.0998655223384 1501.0156732899989 1424.6487270163266
901.6668164369801 1400.547130001588 881.5172213336093
1169.9483566575784 1136.6128970646369 609.1290114502912
1038.8268941388578 848.6604722984424 1478.1302150524218
702.5293882618608 729.0666950164064 613.5199906176592
834.9882982325764 925.2527931959864 1492.4494669390165
884.9633854375477 631.631730695939 576.020932119177
1029.4839377026713 1110.567748984611 1292.923488624216
1099.3666254084733 999.1412063164508 1083.8061323413128
1249.106959784634 914.9556666690526 447.45805431007705
904.7737768100865 938.1486536493422 42.82008447765345
1120.3034901113213 906.4286540800451 1411.3324532797014
888.734938169233 1319.9266042787563 1097.9440491005387
1430.2537458723668 996.9313916904105 1245.9493721387937
226.91589733283342 1115.954063866666 1118.010215440465
605.6346884116664 1384.3512493499247 1237.9033795813325
487.98781967665036 812.6181069716263 473.1538611487637
609.768875418036 630.1356775608829 1453.7160881333757
368.6823119474484 874.0828295527692 172.01162104952238
1236.222050000128 843.1052829398798 856.7808701155495
1314.7963993205153 1075.8538506663344 593.7417429260362
1102.613496086779 1381.0637220968642 336.85944950805356
817.6582798987221 1132.4756951013965 793.6211231426569
813.1292302163739 1168.775829078378 510.7509427780713
719.4583662735101 999.0463550666847 353.0693762482358
859.8597858334373 1362.6241516591863 1056.6264376756246
998.5223693078408 886.9142761747717 177.89864430311465
805.2289733846653 1072.7332470930032 401.81555467429246
1280.1607096248576 1243.3761317795988 738.6796596519664
464.22616278177793 767.6425555113242 1293.0046790532278
762.2628942417833 1082.6321743818671 760.6392827226613
611.0310166457407 1228.0011391727567 185.65907455775593
897.8463842866151 1178.530315900624 900.6425932424787
846.5328025656206 923.9847587660994 875.8602549194937
980.9828389630896 984.020632287337 1184.568154692114
1115.726901183753 778.683279599532 86.71392852936482
561.1078213805322 737.3033109811302 691.3064743992678
1362.203364997226 576.1283430140934 744.4299897536442
726.1534246698839 1117.0184713687986 1364.551205619385
572.3865322659371 1538.9650648590834 1270.6737755738793
869.2602015417165 1292.2723083859246 626.4932856142136
963.807152007401 637.1189520952228 373.64154092818814
845.9999388529208 1517.826908973053 196.8338370495063
1359.7122849449158 1043.4008053139908 782.5737571348823
823.9010245664781 1318.2701006167422 55.715612571274
999.6029848742423 1116.9591217720033 730.3097762849676
791.3777628103329 1383.7984425406735 1182.5473880305694
1180.758074435972 721.7442699881728 747.3209073831524
916.3847112012974 1113.6231155921978 890.6750311173572
931.1111331515921 1078.0654681256387 320.90864317784025
1416.3873853899374 1120.3461756963438 884.4305959534764
929.4683899222559 1089.840805094763 718.3241209971787
1161.4603646203686 1139.2685291892392 434.18686469183564
902.3877748953307 1154.247620150537 1155.867269628158
1125.77647219586 1320.8217168630313 840.9837740819158
986.8534504163191 1332.966331523768 1436.6138052515444
617.3511608983392 1044.8417524696667 1189.8301213300942
1438.4554137697273 527.5817324173878 1002.1548378287197
871.2237502557143 1151.055361303495 373.47546757286625
1160.7528489869344 1302.7660506619172 575.0489615951009
756.5521464999583 450.0709183393668 1210.1831548164932
1138.990451029954 824.0468614493161 93.08411786591819
813.4693345823872 936.352441270863 951.4421401301354
674.6058211676727 926.8470983885156 98.27701652826836
917.0623811924796 915.7837316978522 95.44197896739753
553.3252059232908 1308.275264563344 952.9608622420034
955.4072588574888 1319.7928698769492 1320.5600362562204
796.7731766656061 717.7115271682084 1496.987929847898
584.5610332981566 1414.9933709007332 1108.9045778499908
1303.5988502498144 1106.968725147492 1.485763714532018
936.2019909799276 920.7777392457791 1134.994299868283
915.3180275786062 1031.6685733653171 604.5978108489154
931.9092558559961 916.6641198170503 139.96366895621946
1275.1859958852372 988.2130791788444 1344.9323460020535
1065.6615466708372 1359.3559216696215 742.1023578302326
963.9495847157172 840.8209880632796 1339.2294314516776
1494.8865155669696 836.2413138213915 132.68708709131772
791.8003047284517 1166.8363441993038 1233.4866540645219
383.21926714518963 1187.2739576644146 472.92952871864895
1091.4272974779503 601.6838995574121 325.61644612363153
1109.2609026968378 1140.0796964904496 465.5702326359245
1331.3691718771415 826.4026738989526 662.0226488091558
820.6860832351961 1148.311741458852 930.4274100723245
1172.200529262929 1287.6929063044367 1293.6241851477193
1402.0453899321851 1037.3907431468008 1186.119989742903
1029.292522051578 905.6888798921736 702.5984612184911
961.4031084202371 1066.905396246571 42.06062175038661
638.0486244743005 1394.8712758765575 1159.6847743367064
1469.5294947792274 990.2427041773672 1199.114572540692
784.5563730391125 805.272640994361 959.4263082745463
1142.0691188004248 1181.3729891087678 944.5357847626836
1346.904196307667 1067.6672902780736 961.7619535227651
595.7831464169122 758.5049082056396 306.7407550169854
895.0898228510873 968.0262937779917 376.7541956149879
932.234353240979 323.07326355828275 392.0377733312014
1470.0597589779486 1032.1535982952237 191.33911745125477
920.9332760335102 1047.6025677510706 1339.117656357791
1498.6479139966416 1221.2667729554169 411.95743009785906
944.4033453392809 1190.3732408971562 1362.0796680465285
1010.7061984642185 1137.0281018191504 606.9258746072136
901.8965724661334 1018.7570234416062 453.8767866060081
1149.2433409560754 1196.3328614070247 1466.3924768802285
965.5699558543581 848.2114823653794 1201.4016457390326
840.4725010465256 554.8912777422322 308.78198389798587
1041.2963252638376 1113.6610279457097 9.963165814527496
1452.768327217739 463.38725632120736 1213.1836110597276
1137.4210709863262 637.5317803064855 987.4339577574813
992.2965284250113 947.8809290838583 571.7973695893377
1047.4106534014147 1591.4150855800938 755.4237763008703
1230.7339952388825 923.4586602894291 345.43487191347725
1255.2917777006571 1090.115913722194 1012.0085937651252
995.5451482328041 1248.880630688475 471.3213129854171
893.2013505978942 900.4007206813649 1419.6242794061093
1018.8443071758071 1096.6439643800024 196.70987313580673
445.32006234929383 926.0922049040163 1357.063164767565
899.4344622284021 1065.2055487382572 59.88469470760077
1010.9194941381892 1256.3803438802463 626.7174321402827
1129.6775986159569 1153.4988284757771 1099.3759554034789
1578.3980412500146 970.7543220610415 616.9990650766385
1375.4951884538516 980.1509044604313 597.3340122514664
1144.9442645601564 743.6360148593412 1458.6156190708998
762.2691331492911 912.5584141734489 419.03694601532294
744.8822052441408 900.7111782693521 704.7851173114964
678.1541749455419 808.825048178365 83.99978935545211
1443.2799230571577 898.6488245654488 661.098007824642
877.3391773811711 1155.291142085521 1226.560113406473
1138.2584107197638 909.8984944974547 10.679270702307287
570.1789634867282 636.4627819017553 558.3214152394269
595.925656555287 1079.013943562616 969.0113067924094
1071.758226316956 1408.7468530127044 1201.0209158023358
1055.5500042461229 1315.310579937524 157.88614457890583
1339.117995031696 1227.0830063452354 1015.6476244338697
1379.0152892024814 917.4104265985892 370.08292690041293
669.8800254488021 1131.2531364684642 985.5899496060465
1064.160149169892 1028.7482254330437 1405.7036655876543
841.9072802708469 1424.5627001586176 1188.643350358535
979.1700055961546 1078.9812556552104 985.3171570713104
1660.476411403913 755.0435598847728 945.3506863750546
1403.7438189141958 979.6593160156472 1070.0678726304277
1388.773081125482 566.0880941135969 1081.919899873914
703.6690517607783 997.0099839072706 378.44487135658983
1577.7298471620793 527.748904379564 856.0586198398144
780.2010605370017 1038.1252469801777 172.4884855796871
737.8283238532754 1411.2974924486966 986.028611459403
1570.022304857578 1050.7208180652117 1189.365294660505
1083.3282089400338 672.6555405690996 1392.8358496852777
1236.1803593968618 1061.3714399342603 1236.090400835558
896.5069989852105 1005.7925477766681 648.1069773269156
521.7447264955931 969.8485544398985 51.86137904324312
1266.995768800733 787.8468502054441 481.03857992320724
1147.913596685621 957.7569766343211 1183.0273260613126
767.0113677986071 1166.3008090191577 1489.7145157900668
823.5017795787902 1453.5280567974173 13.193666965639949
973.335245529429 818.562931908768 1266.5806956384529
1141.262223262542 556.6229420551593 1237.1192435129306
760.8201912489512 1348.4475215274497 559.279927550548
525.9768293467448 947.1108408291902 750.3885624099709
1149.726916392357 900.4657466841102 1066.4365812657925
1302.2980064996564 1425.5242728736514 860.780058067256
909.4634107236025 1000.928090606711 848.4613785168858
896.7789861578029 884.1217397473374 1405.3192407020738
1158.1901627925758 818.6227952944038 555.0159535039782
856.6156412674513 1152.787287439813 310.915591634988
821.79664601589 1241.993852120678 686.3293455069033
1242.5350739233822 1258.4796103998074 1202.9990534243325
1125.7359635654043 1484.8455491624998 288.66324877138265
783.1521290367557 868.6127303098889 56.02223207292112
1247.3614822265047 627.8318819878186 1346.7623605680742
628.886454666266 594.3778391067588 204.21149631176806
799.3238713876246 959.4748688853663 1163.813945972135
1236.356735533811 682.4566789300027 1482.5565781712803
718.7062379863746 808.4340067129151 1084.8956290727601
572.7388220791843 943.1647673144685 752.5130539662433
1015.1872850125121 1085.245065832483 449.4209947531906
692.4608003002179 994.641136336774 973.9221732840392
559.9707478503713 684.6797146586125 382.9091327909781
812.0875180875846 863.2273565670623 574.9440753293287
586.9313008676825 708.0316385648979 787.9642296628808
1345.6042697887206 557.0267495076525 750.6994887013038
942.8171147932513 858.1042219495068 1272.5695117666517
633.6570849613149 888.4696572141424 127.28638843445978
769.0904954019239 1024.907180696963 933.405277514935
954.6922061492763 1177.063950807108 1158.1100521294472
1103.421378481691 827.8378625504149 794.7197886471827
1441.6030315258424 460.6540316163755 961.8658556609806
1023.2872296505349 801.8227748388783 5.599381280979532
980.1313845785263 321.38774632168906 1338.6516905276214
971.5137051888313 1603.2765957146416 1073.7553023137614
337.1057881269621 1101.5511030835685 1329.8059795749823
1125.096595986987 1404.65275361792 450.3303513056441
843.4799348012308 1129.9728477727292 984.0084735858853
780.9691099646362 1528.7236864822917 563.7244533420184
812.4137257329218 1073.1314254666868 266.71747667322205
1161.5850993062443 1008.7550680238537 1283.627384670079
1213.5561960810624 772.4672704794904 1359.6199873356386
1244.5599366835131 1230.3569160614197 292.2501656177976
1210.2387395287915 1178.425352135226 976.3866565358668
1089.5937422162765 490.9747070796441 1064.7605458563035
880.1679470242458 1035.4979289040075 1476.3614333371597
1272.6560055041102 1126.2142785003355 67.57539066188373
684.27590288936 1000.1516241189973 476.9413454120581
933.4279052793064 353.0329844346196 1486.3334750857343
770.9124281742615 949.9354066629096 1006.4443742646107
1365.0464064707269 1133.8934571234056 1393.453073176612
1167.6274081356792 821.0777519520569 599.8108410056965
751.2322319729908 1297.490555119112 686.5523841654618
1031.3204598240345 1049.317612877732 83.61807097057789
859.7950424666058 911.144540744393 32.419756636176466
1075.8537390218219 1006.2822552040183 1327.0120694005586
1121.801003001156 1461.3698675644578 1131.3090728562572
1102.9086667969632 721.1730539901521 752.1190922586212
992.3520893929149 976.6488924967225 44.41316974091575
1173.3973654168112 1040.7136154691395 229.00911011084744
