1000
819.2387895469875 1350.1819240728512 796.2452668439428
1507.3259180203834 817.9298456137569 518.7254428004173
1077.6359601477434 1297.9770061545705 587.8281811096665
702.6726832262883 1066.51455031778 1250.4436353270432
821.6265752483876 1075.8452127205499 888.5182971015736
975.0913983721249 1088.962574476252 286.4491751923934
1189.7406624402447 755.7879954186633 374.94044182201293
941.6845739907136 682.9940315407068 18.041158694447667
961.4185164757484 764.2434045395559 415.1520094221649
944.6444482111749 1109.2116677849701 219.19527306441304
1567.6647907500833 962.7894215218405 188.86626642155923
756.2604282864286 1059.0486887653478 831.1187488291339
1373.788037047203 1170.4301008253528 1386.946489190855
688.4452115274748 884.1662867833562 792.7401855930511
550.7677039997822 874.036115245356 722.3863832680947
512.6871831436108 755.3972321674829 1314.4650146345316
1158.1100563944394 1303.07853227258 1221.895906747282
936.7111227620517 1126.922762761057 168.80136095693504
997.1250770372917 919.2429820303541 1135.9219881570032
869.4355263353696 782.0132021444069 306.136165738371
928.9364257636598 1159.998339144804 466.2154145040316
891.4760519094312 840.3673930363971 139.1103000411966
898.566959628604 1481.8049399893807 21.375663629857875
950.8565126162629 1196.5660234819359 100.96058707691252
497.5964241319522 1203.5560315070707 384.1730512517384
1330.9690645127207 825.6810401487066 462.40120075080165
298.2134603268788 516.3738918901697 602.9768650739613
1123.152717480344 930.7532409057397 953.6980967535061
821.8436977497179 818.348297435114 534.8480695533331
656.1007416013009 1342.6044812848781 481.0230593901175
973.825601740359 882.7876741482878 790.3159578456623
874.1159583613835 429.4121802281959 1218.9434720433383
903.4367140919733 1029.0205604585426 915.1082735072919
1107.5529940736174 626.0405910376085 562.5548636370995
814.6229068044437 577.5576142958403 575.1293152176573
867.8018323797799 1126.2711090974994 1120.1025646005955
1475.109151458748 1181.2630802737199 570.2321747410176
1066.112451482023 1200.849397423333 11.758437159186673
1030.8104171861232 855.2387884773027 287.19139852753625
790.0169769903764 399.9754172072429 1034.250775781073
825.0574314179252 1045.8868813452564 1173.6316758470562
848.4956223113888 1450.5136892582516 860.9517194859785
972.3577527851777 1589.6501198965475 73.58602483336146
900.9284362664985 1294.7481307908872 1265.9208877873687
1555.5859681104412 449.3073305948152 1241.3834469282708
1012.4908424826539 779.5898733037983 588.6251097039382
1247.5031738559278 1181.972689650952 969.0466769917881
1221.000180072951 1499.5180031214493 1191.1133877598638
1366.626374063608 886.5835239622055 1326.1643380729809
1149.1219410047374 1225.185593880828 79.48047028807426
790.820300455196 1650.4889057397731 1021.7723826888606
1316.105219222124 929.509407633 644.5229382855263
1334.0203791083504 1074.050229793091 1286.4034593479344
953.4523043214089 712.255141778547 713.1890488756756
771.7244172274361 1079.3382039733244 1267.28300636626
1162.1938938526387 995.2960115772655 1045.2917070448425
945.196891222928 1246.8586782550701 382.1020317739117
885.4312399982958 952.4460292244288 68.85502509530062
1367.0390913122662 1064.9073423960092 455.9350625484446
937.6038612335027 860.6951399275273 670.4979089261939
810.352765218893 964.2249855511478 1038.5074007177398
1029.3073565663535 1150.6565111480102 535.605154762183
897.638420988081 1122.3604638423149 364.8513297433021
1004.2148204034121 1030.7798286884279 464.6527245006655
1495.1804963976322 1367.811500212706 913.9728684131683
1021.4468258424866 836.4925803772182 1444.6703117517218
795.94048913198 1399.0678704215497 1015.8195624176725
1441.7905004222876 977.7923913232622 1276.3709704066202
642.1190624143519 986.5239389629248 1156.7037634519897
774.9463478291896 1286.548814760486 1345.3040900865722
800.762313807793 896.406126573522 1275.0269893887732
1155.8841522681164 1135.7749603828343 1000.449224566811
1421.6324809865812 1281.6814611026261 1105.194120017862
1130.085978576178 1003.9735300554545 1013.6034717630268
1144.703052100231 1189.4316580110185 625.5578019996566
776.9584598006355 1051.0712204193828 90.01685438740331
982.0666479454734 743.3433376125944 1026.8380163454542
541.7213244384284 1640.0949314520433 630.072428973021
1209.1317916411779 678.4824668381173 482.504896903717
1252.0467853913005 503.00036906833117 1297.3130172566043
1155.136551729725 577.9814433734143 886.4748280077551
1081.722869315355 771.5276260498422 657.548844020408
809.8905778530202 1475.5364302409948 859.7320708167783
1049.7430498413623 1154.3252650234156 1397.5573930446503
805.6308283791958 756.9574934771341 1049.354481461601
1269.7293550184606 571.9626623570273 96.25109951071387
844.9048955884042 860.9554763747992 1093.9025405678024
1136.227875189304 982.1031242866011 128.84102386460117
689.8585525649235 1226.7913153217248 470.89770628550394
1015.8482337148556 988.5168951686104 855.9595147141076
1028.8637889789002 1162.5410662755082 1210.1559538966742
1050.6916178575634 738.8596326588837 907.9078763162445
847.799212032988 844.7434330326693 385.4141426361487
1282.0257236782345 960.2752310260573 760.6297737719567
1162.809726074333 1093.228638603696 128.63784570547648
1059.2018033691577 581.3161908736133 801.1699758688216
1267.0456699279816 885.6338940394612 707.0935579283305
1263.6441642972711 1075.0319563003748 690.6597082245767
639.9653896938416 1569.6168667755942 1131.6034248659255
695.7933580393321 716.6849587216662 183.8727208487452
1411.5132268799866 829.8632031933591 642.5025016805662
861.6881335654343 836.1267473359352 100.61830293495305
1150.7670469283678 744.466337553541 570.7503439492517
941.1067463030076 683.4910552221359 1376.1880866159902
1220.9966232355478 1045.7254043895884 1282.278624803221
1035.4379249978454 1250.7469696799162 163.69805021121869
462.83142492006493 1116.4824354563632 56.54142376642696
588.4433008697496 743.0675487130117 1170.0694751610179
1208.228492400164 1168.3600762586884 1305.413086534958
990.6303142032697 1151.8263156120033 169.76783585044186
1185.5009707246495 610.6876438774264 596.1860885584754
978.9013385837809 1119.1787027756523 1074.8844907254982
1221.8170449124914 708.6424649483617 742.0318342854029
905.7833121808418 1522.263367319166 482.16646962468656
886.8050729057211 936.1037056581491 1234.474532546784
1144.3944751839774 1387.6169804496083 963.7488728160463
991.2504980196117 1027.92406956985 314.805384040132
958.6278540237032 1065.3450234674096 858.6633764988314
921.8347564263017 858.3593083074946 1408.4692379003745
1025.5624653771913 700.3648317270515 1409.3292699959081
799.1824827821433 929.5108246127994 1315.9453770704554
1394.0847411060154 1124.4312746310975 1266.6630539037333
1115.2315144630222 962.2102559747648 785.5460085252813
959.7981043835659 805.7309932707522 556.0504039229675
1137.4260302904083 547.2426687344669 948.7681280880524
775.3466505023943 1029.6163450102147 1217.8498423050398
941.3240212529113 1335.613199909729 39.726681975923825
388.93470305492895 813.5101641486558 573.4347684274459
1078.3808404000547 1025.540558046717 811.6358764997631
1302.5951858506987 356.18623961273056 45.88933697437264
1194.0543695562517 1112.2203954147753 950.3247351613892
610.9115485165262 885.6068299165524 922.9421071303351
1057.0950332454606 968.4813545957612 581.7892947572651
1123.5993240171451 884.7665975603684 691.4306097944067
939.0516542136859 1143.3223850250704 290.1048549321235
453.30747208281355 623.2067259538408 662.1270553091136
1260.7455118011435 1357.6674730700468 908.8209827383845
810.8069684315219 874.6083384592716 965.151640395892
1144.5272549914762 1302.3446568595905 474.38252337977855
1231.5077901125605 1152.1936212844037 982.6351305384184
915.7143154138341 727.9783125779077 1366.5697395619502
767.4356462662232 1218.672779110372 583.6133740758027
1066.565369822671 734.0170941045146 1257.350144813247
811.7674583032264 745.3544804530752 51.33591756469214
1094.5780392763133 943.078555722959 986.0114412288669
1076.0640885361217 1476.3730169588098 272.32702906446394
855.1283898534505 1159.0273219476985 371.11242011917506
1412.0877225723525 711.4716765004375 644.9955893185945
816.6546532253368 882.0575706068694 1120.8202657972308
1157.3938953034374 488.01781931139834 531.4343237435538
1009.3036517197398 1139.37710414313 1052.3036060756908
1002.1110362050406 930.498188246196 128.50364172543672
936.0147323132907 845.6080834730725 1434.579972869655
912.1185856437775 1383.6706906324875 1154.4399162386064
1161.7544243050302 1169.178887686349 222.45751219539923
788.759216395798 1051.4279241959268 664.3711372189233
916.7065063745107 1043.0631461125772 844.442182550116
885.4674159152823 1088.8693983793667 924.1555796830354
650.6144639181275 1072.905834347497 386.5538622592793
657.7524755713391 1341.3498180690592 340.1094445639161
957.1494697703052 772.2436559318031 526.3329230578934
922.1322026561946 1149.349902912794 346.3691233688398
1071.2434169841733 792.788616032533 591.75228935097
1040.9697108378639 591.8966128022653 62.22945767426652
1107.6570979902322 762.3606217316491 102.3292853855573
839.819014809123 1321.586973037488 506.97561706189254
975.9930947593341 370.6977817204802 1089.773147368985
1241.194067534737 1294.0832939638726 14.910167142220986
1111.985302907845 985.331533819373 237.08003089284418
893.1791145807084 1041.2614430800613 317.81477416792967
898.885459502225 473.11758630146744 1312.0914572365934
895.7974878052725 1070.5312397628584 1065.4321384362663
912.6531351601077 809.2841077259257 888.4595782989917
1284.5363441169693 1100.456107120746 345.79481852946776
704.7130541664139 1110.5393727834735 1277.6452570942618
1010.4673013604183 997.228319304337 427.95696661588215
561.374894988922 1303.4773215116295 812.1284936789413
880.5085887966267 1170.5007367488336 1311.8520371639968
1117.798209938645 1293.6092518442972 386.422003851013
820.7217949206398 944.8573119993094 1324.9824282756476
619.3442935695468 806.6327945840683 658.897691348557
1127.751387535973 993.7321935504169 238.5200025079592
1038.6885197948409 1311.6756930745998 1398.410431247367
1117.7674964125858 918.0918530391946 597.6609903872877
1279.6612735462584 1068.8982069010508 1397.6948054672223
938.9458550107263 1046.6303387196429 713.9473848444864
937.1149400159414 1287.1777505417642 1262.5534295753148
696.0971108726346 577.9107791077024 1209.362850792589
1378.7729442758227 361.73656038340243 212.57997737043004
1348.2459538301687 959.9934414810556 833.9943238354554
1377.9497212977676 990.2951324032925 952.388983623195
1017.6230157059096 515.811273098403 471.83624857232974
1219.4832473771985 988.1508307987835 183.81872018269107
1038.3794771198939 1233.904192494569 952.6967945060857
1733.1447886717554 1111.8275937642516 1311.2838568183986
826.9075845378998 1082.0165418281165 779.4027765965131
999.3246520757173 1138.6639688235257 191.5877213047082
929.6059663720818 674.0997562884347 811.9698284563815
1274.1538860329806 1069.4811589900792 519.1694129993355
829.6217295634252 753.6324840244934 764.0084092305042
1147.2065865610707 1420.503555975436 222.15302200147275
1119.8897343751598 1314.1056307781337 1290.93563279926
1046.7080687437387 1134.925141870988 576.3652245973462
904.4376280168397 1267.8700818818145 825.6997336401766
532.1414043762102 848.7278104944314 943.2256438571023
1013.4648953500634 651.5060892909548 55.4558219122272
711.6093536787649 1229.9016227571735 466.15130733602757
1020.8541456791984 1396.9244084049283 499.33797714683624
1358.7781515948823 623.3348053884524 385.66200185336777
1318.6347597579013 947.3726256552587 77.66239994482838
1047.653573153836 949.6308619899037 888.0704461574197
761.1038586794857 894.3393055985707 914.5303595308944
982.8764149870237 861.0458375598731 1359.5433524582618
1098.8750555897798 523.1903969266805 778.4204598467612
859.7299707520779 1328.3415843619696 830.943718051125
1235.1181663503485 1097.8008740253138 1413.3322469425332
1245.6862424934247 1241.0880113570515 630.3555789655207
1277.8930598715021 1112.9683451510718 628.6821455426702
1012.3524027138341 860.2088079628367 578.7873260706783
1519.832450771219 745.4384108974068 1149.3196128448376
1356.9091291576415 693.0592041960001 895.4959198266249
975.6385246448782 682.7524774504587 1444.4743730232044
1220.9675816279191 1130.5491714276022 1442.79747466333
1215.7962602389102 1459.9314621063577 157.10762953841058
1013.1236493222734 922.2487251715695 860.0155374473711
1128.1974062951579 850.4685932436342 375.0446644661889
1135.1859227958812 942.897445027038 647.1890900094563
1381.622046058983 1053.3762525758148 320.0780370060735
665.6829998336832 461.01091896216553 1224.715683759035
1113.3774722095748 808.716117747176 839.4670694433089
1045.1128393256615 1247.5710876701855 337.69674783006457
1154.5247712031007 1085.6671226019046 340.74939148570684
909.4863888898656 1362.4853118924575 726.0271774310984
972.8729867906993 736.8993923319665 1148.9278091842973
1348.4380533766755 611.6687798190469 201.99997589387047
1091.4043334469684 1184.2067581621761 6.027176631093367
903.0807990048111 609.3008080336449 200.01044023235676
476.94288798824414 1194.0444550355014 169.79194484510984
839.1596029155671 962.9727236014271 1103.3014525995159
1408.2919323450158 973.0656193379548 490.3093546045708
1230.2020418678146 894.3007803438423 78.67831470969888
1152.1980651134672 738.5853568176024 1229.5534864992087
984.8379205213802 1282.15417626499 1072.082479574084
915.1083999168621 1308.5377614827034 223.44342981179454
912.8421093034357 1333.5778291947909 161.03935557188166
820.221229730558 824.7361865013772 1067.6862373836225
796.1463743817412 1468.420406736174 677.1739790187416
1041.8285276900049 1369.2292337039 107.38975730345341
1142.511886119084 1085.9807213500203 340.4691813020004
1202.9136092186561 989.1053150115521 1273.1562499882052
1320.5123385155034 1351.1738905207233 1393.4309733165926
1256.9063266646024 693.3389849378548 1069.3966551678232
824.5602589892335 590.0523360841889 1119.6087851535303
1374.9808139787897 956.6102088553243 795.747556716658
1278.1979119549578 829.5315279901001 447.2008180038004
1278.8012759795322 836.4328616564478 809.1934693811281
1203.9367644544795 1030.6218022205153 671.4704468477167
1488.453474689973 941.6399195607737 991.5140793352668
1459.8048689147577 574.5181921983665 1294.1730169809548
812.4443418036946 833.8181307947835 887.4338173046506
1013.5963476859149 837.0762542767256 620.2607984639384
1046.8402445453817 1029.0409514857636 716.3054074170187
807.2327490336036 1146.293793122357 189.30558400548531
810.3745519479726 611.2231239469525 1328.6312390814496
505.7840103063657 863.1107465699303 679.8853016971915
960.7192423714495 1295.2542696941991 549.890003448341
644.4203808638408 1039.8945589453601 1318.0631897459884
769.530118704601 794.2002373860105 482.1212524959343
1148.4924467102028 1031.6006982806946 674.5855674988755
1465.4288674356694 896.5096684999604 1419.6203478701611
879.7172180475402 919.2603928518646 262.07289486258287
761.2716974133929 1306.2637702881839 618.8579154303414
959.419815393297 1345.9946958212895 235.11845255117464
1246.0366642662884 1299.8081125784997 202.0863226400651
896.9720657265325 1314.3409261613422 688.4566536970823
1366.8647798555562 1096.4732236825978 379.1342909269703
1264.0144586676042 925.7279206933401 1250.2122928315498
1190.1493096061731 1097.278274249872 632.1824518210915
1140.5604554366334 1128.4713935502637 234.96253772821757
1127.2044587555545 1134.2106540433479 1382.5168981739348
1106.559731740018 1090.9349951376264 831.9028872416396
442.1116907148562 805.9983953070619 953.5579972434626
523.9922656392621 620.3444190206428 1133.0714571272388
1573.1316228885303 878.8913076006747 670.9658621692621
820.4158515041257 845.7544871464702 1231.4425278050562
1116.8976449566696 1153.3963670734474 465.76694620751556
1178.0700986386682 869.9188157867044 329.34820848875154
1403.3768490492341 884.4351998702775 628.1566493649717
761.6145366486602 880.191068537519 151.43686879182184
671.7127690184157 1675.8899605806544 71.67658937252035
1027.6675273556366 1308.2947154230524 938.1834352031079
571.3165272345116 1321.9397380916948 1092.449544102332
944.5878088416456 916.1261181872089 693.0676794739293
1246.9114187218386 879.9180293750578 910.0407422822321
808.982432194157 1097.1078508931475 233.3972692033448
1550.9046055215495 1237.491338258581 1371.1262757875515
1329.5940157435239 879.5044999171878 1397.8513878054919
1319.2615855917734 1221.9231821929186 841.3187051022953
1106.5458313831966 993.4932330335131 1048.9316336000466
1352.6452750850513 1329.5307551075055 1456.5145586682397
946.4476659080623 1154.8658207648339 702.6199999591541
1463.8331533170065 1415.1363666032555 56.53645191908579
1140.110231877965 859.9980605276137 322.8070336847695
1181.5517812045719 1256.0972765846045 469.7419673865217
757.5154884851013 862.3454434548532 358.871156904469
1011.2004863506912 914.3060629371674 382.44099369315904
1101.1918385809747 233.76323672994408 1309.1017068134681
1198.508118107642 718.4885120567835 1127.6783038901947
1125.9659615866922 941.4549569652298 957.2834054399364
1074.4372358320786 1333.443600692077 612.7760689602951
625.8944336341392 883.5675876690088 522.8732505791878
972.8182063181412 900.4037478587124 1352.428332224617
1033.6278426051013 1251.1781159351779 188.69569683038023
958.7380048015445 732.0781669554742 478.016855017549
751.1389326606413 871.6763657147179 1033.3533078943287
945.1297659897804 1078.1842626159623 1427.5292603718567
1329.1523877865602 975.106870157513 75.82842087019642
1104.9660303881244 995.7498347451194 417.1428276450043
1012.7029878979675 564.0620885309513 141.74140929768686
1094.3548360207099 752.0516361149585 1124.6200081984434
1012.3087326708303 1311.5553284115117 1209.915047000347
1314.6923281858 1137.8885290013795 536.6639488013808
866.5969737062867 1152.1635419391723 124.50812746398377
792.624491414051 1193.3997030335424 592.4711659512566
1066.3559041276278 790.4916925020336 1062.3380219701821
1280.9993066398172 1195.6260826812274 1361.1371200277158
812.5559577722466 857.8177602025276 812.9417605243708
1042.34915297431 982.833955588439 1265.2704604675582
1209.7329033899878 917.3092942145486 1302.829616127641
1038.4445642730188 923.6197968286791 542.0502344324943
1034.2631050789557 710.5138519791908 351.9623583465961
1152.6087467833768 947.6416566070664 66.07462265418695
900.1256972058343 689.0314146561434 181.36115682182725
979.691086463617 696.1313699235386 244.66881306438904
1553.782359148748 1204.2800472639594 1297.1737087385595
346.28967304413254 1229.4628149324806 826.1009149403636
1371.6406307589211 1209.487819324068 577.3313919273195
1124.7057430709456 1186.6327545766537 981.3202223400267
1118.9429360085796 759.7650377157577 416.05986089273017
848.876420990072 1165.4734441756607 1017.3372761752654
1468.1499339018794 851.1317145941784 902.6703360501838
1057.173073836222 721.196852226615 609.1792700304486
1167.9988119917111 1200.3117619750265 537.7005758653208
1131.6353182177857 1484.7241264961174 1172.0971717905031
1082.0071582745027 1377.844353805374 663.7694289060025
1160.761957297003 810.0255727173253 303.9499180236478
1079.7868295984722 1078.7008999795053 449.3053662451512
1494.4163458291462 1035.0164267966616 1240.8110315140937
1136.4952808149815 1018.0463368160429 383.5635846754869
745.2173935482376 879.0722056425236 879.7362398028448
681.5097342647385 751.0349667391417 884.9495873457759
1025.3152886223168 890.5874646439638 1080.7332594455058
1015.2058563702436 1009.1634112509123 207.30257997349815
1039.2511182015905 522.8566776723168 1075.5220573936047
698.3805662246734 987.174219914107 1261.8822913133042
728.6696504953653 929.8383637622694 983.5222154483715
659.0160118159683 844.1523243278643 1294.9097146469303
1033.4335970758734 857.5047585008101 538.5187991148
1173.8211583349212 931.8295390819685 1158.355353971338
931.0752658968872 873.1007745576601 506.4906033815753
883.0517654707387 762.3233080184415 332.1388905916085
614.0223281221834 873.8675408780132 559.6269762317453
1035.6047110632285 894.5878927487834 1090.3403672757674
988.406219774207 1353.963338521576 628.715056145092
863.0756493070558 564.9309790410512 1145.1659381990507
748.6466338027069 1079.4099809858888 853.3553968146397
1187.9437369026223 1247.042259131431 1256.6520626949525
1168.2920343154035 863.7962542019982 1011.5751561813015
630.5780518773884 1149.3163594804887 485.87935951173637
1032.3304611158376 864.6328215506178 832.8799736640991
842.4482035105932 1224.1258023116789 1053.541252318797
884.0061296082429 883.9405860453568 774.8769001209425
1068.160234688696 866.8735138993577 1163.6057458056996
1101.6948363005276 1049.8556608240126 544.9260890408325
1156.7919768681259 1362.0827579999145 152.43706145595837
535.1323204636458 1025.3417190140472 218.448628560667
1335.7341308674531 847.1985154949635 406.0760881524712
1128.0637894513252 1033.8922461484565 10.188890038418997
1497.486846376593 881.7856196599434 55.95948989758476
810.1813260834676 1317.2306134062335 666.5549244060626
887.0234653972411 1155.08073581007 1063.7393062748406
1123.9604519802392 1083.7450189968463 680.504179486922
560.6964699043699 1389.0200043331536 1354.1983252316404
1409.0856281694555 904.3555898910483 226.11018553060552
1501.2858075508634 715.1015398811885 328.2333198760096
1328.1427196500674 1168.196250637994 94.08598928456496
903.88838455499 1011.1798081351777 1095.3564337054386
920.7309780651707 1081.8215911162104 871.3222348333588
1132.446098446616 966.3042587732974 1371.1530319851095
941.6699069027741 645.790864069555 1107.3057905885476
822.2084561346019 1403.0883865178841 468.14369827854256
1066.940373909759 1138.2265216326446 1187.2258626389098
1080.0894024641295 1086.5517388101446 800.9825878793324
1326.793393297163 1226.854243631158 613.1826536136313
1038.356895486295 642.6187283119093 54.59466549677533
917.1946900773154 851.55911474802 155.08274736838607
928.0466471890788 1083.8973149640105 189.34476739538937
890.2810833964281 785.9149929532484 1042.4156746478961
1106.2341410772588 1216.2262989143492 1336.6255858497486
830.7222135570862 957.1709635402731 887.3759401951537
999.3393664907289 1356.5567981674258 191.7299270873643
1083.4857572077674 838.5430262968499 627.812695932901
1051.4820274134538 923.1073745082767 26.321281274617135
872.6979431220032 967.9771817426745 1019.843486855806
1090.581281529098 973.021904520405 654.7159671344451
1182.4394710706893 828.122208482741 357.8828119086883
960.7889018150175 1061.6160496343664 1342.0045584657698
1293.7367852721618 957.7361152434389 1429.4040032000905
1848.967646741863 832.8414128187485 1305.0799364677143
1046.7220954208958 848.4735907344719 483.7476082658866
701.1001283382095 999.3795484596495 1163.9461418754986
1246.3266261874253 778.9757504925617 1071.8004739991566
1015.9736010586944 689.3728328806128 433.7393966905867
1319.4915630020519 956.5126701665341 699.712786109486
883.7731716938969 1286.329591768392 945.4224097402193
1375.4223791221655 847.5138514205968 381.5371450914538
1461.3739725336438 780.3149628726368 50.10938907424273
1312.620195917719 843.8283521227127 302.19000466920767
675.0164002242274 1435.9254868207147 333.5125313320371
882.1877984488366 989.3484505096282 558.2630860578387
871.7924027431895 984.8215731518787 699.8110715387011
637.1109934305092 1227.089577923647 1260.933574160094
1031.0570988183895 822.6727147757614 1238.6594822197026
844.4454355112738 1058.289232832111 1386.0460931259665
1099.9242823145566 997.5888021641067 104.44012850978407
783.9255511772884 1078.9911695486 518.6277191808953
1279.061207302142 709.1713033710616 1480.4535806865974
690.1412418275745 1176.1614274679039 1429.7369102780945
1091.7035366595812 959.7877128005078 791.0217484774511
765.0027410978046 1027.6685528385697 214.54716330231292
838.383699259178 988.0950151997283 620.0392345438613
844.0387482760661 1138.693801396191 1485.3578585924326
581.9552173533409 1101.2258572443316 1004.7243479297817
1074.4337685395567 1046.3878815911505 469.2822986144764
1268.7003569166793 1052.8188406789463 867.1193532264239
1046.3876283995044 880.511556038861 572.8912222724169
1294.1816064899394 1417.412263927072 155.11470920621161
869.0223813266379 685.4977318937686 1361.9758331920452
388.53692738637085 820.2661168602347 965.9190558793039
1084.8666753827188 1358.1063371453042 186.41324840269485
1218.875610784613 1066.1848618445315 812.4190477504867
1006.9480340184729 970.9175639086836 1108.2284215689237
687.1441226034299 866.9712671558119 714.3874542024819
964.2200893678577 1027.7668118186737 422.53312863199244
1679.1094860173312 1058.9984415351962 772.901330020968
1198.697140847629 1181.2573014750662 444.03746078833274
1312.7022673320632 1245.4309226386904 336.1374886706091
793.4821926743791 852.5484149833087 485.1016808967946
1102.0047971375443 867.6023557554504 625.2162040098221
987.0796034633634 872.8805333819448 988.6796495091806
1316.9848728714396 575.6999601141526 575.356935477013
1048.4138283205339 1142.89150700514 501.78147059730384
556.2661832191359 1245.5967636586759 1494.9746618930872
1047.0211103840877 1083.6685047002825 128.39613436490416
797.035167502774 1361.7748853210705 1351.7329090603369
1005.2423630043028 917.7931435755352 576.3605384172698
1177.7398719402001 757.3445228208034 696.0331868658915
1399.0800215020595 695.6908359931188 1185.5386458680548
892.0758252390197 802.4272972489443 292.3451137026107
914.5895809566712 708.0496108179462 697.590407340427
1127.1835033829475 631.2048491030787 980.7174271423668
822.3251702494714 1112.258956338683 1229.1898587744852
1276.5148888072604 1317.7258024368875 416.531754436306
1318.484603958542 1052.6736813589648 574.9755807147869
1037.1858184961382 918.3624212711464 1378.938674809798
1131.4651196635855 706.2112366401477 1438.6515132827626
1175.0689859339288 1197.6959677713344 1113.9355806906835
1089.8294093068484 568.6998235534559 1058.5046109513255
981.4305048488823 1322.3574309448022 304.5240786522853
899.2650735505725 990.6331129050415 1232.4814525817199
494.9934400292818 777.3675189750378 236.86090503126124
738.1851059085932 503.6447681352988 823.2908681993359
1199.8671052348002 1192.5811645600102 1.8488174046186745
501.0736943786895 1209.5408971036275 636.0417618167978
1074.4987958852714 552.3777695250793 960.744755731359
1281.5466995406282 1184.764138690652 632.9736802504978
1303.9049016444778 1239.2780748921857 1451.3846461455303
1073.1950044093026 941.6050411946983 1311.7784591093757
806.4189951271042 1285.595564324874 986.4689590823776
1136.6701924978252 843.4092068920698 1081.8108193720223
650.6265868257278 1157.2195541122176 147.47708559891632
474.19199750740324 728.2053683994453 960.9058011276732
1092.678348549567 991.9938532284739 244.78728901331215
953.1051800889713 1335.1047296266884 326.23815012371966
1296.752578563941 1152.5509763238722 28.60199135334024
972.5054890570404 895.4831324282304 1006.1511538855036
1037.0898498137333 1331.5821508863542 1320.4300093839988
846.644657292875 784.4883142157287 1012.1290830857811
1319.933752967714 1104.0794773579755 260.4433161136975
1071.0529662976444 951.177710934548 200.89150526440125
913.0034512074562 1262.8180562812672 747.8629146176953
1160.2388605857564 1122.5336894628017 440.4398620678758
994.7840025240808 881.127523656405 72.14285174669111
963.368643607083 1190.7820531352634 579.4412445219804
1003.0684699255906 1156.5495037339822 195.8068356070092
902.1853011705726 1050.6040987157214 1404.4287576692373
1005.0338958794041 1002.3001413697489 696.839193546349
1479.7518486588772 817.206311912739 1412.2349410681757
1016.5915116369059 749.3390874489062 612.4437589644816
1402.0014981121712 634.3051943883297 1270.8672612713046
700.411288632615 1181.2121737721661 862.9338989922552
923.6743426172715 934.9637854426403 153.84029862405146
1236.981904902523 969.7941656496563 1125.2304797310944
1572.749247572465 1264.9740536420973 1254.9179254500186
754.0388984158692 649.8596911840293 1326.6066810259201
1122.4791751572943 641.7976499106289 902.2883312136178
751.6985642644122 382.74124361765746 596.8110768383924
1363.0594913950688 480.9083398628437 973.5933014568985
837.4978696230881 974.6560484649326 877.0535017570045
875.0560495231599 1125.4679376606862 1042.7166984421342
1335.7681887625265 472.56018998601473 1444.700683827121
1385.3202812846403 1171.1461818008484 259.5882716903922
1100.048821436067 825.7259936502146 1358.4343631779966
1014.4338824450707 939.760223970116 1202.900352460163
848.6861703997313 947.0367742501078 1391.6520234102097
1037.7156031541203 999.7829383674866 1110.1617535935973
700.5296726702426 813.3759816999377 901.8861108761103
303.4361530833411 1056.248950831164 1350.9601653491263
1244.1933320944672 908.8231060466571 1041.0473616214435
1090.5456949756629 939.0067600709713 1175.697050889528
742.6446175392218 911.8253769034325 409.2389171919666
884.3056183822131 1006.6868544617887 1112.8935885879985
714.8685304547162 789.1244253398601 1277.9947637412326
780.19980865961 1349.3545860072497 1278.9899050267697
763.4332916588696 1311.4692915908981 1062.1475031464872
841.3696488216918 635.9054095723467 1210.886940208563
927.8830879849177 1146.2146925022762 1155.9154962153727
1332.1235542744685 791.0385369276885 85.09252749874003
1072.5505978529068 726.4154746103859 758.6427696258226
839.1614027250077 1039.5246678291414 102.60603034744642
868.8616372818284 270.0556591541455 1112.4184996744118
1192.1663395008254 1054.376921210927 876.452937981414
1073.42776842179 901.2226659324241 895.9066547855864
986.2537990662663 744.2997122709655 915.1502200482469
865.7096626708209 1342.3674470174374 1100.9877261556455
889.9747715492531 1677.4199345642646 893.4449291351868
1631.4603610681322 868.2885555179123 69.35565483384055
1084.3395213328172 719.8174326442447 456.16606854737125
1310.3664857788085 1167.7239974093036 4.469637946885485
1340.2008482002132 668.7496987506786 993.6769120108312
1083.588670931344 747.0767067463398 1311.135217391498
833.085721738646 1331.9856838256628 450.56373227947836
1102.0318773262743 1511.8879488415296 232.53589504413625
959.1675563725807 749.9435766662717 488.4853308904088
919.0746924907659 916.7909196614544 859.153246617866
858.8799568278462 1301.0176187497452 603.6071858633319
728.7202668895291 1208.9409010568972 1312.8019967295893
1034.2469024047573 832.0864754797741 737.4783627890514
859.4966781251837 732.1070341162715 1342.2635090057577
1414.110869604437 1262.9229901225597 1439.6071411453786
1111.7868085997256 950.3738079467142 112.5783304443877
938.9416357155739 1262.6386312913546 1479.0085045607955
688.8841114657439 937.1681108078061 482.2780876386471
1180.0135204940216 1198.6897403996024 1093.3426324040397
1214.9972877289804 1006.387349734219 792.6203835184243
824.1119964436143 1115.5094477192447 1175.937665715642
1105.3542671932796 715.1608380974736 1180.8699024655937
1646.8593361936628 1373.4909371270367 436.06819385356334
415.046060150897 1325.9262353260522 1055.1245063628573
1110.8549538380632 993.6551772314228 982.773808891816
1251.1699471649672 1038.6234600336427 874.5669100567193
911.7787964393366 963.966262669756 1119.6069663569656
1194.041148027931 1239.2786306503767 82.92336515393117
1232.892666933895 906.2196000351787 865.6912629317746
1166.9206409744663 1147.6866839734782 610.9726028496763
1123.8801397356679 1521.0889738036904 1248.8853390354113
1038.7535015544008 1058.4583180119764 1169.998518006609
1018.5142226799238 1161.921986929549 1054.406478590198
672.1592763297173 1008.3683792420691 695.4011390021919
889.9504952589591 1117.1846118619662 249.73888591275346
1190.9824083182352 1110.5328413276281 489.05992115981843
1362.9070877525837 655.6352298134675 1088.3419419947415
1016.9321423970536 1140.1350757436412 778.1134273649902
1116.5335335176555 1010.536851820156 702.2253137589323
1415.757449235195 1172.5816751714308 122.05817077182351
937.3879734544463 637.3159764726097 82.49822875675083
1008.506700684642 1219.6264779642709 919.7740893155989
933.0414069327525 805.4391157132125 392.63626658739827
953.5285686359149 1193.6695529016677 424.99666367395804
977.5125409709153 894.7761175505457 953.0775105882533
1168.4176443796243 1400.5386331769719 623.3031874217448
840.1807069341288 1118.4201098672245 291.4800288311557
885.5974310655558 1006.1775110986878 1101.7212197328058
833.0847479045116 497.0353947622973 906.7333819022302
1185.2166599235481 929.5989865079101 293.75765775093583
795.4103219350172 1419.985452560196 1195.0627933981068
870.1388019555648 854.030047018126 1298.4735587319415
1125.404738398074 849.6727086806849 1050.754888184239
1134.9103963394393 970.6578248972613 966.2424118323607
1223.9752049709737 1193.9921507106608 903.5035319787944
1539.4684427024026 880.3702284216247 120.68867950884987
607.3179314609988 1283.1197100379122 419.9916142033263
1083.1068834920713 1232.9919186508384 954.6046746658599
1207.2941766742886 1022.0480554876816 128.74154021853346
1077.3315563304884 891.6395662851178 960.7296795358541
1269.460605446881 941.8904875239505 1203.6502718846314
1182.9154041432712 828.5733898381975 976.8094647334844
1099.3855575014989 979.5683989091792 235.03688386492405
1495.1020114277312 1152.7933223609414 743.1881555417326
930.3965455204315 1017.6181890371355 978.0812161989483
669.919224440064 1222.7075467046818 1054.454297954959
1381.445085536628 986.1542973234112 413.94498330116005
501.0924787637424 1101.7438143195554 599.2701571250473
810.9013917096323 1036.200043012321 1382.043285990387
795.2645093170278 483.95563335702275 558.5673114650116
1001.2985720777558 1007.2325705930748 39.14649197263726
877.2676599728514 1121.5781702565303 739.2429297178942
709.8650382589178 1023.8193374187668 575.5480267292148
1125.9613807834762 805.267449453293 165.2177181094091
553.791398300146 1113.5355581581223 144.93671402616425
911.4909920061882 1318.1410405841996 994.8185045198666
814.6566598415309 1098.418838549891 424.77532265434024
462.95576143010237 1293.85354701185 764.8851200887434
1001.9555933390495 605.7916404810394 494.5152025053066
1207.958240856468 868.6805439705647 69.4709504798528
1017.6646730398579 996.0530711238712 680.5592024834978
1153.9383749843926 1420.3242942956506 879.2119356055225
1073.02949305961 1403.2159217825788 679.3245026547188
1033.6469448792022 1037.5414821481168 883.3195971568946
1041.920761653127 888.6727853820976 716.46761122541
1108.8589465996108 614.2728030724055 12.17561367343789
920.662348567356 517.9262837410377 272.82139283666226
772.485220018641 1233.044675806381 237.7136511362442
1062.4185636006534 1172.437230297915 1354.4532598320372
1155.9944980144978 1030.551257938619 1368.6937939615398
1172.2202152240113 563.8889069124068 160.88904236665775
1117.5670740823073 1229.8607860972513 1397.864332113952
867.4526600266788 1505.0561144353824 1037.5348358347824
1174.9456557292842 1073.5376839363662 1004.4067883887767
820.0771551832033 1229.7240180171084 912.1220144503492
582.2512711198349 1332.7876216032046 379.30368340730536
1832.9809372554937 1178.8946513415847 980.9679367192897
838.7146843968827 677.5932994997509 434.2193900890845
1234.2044687574955 1169.4257322549138 1371.9054317135901
1372.7817709747167 789.3943328664784 1062.235858501365
1134.3835283605658 910.4060861785152 1073.1494598313482
946.877839907007 914.757837952582 393.70409365068684
1247.7986157431483 869.5713533368826 313.9725219522222
836.2335589871617 1166.5224456414342 269.06272972879475
1323.9977960694728 885.2810655927979 227.11810798989367
1510.3589501909316 1087.1293134965729 336.0632908007819
1271.0260595688785 1083.4751094737346 422.14324625804863
1214.6205498611162 1403.3999385812513 263.8153416454763
1030.8002151135638 1198.939267780483 673.3712026897626
1055.7809490709724 1410.0495750344 1063.1974611721694
996.5872963582955 838.6145328205655 863.0306351540363
1095.7482979896558 987.9961260194065 995.9947959787708
528.5020695590432 723.9414268771461 648.0497440695781
1128.2716391958675 1278.9900593030334 704.9846346807271
830.8724950285164 828.8947702955325 198.97879045427885
1277.405589149006 1269.5398185292129 1361.3022390748413
1016.0280007080916 1364.108449275714 1161.8382492607695
800.7432546458024 1403.3187693878135 958.1050495183758
893.3193124688006 806.4994083707129 347.169432502079
811.4168822317444 958.3137406007218 28.99562830506791
841.8541599347749 801.1902224185092 1234.6752157944647
1449.0852647197762 999.4921518057819 1240.124263050895
1301.1544397209436 741.7850263909554 1237.5149432137107
750.0265685530024 588.0008564934398 689.7843975035445
838.766374895327 1286.2675562831917 978.6236197065997
1142.053811659917 1139.435926038644 644.7211810979157
1162.0587963020675 960.5381374362393 111.7020223715982
773.58061415403 853.5743249490176 1366.1647434932988
1371.2919937471586 847.5331752919211 333.47564741892137
1267.5905633703032 888.9177933462387 609.6173206600157
1184.6210001550235 924.3184407967145 976.952162903769
1014.0067942183341 1061.2716760947662 970.9138405880418
974.2915670830102 902.7934832098607 1121.604821804936
550.5649087272881 1290.5366273254183 63.055108795286195
1111.0528161078216 756.6740651381665 1062.6765796569264
1334.7917451327176 1156.115668400821 644.8131420862381
1025.207789382799 1377.9225731072452 727.0013698808305
1161.547301252563 862.6758254142796 920.798676167949
1291.2055459327908 788.372139856577 572.1739452051739
874.1061272109011 1441.148756356924 312.9378129760065
1168.414489140031 960.0500809943993 58.845882368369516
977.962650385738 1808.6858955727766 750.0171437023852
888.7569212513432 713.668665860506 636.82514192064
1038.7124414420516 764.1759040060824 710.1656041710377
679.0653422938553 798.9080358129772 275.8948777902474
1049.6084298362503 1071.0426646722713 489.0824266051228
654.725114236805 1094.8580634998912 457.91366651344697
1132.0724472002676 862.9282548301404 167.12611996341676
866.6173017415246 1085.0377178445306 876.2952567693847
774.0419058020415 1277.711954627834 1490.7234850329626
1075.7090925022187 1052.5357917398098 133.74432975165507
846.5212246972885 711.510607266661 338.1237505705851
974.4289616499127 1312.2304078530942 1365.0094797470022
1139.9957990211528 767.4039145138828 482.2249311802431
1403.3558437857346 1103.2835492773224 857.6156812101839
760.4478224798862 748.3905989778689 1125.8403381365465
821.808924327832 955.1641970301582 587.68240430399
977.281243196859 691.9534162884127 662.1344649174613
1129.9867165664245 941.7455249492483 1121.8620902490404
1266.784179067537 1048.2809620171838 190.3807824293074
770.2479871763778 899.0027973336482 1343.292432950377
939.3751030139931 1103.954555509816 266.0222635990552
1424.5254288348858 618.9757516598232 861.5693205121103
803.9054284725978 1177.0444817784357 459.6189597742163
1038.5281913346062 561.8581747584434 470.1450201205549
929.2465400848004 1069.8934361608822 1480.3780918176124
1017.7066484249983 855.9290833167342 892.9146109035711
840.2383615947797 760.7679864888707 150.6538720053364
881.044808410508 897.7345204439689 1421.4343424417834
1105.8031093531383 792.0203728727256 461.7380274332128
957.5097413999412 776.6654603701072 982.055211482898
710.6012786902511 822.3001734535175 1168.2871147412186
907.2865103395569 1313.5715218878527 455.90902635343514
881.4435706092987 1152.8545658251094 434.0431153557506
842.8545430487954 957.4879296293054 827.038903284951
742.3777182999738 1014.1411303398858 1400.142029602968
898.4642348824138 1115.2872758805051 401.73086061863694
1177.5291245913443 1054.8419784973426 14.975495471864718
808.8344860427392 987.9577194425484 193.64523357968056
1586.037195759845 752.2147549699206 357.09408250390203
1160.6219124925485 993.7002739854502 1098.7082380799384
1309.5745638169094 833.6601050855207 1423.1631590776992
1193.2655286575302 629.1421263601729 572.536359996851
935.3086592292766 869.6593199560484 307.9931716207875
781.3380440546722 818.1037103407358 942.9509808814197
1069.997053428406 973.8306585284067 117.58542160919333
742.9441026335223 956.2443853149746 153.04544858016612
1087.1766103176806 1265.7127997028936 773.0778472338019
996.2641886114326 1488.38342989179 544.2163413472679
1371.4533242605423 993.0053257287557 354.7698203405902
757.4294270486535 957.4048655580002 197.46781275034147
1043.7577585530519 1133.938565224738 326.3373685386838
859.4761879044313 739.2609529222021 660.7196579708217
863.7503444443271 1138.2456630017996 322.2454368856606
1063.150487441333 1363.3724763072473 919.4390054301961
999.5261905412175 985.8119501968296 1039.7876758977118
601.9487208322762 842.4532139995295 1348.6835038985434
1264.9864578866952 1306.964934542471 655.8088464182837
1252.8562611112848 853.9630288359095 926.1258940539808
1389.3112543095706 1363.269444065707 548.0320063977983
782.9394496338425 1309.7464137502848 850.5294866675665
674.8390935494173 1089.513166904832 1201.5335223474237
1017.5364520967642 1192.0301889447494 1206.9606602256235
1007.3980155583212 1310.633968371448 774.7170831502393
1135.4711200152296 993.6659679918021 1071.252976497749
735.8849416431779 1478.6445702973278 756.9650897744633
954.1145722905009 1174.9243880087347 237.5525691502034
732.1237030800276 810.2602915658821 1303.7597468782474
710.6304731631885 795.4880153384102 618.1311187957069
456.20245213698604 1015.7206207703211 176.40767154022697
767.9149853397214 774.0183772651745 1490.163965557979
1507.421361969652 879.5347299269777 200.19574188714662
814.0265540639718 1431.7670952679682 431.95330778674276
732.0514753070399 685.2731610949606 780.9885200156764
1102.8976620501662 1362.8935439072561 203.58034238781087
844.0968930933944 1157.3100635973021 1397.8758404028054
627.9105935526741 819.679175362629 770.2012914366243
1079.5272644071654 1125.617977564672 629.893405978563
907.5294417859423 989.6124296268713 250.6917580221693
1004.6378743668569 1029.9821030501726 653.350437413978
1153.7499931048656 1437.6435692396635 1349.9800704108345
830.6311945503859 983.8142742810486 205.05094200543155
853.3899718778503 1034.0897416838206 1248.015601964401
1218.8969455578563 1165.381370919683 165.87172981098612
655.9088000469972 857.7729407355918 642.2576567943221
501.3110572108278 976.464666453027 277.0746256485671
977.0203909412376 894.755872427014 1146.0093457325563
750.2829486300396 1451.2411590460451 679.7790062842063
1029.2901929535894 483.57730913843943 1194.56965747993
779.0915296181577 805.9904147310106 480.9339602281659
1170.5277444948345 1251.5577243779207 701.1882116928473
1203.3641683941448 932.0400439955623 1049.3285937802934
940.7401037775916 1005.9856545747989 179.17591032175238
631.8993867708118 593.9444819020978 1052.7358883996385
1266.2004942409476 608.490644808888 1437.0484902930477
632.9803302299542 671.5498940772776 1051.3917557605666
678.1471738089316 1213.082392792408 870.3860626980852
671.9072044637342 951.0423201611356 1253.7391084426563
1090.596505302872 1134.5264308480137 1419.6377624126267
899.2372728730137 1001.6506275166059 230.703284342558
689.7382524143716 1101.6525851488914 176.82109369872222
1062.4195651221212 1184.493919532173 548.8545106587165
917.9121046503745 914.7043097035257 158.4380452728072
1343.0440215115907 719.1657345918435 1453.5354613433651
1041.9924070387924 1251.6266614833808 16.88255379656206
1057.1450766826517 962.3830980373344 215.2194415241322
1122.5746966294998 1131.2461030685909 509.08258292418776
1069.253470936373 578.1668311057999 1452.1324072825523
682.2911776291033 845.8362952643091 245.20136653847518
1073.4778026953993 725.4545657707379 154.77869128732974
623.4663187397271 969.5125535344832 1089.554620527092
576.5662970065133 1377.7883846568088 1119.8745177772641
1338.3736183773287 957.7177226018907 746.6626743121041
947.1182814283532 795.8989513937171 1302.1363670380535
1482.531776656056 1000.5703773730605 1207.405663888287
546.840211060989 933.988126851122 250.11852857681245
1137.1805626468067 914.285677220556 61.49581255174091
1246.893490634827 700.6322952526525 622.7659149343294
852.9138824083989 1084.043086502271 1450.4408358547314
901.3931397179799 1103.1517655853006 330.6840511994308
1048.4556716797852 1133.6352967669861 562.1752123996889
1020.9088340485274 763.1520770791581 181.5677717353773
912.4635391190591 968.2807346327924 429.6362759274844
434.75844247501436 1011.711652806953 870.9640327884534
1258.045633177407 1206.1290760596992 373.5231129225041
1416.6163070896266 1051.8399662656923 984.1520056404534
715.8788766715978 474.18041307291776 882.6309311807871
1399.0730052998508 1083.2674728987122 1238.2719602105165
1191.6016508680448 538.3628088954781 24.728843664516774
1314.462093911243 929.5055890439096 374.09282129193093
984.7399860823937 1405.9428076159656 1076.8248298162146
943.3804241299312 910.434289270105 1385.2078812158807
1120.2554022049221 1197.0523782607954 1016.180929018033
1047.267807531186 971.1875579054838 1397.5729785885544
757.1157504106948 566.2181879528982 1293.7906055407018
1395.0937397887683 981.564472903639 1175.0800773471667
1191.9918980355478 681.3511397152115 1291.8063245465453
1055.5908621242065 1152.5121919594371 1314.2860521388336
1154.401359730352 1191.7279555795078 884.2789247018
1210.2343979650254 967.5012230988166 833.0042304573378
474.49067056498143 967.4982715633685 643.090059831531
1358.1411112226365 742.6348169062703 473.3856703321275
1167.5432499236395 1275.641121164287 377.16425466468104
771.358864581679 727.2900016518265 221.56596440084985
641.2049777091256 1291.2644541378347 1330.4101974204107
1266.372925585577 752.5194750499084 525.0861207630402
971.6214270501142 1193.9491318050586 83.96093809943727
744.5294935768754 1419.4141813734343 944.1316313544222
775.3084636930466 826.0610348538253 944.8209355516541
1015.2480949056038 854.3992288547245 1427.106507065933
1368.697094795666 453.31728039185964 1332.1961695904847
872.6492994636096 1072.6221177427715 196.33054678297628
1148.2052628290028 818.5517071975235 224.61752753415564
953.942495012526 777.0631499212632 276.4394543477291
1369.5489862526192 806.9760973526213 849.6746578452731
962.787939673065 936.6237712504923 990.139651942797
1278.5927752122793 742.4957426507525 978.7280470487806
1144.5589643776643 1009.672051030414 277.25188818915797
1118.575790507585 656.2252064392753 864.5579916469909
1006.2803080624436 838.5403382120356 87.09555703515953
1017.938781997227 634.6243493735423 904.4532562695698
1030.8466718959046 1179.582738330075 432.4745904911741
405.8481882752086 576.6881687557976 1109.5260172001892
573.5101582988921 895.3212517460025 884.7560737685852
641.5005075052147 474.22465499225825 1455.0023918959046
1762.0618266167016 1207.237001773289 47.02416628895845
1261.918645255831 1085.89237934198 281.99013691786024
1187.8282174955348 798.182006250049 8.022174351159371
869.4879780749618 722.4542422201421 1186.4922247948807
1014.9031564546594 1269.6321794351134 1254.6796467312474
1046.0372687252016 683.3251500695712 481.53747614405347
977.1679034418494 962.9948917623376 908.1843559339273
1375.4555097941068 1395.635625122506 380.24325755365584
1095.1667832201272 1249.8882149777198 576.6120993411013
1066.3275190969543 1079.6693346987875 1057.1600684926989
1300.9209628316107 1123.8158797615167 228.88959749087718
1038.272637983354 851.2405500943157 1283.9901361035554
1248.7252314260431 928.4378492489604 837.535177557661
1391.2337166226366 967.7261539272669 303.99302464160445
1117.879020235996 1043.4616319793188 583.0655506305828
859.9947577937892 1064.6506834407612 1152.2101212740836
1432.3785675147965 1167.3975399417839 437.9393185985514
855.2026120753541 710.3860875886717 180.01690808854593
988.793464399622 1557.3867001998174 701.3539366687717
989.2414467944313 1044.9176887786052 171.39863042317532
1358.435166032525 837.8373431596414 1035.4861510425421
1254.5016185002714 1101.219614693643 920.8818250384339
1006.6223676334725 960.1618327393657 1493.4739027251776
1013.1832454459307 813.2495707387826 16.913457142175236
1081.7139420280391 1095.6787234513245 1486.5523135999647
1308.4906336781273 612.610805832413 767.8075774254996
915.1549284392221 1342.062037410286 77.0385308285073
1135.7486231376213 849.4139243784027 859.0200996507767
1133.4937633135555 810.0425026442228 750.8907315154629
1328.2505037395808 1106.5475282322739 463.9199351349127
1270.0242836493096 1194.9835363373213 279.51469843364407
938.6967378522418 866.3665691864537 593.5363508350949
1168.344146999571 1215.1070036142482 1167.6833856711978
807.1530327309996 876.6173762431622 781.4265641009491
706.4661520163247 1190.7092392020136 697.345740029877
507.1797804280371 1541.6811152872294 1008.0275975729493
841.6557220775026 1137.2460687879707 780.1146046285874
1141.8124048850866 952.9035204516882 360.1667069346332
1287.2341561150904 826.0895353131042 1201.3005029229619
1304.8581525700365 1271.2365198955686 1382.2958459771007
806.7776128160092 1186.2289889452495 410.71311314458694
1094.5524794116661 1140.9985499012553 381.24850912787156
1562.849576082027 899.0275365063634 1360.0292489483936
1230.1237491354968 927.4120082928347 1318.7335447443925
863.1308471564635 424.6030937344208 1211.288025043584
981.518480746178 955.933459033246 1232.5715106126968
893.603385831647 1495.582092554569 952.1779050377281
1036.129154462953 1152.3118184031268 1047.2687155585766
1349.8387659840762 1102.0721294501473 315.68004052389966
896.4729616075438 1080.8451552137856 888.6001475831922
972.1143167814926 906.6773099984151 282.544246379437
784.5457971725268 1309.8802542212097 683.243734436209
871.8283754192647 1062.3596177053512 198.02590026277167
974.5893839690284 858.1190126957465 934.5149183968658
1202.7758338776096 619.0038794144282 817.3952533706382
1133.7450420151954 538.6097047168616 1050.4618787366687
1396.4765479432954 1273.862681380192 1098.4675589612566
1127.3152732460846 1067.2412360473597 1017.7331506473379
1272.67868641046 1187.094638559232 440.0721539063671
1401.6796854164716 948.0248038318645 1103.4201110877455
912.0467119074995 1737.4087407009824 57.15373847599814
1204.817476350562 796.0817482795983 1145.854557569296
784.8003968891792 874.4994930763896 345.4020085552299
1653.0059593918531 873.0752040167913 137.01639761382367
1084.9445411468737 965.8919017449421 551.2907902152205
1162.06302827477 803.2777926717603 186.60649436059907
807.3119368565087 1304.257553057339 230.02795884165832
1275.7626175629466 1078.551006191247 671.3514262278113
682.845941637933 787.0067060945904 1312.8166795840264
1344.6616492551243 1406.8548559063327 111.95004333394675
1041.9891843380087 1076.3269213980918 326.07663187143856
962.0253494111483 916.09615778453 226.01763154318854
1341.2659029648576 1118.362356748282 1052.5261874804269
683.8122923819035 594.7744831703588 480.08864935909804
1249.5261289907146 1161.7572458157215 731.8297872076583
1157.8475439996198 955.0613231580118 1440.0460135897492
1024.9394192273658 774.8074839383405 78.23826466025241
1286.032745018579 980.2745201030837 1111.2647984281655
1161.8229016178122 1155.5247807625838 1091.335559342503
1086.1061198994878 1072.7505721161672 34.645635953728
985.4089777521324 662.3500222830655 1233.2717174458242
953.2695730112578 1239.0541224772587 339.2885781659309
842.3588140045225 610.0057638544057 1368.8224918775798
1126.6398316037416 1179.9657337197666 457.46484458007177
953.4633785815986 650.6794679417555 1309.8143814122286
1266.0749592616662 832.1889729049841 798.4461996022405
1278.5806769752442 1482.3448951196533 366.4687841197829
1056.3953511549012 1110.3705636938869 380.4409203634338
1206.7255397786132 1116.8070401279847 128.81224237517824
956.7794215497338 837.9273962643731 1117.9928029340654
742.361514295559 963.2962201368904 765.3009575069045
1046.3052580389442 1328.1238021335566 454.41935196406513
1424.3057817548179 1190.7971101284363 736.2230707499391
775.8988864481565 890.4890716927382 309.9509677243292
1095.6375314138872 1445.0290203035602 405.24661829688097
1302.2569454491577 1296.164002696874 381.49875288357634
1040.4952377409827 1200.4227480253894 558.6875017038075
1280.8427862433196 851.7385147373486 55.66728660582632
1321.8773074419162 833.3534663507917 161.9890930377331
980.6698738810326 1180.4975120201348 1148.7263816456505
1172.9853485697943 973.8574414475978 374.6131004601907
885.2459368039341 945.0874943562012 142.486168638711
936.117082612538 1070.7370949893434 1202.3157832794511
933.9072108179936 1480.485071888636 1492.4927295549899
902.8152959090286 1129.4607634607548 377.4746630961541
1237.0684043890417 675.022142466476 1344.4671287460408
1105.4939432757649 1264.2707192336384 852.4536095332395
908.7055410873278 1197.7364872738447 664.1121876569788
704.8603187636103 661.7187392299979 1044.615603821807
782.5869034609105 654.8226812088799 1145.3090724254303
527.8483934354583 1228.4891041741935 244.04634589611862
943.5247496148786 979.913670016321 1360.8393726150416
1214.7037672680183 969.5894468953809 64.50835739109407
1091.9952544099208 681.0243063135056 1428.5078301364806
1067.7511272307938 1665.9387016889432 1062.625659121397
793.2916410931667 1110.870550552699 684.5876652095686
1460.1608274211708 1071.693096703076 23.01499102382759
937.329145676378 1410.1728337480802 710.3942563227204
1214.6816554343993 1263.1694171793524 43.23493011456653
781.3531260880005 1228.014848878706 721.7481225921316
707.9297773820417 1161.8539638768073 662.1892937853287
814.7041492454738 1001.7935252462103 785.0947025277716
928.0328543703848 128.405027237735 791.4119700552849
1102.3887243383833 1308.1175557736767 63.26880255768735
1102.866863747446 520.5061163193238 1168.1329233490278
1128.5619562666561 1447.0869152109237 485.62812133262
1083.5421905492608 1118.6314130703654 979.7647818528407
1017.1677697716414 971.9987278177857 884.9893416866232
902.1854924263715 1055.5553079125884 1440.985276825874
1093.920044727444 975.5598827621234 990.3148355286634
1059.3225052068497 911.9355669093231 807.2589534127289
1067.1912549866413 1358.7641434145542 591.2318169843575
602.5456823025174 704.6722015599987 331.6735009326803
1351.9885619867775 987.0322279847604 66.1433751352869
699.6311116549023 961.2941135073816 672.2305862191746
881.2819902550096 938.2281542925402 1186.9509717953554
969.8444770957942 755.7204208068966 500.4539881350126
1011.8081164529846 898.501387118331 1186.7514806936763
1045.4155571131953 775.3272375999385 55.1326138213723
948.8245337496127 1148.1798832621025 365.5105925418139
1013.2294419246026 1239.1672241053056 195.44163765494855
1510.4057780783057 1430.2213111223737 743.7125695256328
668.167323610499 843.810598920176 618.8209293509018
1151.6770891107844 870.1603961067004 173.69183658463731
1146.613083228661 1336.5701354795724 1393.3095341716298
983.2883240683161 637.4333077123613 1252.3281529837975
1015.5131335954236 1352.295062557097 449.97326155668395
802.3212890607385 1177.7355349784164 1079.9907292346884
990.1929595433378 981.8741087918993 1472.9719715279357
431.8022245022905 1076.9919457237363 714.5863386154476
846.874874394396 632.8135902740332 890.4277294080258
988.7460817182898 951.2362297049215 497.926118722795
823.4958460998504 917.8091871947735 942.1850232816035
971.4548497085299 1240.5626521809334 1071.6768786987188
1176.9815507612973 1043.2192018330445 253.88204652291785
883.5120319933221 1019.3280777536777 499.02375414980764
1153.6143486131714 1021.3786449482735 1080.702705640265
852.0264567523025 1139.1586376211426 594.504421926347
1143.2130973267363 546.3156852029042 258.1726372268308
786.3322464227875 829.3519961680308 87.26411187045507
