150
1269.3973602728504 838.5498597905178 902.6837297442136
1216.2573359394466 1382.4070570744786 544.0639786824753
1279.6033464017664 1241.559109334498 699.0223030795817
932.0209840681391 964.6767997646391 1421.8517859223143
1119.332622371088 1591.3266172848494 989.3919788201553
905.4504018555671 711.1699976889247 810.0682155149198
893.2683613743861 1283.4509115996798 1486.8154269035608
1116.0678836197633 1121.8787796623637 44.002754472890096
1090.7256879216234 814.5063348828002 384.3117735779587
761.8210913459641 610.2167311312483 646.1484959634481
1147.5396090806944 1069.8657385472104 1411.7398977265657
1130.964295620557 1010.3239178638513 1445.8292791627446
439.5534085940519 1237.0492581773315 165.79913266518892
899.334806442602 1604.793650834567 483.47636226228684
492.0604704268231 1277.89972712533 1269.9206039033343
599.1629747527423 1075.592540907403 1128.0345313046807
784.9696280759331 1390.5474288062119 634.2555542786694
723.0132702560197 798.8873087357258 898.7191150703194
1496.2828660124608 816.9851883776187 1452.6784868726
1354.9341609794926 1217.8693178939673 1339.6346987103004
835.1417283872471 716.1331110316496 196.18322961145435
1117.6715506450973 964.6394573044519 223.3698862830112
915.3476816652721 1246.5494175052636 1048.477092163955
748.113638724298 1246.5970413899904 743.7706131731379
852.7336275004724 996.2206789704442 123.7687795132853
864.0785063258277 509.86423985951444 1433.567058760694
1428.9816818576983 1010.6394484527308 330.75201910229976
981.6215671059804 1324.4377303863137 533.6045038802753
1048.8466252440878 805.3216295331721 376.44834365660125
1280.5768758922854 695.4929927131834 162.78740981453655
890.5892251762166 1201.7825476692408 295.7867424337121
1253.7613682343429 942.8722557878045 1265.2017320457599
838.6367225324824 1267.5413798926736 1328.6332598396893
1013.0429456390801 1380.6928494143829 210.2381953660643
819.4400642889048 1308.4344242663321 158.6278880189863
822.7669950368695 1366.278986542931 1140.378566897197
1239.1577343187867 992.9251610624085 1413.6268153365077
809.4001918423846 1241.6493589686165 1297.6817390341878
836.2880637951446 911.7265588312669 542.9564920501684
1202.4412874106324 688.1174209867985 437.35865073403374
887.7743480378625 1026.7469517736488 1364.4682589173444
1218.309541866071 887.6139373962989 406.4029515073611
423.14493412471813 1102.7048164708021 238.38944961588638
919.1035194317441 1111.7300051860657 1271.0164626384371
957.6270736181535 726.1219708588044 553.955893443747
1267.586972689887 823.2581903888776 987.3967889579845
629.9231924733599 1011.7717157952486 739.7435274222892
1267.8041296215854 996.3312731457664 102.33309581766447
641.9162439337349 1125.085307330554 217.680447603685
946.4145167413947 1123.705329616639 167.4377267938062
962.6019529103309 1306.5098923798905 720.8760526169626
913.856574463986 847.3862034360932 907.7734839942095
1058.3160180994116 1216.0857794814544 1108.1115589856254
744.9514362375345 900.0616466575557 665.7443298432026
689.9014490101271 991.0625564487839 72.21265952754563
1267.432619321276 1230.2015102599983 1304.6830110740793
1273.0442737021024 856.4241771707802 1026.8031344400079
959.2607109397401 989.0529155247494 491.0685064978767
542.1024583258525 957.7020579765897 403.57351566967355
1370.0649791306005 675.8964868169746 444.98121583899297
1134.5072019292832 1195.2508919570687 947.6097160825014
947.0952162542023 927.4964671844556 968.4927535510635
981.3531437587799 1090.2448013624628 829.3964239238537
1037.1268920754094 1479.3154388358116 1088.7391398345853
1104.5681197803572 1287.6969067207717 694.4155018096626
1027.7241259242994 1179.7815094487285 1491.3845670047965
813.4078896284303 929.2735880580118 1163.2326051316265
917.0070698965213 829.318238951814 360.1106025474951
801.2008714248072 1157.3217926044551 1153.2281518572117
1156.3863829166132 1046.9009852417482 180.36493557896887
1029.9809694323576 1180.431524519859 1125.2099989124802
1008.9729962060843 761.8223683656325 31.38968092196731
671.2211146268371 1405.9551657858365 430.30413157980416
976.4538969656603 1257.3468884567503 249.81766839323345
1132.6305953967008 888.0519633761251 485.6094782608303
1052.9664341889682 1099.8231490906232 132.96022671598539
1148.4430455294319 834.3071752052579 2.5157374231070673
1616.5824914942937 802.7309871867519 378.797779735681
947.0196271699132 1384.1072421120932 1449.1034131249098
992.9363493370204 824.7218882465254 447.4450174778886
1139.218306554704 980.3951836821458 112.36292929341019
1077.5121352081799 981.4273408993953 483.9023071569445
982.02805022365 1140.5477882815342 315.7801205292265
787.2463118779353 956.725388059171 1390.4710848465095
940.0228752539738 1229.0472371041415 1112.4454395668583
1435.2112989954453 694.5483976614742 26.452214990392687
757.2392724357269 1098.0214257260081 1342.9948092171585
1103.773296010985 1294.4813952588413 1105.6856971962607
499.7928860188063 1309.2595871795925 1290.0014343550115
1144.8352803021678 955.1125042780975 1425.3100658063304
1308.0260545929252 834.3953551535313 1280.0473614178204
839.6790697394727 692.6044645781743 36.71275856928852
824.3182332807178 1018.9086003927451 1263.9905202586585
1074.545083453272 795.1087025282219 304.7511702440909
969.9091069271223 777.1536217225259 434.2667843556888
1158.9603441808572 1561.525389712958 961.6881980463936
984.0513017053859 867.6548094396038 774.5047836675317
1076.8961040095587 960.3839893510822 552.0253127809776
929.8223470398607 829.5171420062895 917.8821632757947
954.1638864073215 860.953651845781 604.413521545399
1106.083370176628 1123.7949386931557 298.0677721512325
738.4418193334589 1003.3868812720918 755.2327628151735
952.6568245125065 1310.1316718312646 102.91400586668942
885.9531655420978 1035.9784931000952 1403.9148283092782
1053.8499860564002 986.4581039803987 1054.839539980148
837.0781183501947 1074.4458398119857 559.6519854017198
879.5849413683247 725.5642997219861 305.3250823600668
931.1970219166157 746.9169936886672 255.63423218610592
781.7090334680502 1075.4071959725247 744.659417952101
1012.7481562175035 892.8062326867896 191.4059128555241
578.2006315166466 775.8187897831394 134.81065594064185
1054.6912061680687 1042.85312834516 1355.9480519541362
764.3739755268313 841.6733253076972 873.3555544293558
889.8139886225965 960.2017430317892 1190.0716049375744
1517.6503357375227 526.9453085713217 1314.8020367786287
774.7045946797841 1302.4918253833357 139.96554129245854
1284.271951477829 1605.9237636566409 1289.782380287827
1026.4366931369811 907.8246208397038 258.6044036034482
880.8722720184596 717.5742092297794 219.3918990443187
1289.522053979228 824.4479675378288 1198.9594922396113
1039.7508701242168 1554.4649245088608 83.38005052780679
1608.5332481872351 734.8854576465317 359.1239194329194
1554.2925718248762 1290.6582144025492 167.17082460451255
1382.577993446106 845.7628736989726 670.97119062973
1278.8191720464683 1192.7292794618716 150.80822684324934
1020.564914540801 957.8619315038528 1183.3240238724993
1051.7231542718491 1352.7948845545452 1425.0280266096465
1190.9716715772604 1469.5094226646643 447.2956781654791
1208.5868150127517 1311.0794210334461 579.6057297745823
937.0224237626946 629.3136768494636 412.811271885122
980.569269665167 999.1743593823426 626.0196724695103
1146.240938642292 418.66522819399347 1402.4384339603007
1122.7581097762793 1321.6186227819435 658.6514998612681
1411.100126806169 1007.909172088655 1471.090714512289
1244.6263719290341 1064.449641372388 34.34032437322926
1317.0921101549256 1116.8094894883125 1290.0326948114493
990.3937434855548 1002.2874262871374 820.8345804557255
964.7990785614224 1369.4789228977065 583.6935914786244
1488.0560013327151 1366.301191462102 836.8043805684284
1006.2798200351576 1028.9247672197853 1225.9420820367677
1195.3557089722067 1064.741471075137 1181.0469133372233
1080.257106153116 957.0429394881915 1290.307787883122
1233.5666542416611 1018.9131900597054 861.9763261959542
758.1152511489126 1156.7216555337866 656.3248749949673
1041.8477379989747 1256.266403790548 411.6224974961803
1389.6912583028836 530.3760634829149 1116.2080640194345
1511.2299452643088 1023.5764083580474 264.3508837378569
872.1197500833745 965.7992695637839 566.9840912745414
1172.3731439895632 1257.310884088859 639.7160989632993
799.368277031494 734.6415428781489 1482.068934988456
