150
918.1202260734268 701.6283704860222 122.37586205980838
1286.269351033025 854.3361383033441 194.36677666588892
991.4075127542897 1178.8405289696736 429.612484069446
930.7775885531794 957.5330204018998 1194.4333758951718
1120.6255203865346 1127.5095964179582 720.7901330124125
850.6285982853653 907.203525913305 1440.6499436444287
957.0243064751648 1231.1096085545441 1000.1317716734658
1123.4151099059097 1181.139229460839 441.5785193393491
1230.223415821864 1139.7976288111001 555.8827006229545
689.0270861030648 1077.5961019949543 1492.9401625436255
742.5566546514203 940.0218142328999 405.34132228859835
1218.4819974232078 1058.3462063984643 1089.2094812756181
1296.4213009627642 1002.4304288124151 230.57473170746056
844.3072035494476 550.1642777783989 322.935042625215
1092.0530410944884 1232.3051535415807 493.7263334197552
976.395734233879 530.544455113039 1188.9897351385475
516.3197839622992 955.523737965095 119.2664546056752
1060.9454174804637 1369.1674274207994 768.6023841540282
777.8708271965378 900.2265732580167 1382.8901837887613
1369.1247223800135 1171.185350908951 1405.8739783758829
1220.091718872644 451.52932238432015 544.9976577168148
986.9597109266514 959.4600192878044 1007.570339557952
1346.1404624827246 840.4206722493614 1113.405127421534
1004.3691650878249 1332.7680506962963 567.7027770353935
1596.7413080334993 986.6052819427739 149.03176731329216
691.988982566548 1138.1475327471453 444.4389305946297
1251.9682759183988 1220.521218734104 985.4804723293837
1461.785542098067 672.4120810370532 125.10436430077331
455.1285354145591 1240.617216603998 872.0384011156553
950.324711208509 1095.5535683653904 50.74480177522228
1115.9038101628512 1141.35255570636 522.838562706169
1092.6904950149315 1187.1333656394254 219.23284949278727
1069.932840049469 1278.1342857445907 1246.4122649294975
688.0690488045506 1041.317325194453 563.8857252832075
926.9023011583826 1009.737784060495 1129.2630877425897
1319.895184671624 1211.9793806039042 1483.5913999940803
914.3809760384943 606.4588996686341 1498.360124555375
1212.5449540909592 1141.3957382299295 908.2058744082126
1320.9634038547333 830.5886324446797 723.0283260859031
1217.4940805910724 1138.2417859257575 805.8639291063228
1051.5311510551435 845.3815547357267 1257.2800393925124
1288.0135691038379 611.0614063821062 955.8547658971827
877.2472911876555 1036.6066925936063 1485.7157815683156
1629.619365722954 751.0329275868949 362.90800765353424
1139.358678225798 464.1861666614136 1060.9180958367554
978.3583304767046 970.6797292028509 570.4749162737481
1274.1256996930083 1242.295725676204 285.3852670118922
1016.8449262444129 1017.4762778082037 370.62909304715816
979.4246258031138 1140.4266169125017 498.25967809081186
1583.753225900628 976.3743548086389 599.2677973394921
1331.4731169574454 720.477780543629 950.7588392078964
1216.30124228627 981.8530364722145 128.66559704095226
825.2277733747642 889.173149252422 182.52795910550418
754.3955729665379 872.0926304771657 658.4915680044023
537.9574481042366 697.4569325207974 1053.55150067775
1275.874676416071 768.9369300501908 455.5511151896817
497.8926108660448 1152.219834223938 782.2599423066284
985.215714564971 1082.3324736395189 303.98092559540686
941.4050880549127 1417.6477242117837 819.2279412857383
1269.031686020339 1062.6057218677747 686.8914691733054
1087.2731440180626 1034.6467569239262 1288.5966558775756
1542.8295785090409 1116.9850650353244 938.6704062531038
1205.6508969891538 1125.9285397381705 1140.2875225065977
1356.9475195309656 1082.495749368273 560.1094598647275
898.8112686292324 1132.7923933987702 1047.7047824855686
600.9916237673818 986.5698575961571 450.841038568212
554.3501534050301 1385.2795629166144 443.9675247546337
1318.8610555673586 1233.0966356367833 434.748056845615
428.691488363261 996.4016688521897 355.979389217382
989.8354836375784 1577.324075685548 718.71285521701
1090.592316315333 1511.9972320309012 403.46905526752755
1050.0711381147273 1031.637550388059 1144.0230900357058
1201.7783554362043 1343.150510097134 729.4643928671223
1379.809499753769 1118.9692302205865 1472.3704699537773
1305.8450747018128 1172.6202933767713 201.02620233386597
1300.9046570777246 944.0991558292226 848.3706421425079
692.0093211542869 1133.7595636055985 794.3816782922065
1215.231434255965 936.4900027376955 385.8484947032659
1052.0968947693977 1357.7954312355912 182.93504659685595
1083.021354464914 1007.4091186833912 1226.0886238489325
858.3006347937481 1114.862820956812 1029.4277785402905
747.0639441515153 1257.198947361528 550.4554553909296
980.9426464426217 1041.4854275793116 1096.2704585775246
1129.196700858044 1297.1127724270175 1375.8691475311646
1095.2230405786615 864.4406614424757 895.3669391718261
653.4014774266548 1119.729858978255 81.67934564275082
956.1206656633497 1210.4406081049303 1418.2586900707822
1275.9989404122139 1338.6511033038114 812.0053846339678
1137.8992293493395 924.3358892077985 560.8562259760571
1000.7262890798835 710.2349079570905 1154.6922457630192
905.2043776541584 1123.545069354119 1456.7616929349122
879.1051043207342 1290.577553241746 665.1624737765899
1233.916410269225 1206.6341611484352 1049.4713303108417
1114.2797854857172 981.5323986869192 1254.3363752334571
811.6436188508555 1657.6466160604014 103.39574792535738
1158.122249391238 1038.2457323631654 244.9277790476262
674.5171336447785 944.2826047650759 374.9307503193587
1031.593245122305 797.5270861610761 524.5600532441816
814.6879871673887 672.7294999815227 533.2013922635765
1114.9789368979161 1383.278207538132 461.69660963162823
978.7985399549258 857.883726122565 281.29616079533247
768.0188468938998 970.196634465459 892.4538091113382
1053.7738130881357 631.4201950408082 656.8674588095291
839.5678660845358 1115.1227923189847 1260.586854143739
610.6924072867423 1178.4808575820725 940.7704034614925
833.8211997377126 945.9425993900016 255.99386697702846
1153.864711254839 833.2199081379467 1384.6822926933535
692.5293594766486 654.1299558609287 1005.8650457281171
642.298486025805 1151.6478271458377 219.30224566404837
1410.6796641277065 872.327750961888 223.40167850059788
650.9617266287437 397.3556605568566 1257.8983574531292
1270.823496274542 1064.8842661253773 359.482171810107
674.7161923977509 624.4674439242717 860.8834459418454
1356.5367954863987 1212.3987147726325 3.584093316553849
911.609898018903 1280.8487849436563 563.1825917913775
1103.6289234473857 1080.2382805532698 433.7620683707879
735.7938489480075 1040.01250099474 567.499978883385
828.0799703804355 1041.16326708689 333.2724308671416
668.0584970616194 889.9550597297449 325.1461067197025
1398.3887977338634 926.2028534843021 791.2360929159689
1023.2131259501228 1197.21272174958 1478.2365697601904
725.1460092167722 907.1794648805707 1032.3365083494493
915.6104330497808 646.2809731684802 878.695443743419
692.8626131085198 939.5861964798121 1098.4752958164222
837.3697432436129 1384.1067153326994 999.9232128046377
801.523153357047 949.4018187839438 1410.820580587279
1174.4507239564996 917.1122989745188 464.7336312707907
637.4180175454112 1071.3995291277733 209.5040822297648
1011.0303646288563 842.2804458824106 1239.9736029394262
1053.683469642283 1217.6656393652431 299.65906686245296
1189.7772406045412 577.405821917197 141.44857243526315
1086.8580892482069 1250.053995307345 987.2279656710333
1112.3381847102748 1206.4682479725345 401.08328601669643
1179.1430881457495 784.4571621850457 682.7382646976802
991.319402444343 1294.2207570626074 27.76424638781039
1060.3265576458973 943.9415568530283 1348.566130960333
782.6313362902937 842.134544824464 442.18495054908647
908.029961132228 1112.9550722897577 1330.8874805556557
1001.2663794291227 716.2460746879954 53.40080584049445
1218.8559962005263 662.3561768536902 1197.1035536982613
941.0197995130575 1203.681165158605 66.15838935670388
1328.3852384815366 849.2894244941178 740.9551343579916
767.5886806591413 977.6476460760484 501.7130225066399
1086.1488191161807 871.2093156897831 1053.7111156859962
352.1537506641416 814.8310228169275 1309.4289226429553
1029.9693581048411 1417.420498244148 719.0930220152164
1079.8047470931535 1084.4714468636994 425.2138652671702
783.6011137621025 985.7930479711605 1010.6350282283104
982.3450752875373 845.2918927420417 33.20331425159567
735.1143560925318 911.5912613573414 675.2578248414864
