150
770.3989764043704 1035.4810087365 905.8365279257137
969.9882861851386 943.3415613603873 464.18737147233907
764.5920303063924 969.9570255811032 1174.4203443223394
1136.2474260865847 455.2311367500009 310.3104755481311
1406.8054738893654 1023.6296329342011 954.9433629087555
860.639722082524 1142.5181175685632 1304.7210626564608
733.3840948555381 981.5800777088463 931.460817126174
884.5945499345535 843.1119956444194 1212.4315911791502
1228.8439087816703 1196.0543244950845 514.5226966132609
832.7560001579361 1470.22657373451 882.3824206986493
1040.510623041115 1310.6974104597798 631.3983092268987
1035.5015585434078 1176.8578213834933 1239.3335940545003
834.150419593478 964.9517396166482 1496.7663943989378
1179.8555988271041 1516.2564288146932 828.3943466136773
575.2833618206605 684.5136994813804 906.5567781172374
543.300936260126 833.1944503436905 260.29148416847653
1101.0501880718973 986.7995469024702 1273.9989841164577
864.7943139228194 1035.670592995599 71.47698215988935
1117.6839070369424 905.2948511885774 358.4450089025337
1140.4462029060915 1404.1366799211555 1046.6489292133037
1292.0051788302019 956.7333218412107 792.0911704790329
1048.7897883135872 715.0098326932741 1083.9748138492173
1010.6466786236199 1067.2918385610217 993.7991877583364
1166.7074862812547 1058.240040582597 1248.7850513161638
598.2915626532282 1387.9809448426597 1232.1105539472621
596.5860254853795 961.6453848821823 1026.3719220891787
936.9664101768735 1154.8565364654935 644.5416115442836
859.3907686273271 1294.1675285819335 583.0631718291256
771.5647660985842 842.6018674221824 1074.9225370639886
769.3239705615067 1070.5625149451046 848.4420340092656
1326.4820197654058 920.5326085521156 877.6593786290425
1040.97812481914 1117.6195027155663 905.0312260354788
1219.5709421624474 681.6448745646009 1163.0965313626411
1117.5933153760298 1127.0722316695424 938.8973652562706
1073.071059974553 1230.7942217050781 644.2394962931505
673.2975071164112 696.9891669263677 209.64655189715697
1021.657006208671 1035.5499128442184 905.3931261093867
840.9053542785318 910.2413195105395 1273.6103289877294
1294.9745703647138 1252.5154630280874 605.041668060071
1178.5818237354188 1811.1660277772312 766.124137769795
373.6098660731087 1295.3573708165027 604.3337968924739
637.6523221841944 762.4154698017469 881.4318151324018
976.7877933507654 929.586358816766 300.36658757376694
818.7438156851231 1144.1460998664777 441.9939644105632
1230.744446898313 1218.29752162858 1493.979059451056
1184.8801663099787 971.5795517387346 454.9703054464969
932.8584258757301 1059.809644511767 502.00011771415876
1192.2953181133323 1050.4049947063104 111.83653961836737
766.5052949888361 993.4470439602834 1077.4736058721444
773.8092915306213 687.4643921571569 1352.9010496425453
940.9058090229362 1220.4086549927479 1368.472126659431
784.1957167988282 779.6167749960332 1390.4006621250512
1242.6484046203523 1258.6992034129917 285.53454367106696
673.7564543498002 1050.9733971790927 1088.2020736556256
943.6303793994964 1207.419158222433 1361.7752846858807
1077.1191641684243 1013.5694795094322 896.8425270836178
810.3219770611735 1001.9065920155276 695.3626287124395
795.2525896436183 821.0266885867347 1076.2757175357408
1063.45930761172 1174.3170882750462 886.3859004437466
300.79000373264466 925.3691415564191 964.2565031122476
981.8840797724607 891.8518174813464 611.7815685103295
954.2238967359663 735.7156368298561 539.4805159318498
1053.1408298025274 1087.3751425025055 974.6415290831229
1082.1762018597342 943.0171825819327 43.16509799718654
1273.8044460469082 939.8763575584844 1143.8807911915237
771.476277354393 815.2241934751113 1274.296603914329
1470.1742004738005 879.2064919987938 1145.7357859447895
1049.9292979127806 579.1970330194576 581.993311870702
935.6743512498821 850.4363669548254 1251.6596156372732
1209.69240054322 964.907863383439 1239.436100611783
1133.4535208110358 1071.9495594022005 1004.894979996819
1175.3372181175355 875.1590596869502 1286.7339590707554
1096.9683006077223 1557.6665351280094 1318.8550592906352
852.646617204822 870.5480327067934 41.115999943906075
1022.4170209648285 1144.1828269265066 714.5493756069811
898.5101931128828 1282.510987418119 1467.9660679072667
772.3603471434201 713.7934327161133 66.30068699385583
978.3009218185327 736.8162720310293 501.44865313906746
586.7277793700505 923.6670007610553 95.68562761384975
785.2075758692497 1329.0489059929125 1153.7945527640013
1160.8995029275027 981.8373798163855 915.5120030066773
758.9845572247538 556.7304491018128 1116.9285223591075
840.0244224678866 1225.2378194920848 1020.3845049392329
1381.775986956417 717.7134409080586 94.94064549925135
545.1255871625544 1077.5588104976455 1329.7753761888584
1404.0675391857517 1202.9908558526395 620.9229806837966
1287.8958551185542 975.7054781518892 410.0679681257999
880.5312632883597 963.1038932715842 1261.8043932391222
763.6848667753009 686.8699611931585 1296.1093790060233
1026.7699558763377 1483.1193016913114 1243.268651608974
1297.3527317355906 1227.7410455111344 1309.0539891737346
816.0000952804484 1390.07780492935 539.0383146113905
824.8334738662928 1109.1154527463407 232.13028845548178
1014.4744835074985 820.1824697354767 94.65593725307458
1133.4531746138298 1221.4058286667928 1428.1978008578776
713.9861103959847 1255.2837156265214 1312.645028134734
1548.39464555727 1185.283790022626 389.9137656918909
824.5570094558666 889.760172380494 1113.130178335453
1031.5739631806962 718.0688762335308 44.934619561993514
1208.8209746285986 748.3269726800222 1447.5636034837048
1366.0167674218505 1123.046730209641 1276.200504308179
1024.5632914931261 1120.0436369740034 451.769411936854
675.6979335932075 937.8881276607738 82.91951225815092
615.0625918901387 1269.522442611855 1204.8739355726896
1040.9109306617145 561.5378511982086 909.479201982696
1126.096598906211 850.1820738550207 1128.6051731670766
858.7059036990983 1002.2574810826533 625.9312858643394
944.44762889393 1190.2280009030467 143.62369526056236
1091.9960149908156 927.4337249776268 1459.3731399603116
1148.6021855043139 696.8928466996209 822.9510430742152
1081.3956396205601 855.2510324263532 229.2051126344652
1003.649707639837 949.7116137691605 130.77168691044554
947.3792022887159 821.0459871835264 419.3538798836773
1266.9009370664608 1003.6836353099812 288.3489527503261
990.3394697264688 607.6228497111401 1348.3938256418644
785.3382710431181 1008.5889519754795 985.8824783681036
1178.1593281499722 1478.524498214958 1222.9587489452185
938.6235553162385 844.268977983252 1052.984300856432
1567.0045775655517 1025.3114860258852 673.7320363063607
691.9855395998894 826.5349390735998 502.5908899558747
964.6972562386433 1325.4384874372022 1421.4289030351365
1506.9645808573832 836.8090587897248 520.3522325592379
958.6112677156966 1182.9312910149738 154.2759248503468
1081.4206709471073 969.9656870665807 1134.3362120422962
1052.6191204893078 799.4204404844563 1376.998981127961
843.9629315466946 940.5028357492785 1183.9353876985133
772.8305753066984 1229.2162091320627 577.3066634643492
864.431123711109 1004.4002810853857 1243.9509430396156
1065.1566004302229 892.3700845361003 328.6502631827499
1168.142431743545 751.92790270155 1444.0625877221316
1553.4826110337126 992.6442796729884 1147.886280289981
771.5291500710953 1325.3224586451308 100.38066199264617
1362.8515711106602 1096.8359934716175 565.0666220207881
820.4895834132984 1236.5410741743347 482.0214303383369
1148.928330293606 1004.9586630283333 359.5035543968229
762.2498486801121 1399.2970010281442 196.60124067468965
701.3274049750291 765.8856005168122 897.4229608573928
653.1248045339344 1488.511397867125 1201.0547845166466
1020.3566005846138 1054.7411697519226 210.55266939522133
1254.4793372565043 912.993788980015 145.8770368382335
956.7747989645093 805.8837131195485 1013.2567735808434
959.6732036042035 1388.7860680935696 1405.35173839271
1230.8487051638645 918.017381931407 200.09213613967404
1164.0539777643332 1122.1340438329614 371.0852034766915
1282.4454942261993 1254.3117116166472 961.0226818686934
1327.6379511589116 1445.5544521401403 616.1314210258258
1144.5527074645656 1142.7772964684261 1152.810005506218
1173.666370267058 1002.326236144138 760.5041382441219
1027.739961883424 928.4819482644687 81.72864233898142
1016.0482582912022 1179.790962287988 65.9861463481915
