400
588.6908731455445 1012.92348950399 590.4342018381395
995.6283478811067 998.9364745472767 824.7256125023075
523.6731310661743 907.6836443589452 43.574139106946355
441.8373080954939 974.6458132251205 784.7881696994973
1210.6369495090241 648.5788595290442 1285.0684278915535
1254.3685087293793 773.3514082054619 1175.9938052139503
972.8267013460672 1302.7081312600994 611.1417668644866
703.1953146170911 922.7061832116235 1275.4239826879757
697.2998400699007 1281.6821851398447 1423.3835712120765
1366.1946871055936 842.8340762189858 537.1353351152712
619.4043407305229 1113.9709761739216 831.8038666655818
1082.9584834711616 815.7168817126837 347.2731776843958
852.1830989894312 644.9339730345475 1454.6245292462002
990.7206982189332 1272.845864296442 1194.2064562661114
1081.5420719186243 1223.3999487559165 389.9805510025523
1019.5845714215316 535.2154704450329 49.14818177700941
979.188718169315 1063.240026009313 693.8335961214764
1165.453057781354 1061.52127154776 1124.2574869699952
1172.0318228441563 1135.5169063753985 268.77156390789486
1007.3682991624246 1373.184178599903 360.354440500796
802.1775882993406 1377.0508650929742 1350.3405593950056
1067.1883186614764 1067.774913772409 102.40786391365381
911.8392805353052 1047.1507263305843 737.1993535597518
743.0447926360732 551.4429523502167 0.6174047939538352
332.02165388215906 896.2032368747067 428.19949013604327
849.1902550645789 668.4432620110736 885.5960480705498
1024.1780084098546 1370.1610783802641 1228.1064194455037
923.5071223412211 985.792964595115 1286.5875003101996
879.913852146281 1044.775342211851 705.9546200689892
1212.1308022730955 1359.5765695552045 694.291588494337
1175.102789704729 1183.546905399066 935.1477627687761
1228.0997243891145 1014.1887271264083 1056.1459947197711
1159.6865807519007 1040.7580629337597 968.1736232896669
1124.0607721647332 1285.4333159428722 1462.827451405639
1117.0980415029571 924.5657416689064 609.4223219441946
1173.069214261826 1164.662067376579 941.9179608697159
1142.7726449474214 1097.8731887574731 1216.1645706272807
1137.6922266061129 508.92330606618805 321.96248966913026
1271.7701625496595 1179.8741231649055 69.23321748784889
640.3523831249748 1093.8945215462072 140.18019070119558
903.4879892525461 966.2179316426486 297.26541949985784
1556.867873164983 983.4712484081182 946.4840726887348
760.8512492293664 1042.2939803307613 148.3621083279571
778.4202875897416 1668.651871868849 1288.210265268503
781.385066461361 1003.4248659878766 67.58758425863837
811.2399453887867 651.2250439890689 1473.673025947906
1019.9227858613967 1073.4485966437294 998.4852164150043
697.6726599989747 1285.5221308516368 1466.4216970661419
1201.257735950592 1091.1594615615736 947.9412717842691
1392.0240557201869 645.5598686456733 802.0570077827713
960.1576335195102 863.9982405999057 459.70177275193026
559.3776394043209 1309.2604897714207 1452.849464249439
909.1297770778326 1047.9719481995728 822.5926887799683
810.9280490690772 1206.6791992691112 1073.320777597115
991.8215056880406 655.5301445636499 448.58163464217785
1103.407742249149 773.3346039633539 679.2938537814109
934.0988141517796 1323.1033324926077 798.178154583061
910.159382241313 929.0412802153826 972.4064535248059
1175.29026240847 1182.9869659565036 348.5446593991287
1358.3922013522067 1416.1418855806257 187.2390518777416
777.2388011546545 852.2190174026827 1125.0977990539677
1119.5755413040104 1051.9722940776396 466.01033507749395
809.6630764847633 1181.2705036993952 557.9904158331549
1367.6870670403905 1086.957187527995 1220.938696359023
604.2527788133973 643.4380393474833 1353.9654580240992
1074.6846493525418 1235.0652771128312 1005.9517885027108
621.9636671981556 975.8327005853059 101.3430082636173
822.9130358665336 1356.9887296302038 715.2910884850827
976.8264543045083 1094.0291735471396 1458.2214611851164
945.954218474299 906.4977147483667 729.1966010857931
1163.6937338348484 879.5853090736471 916.5056136734829
1009.2016402817042 886.9957594079383 1382.1571155841373
298.4570103522036 1173.0281873780339 1376.899807763048
1124.6378527910854 914.865447604112 171.19215981895925
402.27963386399404 1080.132057108462 796.2107627349409
1535.4912116270439 882.0414682466003 933.4692882346977
547.8407108279961 1100.92773574655 779.8806818076764
895.9179571351261 774.9595020305546 1085.2232945704375
1300.4460827488958 646.9993225372687 207.19446383702228
657.6099692800699 909.8361686942756 765.7982821737598
810.4007536858289 1118.282080437322 165.28399597213982
941.1086209419068 590.8385864723693 1168.658338538125
1587.5349529586288 1406.0484701730702 416.0407318927763
1017.3310154457934 1313.5069522316296 964.2691954769657
1106.9532235080228 972.0707726472573 757.924167825236
779.880721512903 1033.899313908702 1033.6205243827246
1054.8340507599207 1169.0195085928162 571.4518455243266
1131.0910788247336 780.6918001635572 396.42861848474513
894.3561731036298 973.3357906937279 7.636806500800675
1376.5011079112928 621.0194387305596 51.26729179908196
738.9695933625417 1223.0400156303906 1216.5510650808299
965.0044619815774 646.50818741279 1233.6695266849306
937.1026636279475 1222.120513177204 135.2840996304789
712.4463488167775 1075.0077605821712 564.5667335481264
1341.8357323145892 995.3362718245544 374.0057135504772
1093.4658030920375 977.1670172158852 1372.7921600803688
1353.1380742990757 1284.4370419499992 1472.4227514671707
851.8861926863499 798.1855719608653 1080.218360070075
1047.867684317377 1231.164704097637 1460.9471747333907
1230.9297767614007 888.5785930519078 1011.1564408337574
1385.8202685076035 911.0394948145713 1210.9026543399307
958.3290800904659 828.6654786291938 1434.5864846320349
867.6424811126319 968.8985827823423 1022.2905296220895
841.2486283380549 1424.4981729477122 1368.0721290544818
1133.448230003558 1247.6575543292429 737.3174038356775
738.6296825027832 819.3583763388226 900.7748011013988
1145.412857091484 1253.8176705513206 1170.9944016558038
1173.0019640810112 761.0805832305443 163.31606590007797
554.900528325432 1064.1504726246992 486.58166392784756
1342.7710360871365 1192.162229656481 383.7906349667285
1180.2969124505983 901.6044642594784 1276.4140694553628
987.8805952708301 967.0964542474062 1191.224031012554
1213.5684791562126 1511.3160204427304 680.4859589813922
911.5031500647424 954.9471381751299 839.1694453730563
620.9527569319871 721.2517261304695 353.3039895210662
1116.476129438057 1020.5574440793954 492.3349926082288
976.2451209317958 902.8776353543184 1375.3037129848783
1194.5423152623484 955.3395907121085 186.86645698481962
820.0276019204572 1272.7569615913526 11.442062659391961
936.0463883230899 928.3557741265827 1269.9654876944178
1313.3139317415125 1183.299188353006 686.4480786948735
1389.8803588500975 1330.3721922409904 129.87469007039587
1156.534477383723 681.0834957581885 366.74628519915046
1417.6951259248153 962.7395068070105 1134.476357887566
407.15472808191737 973.1354499511839 188.3481262939569
1325.255258052634 1115.5911957551473 939.8709468255169
865.3191709606497 1210.9773074555724 1365.2926271514368
975.1076323066152 700.431076593449 1474.7630487025936
1249.4556275082098 1039.6803474470114 1256.2570853713028
700.2026300136315 834.9859823277608 628.8437850103335
839.3321889065377 1116.8842901041178 1210.9078547549434
1198.0930183183946 882.8472922188209 913.2498946034758
1315.8442312488737 980.2493976235386 1277.5888412737536
1387.8769307513185 759.1407980986422 807.8079942642231
764.0936546050659 991.2870748022169 1179.4343405146124
1095.0404696165447 1072.914222520723 1214.010215480525
871.3699074019188 1807.0758240043765 1277.447095507118
856.3848202216732 1313.3921890611125 1055.8277941801373
1296.3947586398106 882.0208674510454 185.93685898521016
1169.9787928019152 1035.2314490557146 584.9368763980484
1072.9745598621528 989.3856669195221 378.76078947835833
723.1199257018459 725.6007100245374 1479.9208571010167
932.1624037998074 756.3103577254255 358.2902648707496
983.9090604440788 859.0683259506234 281.1111421191578
1313.761152435262 955.4562274922279 39.144352227101834
853.1263364281281 1098.8480844778805 510.8689837678522
1171.1810574286717 876.9626059392671 1077.538348547459
1143.5737080474644 818.4663001539949 633.5856091272482
984.1179556773965 1419.8744159418632 404.5853807822617
1017.2791582143042 1246.2249264140346 210.1115578220441
1206.016857572363 581.8395837704754 805.3579066919208
1023.5507610426771 1258.7892902472045 233.47420668150255
1020.9746789301661 1069.5354438386682 1116.9306746166194
1310.649039351852 813.3399958615869 895.3029716191903
679.3526815829305 878.288359218797 1320.843190658271
1116.6881937739543 582.916056109535 1476.6143274354245
879.7762068919865 615.085325622518 123.35032211969416
1177.2252163421895 1095.384013733459 750.7401125287157
1133.3771833231358 1094.081310779556 248.43481796453432
944.052076191866 876.2970156875444 514.2477075140317
1296.0089412556345 672.3350454644415 30.44223885338393
1252.3656519028941 570.7253323035657 653.1238596860278
941.2010969387585 1392.6063328400369 952.1879359792543
999.1611618812477 950.1677375863446 252.36046319101712
866.0748424270562 532.177964654854 771.3550608180028
1301.7926579128384 1072.6649293401522 342.6941804533896
616.6206647606671 1276.1082075137133 61.025957984385094
1151.5371535604506 1078.3892613000382 859.6855887158745
1155.6103050265576 1050.1341664903753 647.5304360916896
957.5652874903918 1144.2739823097525 1299.739827642858
692.6315009728711 1195.0202821257103 184.25216071970718
1412.6022321969808 1297.5278022483749 481.29694691128975
843.2604512675807 741.6619493114163 352.61804440836113
1055.7349240316819 1221.6110000536803 1362.2000016748323
1209.6682860256785 1105.4024656750896 1098.0937912618333
1355.826852697779 893.3405031789516 1179.1414797646405
873.1986986908778 1093.8237752306538 1292.61507715125
949.2089549521343 953.4384287651385 691.4633715415656
1378.7754474025496 1156.3334350050345 1252.37277959645
1423.2016612863597 1088.2892352195704 957.5931312514607
1071.4983228111591 829.6357183598298 1390.8050661145949
855.3632966490287 865.7117062024035 475.37209480410394
1035.590638738967 1591.2375089669595 657.4250874769506
676.0088316651209 942.3011207957531 672.6818772369995
1095.0242526971867 1126.6853653126632 1425.1339279126705
863.1510014713821 907.2179080738304 898.1205992785585
1335.3278157932145 739.7081653351675 807.7395692077031
806.4943445434776 976.5558989605536 1249.9737884066205
1113.5408420680728 1058.5941296546227 90.99020332550184
582.9161615865569 1241.5740886011424 527.3570168840608
841.9098306414062 1341.2988398296266 1037.102958938874
1285.3744982100552 951.2496572147166 798.8885045590613
822.3155435152396 612.910473718748 229.6332197586191
1038.938492398175 1015.0341057342656 545.3611137363719
680.6426161918791 1165.3908080661618 237.20878542338997
657.47747628116 1072.2565448548257 676.2609540715649
962.8348765921342 906.4525025113101 1163.31082337101
1088.609789688576 815.4955615325771 225.537817054346
1051.3050534767603 1202.8915714137354 1319.4719189038456
717.231361797661 1240.4771509838702 1076.6618710803355
1018.6353112686876 1143.622249169851 1227.7387422360673
1056.5346276881226 806.3601308221729 510.78463318971643
1478.9915246395171 774.7352711946968 692.726010492446
927.0713488380663 1039.9476662317572 1049.4337597087554
1003.3945198568424 1146.8946984181443 941.0824513837455
640.0816077086877 1077.5401386622684 906.0526903540612
1337.8160618924035 1048.640998307196 1157.1410358974151
1253.3859951943587 983.7917805923428 1174.5968188999216
819.9276828409614 1051.4224591279142 582.0187917162041
1154.9229771914238 938.5033685216704 757.8528062148879
659.6911673527393 922.2808974053434 448.0854568365003
781.3128757870683 976.354460732961 1434.5111696783413
743.6241079544053 1061.9886151465985 46.88082345564703
1152.5353861308672 1364.129865820383 491.2004201005327
593.0486551389224 710.6894792036221 1158.946873855598
909.6740793228859 1511.1565545360945 276.1321562846851
1048.1882186679702 951.4709338806917 1184.05690160542
1113.7276103654706 761.3528406590144 1410.4675333038374
1137.6346283230312 683.0703840239064 1267.5459101171987
700.3458190459921 1439.5510040481174 994.6809047128448
1322.11453309847 1296.015378693217 1362.9127346888902
1045.769108113877 962.9823410771985 770.3140503388717
1087.0285604540074 859.0244333894559 564.836557596197
693.8528048265454 764.9376022816733 709.6208480526627
1124.5096660372064 738.0822537670279 628.574494676901
788.0416940726063 1132.7136388021195 1148.7597272648227
1055.6856057115526 1010.9530330498573 608.9626094642143
883.5843931066951 1420.5685918466293 1176.0677238138953
1195.134673601446 975.4135091436287 452.2384847413099
944.6993816027363 849.9677836106605 1165.6992970125573
1290.908884432583 987.6536331225036 826.8302269870449
780.0534830586686 888.8656323224375 644.2274988559449
454.3210761172413 1210.1003178587819 793.4332211372454
983.309886793968 1169.5774269795268 823.0785154946303
1360.9871767597388 1338.6011375942567 742.6018217572652
1064.6003120263235 1149.655067476058 1350.6922213388125
1038.528168331222 784.6101618606499 824.5848440865547
871.1334920492429 1033.9903480824435 230.32175454568664
840.4315960545031 1339.6307995258587 684.8607625195424
1048.8381750277558 896.1817975766609 1361.743416788243
1336.4542384621286 1072.5108136626159 8.875664758781376
671.588969961452 1511.551746049195 1461.7626299237397
1409.5132697927625 1176.0728322453829 1337.4660754388233
445.0863314804608 854.4541069314295 1031.6545845364676
1094.8095384223784 1034.6234358495906 698.232853649103
1093.5523349092834 1031.1888573677545 261.8168751317964
981.6078496146697 1151.724810808881 1419.3270086844086
755.6072281798301 1457.7901519532868 778.0836985849229
910.6492931156112 1208.8326381273316 996.90943980974
877.0786466886527 1453.007985163828 1374.0672888207057
1166.700875272835 1034.8493604030398 1146.0095094582423
1037.651153882687 1066.1140568507212 970.1312911607041
1189.7998449341544 837.590489660453 318.6421905370631
941.0414916666091 1296.6001456572435 1000.5703951123133
971.4701942759351 766.0529618277387 1276.2779931397993
1084.8627063954245 1027.9026652888765 866.7672146869673
1330.3935754369745 1313.7066009014509 264.47935851016643
687.7237487562253 800.9036557448559 1083.3606969838747
1190.5059697367797 832.1164064297509 244.21467918654506
988.85239829432 949.6471484505386 393.9588262786544
828.7557240895787 1293.9157667903564 1245.5047275693544
1077.012662111748 1161.8983543005224 131.99471706581085
682.9054048754092 968.6108758735788 1436.1263014872266
754.4592594690416 627.4626769884219 1004.89050574293
795.6668355875179 928.6783984471491 680.4322644110092
1329.963416000568 911.7322757967326 862.1342980771811
1418.413685408762 1128.0344973388887 617.0595300611628
935.9722653999689 1017.2341127801533 76.42118029045608
640.5014868282283 1008.4005493132927 1484.4872274304714
812.4816489003393 956.4847562843712 1222.9566438104662
1034.586933411638 773.7455533574911 589.6952202261338
1009.6020725159046 843.2081266501697 1395.1329495644402
1271.2919225244455 1206.3047932907607 346.8048645445055
1410.4345186665757 694.550394407868 912.8293463494861
792.3546835521845 993.5466480055017 1201.9182725668932
1080.9347605679282 911.9569845572928 1499.2589212725036
996.138859735676 864.6835761228433 259.4295721654203
618.238846601578 793.9813552120625 212.2786099997654
1044.7748964297518 1061.9227177932833 806.4664995825922
1189.29977540308 921.5241969448155 183.00995232199253
652.941985419301 717.6438241382242 802.8260836507851
1230.4215439909262 663.4624306432072 377.52055713797296
1362.6997442151876 1033.547317234609 81.48117094272617
928.9893621036686 866.7490262224958 507.5579671730152
973.018121754681 605.0891247206512 1281.6037600337736
1405.8172606746464 1233.8163332610263 1447.2786774775211
1364.070060044369 1008.3203823480285 1.3939986228286294
1067.9833014285027 600.158873429554 266.95957811858636
989.0896464370018 520.4788854852578 437.8490027746351
1250.2254628177575 623.7927315451648 156.376115493917
1056.8119913498538 674.2434560291313 1343.46020389187
993.510649942269 1101.4675257451174 367.2305869139545
1264.1051076468834 680.0429020544107 322.80510347539706
834.2796607030169 889.5178368685202 1373.5894072382266
726.9469466901598 997.3221445320477 215.48673300978382
824.0694670179071 910.7860790669715 552.9968490609941
1109.9892290019457 864.0277462606249 523.404316740719
897.1511258667206 968.6517948846629 793.1966985689402
1321.7711817389395 635.0037711265488 402.0373280497491
725.8538145307958 703.6099882064341 643.453780102293
1258.0717145144545 917.621609774887 446.5938323709501
1029.7049892384525 572.7018529825762 1289.0117517379886
822.590964640012 1008.8207098778495 900.612592215653
540.6949696921679 681.9814316889137 739.7895101993591
953.0139451301237 961.0745254481549 434.58708215303017
1119.5760979278841 1060.4510197816753 47.93957235259283
1521.2482550888917 876.3317724304942 805.226664152721
937.5230892746242 952.0651355953356 674.9171583453245
849.2947968269988 961.2179596097614 606.6392895952149
899.1673473895601 570.0639223139224 504.34872951963433
691.693079072184 869.5919042625036 311.79659168872877
548.434586411214 1026.7125553098783 1157.4785395365425
934.9380774891389 833.7733750835158 708.1454420422639
1424.6084858804209 1005.2002510241551 288.7120011123902
940.6721324636467 844.9324690297857 1222.928423853806
1311.542420999967 1621.4328506064671 1273.1162306236201
888.7797945635386 1191.2218505233286 231.43424505046934
879.9281014317668 849.8500724892081 347.24163732332875
950.462193078644 661.7086209620636 1112.3467100971743
1378.6631666475726 814.7941714555402 1475.2496675375849
1509.7708272491673 838.7059528138628 1091.6114986160044
899.68927649405 1001.1927026036976 757.432915529942
650.6432861853541 1311.6446604058792 1416.5236328363665
839.1552846186722 901.1246979208298 117.77952008735093
685.8057346644101 713.2020600277199 241.97748099425087
1266.4363947596264 877.4188317375476 554.6834464475297
1080.2887366019997 1385.3089786586688 1045.2788039899092
862.2507685345731 1478.9810913769943 991.0343291117985
1418.18044547082 1033.0967608192627 746.5908661725862
1056.6672886420756 1422.28445763764 117.28624311910247
984.3934472762185 1128.6016857983768 699.8098693609159
642.6989853723677 1029.555428116663 1021.6835812502206
1021.0347271139458 965.005096585206 27.727068748928442
563.8853678236655 1225.061772841968 1072.8994408002388
784.6251736301186 937.104027260989 854.5766920712061
856.2182605758086 871.305827460674 197.91439258152977
658.5576473102901 865.9935273254625 1378.4279069322806
641.028621422103 998.7000169630031 811.8371138812872
975.0426534955074 1211.4848550034521 292.4809787434018
1109.5390768157056 992.5070352192141 966.7109635740616
791.1865515598222 1088.61140028887 754.1350211101103
878.578799550254 1296.494955142513 1178.876278887954
1144.6013570463 1192.696442872268 1099.8762497350303
1167.7076447243742 1137.7180191502207 1279.6723616489746
748.1177650400131 711.1303208974986 872.155676753385
954.4758761742366 921.263659704116 264.06259404012036
1075.4754072148212 283.1226757253123 561.0332515079514
905.7721178507226 958.1547050175882 589.25441097184
820.9412792238049 689.4826774686915 11.593515392036958
917.7052786435532 811.6714434470326 669.7624649758775
1296.9143159983614 908.4811064001188 188.5477771970302
1321.1837940039563 612.5604559482105 1436.4684222681256
1243.5250749663473 873.9161525800591 1394.8696843698876
951.3532362435117 979.1439900099031 224.01852370982633
925.0687419264348 514.6983779055174 1284.3342493805897
1153.824895820485 1185.93595869419 730.3066881270698
1217.1736350185688 820.8995726664787 461.21668375125716
907.9013500213521 936.921792318473 1067.772635648384
752.1284227573904 1570.575515478387 471.80597776397366
655.3616158237135 674.6449404112841 1265.8804436575015
550.9870719774015 1133.1938712383342 911.9072165741876
1022.8881536992221 933.602428945169 692.6582430009983
1137.0811028108753 1049.0111667949286 1071.691351275431
1322.580235873166 632.1173925450145 1353.2078171495168
702.8403441405716 1464.961667112108 192.22045802226756
1100.0604717626518 1069.6317083241368 1241.514381506817
1270.1506025378667 1133.643823441145 1248.3433434814708
1116.8310761515986 929.1974524990118 693.2764259839225
1159.7404044195416 1029.1394989812568 1336.4737946989937
1021.2712727410864 1202.005507869455 554.0260693753626
1004.8659323001053 680.3465999005421 1036.2643161441003
977.4166199829846 784.5395429221177 1312.9246749067734
794.3746623525445 991.7282099294156 902.8796451634472
704.4245703891513 636.5148530302054 586.8684851807465
1171.9531196152277 928.8007589619459 410.60471817039013
518.2606327212338 787.6119795942117 883.584468226213
1458.6424332745291 1205.7872536043021 614.7185197307848
1229.0198199593938 1034.1689285389493 903.7452205297438
1191.4280939399657 1100.4364831748326 916.5760661944842
695.0243996011841 1250.1930690526797 1033.217406436236
771.949632015115 941.0954331690815 1084.8146826565458
546.784696553636 910.9872228198283 1188.9966200129822
971.9914283816533 917.5635014442596 574.048006717929
1157.6534827303826 617.8833063796858 750.7182706505484
577.6749708633909 1095.203997504318 109.25785890530499
1091.8181072677376 726.7726789065601 1387.7946554503565
1245.5223144944077 1067.7764857926877 1127.115477403814
364.1190005535972 733.1754000018936 416.2481381638399
799.7454522746514 932.5366947778448 488.6038701927206
1304.9474426780089 1055.4190104427075 649.4090605315417
1459.3415491873134 872.7554626961006 664.8638232561648
954.4210537837879 470.00195811472395 346.77988666384766
1469.8532938766502 1573.2707085667325 1337.4788749226866
577.434384552402 1166.924404157133 767.9142652733677
536.7138750279255 811.7194185366195 1467.1265225072038
603.6062444250346 664.1521132683968 106.81429455129654
1038.4083609297322 759.9021616947167 1047.4877620303198
1020.1329599897995 807.7771880421087 233.96664568401505
933.3079174063124 854.6984248256829 277.42550393535356
700.7287704187253 964.4070265937767 671.0923207717709
