400
1512.6214668162893 927.8698631232235 537.2341657603343
779.7703730815166 1070.928060947924 1362.8024913780876
703.5300164466953 753.5572085176747 840.2224332785266
1239.5356865300705 881.7759700336771 1432.5107678674365
1267.033514587349 820.7657170767768 641.5026987540675
852.4999609177311 1402.8733916521 433.0342092104908
731.917542000615 996.9318678224132 259.69185778019516
1233.3378000620316 1491.0732732885972 588.8418201414536
798.8160741416722 850.9292274908206 37.6924602276667
555.7997715776218 1271.2827991315155 339.3926881399045
822.2800901550004 970.8427762605171 801.1536583123714
913.3376370514549 1228.1715552952678 1253.6879138510799
730.6302977504826 891.9383187961753 1345.7888118512926
930.454650205899 713.5807902182224 524.1933305327917
888.2538668052772 936.9022809006992 1211.303320779072
752.9295622387435 1256.8026803427229 139.22831425711374
822.4926250609938 615.4054460188211 1024.3698491146017
528.5271531761385 633.1566467452617 973.5497668382342
1114.8893807210866 1193.1341293314338 971.856380745249
837.0791844190205 1246.521585007523 1318.834716429311
913.1474055035865 990.3167484362887 1078.0680636385302
931.4618782155759 1013.2981723130805 1317.5211515461303
1178.7425095597505 833.6546753389221 868.9705172130925
677.8300568811451 1033.1741838425758 746.2814053097707
1150.361982099694 660.6401958696167 1392.7521150685602
686.8318635933725 1270.4811251662377 891.1251833910395
873.2239040948525 1196.801842564596 554.4677989517709
897.72505312329 1041.2557868204265 866.154985677937
984.3698461798416 1067.346627864157 1256.0207031780042
779.6155954090256 914.8674859077781 20.803862228410296
1180.357916452282 1429.7251540009665 1407.5983026866832
1089.764416612594 1187.9393212375753 849.2877732732836
1049.7466916628682 729.5491714390869 907.2462093625016
1428.1956843798052 1083.1218013579485 925.414680107572
668.3668786576535 1070.0595555080124 863.0045030753191
937.1034010259556 828.2025528108069 1336.668936169302
646.595235486013 909.0345850074776 1407.4366370995856
1094.0346425147593 1276.2880307662022 714.3954111231229
1251.5482293099508 687.7896278946738 527.33752323439
878.2472451536214 924.7699760611545 681.7357726854614
1097.1455685927394 1236.4499084750098 579.1705327992615
1270.5739532059163 950.6151127906459 456.6213055571507
1164.4667767305107 582.615862749092 17.332401284119502
1010.2852953292311 1311.6901036222764 953.4400597258966
936.2091472878501 1147.1539924965064 715.6609599951304
1308.491468610143 859.0607502585899 381.34445413641413
579.9081923740166 1126.2539409980295 758.0368503894985
1198.7306875870663 610.4046325533742 432.9637325315269
1274.8164625716188 745.0783103124365 10.07681086732365
1604.4962341425105 1062.1513497651513 795.586514614342
1312.0712222034797 1346.2892737236793 1230.7116448265253
748.953353745284 669.1898929159582 428.5957662577082
1163.7463401897369 1083.5195828449841 1041.9418627451641
799.3051581695746 853.494142903446 750.8622374210614
1201.4792555220954 977.6672263722628 612.4329690203443
760.254957038006 1199.66234417354 797.3981636772102
1161.0508604757406 873.8392289491475 329.79027724559904
790.2353111422564 1399.607814873148 212.19971826209576
1459.01276413891 1082.3211765058888 290.94489304904516
1447.768743783925 972.8749054947592 162.21923400366356
1296.045604097789 599.6678199505432 14.060333373613732
1171.8417782180427 997.0708534077216 80.90351826879471
1022.9733524626589 1119.02174164833 1396.1370609090825
690.1963676575867 1368.3713163959626 1087.3581690312578
713.4570291956902 1122.574081041663 1400.5649464495066
1095.9030153799847 1371.8221758202835 10.943139857481077
964.9902614888756 816.7728911713863 367.51732739245784
955.4979767297583 962.1049909120932 1268.9635171404768
1105.8594875001027 766.8554306237165 774.7379648829578
1164.8170148992137 925.0222000564531 1378.9606366501653
1255.3431502548726 1035.2618492683475 291.651233964224
676.2698596885509 1266.7337685682141 1029.722934629391
607.4170453624245 646.4001509027132 818.1630934231259
985.0149646405721 938.7037111127455 940.9031617031379
1445.2491237945292 1039.293635532397 715.6208851800496
1050.564781953563 694.1364090698589 38.8999725998897
931.8747328823276 759.197179884583 1280.9727527828443
778.468409197798 664.0825855667955 1390.1921819275174
941.5328896366024 592.9261443187088 1363.8585145804832
845.6098889609605 1041.4169148487417 1429.1857113236224
971.4953828242086 1030.7672391141082 783.5889675760066
1246.4811847099072 839.5820861239569 351.38562258719946
1691.9860920102733 913.3641274516287 1107.0439132345934
1198.1890990235347 1169.3756711801748 499.3179805575368
607.5094639740474 985.0793539627866 494.05424561804836
1023.429832167441 1115.798622004284 239.48933892485326
1036.58497727816 1027.9421187832168 512.7770173261321
1107.0652511857097 1100.9118921743357 634.3130998494411
1143.88968610701 1162.7366686750527 1122.3586378445525
666.9460089325512 1020.5363482924931 465.15317844174103
1223.0993915906747 1252.789457451292 1360.9142590420759
950.02425078824 615.8038818191919 515.5356793256102
928.1844344515201 754.494591435913 1088.9289749889238
729.2598297107311 757.5675487854728 125.31136181472175
817.0439206212671 997.100276063717 1174.4366503818758
1452.1215668252457 1198.7283841548733 312.3078826536309
590.6557670688824 904.101294776232 1253.8810875902666
1368.0793568762783 856.5378829155896 451.2538891626455
882.4054311792468 1174.010540469413 368.8357125622215
1232.1350221031255 1009.5734942505643 150.42759547772832
995.2792822418237 1007.7492924691178 874.8494071805152
793.0837890598293 1436.3178194994375 192.81372840019023
922.0480690446526 792.699729562768 866.7693223249555
949.7258611384445 621.1094613769826 159.69667146971383
1339.41987783986 876.4668096462341 787.8589709602975
1200.0614264757653 1055.028431233527 626.4287619318327
995.9124559250556 965.7441108623112 289.832362631512
760.9742676183431 858.3194795180705 1166.0659157767475
554.8662295670873 1036.388833403512 1480.9558801913429
859.841001941041 906.0489643830215 1330.299796558812
1081.475323017099 571.5243711393546 393.95376384503487
700.977414839843 1198.8749758018257 1170.3262471457817
1688.1492613618766 789.1811903466428 263.4244689279361
700.7685195359668 1071.2628446043939 312.25062880112023
924.5952398909718 844.3314588250394 225.89882434823681
1121.720431664914 772.918039585488 1398.6184519586877
994.0162018223541 728.5283647633514 563.8426291278515
608.133820102041 987.378483731396 1469.3466763723934
1112.8296554128813 980.7656311386561 427.40689671662767
725.4206716010874 753.8093250706098 694.3580541402945
1283.6165221350996 1202.195514927258 1463.3388806379573
1048.4769054568046 768.3710192259234 974.1706070799834
1010.6316879402588 1047.7960367006385 892.095584584203
1029.5006800521553 1041.5356741461026 292.7422799030249
684.546159559923 707.7089989674799 1495.8760225637807
619.185514004286 796.3568849750435 930.6017938663366
1181.6286216621584 1439.2937497361859 545.9017591459864
1026.8028839300903 823.1230942077947 1275.378938944195
662.2897321924784 1492.1776857445257 676.5537140683628
1233.653257766724 1141.2953059450583 570.4761451688362
781.4288138062656 739.4472586585875 106.86123862390623
1577.517740682802 512.176273377015 871.2889132353409
813.4242571042586 1187.8157290104773 1104.580666302188
539.9989040218728 1192.1307505265322 809.5910764596649
868.9329645805511 1263.9055162318425 974.4848284683848
950.8658691919194 1010.238821066345 246.68270258829284
746.107871494163 1376.253664399028 1469.2248074237768
948.0904338718426 1028.9271922904331 686.9633455640428
860.7189092677611 586.2250071833605 1167.0589383985107
946.483180103011 582.5820422431748 1350.7840270315335
699.8540994880482 724.8192100673839 1235.0534259435792
820.2232573342462 1395.4960818939724 69.25428584591303
1081.001679153662 1241.725068581241 1299.929805202241
1112.5818477825642 888.2319550159476 205.5354776513554
1151.5102762398046 1085.395124910612 183.554350349808
767.2400518449418 619.9895037492429 948.08628084328
1264.300299635585 1033.2557000392962 456.5772138582805
1051.1843905056126 1040.440170632942 717.3220109200178
757.1706058017912 1270.6492957600626 556.5527511688321
1172.478378178764 1072.2190647261357 862.1677232877199
1251.4085229569935 1323.6816601015937 782.7283690298523
1368.2111294532392 848.6046589456749 556.208092724386
1258.8369411706901 1129.6184395685034 506.7833100244955
859.9291719906016 1140.7411000855845 1194.4259773368415
1006.9955631605587 909.1282592819832 1348.783677890484
895.4619133650971 1435.5872556814497 263.66603481468496
955.9365962371915 787.836491561349 340.52922690630726
1132.929696921914 963.2261921306471 662.1928072886317
1218.29544477513 585.6149354397314 137.46019915491314
763.4038028679865 1040.4095105376425 1174.9654478261155
886.1258180528853 1137.1183785363999 176.96280276622832
1119.0058828272122 1056.3023787185937 862.3576280280566
834.4646757917301 1157.6459001646153 421.2509274232108
1328.2348486137423 1525.180515019188 767.2285182507219
756.0354262817707 1168.2076305241762 159.3047712382584
894.8282945378851 1175.0019920850912 712.3149627382722
1351.2506270616445 1081.0846283183441 120.6479124209236
1229.430282501699 1090.0023299204413 212.8795008127492
497.0120426516196 881.6338994995274 825.6253686926678
815.5851288056011 992.2557157972915 469.2837283619838
1115.4369590596468 1056.5802679737212 333.183904169504
991.1955139852972 1053.014153046799 154.8265676894607
850.3092563788753 816.4284991066318 56.47663001152886
735.5196648710858 977.0607597744531 1431.735202556732
581.1621837013474 1132.2309707289467 1448.6261332599083
1231.690087114502 904.5020238545208 540.3247476319557
1248.5397827483816 1160.7687501568294 727.7263638847611
1194.9466464642205 966.9995492662962 850.9120463809633
222.34453390950716 1041.6059868731813 1223.4993393118089
1087.2733781089128 1338.5454480911515 1435.6480983145216
914.8332680173542 1171.7866611184352 997.1145410851935
923.847083141581 984.2585063442074 118.13964928214283
1252.7761609429895 1119.8068870723246 752.8258607681911
1247.3239978537417 723.5682429652495 989.1814587005185
996.1048593451519 786.1591495349662 20.888244880861606
1240.4519127332828 1313.1029615609818 369.39353932433914
956.7964136522193 592.6674961116711 618.5197702639653
681.6113693054986 770.7530849403399 675.5274610311448
1207.5103186818621 1265.3653161450927 1387.1619070551924
1311.1252474031048 1131.254942889732 1191.6868924971789
999.8482657316674 873.0399441983659 113.91959813946123
809.0779413099513 444.29136560485006 1294.0604452532173
893.817845602695 989.6034961189971 1040.9924381587316
1207.3179229919174 1268.43766514424 1473.9564977670552
1087.307144524809 959.2917991644225 139.54837778325452
1127.162560148764 1207.2030549924434 422.80664750571447
679.8601891752703 1413.645125550028 275.31193564781177
1113.73761910897 1183.1252248447543 44.367412006538544
1397.8609359001348 931.563973374134 795.6222147853194
1281.2033799524088 900.2897716053556 1457.604476642542
1087.4042628478967 921.3795183867734 1303.970142569788
910.6162697571531 1034.085679062043 1333.6540052157725
1093.4254355063526 394.71093491154977 494.6182327994679
1266.140344879204 903.0870984985188 634.0890136707486
1799.382053564318 766.8378962225063 449.0531472904636
1246.9930011557349 822.1493330773746 537.9779255229124
815.7832089697115 815.6117932551357 126.75407073805984
596.6213594377206 810.1276154346655 1123.9583573891534
962.6665867292982 720.5685303875988 811.10036315654
849.043987672828 353.7139923704135 31.10415689020829
1251.4384790158701 1220.5117911333305 494.48111861376066
1296.2401497939975 1202.0899187742932 503.05367202059733
949.0913460964257 842.749712833012 1474.2545809854978
848.9076772516527 888.2113054299671 709.0518662838135
690.1685845569411 1262.9195005591043 530.6984076482632
791.5931747549986 930.7257616500208 1029.3724502141415
735.4483782321981 1431.388027879249 238.08816726818455
832.2381558821787 932.1506744486447 832.7414246486852
428.45774976590667 1138.5144643241108 228.2373684750843
1143.2473646171327 1015.2987168852787 1216.1004817502533
783.2573796460106 781.8507593699646 1397.65117048041
653.7414959330322 551.9019840996632 73.43245575801805
1317.4295912989587 1134.6003205464995 388.592729859763
1430.1868167122288 762.9692822980381 195.28247279516248
785.8625692024902 1047.726822324576 138.62290559458512
1134.9215041617188 1144.1793057565292 1175.6093742379462
1051.550182079035 475.8229814221196 408.67896225050913
1059.5171183545176 1052.6569645940683 397.15097601427965
1272.178990593007 1020.2445125734783 59.52212846589144
897.7706060534294 828.230030431701 212.35306178582164
963.339580733402 1120.97944516413 1270.447274102171
772.9290919682405 663.3071270295281 1483.48838799588
720.4285157512019 1142.7446529476974 883.5468006626138
1283.707608385568 1289.5384739365325 811.5407373204032
859.5907638079474 851.7787940707375 1486.8101218246084
1208.0625505119547 1287.0400384312773 892.9063963513718
1042.6253106926188 902.2761843997773 1337.6640679658574
1235.9941399843087 827.3261632971964 343.29613712611757
1000.2708497748026 1275.9359261695581 297.6297853686705
837.4195323377921 1144.7454647978273 681.4658492804283
1224.8988422704135 831.9514661255129 1140.2598008982075
1293.978049751797 657.1694023088228 1170.2602140147146
1172.1238906180843 637.8562854628727 1259.8433254971926
1061.035316102511 1069.4290652076586 1487.5953299457965
953.8358758932665 981.1668814248842 930.2661944020153
1732.8291815667042 933.5577557386838 969.1455025190703
879.1100263211918 862.2394055782183 712.2214175180964
602.990261552596 981.8850932521177 853.0684220280909
1012.4536513857046 933.5429595841332 73.24240556267375
1441.7274767634394 620.41148126811 994.2472003020982
1016.7243324036787 1185.4888845263065 712.8711612223607
1234.0879397864012 1232.8255841965292 422.28910551324174
1319.2166604117876 782.5968967937235 485.6081842546631
1058.5149715417422 942.2142201687445 988.6590744908158
1471.2024030923276 522.6737308791504 187.30369594487183
562.955819379764 1061.0117479560822 1405.337865188683
1278.389801290788 1323.6757440596643 1109.5841528298433
609.8723681585159 805.3714324679677 624.1342297965326
1013.8025340075027 1210.367086943497 23.03896795215521
705.6131712450203 1037.0357344385243 907.9564462820997
856.1032914521965 962.0624481749873 1429.1483403005918
787.607775524214 1269.4587658053492 1321.3792672781935
1048.1415794384434 1304.9752485020094 289.8661516346999
1005.1633531422834 1144.689257374752 1287.6217079074486
1441.6830141848827 846.7990849597788 1470.4900914546374
1136.4228886447725 1528.7304972301722 481.43659970599003
1025.4417149706237 843.5026879255072 1044.5679198150717
825.4417393644889 1527.330177694746 1427.3030684197583
1052.2349443048643 1029.49796692128 1249.9236436740696
1149.94441768241 1011.3069630848263 1476.1396200103145
554.6177670738485 996.7534617951795 470.56355648079824
1301.3474887006835 1089.3979692070006 815.8014511950555
1343.6475527718121 854.0928328078708 150.2350407379252
1146.0097374857608 703.3827503227698 880.9877002125097
1087.1917238329206 1458.0972437186388 902.4653620555952
932.6137142456176 921.0665653376786 1460.1704839436195
1150.6166505505344 923.3598773297438 405.09006263764854
847.5333209249013 1123.9850101425668 1448.179910931744
1223.7612830951966 1311.2740517398636 165.21404717545946
858.6556305355448 639.2382428766253 1387.5066591232733
999.4699572318012 1166.7953244086714 48.6863480989132
1178.71560107168 1073.5058564248718 1307.5773766600323
1053.862468789584 1086.9853550815849 1038.0874965632454
1485.1168358601653 1177.737200316673 282.32951173213496
1353.9884072810664 1089.7773355548356 975.7605735289136
782.252988118047 1134.6220774474627 521.7938140159855
1071.2306499148003 1085.292657565189 115.62722868861674
1180.8860776689876 760.8270598383089 749.473385734112
1224.5731121909475 1200.922915626338 149.82262545472292
1196.8822233167075 1391.26886048178 939.1679684763583
975.9004838980861 667.9602114239035 31.814461553490382
746.41234999776 1145.1133127454593 123.99465061278198
1389.532612131572 1218.841740813443 1121.218485013953
660.7774396946843 1177.9039028613574 1069.6711528390572
593.053275053284 1050.3716906625257 493.11036673680616
1262.1326384802373 1154.7061620450943 1424.2883976944754
1057.5248746635457 1201.226016518822 273.6623305861055
474.7836598758356 1281.0241396170554 157.20934803701797
866.1442919851079 1444.6039516887008 758.9225484373239
1206.8890291895598 1129.7137942986503 176.9369125554992
948.3964064726748 323.4623899419802 1392.8614306346014
1029.9926467551875 1249.9368359873433 1386.2802016791845
1265.6783236409228 903.5495243795735 1347.8343453186117
1270.5410214904539 829.5316649604 886.1817710351906
1099.60186828527 1267.3055479550599 374.25028220730326
1123.6453351376576 766.0564221893667 1200.8520300878179
1307.8844208954151 674.6096226030047 891.5571601162115
1151.7178996970713 1041.5790097144481 1325.934945391361
988.0488689453404 610.1910403345619 605.6908547631366
1160.1564726313936 1224.4396682509553 642.5488593211041
842.9772842000091 291.1216644172574 443.9335519225615
690.8931240035345 1304.3879207658847 34.93670894856571
1090.4636874087478 585.4888612912058 1452.961407048791
940.9235923316809 1216.015559380061 919.4501951273945
1181.7057303779577 1436.4333532192752 1049.162018555897
676.3231679235523 1244.0497172694515 1012.5223508300573
1050.520680728913 1184.4096368371752 1260.1684901166752
616.4883576084766 1010.2253707636282 1120.9076192549437
1254.4909873785102 843.8589868958506 600.4849785938924
895.2630898455827 1252.047665330841 1375.9523371280873
599.795618104006 1195.5788585188227 97.40998909880688
1139.727837647715 807.7355102224855 808.9857167680601
823.3380266143047 995.411082329739 1239.1643687836167
1263.0712752271402 994.2826104946224 1179.8607358944876
1009.3484199566375 897.9178276171143 1406.4177429938447
869.6375600553126 1089.490768808737 1436.162542726513
1353.110562855216 573.2629335362994 135.20505092436218
852.6391126751355 1437.9722585502102 604.6130077982885
1358.7768734660626 699.6473745933389 904.6844168260451
753.5056193842915 1301.1819219891722 417.11736143841125
1355.6861756287412 1218.5298843788585 1380.3035270978653
1260.0263605848068 772.2366215243783 1172.6338984033237
1211.0733848590503 668.4847138339801 1066.3447442578165
656.49677933605 1134.8287812583794 701.6448867132093
784.5615065008035 1393.378710824102 810.6907093811752
902.8037902144056 1241.2949577506074 1351.9379613157303
802.4795743753059 736.3891217868041 879.009576724935
1113.5177027129816 1130.2362926438232 366.3609492465802
1035.477504363171 609.560915724177 1466.4117113366158
1079.6092703014265 1174.1585076027322 1075.8590979383823
1093.867629195282 633.9174735450954 614.0708928737128
981.1687224287924 655.0316631009845 1060.0177710334306
1398.2442239614627 727.2754602565535 1176.9304970714809
1295.0467151760777 1211.9989908312446 1081.095606167583
1468.2200249229222 1235.2954743998002 36.934614533725764
807.4715955803688 963.820760743437 1160.479713300819
1387.8049296736017 796.8376075907538 278.4890144586119
889.6787884820337 991.9658449148932 1335.4024346004471
977.515512098995 1027.4624115492404 152.92284855049658
972.5220136616027 1178.3363849415919 886.955639819203
1118.980824096227 578.1621686189862 43.32181183319067
1029.5339917497165 613.8681342700722 289.3552004041393
1213.1496967370447 980.5948995338024 73.20983958245058
547.0422047559991 823.5997057144623 166.96628651099877
997.1934077618143 739.5477297401242 1390.4400907017632
885.4199883421807 971.8004516019424 1235.9556854504197
1219.6105894055731 1383.902790241062 826.7379848920128
635.4751108402828 994.5964838946466 1145.0807481594213
1008.4346061469054 747.0395085579793 335.71791712637224
1160.6858980812706 1063.6125311100677 181.48064740084797
901.0859085037648 1353.9638687093204 296.6012996125429
1054.4494461009667 723.764242513481 622.4051508238457
948.2204719872228 1101.8907135133636 1481.020586862948
881.0202211391075 992.1490503390899 1472.1206697293762
1220.7091789872275 1253.7332486769442 1121.1951482486643
1059.495401969651 1105.422899174828 720.2399289027127
1198.0792219055377 1019.8976174282827 621.5273726878731
646.4976024421871 835.2000362077519 1054.1424641670628
1074.9044213949107 865.3612961703349 1136.3596712137107
1179.8975383544027 916.8779959911127 901.6256709093421
993.9396668832292 1458.1350429976528 1169.5213316031743
1093.939581307747 1079.935191910154 633.452647324793
968.4888918131969 1008.9272694365071 167.04350924277105
1029.472305452451 1272.5065902833558 624.2212517413318
868.2151441521992 998.6767257796116 1412.918710654156
972.9341811998585 1016.1347526054869 1357.0899038377636
836.9080146927517 1163.7736721439385 1149.8847587713244
891.3056764111766 1066.6255360210273 1005.0976632277414
813.4888543573963 1119.2156599183927 1118.7508410349235
1152.6969646403197 1105.2204616584597 742.9688566882933
956.5516682040951 1249.2496116262048 546.1445867271533
766.5146498010267 1063.3367666928464 538.4767368452583
314.4569139454221 767.0615661237665 442.511960682301
1044.8523258698044 1179.207074683418 1169.4898862331265
1143.6444694056156 840.9467499307425 293.748886496582
1155.12975742549 960.3863903197582 230.48387641654605
1238.2569403091074 828.774396731507 491.0433939501589
1177.7752159615598 1113.3805395339928 756.0770301086728
1014.1181760029228 1060.184069483294 254.57422914209994
589.3090617065976 1229.432352583243 512.4033132605184
996.2993301704331 1102.7050932533375 958.0417963714013
841.4418625577413 1199.955778048759 1400.7048322015733
1260.418406830587 1157.3533916757792 770.6233476994898
1065.1139883380304 1112.1777840321456 642.652320730043
929.3944950433716 401.0873946839947 76.3700128805948
1178.4590051802022 935.2444124041173 742.9426461883661
642.6394279725298 900.2668508074861 824.100989746475
1133.2858307287565 928.9423237214512 567.1676410095503
798.2840559883059 814.8962874756637 1079.3527959122048
973.8154843158567 1063.2773012763514 612.028419891525
