400
980.6595252714769 874.9653869225305 1443.8522136101285
1218.6940429187998 1626.4949163797628 688.7216230877825
1158.4790012599842 1368.809504919452 653.4971461496754
1105.952125340066 1439.6049158508804 443.1551331129475
946.320294664004 1153.438521685412 1365.9961539378783
593.6469238660945 872.3397179297503 824.4618059233085
860.0418190752713 1069.7929229952888 651.3085668827867
1570.347961638658 896.9539158061062 1313.797768017421
1117.861740973195 1106.1826077352657 1007.9924552728615
1145.2745062208862 1297.2758103833057 734.1778367917473
1522.58186957187 1461.0052040487624 522.468394059474
1337.8129500295631 1064.252856361275 254.0523595587319
1165.2808021398127 752.1371550191307 625.5059269015503
1251.5124922060818 956.3896677482126 48.654703169218216
835.4472147604116 1176.105687224302 146.9365993294153
1052.4381874314174 1071.3858059133966 1297.3637572219336
707.992017034127 704.74016917329 779.3041104476744
1409.20449288299 764.5763444052382 553.9082869724157
976.0324674129229 1292.7897355856135 1134.3578047879848
912.9050740136078 1110.5354095675148 618.675739312409
931.7656615133267 739.3750077983007 586.2004228956393
1147.376537692949 1084.4847008883364 302.34004232545624
981.4745643903289 1285.791418538346 1260.623081107599
715.2403036067101 856.3800787465154 216.47790199017115
882.6427791408174 1244.5025483178124 554.1268654904685
867.659839161958 1482.891865711582 368.35113898604203
1042.4538034775976 774.2449482471253 631.613980279745
557.9740892520776 926.8812479294998 995.9307522198359
1023.7255638962031 943.6892716781699 1204.6839094796958
1088.953508968495 856.0150693431133 1409.3764270695344
988.4029542883318 686.7005665428658 482.3013708447128
873.2918593507015 996.9323868243496 348.65494717329244
902.3274099828384 819.3700382053303 723.6133933013865
676.1255582851809 539.9261024598475 1266.0776007071483
798.7034746905447 823.728150585232 1279.7659600801196
1300.8992763780243 1311.5839871532175 286.69826357223764
872.9761964470237 769.1213983255943 438.96538942495
679.3750834685447 1049.9253124542402 1307.7636737849596
688.0306014279088 621.9338015466208 1107.482712258766
647.7292225643755 776.7547581267147 682.4514089565328
1142.7075339468122 860.7113907604808 771.7533923486641
923.9039346139738 644.1697836327389 1144.0828012700524
740.2100423973557 969.7279917987428 1155.8500528623067
926.079556079888 1471.1214654352098 434.11630401550264
585.4461106291013 1109.5172711442424 208.67394273922275
1093.9715318526107 714.1898586159468 516.2221618921578
1249.601394823626 713.910710191467 1009.7254559510421
932.2184335146541 1267.2058698497733 513.8638268523653
507.4041407874428 956.304795773008 63.15862059852107
1267.7605934574956 1386.8570914931897 90.32054324434601
1168.4726166819405 780.3236054117232 1066.3890313789866
684.1760340172989 703.1047033796857 642.5945156776811
762.0332974903098 829.2080192721121 1484.5743860595255
1307.0991818843713 770.9440232332147 1084.855463308013
1060.210098129487 713.2711946684943 449.4305639764034
1081.2883544131023 883.545738167427 540.6094022523936
933.2128282064092 1274.3130551727616 171.83868094800104
728.5271187592582 859.4146149383715 577.0545193716082
1254.2774278730326 1107.7223574933573 133.79883601639708
946.715325161487 1071.3736244763684 28.907560888663475
1080.733248158378 927.4593276436918 772.8963042251914
565.0028796121053 837.5391814691444 1060.308310788323
1311.4324610985243 1334.9201174784785 1130.0178711551184
1101.0600369919835 889.9412336073008 1255.9151452274673
811.7650290378202 601.5036386223001 1364.1398787359099
710.2732620708123 1142.1409451037102 844.3300936869031
1494.2216988857672 1028.5803930000334 1144.8506597542805
1359.5795014444282 1187.7876643595378 917.796993332973
375.99173800510073 1006.3352557746474 674.6620064605232
994.5569932389395 1026.2843936258232 575.622599725174
941.2840606631949 760.3128281128355 645.4124432583016
571.8487553766054 681.5469435078272 144.76166497703952
810.0343743660444 826.4304864794042 83.67811711365431
1245.1206107634744 1048.9552931447167 205.4262284202204
1067.666048523939 998.060612146783 1002.9901985752731
892.818211132028 1336.6977527496238 1037.19685796722
813.505765157465 1137.9257986189132 286.7744606571675
1059.4229297002012 1073.7334917645633 1427.7493670230945
1405.658223579221 1262.2431929439863 429.5879859584992
741.3372734305102 1185.4777276540483 1226.9217443617417
994.3576818905865 929.2352933688763 958.9257282868559
733.6411396584258 481.7881055472209 637.9051834967265
1058.707247038741 1252.9118810127868 1116.434706324963
1063.508941399558 1017.4848793862508 1328.0905785096725
963.652819784662 1329.6142424083077 447.2537395237434
702.0128876154372 1260.3039988774276 1411.7579208159307
903.4027180781743 1210.3483876763357 1365.2123208575135
997.7672104747382 779.5322215542544 76.61490202023319
1127.3361438729814 1076.6350117184402 230.5390283094475
870.3788411309745 1250.9858526755247 1225.327052521397
551.5870543924075 1206.2081018092967 31.911030709183052
506.3376235228897 1282.4181248488098 949.8169859252977
1012.1741320759696 904.8715521433699 888.1487125646468
1243.2455772009896 1178.9106696438278 1083.6365136826805
940.4386734996776 1351.2073266987336 91.61972906691723
1322.3612230489875 1281.9025082788655 317.2239460563004
1241.4592591280384 788.9187558432778 1046.0310996751691
690.3256351233692 451.96379957949966 810.4143532822817
1201.0564227799161 1295.4003789688863 448.1107422604991
1193.1012421901162 1375.2787497151824 478.8381607919483
1437.6503392073528 631.80370214081 1338.8656151880573
1298.9602826790351 778.7866523303833 1301.1281429296178
708.8402796726126 1174.0226325319622 1118.8353012932705
890.4610384226697 570.7441419200902 324.28099988075746
927.4668917902134 711.1177661748251 127.42010721245035
919.8670043807293 1491.3002764611588 492.8146913421169
774.8816647262337 550.4287990681482 703.0555835515514
898.8460078111399 665.3196166191028 279.80197898865146
1075.432972864093 1099.2491734455448 704.5758741980483
1017.3554040924878 1257.0205474194634 608.7458661798963
976.622975408123 664.7313551981944 711.3414525567672
592.9932160312705 1207.5552546412368 837.4589299009173
939.7498485295712 640.1740356306245 1221.7967584491594
512.366685313322 1246.3898766607335 644.3084544599146
973.1450387153124 1099.4337198364854 634.135253775283
580.1060218719465 629.7078154876715 771.2079311248058
947.6379467529955 1145.0589628630057 809.8140304350858
1356.7160146985511 837.9343034894196 661.3732294160608
1004.9559190434097 1154.5923244869302 745.0671928146025
1185.8739074257383 1352.7842839443194 416.3731883359828
1367.5924721404058 722.3639681896431 1178.3048424332446
970.4441024383518 1234.0769116699853 917.2087279786414
968.7684481902083 547.8311520045893 1439.1711807236766
1149.4257546779984 1034.5279403283066 1421.4821711430106
1012.2126153537357 1161.8243579921902 1366.24064423224
1058.520210747138 1193.575955870219 644.3435302008259
628.4696997118576 499.32724256744166 573.3682382961662
555.7579465394467 1138.1107650671074 691.4484054628082
1028.9216217446233 884.5197079072457 1443.2476690196643
1597.9289816837909 950.6181449502202 6.75130015814257
853.5341680733968 839.777520008364 202.39584391229687
849.3109577336572 835.3210947192026 1228.897734653147
1034.933134701797 1519.6489394708578 782.1672339612473
1255.6541206555753 1160.112773199222 513.2311124505549
894.0255034176901 1318.583935760296 869.9352770098087
949.7127039275427 1025.7487264254003 548.8494730191339
792.1383894820611 858.4478718993165 1219.2322589848463
1056.3309531330588 1161.7533235414055 526.3892363344185
951.9244145227208 1035.8598146337845 702.6933587149927
1451.4127898746237 650.1471882518072 787.5850229355407
1613.7225307999893 937.7252647243287 1065.6141075909068
931.8635832769022 794.7567505057393 63.964317521320645
1129.293563041319 743.1476383676097 269.0985881943616
1203.138591551122 812.1972213447075 510.465541795234
588.0259559741924 1373.5156627453118 1474.7833942988104
1037.8375941737686 1488.4278301757297 776.6256335054898
1053.7164144475023 1367.1356696980633 760.840512701118
795.8483130719356 953.5680360728927 1304.758209127863
879.0746728198769 1035.2084977152456 336.8920132620076
1075.5451514961617 863.8041535284232 539.7300502965417
1068.1809031374878 1144.926556756884 214.55733761426387
1222.2748623964992 665.2856930066589 95.83146921090923
947.3857614230725 744.2993163300896 585.083012643066
941.9335250822918 1048.045616487329 1246.274816800737
1078.5843942307772 1414.183127971135 1243.171403246708
1264.0835207035336 1196.0676333745885 1325.6330425251847
1113.8411891545597 772.3183296275434 208.89607397983434
1281.5649819067044 1341.2005595856233 1186.0000048961965
996.5380891652937 939.9852930301438 531.3668564322235
956.0827356978288 807.696503220183 596.2874125266633
818.3995906783299 1387.72760171794 1207.6236902013527
796.8621984103381 905.7516457344659 1154.0249302515213
894.5947806582457 1303.6201286472447 1026.3155648698926
748.9900167504912 730.9833551120914 226.36050355889404
1287.744499799357 1012.7046722501121 1.19987840132324
762.7982585109579 820.1677143081716 981.9653340329946
1047.0127651047353 1204.5893300011821 852.817618813233
1073.9574077940877 980.7510260213227 1413.1851830586854
1296.0637095428403 862.9870850655391 744.2728470758768
856.1847581454782 237.5213117259625 386.96657541550053
1422.0079489777759 1066.3803349062166 1129.7284208784308
1156.3257961551724 1257.9743810709713 324.9140019121423
591.315278971992 918.5533537673494 1148.1257466168488
1351.515091990555 844.199530705343 1339.4345336679462
1217.0268449921364 1107.8003153957638 1230.6029791161654
670.8148370697962 989.1857062391604 450.70376351913484
1609.5316148302563 702.3342497017575 152.67956652398647
1327.5125520769266 1161.5354765433613 755.9040305096166
986.5597281978891 704.4291197021776 1414.622976657574
1374.1592390030787 869.5409816339776 328.2469715298037
661.4831788928124 1126.8952598913093 38.86823656034705
995.0958097584755 919.9078434991202 331.1657791043155
542.0320615065161 931.6254134696812 144.25439405718205
1493.9288174008552 926.3568529646476 475.6524468214054
1272.9769359396432 715.0649201896097 743.1951056817966
1083.6891603016675 950.315642095348 664.0533336474564
1017.1047643226847 1102.6834966094843 1219.7384582434254
363.3479313716616 795.0111975609502 675.2743997896276
1150.6427266490105 1062.1095398477441 563.3310325516566
1091.5989093829771 1039.4713989691063 191.96882603730208
1041.8940809318194 1061.2414691560896 1195.1414403461454
1243.0026188845343 1287.5476592185676 1157.2063126471328
755.2554544503244 953.105152864939 1409.5190461759441
838.7277599732299 1530.8084039746639 7.643345806252643
1130.1739894158775 982.3356885397061 930.0680623670014
669.0253303828488 1235.0843493953407 553.6637645641866
919.6025542662287 878.8199245911466 752.658339701514
1271.1552492473218 1193.7917099106742 513.1415236356099
698.0525534139001 1207.3259316905373 831.1910526856783
1156.1840738852015 1118.732499986429 614.0036509153973
905.5575334925943 964.6335371278059 1199.1513317579918
1017.6124684265359 910.2807178254019 678.3415170997118
857.33811331578 1071.498740517448 1496.0460496175822
559.751227161061 632.5221620181553 289.16779063791915
1122.0970407019174 777.4627916631405 1425.8004347702174
744.8905474340585 1398.685678901019 702.5413300231526
682.3396730998941 784.4461526866487 390.75619274959956
1333.7190485829954 724.3312468987361 338.94474514987394
753.7684958256269 843.4423005717325 1246.5695006632252
705.6415724895135 1473.762885202236 489.5123641659008
660.7900802469078 1211.3879339294208 917.9394427403257
1329.3362983955526 902.9222987053184 548.2131308340671
1151.521011054568 1261.3737367294862 1482.9835776529103
876.0675511431951 764.1487278394359 323.08134390844964
853.8448565810461 691.3580502882394 38.77279452811311
1172.19296530893 960.4702147525205 586.2952058735609
841.581624523914 979.5287778003299 871.7079139927798
861.1787839245553 911.6341101490854 224.49971907328086
1101.2670973183729 1078.2182201173262 1273.0887666674573
791.7124578786397 832.6874665957552 1036.5044273774888
1232.2577064205107 1164.121803442044 112.10420926471059
1261.8022632507207 1250.9521642452444 1083.0428454223645
1378.9342883378974 923.2217663049407 484.7435772262469
935.1413712550064 1198.0921810557363 784.6424426728059
619.2290560402797 878.7287846005686 716.8562554068604
957.6245078827392 336.6674593747798 456.0007517627613
838.1180907193265 1000.0207993437393 394.2080556081767
1211.5553442721603 1137.568773828763 10.09575302831639
1101.5061182968996 1324.700426906225 1415.253065265363
788.5503908630811 768.2438775354835 1456.4929974211914
705.3230418613655 954.289290743825 15.086841350998414
1001.422208729212 927.8422460995964 745.8572757849898
1302.1427744289597 727.0186017386923 1045.237132734155
690.721158088525 1264.6532790081985 512.3120503104434
1104.3958654045177 1297.5381614850191 1224.7018802876594
826.5587537140752 1171.5808801308426 1400.5771609698916
1252.1071982340088 1229.67456864691 1301.0213823583829
991.6483889808977 1077.7434992134488 29.429457836323003
1066.8725977136003 397.9170110475851 568.6511773440562
754.6605427955787 1461.8255226098345 871.8001093132434
837.6881583485502 786.4757966035736 1488.0437032694133
529.7766544319393 862.5060329346275 1238.4521740604405
1418.5939386466798 1208.6592177243763 1241.4623897271101
991.9263702812341 875.7075793226035 1242.0205515457192
1323.5969851356817 1460.2911355210215 1494.1080557059597
1271.0780606040207 870.6515718538724 51.197213169834384
1077.835693404172 956.8871859834435 1112.0413183903393
1295.449218409561 1003.0445868269735 978.0886225483769
849.5511961272691 1307.8850180136599 401.3708695712003
1004.4027403020276 1098.4101852126341 362.0908958972734
1252.1103986567841 815.4847170131961 874.5473268548905
932.8181263578743 1245.1653548686268 578.3389492991977
974.8897093317544 1454.9248682465425 884.6127614492482
646.2291245028094 1001.2315209453047 513.3068716383459
1308.5712864371328 901.5445596790787 1038.7634450708128
924.2499397932995 867.7180188371901 32.478318258148505
845.5515904377793 1105.1122568552216 752.3859919031381
1165.978844404517 776.6236259839792 155.209645528904
1254.9802007565927 1095.243914059705 142.12912476052014
1264.8077590716284 1103.1764951292316 826.2549118768276
1127.8605811150685 1112.4616807253346 149.13043935324404
880.3912521726786 1466.054012761944 452.06060419307914
830.8374842356292 1122.2774098963523 767.1382917695631
1071.8690792285033 947.8069178948384 1047.5677866014646
1001.86657988661 1395.777562270992 205.97523915966153
1227.2190532172517 475.148368135503 700.1700813730564
1012.9528362507593 1237.7122663356515 389.30955379910876
976.8154320678408 900.0300117539201 845.977841430327
708.6184886035262 1084.494104474438 31.538025586845652
1199.5600160193233 780.5708576168273 917.289242219644
885.0933658732242 1312.7385747745377 1172.6426036767841
1061.7847024756063 864.9470401014539 1111.5118556840675
686.6181029415834 922.131218608944 756.3611847904656
1257.871568117324 1346.8162383464282 978.0386743465443
1558.3113254275438 752.9566405416749 897.8718075283679
941.3419647208117 1102.6669490703084 373.0796261296537
1147.9836839061338 764.3877137212821 937.4744627325132
751.5952259001099 1183.1086253863186 398.785081115394
1040.5185072929557 635.3356882387758 291.77618126875547
1037.779947944727 729.4545136623873 85.87210608339436
633.989320078594 795.0866753128306 1448.5815323072866
1132.2243805080395 1058.7630807563223 1432.6599768050096
1071.0849405152903 1014.5966967953702 1095.9831437848136
1025.5574773657036 291.1011493013531 377.3662208387256
1138.1388564910792 1111.3864185099897 69.01791787720235
1034.1998892542938 1417.7550195504978 1451.628897021012
1140.833963595366 550.7830681772164 1119.3217830447834
600.0196194308209 1268.031826466694 340.141735659205
1124.7951194099821 1192.4722864156454 905.9313621083563
1367.918797411683 1244.915960098228 734.302108061353
1171.7263676988491 1395.2238003770553 914.0457416279694
675.4512198396949 1193.3667128893494 688.0242075110112
894.1912399112841 912.4140011406979 657.9047304852434
773.0250255119374 1089.5025269864873 65.92041588141534
890.8638504982783 616.9144112088036 1143.696091987176
1279.0903942729403 1083.1714313824477 463.1074431488817
339.9357965521889 799.7300239291664 1376.372354084416
617.454867671313 1011.8436485492259 985.9326285054493
1290.1113471759031 925.2056324341679 75.54221592123844
824.5700623150913 948.5282817774574 1452.292685591388
454.0112258018171 689.2742481404601 1418.731011440572
1109.016788420026 1092.1808288283646 580.0610432737282
1252.4176800587036 864.5523406605879 107.84742732849028
954.3304952688928 601.2587355845342 225.60446374705128
1209.3875395558684 1395.8761933440646 473.86714116927044
1002.1497010354633 1126.2628660310095 447.116591775353
1339.3460889147118 1250.6525956743214 736.9245564698518
814.3658644569776 1125.8139032503252 543.0305773031093
1272.979534203007 1101.7768709464153 1449.1778687894262
905.2055866748263 911.0274589236627 609.7042066293878
1051.460160357042 1601.0057188046349 1108.0246363448305
1075.9361225548885 633.9867590054012 523.5844502296683
925.9293477919916 1286.3142162836766 947.6833946321938
976.056831180485 1336.6046910328819 1140.39456262207
936.1673424818576 1383.447910219079 1069.4515974421204
943.7502629353486 1362.9536775365164 644.4707051229439
1001.3589603098355 842.9214357558885 807.2408028153708
1103.7071484184526 947.7077354837351 223.87358632992434
823.7855740334143 1018.0921295477085 261.5860871961903
841.7567048862202 880.2656476542658 1434.973166378332
1061.2620907435069 1251.3647983862265 568.5086549095164
612.2429935333682 891.7279025919302 166.6915003563389
638.4810887657113 1072.0171984481979 1061.400701988178
1287.3773240550577 1361.5354234940464 867.3192339557996
1274.14582041278 1333.6054446886897 695.6894865278151
1017.4476089101854 1036.1215064079884 507.49359161679416
843.5771432835079 1525.2013598534622 886.2933252996576
982.1481391924877 726.654888697424 1421.236598661195
776.0108413666773 922.7047063343134 602.570945721674
1292.5602302122074 996.5523311019363 1262.0472670600982
901.0805378508035 1119.1231032041053 81.72470648627966
912.6387555434515 780.8606657050935 1338.168092484111
985.1712846022174 816.4630023775912 1399.208591604375
969.4068416891517 1592.8119360194137 738.6160755839845
854.8169990891215 691.2935469895494 1075.4681121790088
959.0400293348259 1152.832703868797 288.3511575414842
840.1203473792324 746.7435689087708 547.6968623029958
804.193710046279 995.7360005219243 1025.5697373994292
1120.091974075788 937.9543848698927 464.2553494845403
854.2384699474147 757.3256089367457 1315.164836740374
1008.9200492807934 873.4908192821964 171.94607120064953
1420.1957589863923 1134.052249105005 56.60182123291491
1343.8837033074046 1717.6947529742756 266.48427723810767
1004.9933989312278 157.80901605703946 943.8303953829047
938.355521701431 859.9676984889846 1029.9663510317891
1145.5715533321802 798.814468810198 577.6006500209486
486.1921700740968 1025.8096804551362 425.7847280533285
715.8739216684812 1267.3232686095923 1165.6861787998282
974.0951204205336 1275.2439437581947 1064.7889668465846
771.7961563246121 730.1595672893369 1218.1356774859362
646.0660195876656 622.5415106926484 634.3295175309113
906.3683185683693 868.3008875496598 452.41404363330105
1061.8713678408062 948.4237940232214 462.03842264970297
703.478351104344 1226.7446070888054 247.55877354003752
763.6652282919058 947.9885322989846 424.3379521444412
639.1947774064113 878.7188259093684 1140.5619794877373
1287.0996901263557 1551.8740551580909 754.6715868871732
1387.9809771931627 1028.8053359393828 604.3311725277598
899.7939130270477 1127.3690789318878 452.5338514328373
923.8599456489719 1096.4294047697824 1093.898816001089
968.1305760699174 899.9041336895297 939.9447466502053
1088.4244421934723 1293.8910092441797 1213.316527720473
795.1453091376262 583.8045228084952 1411.912943400875
679.7035104618897 1056.573997246915 592.7309863892046
1209.0580017217007 1198.1599721142559 1432.4902357661
1089.9169636199713 653.3126105929916 692.4998764227248
761.9627590949093 573.1703285898107 892.2955022561742
835.5936160004085 924.2650362859428 1357.3747756174764
1269.219176099828 1552.4825573372923 250.1999835430343
724.7506918669584 1240.3300093754403 1043.9716425619076
616.37636074163 860.6673505489275 585.6243426642536
972.8618985140208 1159.715388383737 350.9425043535045
703.3959491980745 827.0357820423551 230.35928259398275
1300.3603170227425 772.5751348681246 1177.815849481097
1258.680129557676 1575.3434251965896 1238.8383926913405
1146.7633280143737 1004.9676297898229 551.5818463504451
673.5745981885286 1199.792409785238 1060.233307724629
1161.3769152048983 1168.2333864120917 625.4978719000865
975.8247281941361 976.0290502212996 623.643724839999
693.4441179503194 863.9395442701086 1250.1596852016398
924.2765195358935 805.3606000650004 1126.8793646260035
926.4512720874325 946.0522340911266 426.98428552758594
1367.3995464489396 595.0564302933394 528.088154428121
775.5088470843634 884.7873401439849 517.7819368237658
1063.0872740266989 846.107374985967 452.00980104947416
1132.041190728236 1035.2152411981988 413.0506737931549
510.79089397101774 938.5646859843426 932.4915417015702
1191.5110659932957 666.6510053347124 1437.5294175876654
960.4318360990505 1628.3249695256386 1289.931517699585
609.3897900197305 795.8670635876858 741.013878745487
1143.6746616613214 1140.7485602196984 146.39253432789633
1032.2829428201794 657.3365438240094 1011.3410901830161
1054.335329182984 670.634735880144 796.0716213640013
1073.5084796521285 660.0268756820033 1406.4137478831947
1073.402858154297 1009.1113065543657 92.03085118331705
1533.7010532523268 854.0539251587867 268.0881861109301
1084.068729385354 1188.7487422590195 2.4626435181521744
969.2588370420365 742.1880033778111 1483.3705987298754
1266.973194938049 1097.9587466099738 305.4349326202806
1196.4872213354654 946.9195527393078 943.790880863096
