600
387.652877546026 23.047445890869405 213.68322444091277
1.0603129460484708 99.33720542620806 940.9126189979136
5.432880656816501 241.92302631968897 1176.3347517283053
132.39991865299305 190.81020896514187 508.7495127093832
1082.5484317266855 28.1631469604112 771.4657805364302
9.081422319366881 29.130436228020397 686.6302963146054
169.76165105092568 9.987328468492446 496.3043994967892
29.724141277656425 77.5759839844138 539.4397425536391
9.645560961218441 284.2954210886599 339.6112654633294
398.94355223494904 192.29516747508686 1029.5825483861286
36.942909429311115 217.58750408987999 609.5706867864508
51.10347479619023 319.9599938339331 714.9734367867114
101.68823824477933 25.25245228903491 91.0795886728613
874.6730766012683 162.0071383499996 141.42765386100137
271.55944516990036 194.73717086647812 1400.6502880530288
376.1150321423686 223.62628065248737 697.3871899268835
55.41232772209822 52.550261707470284 354.8329636460863
461.8210674814326 278.8285989605288 798.5640109032013
216.9557415496139 219.9639169582607 406.57875706917247
413.5585299874897 294.1453998026749 1043.6999164337483
183.54868374228698 262.89201255790516 297.1662107457725
7.161471502387499 292.1027638789073 20.249601080806922
89.58331863238435 19.675411322817506 1210.7280993238649
104.04497258320626 99.3418111834519 708.0048899804085
108.33158154538343 1.3083560886606675 739.15192905245
355.4727243085944 146.49223572289242 505.90631093645266
28.81468625575554 342.1693081088251 980.8697520938589
74.24359741858551 45.503604726286355 223.0549735779434
43.99543574996464 241.1867083842146 1034.1356232408311
208.62319248099297 190.86061763724166 1056.5213193947257
138.71081994328983 46.24011988500181 1214.5752134353424
15.600608020312318 369.10803618454787 145.4403775273671
209.08455780796862 136.31248844774152 961.4709903214163
116.93071138948162 199.89903964097275 1269.0482472203405
69.94317026200338 122.78982445991163 1476.3881365351529
24.650531515027467 68.15141009073133 1278.787546279066
425.2049110648235 134.87544645046984 833.3947963429945
376.37204083329266 162.52293325573152 478.2725764830901
56.04028568958701 299.08108636156385 895.7737316859045
11.239963155495957 150.3445673504213 746.5185785959967
5.4085130879594585 395.56352322695847 95.31350848082609
209.378527178426 122.64579642448447 1462.7626544557854
319.3147065237186 158.77672563569521 1391.323947788756
439.63024914716834 69.2894813120443 482.60833503944343
84.36010955402817 712.2779260962876 442.32022929966564
285.3371635563164 354.5650607084477 179.76502439831717
38.55388151668333 283.71642316744556 723.2203454006202
95.26241007138627 332.55528278862715 1267.243724182608
5.490477566540138 227.9794903731449 517.752029141043
98.23483795405336 174.18738339555298 619.7573009211575
91.78156335041213 250.91702143688968 1088.1184863016583
234.8932632743252 190.71647362927288 521.4960150586536
9.58002805397514 2.741860196160199 1439.0902917782676
144.12199133100157 336.42124964337523 953.1773146349868
738.1659618491481 139.04499679327233 1199.5798698027406
335.6467141505617 19.113945299709634 971.0883695180289
1.3299699234046163 56.97010042367063 1243.6263837080676
156.74946115873095 148.65377028180288 812.2593728165622
127.62505016238394 177.42520673182085 249.52816323588706
206.74248952707993 285.64451619803776 545.4938929001572
32.057625539223814 51.68782479154622 1019.4550342691679
39.41012245849985 64.80088202880592 153.20802972664555
367.4588036187681 30.32154499933742 1357.1889248674602
34.503454673349715 326.6107288982454 1341.5700297585113
63.58286925645662 166.14680517913447 761.1971210014018
222.5911500669131 552.9849337999187 1482.607777269299
98.07174312276491 134.1885643126776 591.245747318984
84.77768458060123 424.7823200839754 525.2694708605818
355.74477814416656 858.5059267700682 707.6309183819807
24.835695337487874 69.46815311322246 438.6322823116329
50.03082777716128 23.42420010734891 660.8199110709484
247.84556948699935 869.8725460857565 231.5073367294999
27.810389360679167 4.546813546994477 80.63186455143506
146.9971542237147 3.824013760860306 289.77517858722473
78.31864226491389 924.7824576393375 1214.5186566777816
81.25112444906101 399.8023202051471 1108.971668671835
90.41119697251217 236.96556715035157 1400.021332619904
372.5583413692274 70.02998592347338 355.45627845956625
325.1535534476991 108.14870164586317 1190.0201086332154
167.92874083460728 115.44092131198553 142.06452516107527
655.1923954226223 104.56737005303809 679.6337396591658
326.8855382652665 269.56625026967623 292.4629755038838
382.05233768006394 144.2803780931141 459.8135645298958
633.4410147463927 80.15164839019721 116.97163663528853
2.567983694000903 10.760460849077711 1036.8489513365737
109.01758167016223 28.19124468603543 383.1606008655576
303.8558024661461 601.8599913659231 398.1898821055492
139.78489125765273 192.89341728855686 1100.2884698172727
478.9271007335095 383.58743635446075 184.17760317155435
18.534648739059058 194.8618391876567 239.10239387167687
47.132207444907884 132.34662747655636 1053.3502881606278
16.737669084519155 72.24340325738025 414.9147208299943
72.55006206334681 250.10577150838515 674.0601855517093
59.046425055677176 160.2171789184462 274.95407107764754
156.03655655562682 250.93711439262708 1293.8818686536383
76.95135131123368 347.372940693567 353.54713782981315
112.34312858262278 114.80297747929976 1277.0552023747375
164.44137986687815 299.44890030911097 1339.89093654555
235.50022388773098 153.3122462251853 62.561896166810904
135.07643295018588 124.05677892887566 1110.8770455410333
329.78517700848636 356.096807552336 799.0605680739133
76.9316578695195 150.31673682608266 915.246319416925
124.65251874749346 368.3195612914424 1353.3230930993122
530.725305581505 481.49372751422027 393.55910350454565
909.5204783925709 125.09913960426564 1288.6727836491996
59.390138653449554 189.21413631693937 481.8346616658814
61.201540621518745 115.9824692713181 263.4357196999042
166.1214532973389 196.45258107542153 848.781719457914
704.5169640727158 952.3759869840621 1416.1898540003285
207.65999930950488 49.57929799704212 994.447888879681
222.80910094702904 41.711605629150014 1053.8991271132447
125.52451573776872 182.89589490419866 235.62332687820825
127.13424918963305 78.84275434971732 113.03508030853877
89.13555894930793 352.44259473799275 227.29078042403094
26.044460707556095 137.7361370767418 789.5154738294863
167.62222366771402 215.62052779505999 732.0009313346299
244.1956232910285 420.0007142162482 1180.6828663945812
89.92797016188031 104.84088046386984 225.18374404628173
63.36315594587343 39.77923907737013 1007.072574921847
145.22910555660062 128.93578057800744 1154.724421421465
168.53665438239946 121.22502007588535 365.60660392937837
19.217986871798267 333.9880943536589 487.69413303483753
275.83484379272716 152.42223866322638 857.0286195288119
318.517441105038 13.020274846650025 1401.8173721603291
17.0515821646866 11.126004070941686 541.5989020637207
271.38351477041516 108.91203484114878 183.74330762859702
379.33265660840243 16.919006179221356 1020.4928747693109
616.2317944936337 214.30376148346585 184.9176585064875
301.89436722798126 168.98310119589058 881.2234269089776
51.5838768207565 92.78823152544443 734.4567710798209
545.7969820814719 270.729844235568 1160.7180570669818
199.44850757681218 425.86583209938584 798.0028333697757
13.616441969052726 55.471457115088405 813.6154335370229
227.44896930308118 244.84230362648947 1298.267276149791
88.64872176066534 284.89781028112697 519.3257464959227
996.0521664301373 9.718884162519108 1200.1353714101963
794.9120694957622 59.98238287845899 1408.9399085396226
43.88501086906814 110.16585382092472 1412.2380783721524
362.55908795186 111.06510227643444 900.3352268185281
95.86548985380146 16.2722095736464 1430.5058768911158
679.1330963995599 61.852131042745285 575.9792714442851
611.405140244453 92.88167940079538 852.8463551083165
212.2931967042322 34.130999970705346 1347.2226244745639
16.26376018630086 205.2387757276946 914.749752377923
329.5854872344617 24.28616516940231 78.69077488876242
268.2018036466521 752.7665306744238 904.5618166701913
125.01663727791393 106.6496412826748 333.33535386892584
135.15140861745786 344.86587412170354 46.00216669023466
61.62669802323612 287.93222156423275 588.2399913652445
361.4190828785383 149.6399933096305 708.1466378053794
48.81111178739303 649.5864690800032 368.90182635653935
217.98902111045768 9.12457520129301 1428.9316035751756
148.34207835173783 32.4475454080356 354.2624777793649
216.86836558531311 68.19692091678911 1250.3054491453381
663.8245994061103 126.54309939502981 1187.7999667800868
15.109557482108213 31.948382135597107 750.0229462985211
212.044520442953 15.678215940562017 450.0139518322437
28.108263611424427 81.3261506644009 133.8519765483176
199.31173127954034 150.54990194206627 1370.5867939505106
242.26032933992397 102.73820202790485 1376.471116857094
495.9443758546169 125.67735731362619 1163.7837512109222
249.89720883162997 396.4794106866046 1077.8019801815424
156.71022351686662 116.63565392096365 617.4394503199627
46.434793799302966 160.97001244287011 893.759624084691
480.7279218154202 13.225341030291707 85.96256937968793
743.7983341548212 66.08923283069585 1012.1109480756166
122.73163125884774 37.987368100448855 1084.6611550368739
215.37877960860231 257.93524027077177 108.41446041964342
1.0325971975256565 6.049637749619242 1410.2397127575948
541.9903213471255 520.1252024352992 273.8445415199795
607.1330439417601 82.45219583771386 1088.9868070175824
98.15176779326953 72.39290534258637 808.778756608857
211.33952941423752 197.11847351123512 1430.5816525937819
216.44211324029672 33.69717830172959 1348.5667858549966
4.043189120037721 108.97689792755554 1259.4637905637458
81.38895632601334 50.01183303231308 729.5195196940061
43.309956538380824 10.203486544946147 482.32535915467037
527.8072511660052 60.54814128508592 236.71865364772654
170.22803428483414 12.273112711697241 969.7560835343443
98.43033740403534 361.9715933576355 1487.3492845745895
450.3159202377027 130.05315902509798 609.4759072654261
246.98439038656517 400.2118010389013 694.7374641508362
69.85002803146395 430.08809093237596 1409.1825740812892
250.46804075507558 106.60800194410716 190.19567506423317
321.99214033319834 477.72967290122716 1488.5715629146328
82.6437094659735 52.85311927554546 1260.4922213309565
131.07805742912996 560.1557646510149 1320.0671324493123
341.2364402831722 1.2640200170764055 542.3367074236128
499.24765660992574 217.60039913972528 1248.9782425104656
171.26093481626398 585.2451145440806 207.72458137473348
352.86378236098074 162.8426761283861 1232.2167764568676
570.5714263415471 77.95320791422334 1232.9550218194336
454.1862381449361 101.02824633269154 47.63171642057329
28.27870956190085 70.68671120014353 592.28523336783
875.4155623650119 96.10098149137613 88.44816110990955
119.38320224974595 638.1934190722216 798.2303988086965
31.04310855299258 149.4058862220054 501.20072558239474
115.31292616085706 304.25976925429 322.7216000214436
184.89873164154403 175.85916316946668 181.9010715634789
71.30320953233252 245.88020597037104 902.6362153722564
56.637571527834 218.6740428599109 1359.167798247704
513.3393621900318 875.0345471811355 804.9670251815758
310.183740776148 42.74508456476098 1428.9178404990196
42.700141092099194 191.12620343646856 448.49704895483734
97.4287093462837 72.19498125443093 1203.9057515459083
783.5215347047017 58.90940295385669 1034.523566212274
468.5696584399981 476.06851510535864 1063.5268353385432
26.44601592664269 11.199535599282784 410.7792387506252
393.8153667826426 152.43667851978145 1181.4064438506089
142.61834059506012 252.93872481317456 998.3173735617459
1.4291511883853851 124.40644799362764 43.8293975854428
70.45113761466133 149.52010035425477 460.07337142649124
26.130650822124807 622.2632372934854 513.4895517291026
530.9012831522568 408.22552801008493 1315.2935744603049
1347.7268123269096 112.21384608577982 98.87725635565108
169.63333411976075 27.32079430470926 1290.3208792147068
79.65746138118838 3.523794993479844 1207.8067340596835
137.60364542990771 124.25165053566471 1207.0817052073064
175.47195664314626 203.20671383267742 1113.650225769991
39.22357040477437 170.6631449529375 811.5599337872696
186.02606986700198 86.82181299162372 1384.16522468572
0.8598657761516332 131.5908364238866 642.2326709596823
102.86943588349445 27.048101069825805 1231.8909792907905
271.0666603709491 52.516199434401656 928.8573199783549
334.782173337008 471.9250984699602 89.196406398453
497.1636653240517 34.3123469568124 260.6614257005736
177.50924082804553 30.02607297684394 86.77807753038496
300.25225305820675 201.0095787302218 323.42167592797756
81.0161808546489 11.15493243947738 534.5483063522586
262.4354372769515 412.45966231176976 335.54410140516177
85.06151399292324 214.89489852839466 757.8471536850218
24.512308486995472 119.80017630635187 448.1472945238197
236.52102168626018 343.033507711 914.8465903720298
177.13786980575114 336.191451558412 1108.854286260933
131.3031905261493 95.1631490513029 214.91819938606866
20.61767513024842 198.82817901350595 1048.437731688732
161.14549547119367 11.646485541989927 605.1146728203554
576.1637545325902 649.3535963731858 201.7779809943621
123.2939453981595 703.1677397068703 965.5919584445397
130.41276792857974 173.21370904503283 226.73972110373435
34.24069707258851 396.3357729471698 12.50832918927658
8.856935020967779 879.260209223105 602.1534150250116
586.774767575675 171.12102790434804 1441.3420080379144
210.97672166129 201.83495109675943 882.1444386716685
41.59884371295638 159.7342693374987 500.53667633736666
185.71283734451865 168.82462475903347 132.61244169525494
196.64384829575383 36.04854135106786 1371.5082688892744
101.71899075965132 65.38634581711018 1309.523894874778
732.725019191928 390.8351088659429 829.0600503709413
380.0083288275376 97.46281114675021 1103.1390236385296
403.77907858173864 46.57532780980078 8.171587525867496
53.331081713108894 33.46684973071587 1143.0009954035736
168.01365864354514 149.1580697061072 876.9362053962933
159.6965336099757 272.0211226349866 825.9049343265518
1288.5721238891874 267.4187070463008 1060.242791423815
92.20065268147634 29.99634503861787 104.8044980511042
142.57876691571772 25.838374507733498 1213.1373092679835
570.326169947781 101.32398938067988 637.128846482463
255.05855454749243 39.52240064011715 612.6868077929353
435.28480839504766 440.7840077774372 1281.5377509148066
357.2610198526135 76.67849807473178 16.393539417344837
549.6855925719909 120.93275380526589 124.93622182191211
390.384537030583 510.9893145042255 1074.689796087957
69.78499694751547 109.07419129033609 568.7794866266167
383.2448821275887 136.6004484459357 251.20555401045286
7.754428749341239 346.41452151907055 98.86474775847238
30.12542371275966 83.1331342647676 1128.2354839066938
10.526097141312496 25.890730891830806 275.24130644350265
214.99907432840376 87.93251042123752 462.33615272534126
89.33919156849932 83.43378895847302 399.0142630773171
196.89154327944274 333.2828245862472 1449.0597615771994
0.8724256282202737 18.04891045791002 1016.3576555159457
145.35542919834285 155.64434816691335 487.6279403491281
146.57219721543825 177.84293031466797 194.22692526948725
497.4028308735497 60.560342297419304 211.63318141397963
47.086126675551085 101.08360762415154 622.095401851342
236.962300069088 118.4455095193734 1194.3350530185114
373.3971025246018 103.24255513822693 379.05315059989067
144.0076397109584 272.0565152379812 1385.5540980216208
66.31853589786277 282.96965964093647 105.08467966730095
121.98307019354505 43.98099211007381 120.77077067503478
17.748724705023523 1.0705961413863971 363.15386351287026
12.105772321746738 300.50671610834235 210.33446625236562
1285.1374072817127 425.0406322619846 730.2357855184109
270.6563803834637 95.0112723397396 551.9871234661488
5.310589881168375 68.61891716485565 1028.5379020134158
583.3668973673093 78.34155697518295 1327.51913034219
235.97008753188464 66.90687299068956 872.9692070715187
84.95042949557677 52.1847965179597 527.3192840458203
533.6010968420449 491.8909498467399 1161.822009374172
70.31664968602288 84.51225769395285 297.11973022992925
10.697347631383309 20.300917842296347 572.4408975244941
36.118587811580596 209.91309119799143 629.4585811377607
25.454058822239052 75.64740077489748 1211.1601008253658
27.157931893632114 712.6841550299007 1444.4668674810418
1600.263272550719 13.55317933991035 994.5724311327454
153.44398264722926 238.98878828710926 407.01671984543714
3.9086188251673954 131.55061446134278 778.1067155272923
56.67964787007045 142.07384971051792 1385.4631822396893
205.2498735463837 253.66784792207304 13.440462642046125
55.04557723259313 212.37711564615526 415.1725895596146
38.14053967608972 374.71608915457665 363.49965839347834
420.5946030538106 101.24975617447627 751.2487894809578
714.6744723715872 328.39369620984 1059.5657373746876
106.87410217271889 138.56595826881892 538.7546435827446
662.2993191841258 233.68021500171938 710.9659343500431
272.99714803175226 10.16259092988639 329.35005572516104
93.78086370205303 28.37411061773622 358.59205522885054
459.8270709602649 140.7558222673095 1434.8820395490256
99.69447596940036 108.2190786951445 661.2148579288079
429.1261858947488 284.6886560155469 328.8764779933846
121.88739201494778 392.0358944291425 586.2578069021893
238.8476473667237 146.01229787266962 425.4423798917234
119.85194551164788 89.49008613852527 1436.606353640671
741.3679459938601 32.20587380412091 1223.5593781250286
119.70799541217183 773.698765795601 1314.9370851329375
125.37740311718677 30.14280431906145 1342.309497522717
141.12114485848272 45.50613840359816 225.9623666149032
274.10575922922106 275.29797133293505 5.149707631896705
268.4163849848982 555.4887375559513 376.52700707521734
88.72963170626682 256.10495457877136 989.4637035132101
106.57063895667396 99.32225917052263 928.7879815290244
325.19744886931 8.750057826504323 1252.0185580002033
13.100881635219611 274.9777004207284 1113.7223247067411
67.72422028358027 427.21635167768045 1110.2499061323783
73.91053549329276 142.38906085605032 1401.9165828507446
83.1961696625574 364.81248853884705 512.5972636181843
64.7010478833096 74.51484369604054 851.5289642600728
145.18771424603423 251.91297487831946 576.1849295753516
344.77440054278236 245.8894555540028 15.356398620938073
224.7436859296089 5.6063614954074845 598.7717423004187
160.37730448304814 83.43864716766315 800.9514311072223
180.97136242779663 194.37882508953024 11.135618085472476
8.50769547593546 111.71698108089645 606.7000740640403
275.48368574372597 203.78626346783128 645.9089015369049
36.294845231467654 19.7537611929791 1138.8121414274142
258.58297977221304 745.008726240525 697.1781226082779
3.1590005055558685 202.0335759789164 1139.198390257604
301.6248951836613 156.30726233756388 606.7015530749304
188.83134701155203 250.84870111424115 830.246375117875
252.30623092597128 66.25680399422323 577.1369677992786
142.2245864943917 51.258732872626986 1308.772856306206
59.98988854703763 6.7345742792931835 736.8229582602687
479.26992736612544 45.67424406222177 767.7819049763283
115.66452565459933 176.60263864462044 95.1965718122067
17.681652950132847 501.0316469392769 732.6108318475124
125.61406304443774 337.51902480917863 784.7188079467684
367.9007471524828 455.49859339876934 762.6113462867773
57.5631662483879 163.33172940522482 294.78663806687786
69.41876896247132 28.191197216519043 68.35865939912622
34.59370378233055 44.83643889168273 842.5828942667331
179.03525080271834 78.08779602034265 576.1547887530655
197.82466995384286 199.97437853738433 925.5905605266973
128.89995333243033 388.9001706686793 171.6234352982589
100.30893589179126 102.09621587753637 681.0048214354081
3.168652630805776 51.620041747303716 1299.1530675218398
94.69891641708166 249.73829513211388 483.31108669087644
210.3719066711308 54.85443568761228 532.2169467013499
6.68602486881568 247.7602785863848 573.4308878675693
147.64827038118005 225.12553663600156 544.1592933209204
34.38441999242314 593.619179449195 293.88254878666737
77.96938705727347 40.12069203316238 637.2927014701174
600.1461383346734 6.23927196234584 1011.5170164110059
23.911507078035573 97.41166979449338 1375.5510715441903
132.56839132537468 75.0093025476568 1319.539759755862
247.6657330483753 120.73746527583424 654.4978993327361
64.56688930312627 182.47556808336884 1291.4345614357792
103.35732744246002 306.02104576428775 1461.6648497858266
189.28805686161482 1.729163401495505 140.34355363908546
481.3785354061715 275.0467071154117 434.9446174682532
165.1676077659527 11.273286541518003 248.85437310590314
296.6306822982744 361.04970936387326 1094.6839995080322
157.3587084925549 69.49646526128878 1195.8312785711166
71.30569014116523 216.76439132457656 636.3798920554434
6.117648558678685 66.90068583027194 696.4011685258429
91.90583149254344 3.1938555272183686 1164.5827630726305
129.88602673523658 43.34548415934211 825.0512573278749
43.23949807809801 116.88655979793828 1427.016954807713
867.147474767056 8.67318124779767 308.9339451203549
214.94603402080324 36.6754333577701 392.4637693932703
77.06245936805367 22.32879503056151 1471.7431654213904
25.641860136970525 72.58213889661707 1488.7698237756981
101.00518312716807 272.43610515987444 464.28957624274597
333.02375518010206 136.7319681551291 1162.9380019472692
137.50508217384504 404.3878918834972 74.63301301680053
276.7838863543628 255.99736384095246 588.3912007204136
336.8612493898285 36.50409952840463 845.2396545279558
0.340451920247867 43.29320106836622 688.5015783539495
6.463748248494731 1334.2175114255513 1165.2319192474963
117.03388353442344 185.61499418010794 74.59497398688575
258.8760431609991 54.64753920526352 1301.0683875201144
102.29830710947896 27.819200982919817 109.64243944259444
417.8247722619086 24.123486253222385 968.1433137164586
425.0493562049875 492.33917050422144 1265.8113389717882
165.19239878396934 82.90238154742157 1396.655261770743
202.48103463223242 267.29983018739205 96.3573129585376
33.48440142540664 160.208702735684 1004.0098775783761
8.553468491301173 451.85122001455403 96.65837034357294
392.8588989498441 331.00744909845594 3.809176782060164
194.15656270713427 185.487549143368 1195.2733836985838
61.16392852973793 144.2330593791864 1284.1240341175271
248.27378426891138 199.71225870221272 493.67501196563904
159.82826688002703 67.06440929873523 508.12233647716454
225.54793678806254 78.46750279735213 350.87948148528903
46.21376924652236 169.15923292116167 812.2226742220519
55.80959723743698 28.853250002115242 1227.2561398119183
184.82462123057928 656.0886248261854 684.3116546791132
132.21672455077933 258.5636872249122 530.8787637128629
72.24324267557988 76.46672740092521 182.33024141769943
195.23499224834526 207.54709261775517 323.3810423251909
6.254168441425373 128.2059701733628 629.4785533781086
222.45252763216268 21.32556955908503 1332.7682035593998
43.95104117122615 270.4587685318851 384.49771853841713
368.89168992810266 972.9771316592459 214.8886484689087
91.24037907133854 45.75628169199732 68.38391075232731
529.7270999582612 457.69594189862835 620.4895406204369
124.32993276639385 123.40349757565872 623.2376228181163
165.85808179140628 132.89635562715318 1090.022870414722
49.41683063544828 189.35582168714706 541.6881467875482
75.09143509123487 628.0598706074959 643.4802660241605
5.4094481895875015 44.908977058316005 1358.3431799861953
332.0828641641036 15.649576350024969 258.04581261004694
222.8738277757085 77.28662835705381 289.9493671764964
170.59986294749484 278.99112277365623 485.7894251544502
126.0300280637723 16.403484757471652 384.23146377137215
226.90213581648692 198.49500146420678 1332.8631138322041
106.7856917936815 81.93845788956264 477.17697483867033
329.3573135345453 67.17430334048429 19.83241753690851
255.34505705212155 110.65090989927093 1143.3846996942104
123.10783133856475 55.19219827492973 193.51755915092696
111.9063354761332 58.81427869806106 1267.983502252007
82.74113833440259 60.74357914742485 880.395971178358
102.77207763005083 50.80736796194113 767.0795772545299
266.56546990680783 210.7234122383657 234.66536522261887
267.943190429683 269.99393876100373 877.733418845246
415.1130936071663 31.40415722167465 967.3887524332882
121.73801322217813 266.0572895960297 1314.5156383402039
167.49156377178963 207.80001106511102 343.1574587770222
214.0992603212968 198.98645002877055 1042.4529660456274
359.3003699024471 281.4071522877006 44.81256682378931
340.637384642354 547.0086712789392 1199.495201210714
1.3977704405228017 44.74648078330037 1435.23065803181
101.10282618039035 614.169904829377 729.8250664951779
37.29039013242563 152.82495859613482 1185.866408172321
39.06182611595083 99.42921799639969 1139.043461609328
2.301397635120446 273.1431014683034 466.43055733194706
19.386045305839122 418.9424276086462 910.6977647874577
94.525653435166 116.3916556858963 1146.911549619142
116.95483281478232 8.65566054332953 338.4175592896602
344.49462919918665 240.18964438686305 30.042629022506485
319.8160004277758 562.7925331973239 1434.5363977288905
38.95263106258969 470.7965789956878 1099.2716851566936
370.1194581617716 475.6388548933684 729.3674678476946
160.4420051723445 1239.535943748226 1220.5032851643248
17.71552536040726 1060.945449161772 1002.6937588927535
132.3666889477171 383.1606284134456 881.2459110653512
18.91063712961226 192.66037621806674 472.05489234866667
345.0594318008618 106.41080323381951 1451.9625987732818
163.3769726417521 52.88019727333868 1304.6671060185026
59.78336821242497 58.54149015946548 670.746065825761
50.437520697201535 675.2262547817683 1363.7198348368943
238.53732809579463 154.20817142769843 933.6201227120531
194.18402086368218 156.64717630078843 622.434924390974
36.96146397335321 33.18985703992537 722.5170319566802
25.646704075722575 321.79141245902946 957.9678639146607
148.51076597135545 30.15876116698321 342.1599291074124
83.00014129110434 184.7559669724786 291.2865904115696
344.6611882733142 219.93576692270892 113.87168220341798
578.2196852445851 50.935653666185786 849.997832843656
23.680496799137256 114.80266169557329 1036.9669188811463
15.147058875015365 52.149319810060845 1025.6726420943983
398.31161902942404 151.2136588108794 856.0239262730976
129.72226785679803 275.7879293090453 577.4260160234835
337.64796989819973 274.2138514488953 1062.0060186599826
24.66187361921849 92.10160511368099 470.11775007868073
35.21966409993578 3.3371446959520448 1456.4422078253253
13.125106865167174 202.23867597948546 592.0520589734933
287.0017502240581 99.87581902287232 1088.446431237663
341.65356976678925 16.52331590493207 1479.8987658625647
125.18300312060458 82.95849463267231 1024.1615612973924
31.077665649891127 135.91085101147468 1057.6253875488678
46.9070323807685 393.0219898401782 220.7159429354282
190.1080706789084 197.63742828522865 149.01541634265203
133.4575479393445 119.43646505316975 888.1617171042035
140.48344375578773 221.62348723294585 610.2988278445755
181.452080366082 305.81201557408997 1358.8789926756483
36.390282072756804 452.12401288229796 646.4509346520117
11.996287413151139 3.2401946431453132 328.90241853325074
284.9849400900908 169.96923040483847 793.5300556514435
193.83771903949705 167.320138813508 442.41829332926994
557.0588371398857 226.14862539208204 968.2805539729568
18.02683733052211 32.967951897589955 1132.0966626509417
36.955700413281974 60.45288099651921 1284.302825951952
117.30228417787949 113.83885599314296 107.03416235979391
325.1732484050921 30.984588224648945 210.09943515780648
129.0613937209949 32.28582411408413 1239.1175029524634
78.87033662065889 206.49295844359875 773.3332821894599
41.98379360197708 82.57794697345138 84.50870348468298
234.6302867291115 136.40682235705205 631.0645536980405
350.77657717198116 154.48708541478896 530.3156518200261
111.01671828645927 116.72518611404709 648.4322832730974
98.39058571122723 87.72728481886786 1031.6124035436017
0.5472179243721886 117.23026391058886 1344.1615691628247
273.1478402127773 41.20651516876104 979.3007789843642
112.57456173104232 551.2745347359771 1084.4212358247757
95.19390265155859 159.33562259524308 782.7698963319772
30.02862323003899 50.716582501464025 1108.871660273849
95.02765280599087 712.6527137517354 1397.21413736156
447.16100776114206 85.22304586306481 308.9413268874791
441.6584143107361 696.2153703086193 624.9859740246951
69.14964480534773 478.6594127666537 1389.0637784819828
34.59208022111685 253.91214327275415 1329.5435968302804
22.843397234841813 301.2342799292522 1153.7675950624323
100.80787488877303 548.6497397047895 1366.080212113618
142.765889998383 78.31230857275338 389.92983715344116
34.04008749595799 293.79061269264423 378.55310270163886
257.2372757976976 13.733406052719543 228.24775827970328
39.80249638343321 317.77930862109446 255.29544546526552
9.887659366575111 39.32865579830968 360.01383109132354
40.505368287506286 265.0585626251764 425.40603059407107
82.46946432400264 67.54128826120855 221.66208638512163
422.9890992073632 128.76891245730988 1336.4252549870212
600.5074393836634 15.279605254040924 1216.6356661588918
124.7394854114218 223.04722218292557 1269.921339328527
36.674253263621154 174.2763775579484 316.46102205324587
172.24830354907235 258.01735181551516 93.95271706207964
222.12220059404865 176.26476755980437 942.7658287858658
649.7781042472546 964.9240171620173 513.7104236514521
321.6194998813538 305.06678581020475 511.1368797467906
98.41479313768939 298.6922590091755 321.35918601886584
86.74667870871026 270.0918998666606 1402.1823563612904
194.34398948167515 649.8292416800039 689.9060148499807
54.94613408497633 54.90511716890369 615.7943123990952
128.24287571464478 357.90694624245714 144.43910513728824
347.8594827436136 188.01306528569324 107.11555708910447
3.413792945677849 365.6948261327772 596.5477989862399
538.4147569495294 38.44400195094199 1347.5028084662626
40.8090797736189 356.4023223124054 680.4936355172536
16.794287764831243 155.79021120585327 834.9252372184543
10.391175647638736 17.317977392223074 671.5953560534235
5.313230604968944 83.7794662629569 497.43430922909226
11.723827563247962 449.17823372049367 381.92554116589565
59.88440665617172 55.20456985248268 1207.3053049060493
11.469974058526395 31.691655072650306 382.0424242898485
87.95791195004472 806.8665517916319 258.3294320843579
517.3780466976331 196.64132026217743 299.8136218056999
111.87589825191995 4.472057292051487 593.1660457207469
30.309555843540863 275.3890373636214 1397.4255294486543
64.27681444010116 101.27059230184953 971.4861970706945
326.9569817563394 204.56807649326709 1023.7357435787948
463.3118754211073 525.0261473293143 366.4768316015232
161.69935906344818 123.12953657507364 647.0564103205835
175.76047143018687 197.48716635134983 446.43700138173637
169.7650009258559 149.29679782654057 40.32162198297112
74.95292308604424 11.305268435119329 1193.3321102997584
90.9131409909602 246.79876794317894 1233.1085527446398
2.583384815056741 244.41712448949806 791.7798089274931
267.823552882932 399.84342479289427 1299.0813791085232
400.6404858944154 409.20104041483575 1263.9989111990678
121.53287733961213 301.9158895211127 34.96950009728622
219.94449444886675 135.96754410769967 260.6706069853707
149.80395946140447 264.633054215031 235.45144562008585
433.5174961814963 351.4549128851037 1041.3068086907138
65.65658701830469 238.8602677611996 845.8823515015577
297.1051245313795 151.3891238460101 1315.4744841253198
28.860713281064776 2.3282040523376004 349.5015517567501
240.54309403681913 115.87355694669559 1421.596086773921
142.68063340049778 445.2612122167275 482.3581010522642
1178.7988563459794 734.9076388003035 1188.0774201191784
12.819280197583351 40.4848693372472 168.21714558329626
45.268887626627105 49.617676832895626 579.6959802087417
454.5425971896682 599.9528962609891 1054.6140592569436
191.57799853866402 171.47900596096713 1322.0912749697086
543.5754284389964 8.43176044902137 1073.05956767592
795.1677971599021 57.948167024809294 1367.0649045589753
233.18939854909345 434.19782608884213 1228.2032830680653
12.04854975981337 23.610641521528965 1233.5623020758685
45.594288104441056 701.1432155646515 1396.8680546053254
133.79773660341198 161.2463458996844 659.9053903317894
135.35220813375355 329.3421480080567 883.3892559637951
508.48050366382785 485.8347773633339 719.3525630391891
232.46915706569533 93.98081530725864 637.2914074111386
5.176807981016733 242.76318676749824 112.65557495675415
18.445760877385606 101.97043166230596 175.29668232144547
20.044991179950063 196.2971837167144 735.7319159873549
789.0459570492995 11.933817699652472 1000.7421879698439
82.97979413825016 491.33314461561343 985.6650411979629
240.85730527096553 158.94402142231976 627.909118723612
713.9149666586824 193.43186960372483 1171.1184225246523
714.2637700980645 57.555232282073966 958.0190570289263
649.0943044782424 22.91936451018977 27.399920887894947
648.9055297829661 150.64484575457126 885.6792955017194
494.76458992432686 349.1032503378074 661.7538356703121
665.6647705890427 541.6425924263507 445.2035859506307
11.370200013502284 72.21829005623447 1039.1635222550876
122.99396092159871 39.188905127207754 471.9307363549499
5.011248826154196 33.27009652514132 1139.169483276313
764.7671234970385 171.88605398814255 413.7301186906011
15.474502900580497 160.71172916120938 544.3694348415886
875.5096699414366 99.93806816479419 160.16689966411946
