600
642.9107850505999 318.3117685181738 64.11529152295331
42.4994301283618 116.67988360399539 136.5151538791918
411.1109706955104 406.53855185372123 221.7870216776719
141.0301903099858 31.340927091859616 987.1598897051189
68.51582205428599 61.95819387939095 130.46273485026293
160.82835336391378 9.42724663047579 1248.923561467192
54.6693205413508 404.66752241786264 1061.3340718964967
64.15567137200252 332.6209406212583 697.9670359156211
68.69865056185589 66.45151986246032 138.5072261066841
844.0757084730375 478.8956740044611 183.2355658146042
727.142332509614 69.03595486828135 114.40736859630968
18.48809751212734 25.76218249045066 1100.0556167581433
45.97880357442918 112.4940706785576 191.9026006258222
1.2637388344152412 58.29158921077412 146.30041302233087
85.84454268114654 79.89179029894035 830.173881748973
499.1735981292486 184.64841791732172 40.91279498347472
584.6240780908909 536.2262124893027 1167.8606653436307
33.82011553177801 339.52440601070924 1011.4271080175969
18.821221471907023 79.89504918175676 230.3517202093574
375.9428151022282 200.1475637890644 1041.9757455035897
32.60345512889809 29.291812794230193 1352.0627657063847
437.80288770752674 139.09185891908763 498.6543316502405
116.24192527510893 413.26289150075394 341.8404657868975
97.60764724543054 102.4930936928227 1436.290791091739
83.51422556515374 32.69463300557018 1288.9721898312541
195.51057567382415 398.8877440853495 536.2346093243002
65.81388342949388 10.27184030619918 1267.3721804751854
220.0899328253926 12.776214611177883 780.9429420170331
89.8707762032219 55.43763845846318 1386.5229447380102
48.40366393352337 83.38568769595533 932.3678797768989
207.2814832968794 137.91368129487452 621.5069111342019
53.16931069093825 278.8603077188268 267.090190828471
53.75200157001241 203.4763074784572 350.6907654691167
122.11522565594517 101.99152749811856 912.7307498812617
111.36855335180023 17.837694042166678 342.75782423451136
7.7935975138941265 3.394416503776547 372.45670394816136
140.3221143189203 138.65086655072696 1141.0428769710195
356.7406488596464 54.1667779634641 954.845294059286
39.619156712479516 141.98625056872905 1264.8203237250154
466.44530151779327 817.3479543544067 607.0355763481066
436.6260165141482 379.5059307418283 965.9252233546388
264.0122929013227 668.5934272929745 274.64228304260615
135.89978908738166 250.90403193417993 1228.424766427781
134.0887963938726 11.854429662415566 708.0774036730314
87.10659733821869 20.752585520608793 665.1852473380181
339.09160088229544 241.3841085457707 450.21158197926286
21.603878407043457 818.2207252942602 751.6522495446444
439.86574896123363 234.64816319156233 1496.3799678914627
15.172183356511518 386.7151955870048 524.8345270122213
27.289122243927117 65.49789676153274 16.496280366932126
105.8668949153514 393.109524523405 673.5713909497294
43.30813283180907 53.74496305348985 966.6944244627301
46.559482346683055 431.8560771288074 237.8752791821327
513.6107870059609 116.50218745123067 842.7606863519716
41.097764547308095 226.71216695206425 382.59083669289873
936.381043284214 108.56923878807123 565.7159100994246
174.01590252002296 300.3900773382231 473.4242394972021
122.12066498111291 229.82315204114988 140.65930684862792
168.56833658352508 127.18567361955589 115.55655784100233
203.22560511960032 93.72095123229188 659.1907319451916
738.4962425437488 56.51824658561361 1149.5353193241112
54.88863196609303 176.39773480007662 863.9377280817282
344.38718241748614 251.20369104572978 184.68232461510593
125.06374953074189 75.88847699945077 761.1824307051183
395.38295204997866 232.56952050498842 336.72107243836615
202.49632780963069 287.79369563373336 374.12725407505354
157.3726956890929 198.72473622310667 833.1231450027154
2.002033938521173 85.12847515380587 916.4780900055528
29.986463146595817 24.98369174856553 1401.3748831632222
33.48663932029222 1276.7713682020644 535.2721292581989
404.3676030931013 524.1458667309331 803.9358067704601
486.60706197226864 88.13001265740684 258.6041428861708
23.317559493292705 152.77044492077715 472.13916395841295
554.7071042620428 27.326553336538158 1322.7846560289497
95.9508305187691 113.80052685314965 743.608087077776
91.25230308324149 403.18062202759324 537.221600637368
115.79714848522985 32.81991453938289 1273.6878090347313
293.6769309416957 10.596616829201725 748.5067508396052
46.17451884301704 21.123301685267467 207.45797483018418
602.6281938268355 168.0914334428833 1028.794852442425
208.29614165700653 153.1799303236402 85.05619236808859
967.0498238690211 870.6233814806483 850.1893425516666
58.15880237385507 35.27937073409691 1340.5641352414725
87.55401007102408 101.59035364341267 1203.8291666535868
410.1309905901637 209.05147652010209 132.48610832197167
482.38507801386515 134.178840343344 1423.8476316484291
31.67677594980268 252.8215438002669 1349.7179014399305
435.9494890636933 13.623110793053206 1052.9549218189159
188.01680355717366 69.732098580553 1138.7901135090365
193.92442409151639 246.4437253772477 282.1430380879424
107.76506241666073 128.49710595559668 1308.0322140148307
50.0034121149522 63.36327398237498 1202.5045359259943
70.09316629881077 212.66564182702007 227.98866990230033
5.867245820318369 46.042989977321994 1161.3652789547066
116.09654989439524 356.8768047073634 32.251565831387
259.67065375998783 347.4164307727828 65.7683547779796
10.495211094222576 101.69677410380604 88.69444428078654
142.84174573233298 47.11112877926224 1327.3314538996367
35.54369469076224 174.9524600903474 82.57929659123403
168.75738618247095 387.9511929216169 1387.0097354491998
231.76454906858024 309.34520280842946 339.8933839199607
241.89017154480314 263.4288226685076 731.7490464789643
66.41889849793051 135.52854398154048 202.08103564370472
347.24946447524786 88.08610177082028 4.66506879251527
79.08943510559344 47.922977949617405 1442.7507840491025
57.40600875287413 602.3634066058851 102.05586787425491
1218.220100443289 182.64421723364802 466.9641837532443
130.993420200755 36.18601262345019 1338.9757505927619
46.034075321569745 295.4134825155057 835.6209800760224
379.55162552477424 155.38911199956485 1047.975703794694
20.08439283904285 161.67101940540795 913.9299204653779
36.32554894676196 101.61996869221386 1026.6405339504329
92.06518164465348 19.953764772405453 898.6265836871114
63.10815075750508 173.43006049910974 1003.9882668071435
207.3121118378199 121.13765400679458 338.80778299615406
280.49304977649393 25.67964409355441 138.03432999895404
313.05291632794683 488.7256482888077 528.7453681118825
225.7296138566271 9.463553583867546 173.04561653884736
88.88999495678696 8.947358498257211 746.3888809362392
56.821665048488335 209.4527652011136 845.6465871617551
967.7872345402338 36.56771356010444 24.292220798954823
41.74351998571431 324.8770816839622 1052.8459823687285
394.17865175595796 486.0487735296895 688.8071460435475
102.72680571484827 408.8104132815956 935.6027884251157
76.77599472549119 5.974531475709998 939.6958047191256
126.00199098776854 85.50012445628875 1481.2935713695933
113.51127496938417 21.190377825548115 998.9795596462666
265.97576894034074 429.72584454495023 937.2604426001568
388.4503184479699 172.5262805538584 135.1643515925976
131.1416863276492 439.5697389041787 800.2521044616029
7.686763560748777 234.07486112338543 703.8235687853781
486.0505732909878 308.6757859894215 982.7333630131166
260.50364017469445 100.64032739910596 143.66129290187314
686.6125016586151 118.93773324712757 424.94977491384014
44.901455373304266 181.34876766710607 808.164204863922
73.63361681062271 66.85850755781695 337.66900426890567
199.43706351522516 360.3070610029278 612.7115566444905
433.4658127527769 50.062499776492864 1400.3477933021672
428.7935356092544 679.0433693174788 1123.6623643466933
90.36805128264493 29.106034723148355 823.0424362506332
2.8752570678014724 74.23348265058041 884.4248074204082
106.87472349530474 262.5216425295657 484.86213085378836
215.83189542999838 11.357891405853627 1177.6852208449668
290.0555653666094 194.6295948761247 29.798297999011403
264.96641090071347 20.041071118638705 557.172602819044
304.0449782196076 122.87235787897714 1369.5531686668742
648.786066831759 24.70785815094774 207.76082965815135
473.77568585708303 67.35037410080326 913.0573342557153
467.28273073879507 52.77587451934854 1193.5258961992856
68.08745991329896 127.19322362640956 1136.1514242202882
359.9562808368839 113.4600979652841 45.7976038333347
186.61255616679492 12.772745321029467 1031.7168172179545
195.1516415023929 152.21357046461677 981.1921909641583
28.32396393414211 242.13327132125454 499.44193571517803
477.0985497785644 635.5459047938618 1464.6616190946659
710.6352655974551 79.22564158568741 1465.1582001753243
368.1343538303828 670.7497882306914 1046.899555324004
545.8425224437187 20.068592916152294 710.5726989627404
139.4107441547866 756.2639553697713 398.01320375700504
264.27923227684806 390.57838487561804 419.3728316293146
249.09060462299294 54.112122627633816 731.4496930271289
133.10191625919236 533.7516209332878 1467.1309307910944
8.732014060132869 173.4168289224941 1446.876409515496
54.12080679543133 46.79587262891871 385.78235194351544
18.28097920794245 219.13717649194137 834.4942856946005
5.571658045442114 360.55091960652544 448.01285232622905
385.9700089821572 4.812434831116664 126.16378332653022
457.8847086705446 200.20154094915958 62.5301997741034
117.40907052710583 91.4790500690367 736.6341740765927
44.81770825553815 185.67578571110238 433.29544523486953
191.12466578518718 331.40268909667833 1264.2301024540432
135.4753462148547 85.34403246516247 647.2496514861621
6.218582806211639 132.81387500200185 567.381868428427
5.483435284424165 372.78103217732826 304.20752064310943
71.01854692690847 311.5772605062832 1221.525134945914
60.46280235971058 269.4140124044375 839.2583818231525
535.0330906594161 229.14533541960273 774.5099704138763
132.64890383157444 65.59726553596691 817.0786445312156
638.5921459270527 174.11707892472924 864.4507572840956
803.6558638836988 210.96687177531726 276.6333762608548
58.093997301581105 702.2494487626032 1236.7811645822758
148.5284294291731 88.28066890045031 326.1255067374579
271.60396175839384 33.752659732213246 178.73760217559487
210.7750863444931 198.51793818170285 1302.8254930772243
649.3040844334603 1.3846436440241299 1362.5225113489291
45.701505594578094 418.39830605367786 429.9552385306414
97.33518251221926 148.0225638079108 938.2802790191142
140.26341407705743 129.94206830829575 250.183417235934
508.19591917675604 169.61979123060945 52.014647753488575
29.380412393632067 124.51636243945232 1473.7147784953913
0.7682960912271966 115.59301198751449 368.24355425297114
435.85355875362825 172.70293167286022 90.7203718424145
252.93472936282092 21.45456274079151 1145.4363718118934
62.58030582414808 295.9266207654499 1410.1737514050444
218.93474211889722 33.57471086884769 217.64522348315128
250.60233055023824 316.7919777999224 568.903058709829
105.28574245540918 149.67277423153507 649.5961689976973
101.53151632720203 164.85000306634217 1446.6593899258655
246.55267870347 379.59506935266756 261.29869180669203
30.432867544490488 27.177589740730827 322.6896108290732
101.6881234811271 390.98062569247344 1492.5835211950891
320.5362822057243 79.75437366491362 1131.5694807396167
60.16343120618588 281.1196116037423 820.2363443546423
185.21236226812718 125.4588125269697 717.1083935505201
850.6303266251457 47.788094305823556 786.2906242688817
755.2558415065215 119.98588384090726 1354.1454719811313
300.05016889130604 15.799788592297093 40.50860252756583
151.0607794622933 3.7982904346111965 450.25009498879285
180.142810781051 182.85932275940323 570.5576860441338
51.0471074206208 134.83789214851248 1359.0117565096148
385.2703816402035 651.1330430015722 1160.4772108953061
173.49664775400336 10.275627969375503 1163.2591523156661
280.30874833223754 114.53802460960839 650.472352840777
219.56613901265774 511.06203997780676 1191.3451605967655
380.1563656946694 314.88879454432686 1339.692519489739
45.41445547757063 331.7047128349716 1422.3867402453197
635.9738295888747 68.24461241846488 321.96950859947435
186.55559289179638 129.86011692476714 895.3587556120104
151.24890829796286 106.68106794754193 914.80715171905
272.41521925057253 159.5219952703944 269.53631984410356
292.68569014963526 163.3410656761132 1239.019581974988
496.32732468763123 818.4347502979948 84.09222914343218
26.799260411337144 215.6087907222728 393.40065990847734
351.21138745290426 237.5274763242115 993.5298481459349
123.9612543024486 436.5112661688354 1315.9162400338403
235.52539524166446 47.36021815289163 477.74932624142224
413.5413035353816 392.86535436753206 452.0271293786482
46.97647519638839 211.42726775282497 496.03007994577933
913.3213610730852 634.0557969462446 287.61795165233826
764.5213843043824 129.30619597225447 896.3281795285739
120.46285762884463 97.08063977793458 1440.1809987274555
19.399012269647926 331.6683583271534 1338.5462317388913
940.161876908539 14.106116674808595 103.13504311291378
263.12601478321983 423.6939296622844 1330.7508780961623
125.1896240698797 52.48656137579199 746.4038011497377
124.4147068695032 5.706038315128715 1383.0553916974893
369.64514856068485 167.2465403599258 709.6888506518094
357.0781031080566 71.86279137865122 1148.7962813509569
90.49619071467414 83.05364463094683 1434.0362695274587
423.93832273359084 64.32055755465056 417.5923690561543
161.28678761197042 296.1353869552649 643.9444439004831
344.3053573058559 266.58601196318097 663.3546021896128
164.32399968563118 72.15905743370777 1451.1319855935508
70.2928704520672 24.588593060178695 1049.9253098052686
0.4367751274622077 232.23791849093334 1282.4510386097156
9.214836801025408 788.1108998585855 1433.6735960877054
255.1546250114535 82.5287610264835 1100.2666311300457
160.851188442071 13.095529782824917 1037.1518345402626
170.11640647259475 26.690228742255172 907.6270912196271
21.744729630844844 918.6261661142383 1423.3985224829087
69.90163937870474 63.0410679562077 1369.6779369060398
517.4718283117497 70.64042572208344 319.53947330841106
598.2569509258643 201.92711929865558 177.81362222135283
112.26295036620539 190.44385239243806 1338.6767917774237
218.53146038366344 88.29005878300563 338.3143586183917
573.0043502339369 180.16120441969838 945.8275835609081
68.75333946682564 0.34356538959047855 920.1446118247225
246.24942001079498 125.12680786921683 1469.863943241504
151.86781414548085 3.468782521494894 1332.1613311141048
56.70276951519132 47.693746856464195 223.06305151389506
204.02279526280262 98.96197732698745 218.98835257751153
50.40778770007831 121.53688781836006 869.2087839316376
78.43896018067915 15.961816030966228 1322.0161850504558
1.142029616602682 839.6256777751707 1361.5676561025325
230.52179672610686 205.18118761388183 375.76114091510556
390.35500944732445 62.13456184968792 888.1026388079384
374.35254321585205 222.76588322956448 777.8226553453652
257.18028287072656 382.91257376623 1325.3173562380111
257.55258092183465 130.80562059261146 196.9106602651684
446.745622666285 539.1550137562821 1290.48140454425
262.34775040869414 118.46231870718552 1479.643523799368
1.6785048273816563 2.3343712859354526 922.2030875248452
193.6424578498435 116.79814757252855 979.6420551533901
22.474797764807256 372.1885041325335 1399.3261329319694
28.05757566262376 339.03704832616756 13.204817033357575
15.778606301109146 55.99669466132219 443.3039428725656
318.909331239334 114.59343000336037 17.441168144662843
57.174197371071386 278.7549447331977 298.25588583671964
71.94629432881386 250.73432502973557 275.6461910063208
258.9396036470695 356.9315800153744 1389.9149902643398
161.30101734816378 46.742782773461414 131.22104384526588
141.19887298395008 388.77812811972575 892.3556608637289
408.6432356716958 168.2451805577731 839.5930984198723
105.14555065975328 168.75472678066174 361.7335333563853
128.49589312482854 345.75297727039157 773.2246545247428
162.50345677093063 212.444791885702 577.0186206145017
233.26605713936112 31.978157480137003 392.6405872287736
58.62212737573124 114.23162018825404 386.0156911050874
22.15059850249603 13.700381362816236 329.8699177121559
29.022234671561364 263.2688526501823 501.07575588838665
101.80589995158317 80.80440115908655 802.3901529450401
208.28447700869174 17.458518675045127 382.86237745804345
262.466683161075 395.85487423382204 922.7056043566643
53.24115783921148 255.37630121170935 1484.5806036960666
10.664296331543238 458.7010769829291 446.7736340750836
126.62880267080519 684.1110442557896 1445.273972379305
13.949985738688413 85.14054839134211 456.9203816088736
53.81279161600776 181.69284375489906 1240.8450512516797
255.2925644642753 227.6263441549269 853.0369616044389
201.4682196726796 76.30773396911921 569.9313799829137
356.58712778147674 378.6537292378186 730.1685075134988
149.76551574387108 189.75252929453436 486.0343567860159
95.1755874153974 11.381518718426662 1296.343740142384
239.03549182511782 42.662543013115744 568.4447198997353
484.33856362447705 65.99516031887744 1397.5354906776743
139.81921823568285 127.4949654911097 96.68163835587717
42.96270741539044 413.37269306883144 1235.8747555785633
44.0816038686066 15.252528321107267 469.51292213062914
24.566636126656743 200.46146803292308 212.96457128447554
270.33230648146696 214.13095773286597 992.5556741814385
64.76704784931442 75.52175701858552 815.2845250257108
430.30031468089015 377.6142407519691 1100.7290897211792
509.71808710936506 40.449791434474875 777.8120203280641
616.3355303320856 56.747528459648635 1436.3233047181186
294.33268115213224 26.767601265439456 1313.8633281443838
344.29138236056303 76.89597509498918 1430.8248431919321
511.96162414064503 566.7121501403125 1258.0086377053622
147.47485706895486 65.8426573846961 1371.264082894327
377.783788760414 81.91421896822328 727.4215183329563
113.87762071622365 219.75547188884207 1492.3139584115254
95.4319040483942 29.79560149836435 717.3179983627541
106.08649244138346 416.4394709637915 715.4831373185899
87.29720334665787 83.69093450236944 133.38718986193214
11.15538206526024 12.362504986031734 923.345688380764
122.44620172033287 335.167528317585 1369.0396966897367
39.0769639002693 121.81848265833406 417.91514951971334
218.88974778996192 288.6261657173623 10.174164362934002
278.2093803083302 27.506659393123336 1147.5799889723442
191.5239726487832 307.4018385282338 1146.6468916404265
206.0987854086909 363.9396644595722 895.9818502021586
245.48408999139602 180.70162330641176 621.2175363018229
465.1003423292401 70.40712700426113 174.91167111995654
29.161261502757696 321.96369893350425 621.313181990476
148.74267934346145 2.350724375861844 818.331904445735
36.65091266700515 100.9107114954533 888.2756504125482
374.8178107743215 292.09771899837233 664.1377394293974
327.9888093988101 209.60830051843158 963.9336084294682
424.9781289872959 229.30252366226824 747.5209456007477
21.36127005092798 393.5710066427314 379.63508871642625
100.34863812959027 202.74687976332285 1442.9788086107883
38.38731305807991 472.79421590308044 1035.7615112004182
50.11370038115839 396.54410119215277 416.6776410784523
169.94423165120836 132.56376375937245 797.5567074206874
70.74441291958347 168.38700673992935 1193.939656676196
216.54183067089733 74.64055705058198 39.888873436702724
36.003122644385634 109.62764058938565 646.431662223664
226.53055748635182 36.3072574035653 799.027389866926
65.52491434851146 128.79838803980178 1414.7123112437118
3.898597141146222 3.733476287250421 1151.230932084131
432.48656585448737 58.2045702304875 1349.5893908843834
109.05878374493274 100.363558336511 1477.902790551073
393.97280120777657 597.5623071182495 595.7523943027963
506.44280860281964 42.569339536108544 494.871507627423
215.82588466433333 269.3360889720692 50.034566577410565
183.72492045001724 50.340099341076325 1379.293633978648
191.66845194902336 77.22663337454541 348.6696363648204
54.765199857860345 94.85954796941984 522.5958093795351
235.42219814086351 143.5230953194295 1071.1554497998827
89.14369139022638 59.08317354411754 757.0521534352142
67.49811019029481 298.9274512210347 1493.0708587695285
436.8402711117895 59.422982516680825 1013.3155668685841
156.87048037709675 27.104261527854106 1176.6108919945725
9.35091290046146 156.02245997071006 953.4567885600555
35.49588689947358 154.51384853108786 1350.0506645184319
188.75202731903022 324.9619938770009 1036.4936393559194
73.09019052484754 320.4748607050346 82.80973511212497
762.0449118795533 7.534743428857996 1399.2262127369347
107.01975855084834 124.4057239382827 628.6270185407318
129.23752662234048 697.6381658062611 659.7827099518328
194.43481674630368 13.008743237567172 499.9035331632317
21.713353009603903 321.9114705124831 928.013137162389
420.56333684749126 114.30549713382436 839.4880865791692
119.01128456530579 438.1897920943951 286.21526462873516
603.3638804698071 201.22939950196096 1142.633813869549
217.53500552701414 13.588109885559446 1146.82509868694
35.023901748976996 75.551280376579 174.13182418165673
251.98104795038515 188.85440821001518 1362.3977906236505
277.1065316136714 109.60788315177486 1320.0223036243085
154.70236243781827 45.22674216199308 799.1191757585881
829.9488690063037 116.61317594052521 819.6000753750291
33.09180357622382 1162.3188965860309 999.5791280705686
10.878215207401858 16.577436533884 628.5702384244031
300.6311874948374 372.49266481096674 905.1159198445959
82.14430889356692 64.86191892802437 614.6363563525894
17.72306183441114 570.0472009247791 89.59738703136799
314.74696565003416 1032.979871682545 603.0668834544116
31.91998466832901 324.8113283258831 1192.8983282459724
53.39380606812693 67.60288694650497 1243.2166022355677
59.371667673530105 57.444660567924224 825.8761022496489
215.44500367176548 59.18068789484007 769.0985625650435
37.32722752076288 638.5797949136465 440.8872740645653
158.5193474788185 42.11378742377077 202.5198314740536
212.10273819584935 39.35441848847482 316.87461388263785
281.1026944134931 66.90835646412442 1089.8364916947678
86.77501707037128 795.1414352007679 616.8974841983763
546.6944216504246 277.4850188616442 188.66347417354078
316.37450288071574 18.25165967998494 567.7518533789969
21.80955339399893 427.92887247032706 1146.0887203945877
53.161964525777336 222.28560910109354 1032.0542364971693
20.842041225812345 143.18663457572617 936.4281693986486
525.9497154974731 893.3216139791039 271.9089331487111
145.27696994286902 108.91314579891362 989.3044722295433
187.78534181518995 229.11284650571568 1005.088023110491
271.31199813638074 31.81609339005392 1245.7901096913504
303.167225371231 22.254398607771257 1434.5311238819447
18.74135763793051 27.06246504600362 679.1542598556342
235.38887634143225 435.57929483240247 868.2824232468903
446.02713573889446 88.35812763782857 1334.7724982830568
186.46562028798868 639.6033249624618 75.35425435028876
162.1113135841241 401.091401244931 1381.8732555252923
148.89373098060346 160.79719935309186 1383.2140058432274
205.768577771882 55.41306050281318 978.9525730632782
158.09845456880998 170.14163644335628 138.07046174882075
48.003430743956784 0.061815585973351635 209.2412399747814
800.848650333845 135.6363664951303 909.1582802751664
6.675542662170784 199.42948350335334 691.6547661731299
122.17998867481583 717.8038878473048 1298.119277674463
214.37019080164066 169.39679494640018 529.3024122261736
754.5400910626186 85.08577460723103 209.30540494872318
83.9018895412752 18.050920130327235 979.2380576789525
242.75494281275454 16.78912631932368 110.71426617443458
32.40442712980258 328.9614286994669 918.7752041547302
362.13861613295853 280.38794488884736 1220.0329534088062
176.97578144386995 457.53601029954945 1449.6173856503929
256.895602775215 72.18841192722448 937.7721027831167
11.885579020855264 18.182139054062503 1353.8503964294828
185.7747081480537 480.41280483150297 1424.8752841142757
49.31177310599501 62.661341333422804 900.1819109924429
198.2256942129933 5.528343273994842 130.77155688034438
267.25820454877186 186.30457869436717 262.50998920790306
247.5417170287785 59.07227778388672 16.855739231341982
158.33149670491383 278.85262620366893 571.1090021899828
882.8634133100157 338.3403940670951 1331.0777563179408
740.843881793355 243.25560698622022 1417.9717761007937
54.31847905009105 192.30177126319873 1093.0490458256768
13.358304128319753 249.7348691083145 474.3408512914218
17.19630075873099 191.1481474946755 754.6150881727568
34.78758749833577 90.00670801655069 638.2111006249729
235.89822447794728 41.37804748111176 1461.2443557146185
74.81863401492281 635.7285498904193 704.8844251535229
69.26734476616622 22.178234426721353 485.2610416067038
16.177214299326717 41.571460895696 9.355303521348057
75.31538603891677 55.965420738375535 1415.009395995686
108.31390695475449 188.23351972433645 1381.2648605970085
118.17780408295067 38.401060655002816 1010.1171365199378
102.61959242244801 513.8063368660775 1048.8438217258251
106.62620171821062 130.75714879446062 1413.7579047081792
1009.6518837178138 60.64522674765972 138.7873126789048
44.80999720064667 116.17159613026237 1135.956775040616
714.1927816028593 95.69738280868522 887.0785608975599
68.98194930926026 114.98913030376181 99.77406062895989
644.3837317431202 334.46180325422836 1349.4360221358643
40.07934653832454 223.84046105375552 85.54392848538683
380.82975057335426 405.56694954514984 414.8587833649065
31.014438802419846 46.928602623672276 861.3886402680301
203.46965597161758 292.26733453573377 733.5709749214597
64.30939199015334 701.8987852454601 1119.2047265732995
427.3693136110535 218.91767263695306 932.0632229215039
390.1824744344137 101.93265964493517 817.9805182954158
216.09718852017073 243.69779956031056 281.0538673374593
161.68931466170386 47.591698549041276 225.46832585079318
127.12600621837598 8.687562532531432 1216.0766975969284
143.4923181945178 35.38038728735825 154.07531780276645
124.61245106297191 276.94315577672756 622.9538455798023
119.60208832870582 207.73425910633344 543.6127478956566
79.85704846430187 72.55511745080345 584.7507348338643
53.17492668467426 221.50105035061088 1069.2730641651222
95.46794711559026 302.2564575524484 211.05289923100202
61.156884325856645 409.37828767506204 764.6991063152941
684.5189641527849 453.11198434069144 1392.9071943335362
46.41110845122652 404.37840248044995 1026.6049615184024
212.25265208579728 31.36369311840223 508.72184353724595
133.3852079030965 147.24820338285255 1007.0690388408294
496.8550760327245 192.9108277803566 353.977595820531
166.97422104929439 110.88219313010272 277.08043254374365
334.5610351234315 54.70279067320804 997.2463633216145
286.1767592280824 162.5912017712446 876.3587680443685
290.0186927362964 84.78423505214914 592.7594146703676
28.044934246691035 241.62903570483613 940.6008935510075
453.9676137813476 19.14811245495506 1028.120829900405
381.10512229019776 8.959291811992909 971.3775467797599
256.80167021086805 227.5322169990179 166.20667424434987
232.7619577293062 156.95754150545355 1381.3881235922836
118.25635843003602 137.2470156283834 708.1624697951947
337.25936245733897 57.34653667067625 849.9274403814337
274.6964596375273 94.40761220379142 908.1555862896872
237.40283714384412 31.976682097013942 1404.9645576673233
10.002135858599361 358.1741211093266 1151.3854462050135
354.2597898462779 40.611252680217085 1432.1271326971553
32.309965542542294 238.27041057398165 1436.3891036171049
204.7122160502152 39.76499411219528 932.1427198433515
235.22925194043043 115.17488050742517 415.1999738232115
206.01845488816153 14.12283530399631 971.413418333813
130.4854439641026 146.53943249827853 440.4639406940243
333.37061297930524 287.9906564915831 703.1451512179161
50.56858602826322 113.68984030376829 638.8701081352286
91.727089003378 98.09215722947478 561.3154270643965
55.237619620848164 144.48925921181436 608.3252330180753
13.19191927204884 273.07578703454556 752.482469859511
60.691686669476475 83.24608109276474 1072.402331125516
282.4229641621776 91.48583909379438 303.49178352741706
18.63293994726338 81.66956770639226 1055.101509093241
453.5038802393487 116.71819801660403 680.7341916534859
295.2430838327706 28.388441002805955 1388.2026793724358
438.15837419033727 120.68999390233499 944.5303056627035
303.916520497601 274.5647052014364 1076.8669847441295
560.9913958799517 71.67293622910422 1390.6777158966952
255.08005144167277 169.9575685180751 967.2291118630957
174.19461568333747 64.14241942252731 19.14604804323655
312.6314994390633 122.51509291418756 696.152746634436
10.969339213815456 16.87300076876793 830.7454727764599
578.6314364339523 331.5906479262291 19.13944187685612
186.52818173471852 121.00051511071112 224.17722077032792
415.05523502538455 0.47464442801993356 1417.799286219234
396.9075481975276 34.23612919637634 567.7715405928058
20.227832436838717 29.35021454112968 83.3436449366386
98.07115422178681 12.754314397133426 789.5161187239547
40.259809167257714 70.9327379308008 1183.1924087690838
13.352406730345834 11.577672637123596 807.0075286092145
129.01242441448537 33.00741664422679 760.5543516826
50.02992305920214 508.7584387099498 576.534744851235
342.26841877738275 13.099020935365543 734.702883394972
388.22330879429387 226.8566901819468 1405.4843796040805
196.60029167795363 92.14552222492182 1477.4709856594784
165.1998188502997 415.12564281468264 577.5231527419838
82.44300596923773 232.1411285052939 1322.5061875446208
447.1368656412767 35.31276451565974 137.3320919058301
136.3960321487376 20.7064610265156 164.36977624564915
5.077536399315891 223.84940106132075 58.19087658987887
823.8371532520454 363.28449232954677 786.2003086357571
115.62630919084901 65.9300671089625 131.72663878660856
23.114309123504892 263.50798143986566 1070.0011672247845
46.157446055370954 44.69336392625243 383.428366743633
525.9424802831493 109.08245209258138 793.5873729522979
260.46158029901477 44.3563979100751 152.79156611608957
44.989669270700254 40.03970027961128 244.547886307708
105.79142812187816 60.15636097387896 1235.1497783065931
184.80804667182892 91.72766287038222 1000.2501240217019
143.70930063686382 87.68618472291138 310.0823990271958
290.1112829410328 146.46154675620247 588.4447846924753
247.3775047821106 4.384135503401277 287.9454957873003
2.7190493815652492 226.75153935282793 961.6947568140672
11.323344634176143 74.80634219561783 1264.3300080094489
220.19162740369538 75.75816313822553 597.5975165446283
48.36348334312985 48.36557327910464 487.43163039031856
60.816660580134894 18.15189209685627 851.1563638352494
163.98431079761613 408.6234354547604 649.7697414465894
249.85761180253246 289.8463757719261 680.7911977343464
114.62590305165259 137.68954513839716 1074.7511882010474
840.6198610426881 40.35751648553656 1372.2311871320685
605.4545485613904 14.87610558016155 268.6320172354123
187.54884321485846 458.62367446825544 668.3904012690674
10.080566105419539 37.14409303285488 623.6679951903681
1.6424005743981123 13.393620652155244 631.161980040985
146.37106672032073 66.28761420319698 126.97543568646891
49.17370939457858 32.92023019841592 1276.1630860357209
622.9999019207339 548.1029914376581 1185.8639199276342
14.02832762061122 312.26192182229454 35.09887028053782
138.50976598751666 831.3245453682167 184.29472433477667
125.20297650278272 487.5166567987744 982.4901599598559
353.21284048842364 27.0581973709255 746.7076205860155
141.8051612196806 287.3182571521039 593.2709071893365
26.113970257608027 246.903155473658 627.5366988626058
246.01098734098886 59.47048331881576 134.26178672981436
324.0410617065798 139.23585244777863 297.5832099810001
97.14830760730061 247.20671444548756 567.003201861418
52.81328765168909 169.44732955439022 200.25651163956633
39.418930871654574 241.26352157397153 1253.4078857039187
219.0859813434267 250.91329745601425 57.36123370990981
268.769064643357 11.282156364446166 35.537834102524144
157.3381726844462 179.47186423535118 157.68277835373573
57.99714726182938 87.5246917157008 925.9336849151575
23.548806254740605 296.2456173254102 439.7041758997755
250.91491736530372 346.03210705475647 851.9552543100353
686.7311561140585 88.67604526711476 489.67750810602905
509.1566438268055 44.28911418154578 546.4239625489296
92.79940579912571 73.83534727091988 799.5844518471538
179.13953473637196 415.45755701711784 1391.0891571166817
14.69419005050937 180.32447680126953 17.533518325430762
430.9527967621032 53.213590706807466 1168.4440407005422
66.70428550954803 4.64464982697574 767.6801346038299
84.00792824507707 29.654038981504243 576.914974205542
32.98023177160726 37.68962166879823 1189.6620920883004
7.042816167914423 0.5605195325093958 166.21014875879337
35.73191634466258 191.563649755204 846.579280630364
221.22178601628352 36.447457403548626 681.6828499146388
2.061661728688232 155.42798521865674 608.1193897725191
5.038280776802627 149.0783427965688 1338.4227016529064
127.3361332969625 21.36497914662831 1498.2918276239511
460.2295528159732 155.01061130445856 522.7435757681053
10.680270266181005 31.92891754464433 1348.805553529326
336.8204517195035 104.31203561200593 229.91272725744412
356.7499782775665 50.51085823354299 1487.7433386719688
55.98344325454574 856.3504262623941 1070.7131421827978
23.421885127677008 83.68030303651497 737.155031707866
29.918867554635636 117.7624507638401 40.0741910973299
88.6815475938176 110.69765896695122 971.8086935258194
30.609384074261502 147.33271145372643 1044.5726658367132
27.620079626970472 14.528237640415073 760.052176314759
365.7701975142378 120.03720594897831 748.4027161071726
