400
269.525770852459 715.0245823214271 1482.1684292781056
1117.9669053439693 301.40315815259 338.564954331072
1982.7903694902636 1488.9580208570708 1288.4400104809974
413.54725834843964 657.6937981907711 116.31265874486601
552.5402421197039 433.5479072383857 1404.3336835402556
1142.6709581795858 1118.6825066783965 1209.7178161981956
970.8165686532309 1138.9234802008825 886.3681869392772
64.62863280868226 1610.1713925295976 1450.435944853575
1368.3155908483905 975.1812754620244 754.1572799364725
517.2998722419624 671.6752995882072 701.6420844951058
1815.97268298594 1321.0055052394173 1342.1453860926379
18.235090554635125 685.736203085159 1158.4495248909059
561.072270466566 1332.785789822454 852.6973587792509
1412.7872982041083 23.01956923419679 152.55340532188484
1984.6076638917318 1260.1403836164677 1367.097221134907
814.2505878377289 939.0488561857704 480.1237753965308
988.4985003990747 1091.3668345759718 1268.8666826623614
1047.1835997197966 1910.9293748885486 935.1037827206167
1884.7145735177012 893.8640560154192 451.5510394682612
1802.1369591778678 1832.8968340274166 1411.8649693495063
894.65340579244 502.1958363600305 1115.1804730318554
350.5642246581262 465.255538614139 820.6708565080921
184.75389335079862 519.6255348531238 203.95053975144572
244.43539328388565 1727.761634496387 361.46411683519545
356.01642153698566 355.99422093859846 624.1149819316362
218.22685478424097 1039.2239201373702 1131.2014463594378
935.2448453451467 1783.1696134731565 265.0263171697997
605.2156313941795 1730.5088562731275 218.41176009782183
1162.7077141590548 1484.2721707097269 877.6766048400219
482.3535188645334 721.9439607257154 61.727365501528354
407.94527970786373 849.253421246063 509.3859716952535
4.825133410770066 186.38436088826847 904.8773681515498
1719.3137015688144 1959.9079499985135 249.6051414989514
907.8088392706231 1128.1436295533633 951.0491174727615
206.43791777344057 466.3932864661935 531.553339277236
1508.4125047971258 588.8441275020315 429.78839802414643
1745.423496438654 803.9970450221325 553.1424577564013
407.6159130175989 1532.3340286427515 261.07869632009505
587.3559930312016 211.31927130851858 130.09949362857736
936.2925473221877 994.9537485206788 43.73199403364042
794.9906493688221 1479.6202910726884 1297.3040879588918
200.89373458703363 1184.3910445361084 1211.904751124132
1993.2249166799902 226.1702506500123 1269.8597604703125
336.74326167448163 1173.6410769504953 1063.0331896536768
1338.4609980531893 611.3707497690093 1201.5202988644287
1803.6529693818143 669.1852871088226 454.30264531254875
518.1228750918921 1131.6439838708197 103.52013604626097
87.53865052127185 134.5222152173582 965.7061501788933
487.5313230668048 1105.833935627026 1167.6244983824288
1589.7154768357077 1659.126379470845 1442.6011761939992
133.13199634952522 1402.1426130785549 701.9450656253143
1074.367476229721 1261.3739809710503 794.1005437297421
329.0506028730165 503.8236203257631 33.35400470989253
1280.840269404067 1999.8353477239154 22.16312075650684
1972.3163940096533 591.2751985370883 124.11022512648701
1929.0430480259008 1557.9985204580541 1234.7507127202032
248.75202844694422 183.25895321651632 908.913855354001
1700.0651663612502 1008.6522468184089 566.7665111878221
1166.710207911788 1962.2573277526396 1328.0586020177082
252.09849726506351 632.1115123207497 1453.225680589103
962.4084029448676 588.104655548962 714.3291978958677
1024.9658470937945 239.12285750870987 482.61658226842684
102.65515819909554 1720.029846481382 1303.12094952963
201.6416116013311 467.15065022004154 979.2137939492674
1983.9858010955143 1051.942691281757 804.990567813734
972.1102222195237 1308.3249804012207 65.63858928287442
1058.8038209540125 188.12272780150053 1099.4517231531554
646.423587669606 382.5631921668047 996.0295655087148
1249.4998565495027 1458.916026633417 1145.0645553410072
1078.5792290636368 628.3953701614699 720.9446691628492
1027.1303141932028 565.58838918356 1348.8778546156198
722.6760097630133 1644.1038771663261 1484.1894011026384
129.15312196300178 1310.621725099693 621.7805890571545
333.4605868282836 69.37280028978333 489.79835984473493
1712.1455200819892 686.715658568855 972.4167948336052
1007.9146235797016 1737.8171998498917 1246.2991594634573
849.4803437327529 1395.6640797101145 1267.95275632693
1160.886278306176 1886.128907235144 990.1755575294492
1032.3956469704954 848.3746153373626 252.60625040664308
380.7316208930731 1110.9351350086054 946.8564694237687
1696.142425621874 615.8430709635983 1127.9621495230551
1059.614697963874 1160.0223022195817 943.4566463406968
1327.7381366026239 423.45010697103015 402.3334680125631
1035.736621444727 1423.0312905959793 1130.9097322360049
552.8492692454081 686.3072272181765 912.1539930641651
453.23400407295924 1613.1100772062025 951.0709383707277
1502.8131782813855 1793.4692230296807 643.5492717132848
824.1151004498854 1145.622291395504 277.528378702088
1626.0872468690966 1228.6982920337637 515.0982219156942
1526.9526560094776 1102.2148285322335 358.3766535954499
567.4978014624736 439.330364061072 1140.4569481785347
707.2291985792865 1564.8816248208236 530.3684133725719
1733.6070918256387 1389.2163800721607 697.5453416290059
714.318221049223 426.14221475736747 1004.1283037571617
939.9663490025083 1941.479843746594 395.08391895667165
1951.0165607343283 1635.194418643917 902.5666522359783
1031.8826418899655 1576.108342363415 1457.5537530617175
1376.4989271615593 56.40691371669404 141.22169356360808
429.6884056140131 1769.3602412838425 827.9121027834755
404.05584746719137 1414.39443888324 638.3758241899887
1477.100828476718 1973.573068347502 1407.7372371646893
1300.6813513268596 1734.9600255054536 2.1814289855779934
1954.1380415651142 96.13586976220057 978.6629616970745
1350.7099201160206 672.9030315505538 803.7064661174605
281.21875469189496 217.27313791014092 868.6611100477477
1626.594356097586 1250.467486300996 702.1763981698139
466.1189757805038 33.39142260173755 759.5492495731141
913.4901448112438 197.10382894187407 1129.8195908388102
1701.4743694140218 1300.0439512991538 174.2819674397118
1018.4580109426886 1263.4770687418527 484.58808210462416
697.5717931378762 963.7466266898356 834.0038649550711
1419.514920268193 767.0674095584058 761.9756579722123
409.71429300906846 1769.417067134004 503.6446572141812
880.4071106672271 322.6511943043662 575.9621277337899
1023.168410835474 215.6111078455625 741.4562343082628
1143.9186935285768 274.3281812013871 1001.2489130306396
1195.9467213445475 1163.177053171455 130.54875405715387
1821.1305458387199 1240.2788150524595 244.82355152475344
1888.9728872776132 17.905484235027913 991.9120156613562
923.6436772000052 24.753484694710615 1249.2312900909344
916.7184927940522 705.6945808668582 562.5319759695371
1841.2870704449704 655.2475697126638 954.9682058881891
1984.5265151240428 397.33987242729006 118.16541931707914
1277.457817140862 1688.9895182511364 789.3155937152203
446.0567975523346 1666.207276819527 459.03040769448046
1144.2254033505887 413.9072753991422 413.90571103862356
1477.0276702044482 844.8241235219987 197.92179587749402
1029.428233030372 1957.8109646797975 1047.7761970045658
1580.4058208747522 1885.742280811159 319.751679614123
1541.2427299470944 984.2689276696487 493.0392403224379
712.1114495098368 1654.1854830908208 1026.1962109798922
1911.0540729059455 913.388759250006 288.8767169673478
1294.087323788085 384.9569444503551 523.1811214070551
818.3013923373965 608.6936290321514 109.5934745050069
722.0316757822509 799.2718124953461 482.7998361217701
560.993970630254 1582.4278978392033 919.043974330723
1520.7968457575641 464.0389409611072 175.29298325094538
902.9649189772739 1605.641657055234 629.3868590666038
927.0057134014194 674.8381369449256 77.53258661374119
364.5925249726516 1265.3024166179234 85.24458109544436
434.0524230533138 1890.146787130117 1143.4070531877458
631.554960553619 934.8614803304713 1314.555984239409
876.0272765889216 343.2999460626469 1015.166021905139
1180.0894796036696 561.7409994389395 739.6244362093925
963.1953977873961 1560.2131267163104 1404.5432873923644
557.9354229919287 747.9497148676455 23.711716900207126
92.13774816671116 1033.588072723189 1253.015275367689
96.91815245951551 1203.6876617224148 1057.1310558338894
1994.6970259767081 1900.962619286134 223.02162114445807
1889.416652476367 124.53486037855788 530.5179986631451
261.8262506328366 335.47988698509903 329.5779482732084
30.585700026539484 1504.459238299789 1025.5197258526803
524.7546650594197 1390.8322350592307 963.9016438520958
1321.5262664494833 677.972461812469 1174.717339592247
582.5090929778669 1923.8192220779013 475.5325853655178
57.25364656162024 1951.2500027070814 1392.4131602592363
1182.1424703668722 1136.6163802187186 1144.7349985346773
1275.3664142605594 1215.6917193032366 561.2510349602156
1047.0792572998494 290.5654897937189 259.57549221037186
1242.8492358420167 878.2757562838781 467.4237785234937
592.0113416915192 1103.13996131718 110.13371536554878
830.3274796844315 1413.3503017066353 369.5046395714913
1975.8215393443168 1506.1788602628194 393.6662880789059
1558.8886882595023 709.307984747562 1480.4615243717312
1782.2790937903342 25.80077720373786 29.68983512656176
1200.8926045083313 1285.1765277717695 1186.7618695585043
1963.223302258317 1426.8395438416328 84.38186244225648
641.1600358098588 388.27791574746186 1320.871794706992
649.208124042195 105.84533013093944 823.0227918540315
823.3551661368665 90.65025475126886 70.46847824495673
1124.448800866038 373.05601801801737 932.9430256011383
74.3963980949931 445.24112112630274 1176.5892590272722
711.6041908142283 1948.1803878887915 1356.5972963159256
1397.4163110966242 1386.0806779972136 615.7836193978869
1178.5155150153805 870.5244128068704 1431.4017060598526
1330.890699086547 962.0602284453255 1239.6694825590296
785.2860875338756 850.2205843691444 1009.3568597868964
255.10816126699453 894.2428717268344 442.5514174289481
1584.099237996019 760.1795483506457 865.8569612523524
734.0240149521358 384.7155395887136 449.7268910219734
874.4929476179452 821.5923700272718 48.38196912404435
1462.6887939320259 958.4777776496927 458.4452252629539
278.6907566684538 279.4281205698561 301.4563380068934
1956.669178521987 1061.3180952041955 657.402114033408
504.4876316490166 317.96335774316043 450.23208293075794
123.41212261780021 1706.0161693236018 54.823667135328826
24.88465976168941 775.9365828232594 606.6783242215996
502.45337606068506 1484.1944660155987 16.74860387587135
221.79233677274811 1875.8234703747426 1077.9622934841514
1556.9838310797477 1380.232619043938 1119.1157880428625
236.13342554144978 1162.7068230201792 1312.8036159119924
1838.136082661065 1104.043641602911 1213.2163170533292
1162.0040555210026 1356.0390503875092 1258.5220968694146
1111.6051857006144 874.7084095406432 1037.553404110143
1859.630168451178 1498.2354239161627 249.39482758974023
337.44927777203236 1966.7091725083033 1183.440388931456
950.64143181724 1442.3273176236198 1475.0471062277436
943.2733625458982 464.58332246348346 989.7519228832077
628.5075277058007 1509.0162158550272 1176.3243860764187
577.9245967386069 1013.633903353693 1465.221064370483
135.39159853821525 419.12656433869853 1079.7493168350231
252.5784089327039 922.2651491756659 542.0901938618401
10.394499320456552 582.6735243607679 1010.5231756935634
1387.6553971518924 1496.506138099524 956.8294643764027
589.8169729949126 921.5890018637833 493.9689716532065
450.8407917990922 692.5093421877284 1181.3360815642666
605.8331884378241 1823.0036017713055 251.97997233884556
1376.350870747411 1674.606531886812 364.3495706199165
1690.2264682671848 1355.9859460839612 33.29458828063403
977.4768349958989 72.89029881872344 726.1979471553883
404.15526097440056 1527.4979958041763 739.2014304077261
1511.4057414460885 639.7915083088049 524.2698431653521
1420.9096266159845 341.54453762773176 1119.4950155416168
1884.4081436364945 1805.5717862254482 793.5853137598303
770.6007915478357 269.90181389753644 819.9378520048083
765.5350934890846 288.1038328763512 1473.0273618211759
536.4008388022417 1217.477481931152 541.3371717540336
281.2509499767177 1372.972940887779 165.82616984217634
523.1293202975353 1497.065175322552 1026.6622973576866
1144.8675385841996 244.04686449814662 356.2120925864809
1012.7163378378436 1303.1403263806042 446.1058572862618
1351.1473522368162 1729.1117257826868 530.7165120435035
718.8922447588621 974.3715951459135 894.061608751822
748.4333712462794 1144.018826830319 988.2186725873081
653.2483938945743 1317.3113051975445 215.21442608629
499.3670314244896 709.3486714523789 336.188557185516
561.0683875136214 1036.336878910228 373.1433881326124
1380.3105077520058 1401.7928779626193 1436.795626501654
541.3667027507151 1569.5243023111927 1185.716651091003
495.50685315015807 889.8838598842913 528.3608285416763
822.5895795807158 1271.4094711890552 675.0338853213846
161.0763691754291 1101.2288341900364 1248.220032057253
990.863443198605 430.69996030471367 417.44470330391243
1374.8022769539066 288.6370777424103 841.7815509316106
1648.5967100050682 543.3365794365803 101.12457034444772
699.7244343171485 376.1869901223269 741.9927397131964
932.4107027056094 402.7634257986157 399.3649245845892
1731.3776588492497 1693.7942370943106 141.07616577863092
1195.365434843641 624.918559843755 1031.4025371831517
1645.1858055226767 1335.0496777270587 325.9523412199598
686.1337377072439 330.0464718489389 1393.9319040122084
260.7424031284851 344.66299520307643 935.6360442315485
850.9642766896983 1777.0974370531617 940.8262913720016
930.5145515372566 915.3683381229953 676.7071537766475
1889.6776085869046 1186.8432423621614 345.57368315264426
157.51872751867091 1383.2431364325744 219.56860000832802
195.41550113002737 1737.2030943369937 339.0208488376821
398.93547576958935 91.2134784090417 796.826642410208
1442.5120260969004 1460.75916963373 1345.8526613510676
501.4266041261417 1474.540457017773 28.108065466989686
1467.178262054171 560.8847432782828 1123.1228349754308
1688.8080898416915 994.9549268407269 1001.2858540857432
182.07903332707076 291.00965486054054 332.6392596157387
1273.950965731622 1266.4601301655073 306.805949279525
894.5439365663061 1516.6596171345889 757.6351542269297
1403.1871762430217 1121.0835493680063 718.951101394034
1914.9682245935344 1252.76102147716 40.38493072920502
1807.5267172990077 1026.3284396931583 766.3206350512124
1256.5812875842098 1234.0300380167478 1344.8925852428185
393.618771894888 185.42884833873163 1009.2653389386077
1466.7182452969791 113.19588563446415 1043.1627289055725
505.81320312007637 439.3944308148634 925.1207005038766
1462.1930178054672 699.8114486766653 1036.5412235063775
1160.3180210879677 537.8677104561065 1196.2395576679498
1748.280685525258 829.1811606848291 1442.8843205285302
1274.6202102160507 1117.2386501837675 200.15499998660584
1718.692128770231 1657.7197360881985 844.5383332933816
528.39462151516 1884.1698967188877 1368.1550108680651
1872.7488721392053 155.1107010261945 260.30529320186594
1329.792685504828 1562.0368619746203 314.7319123022667
427.6261018724976 1984.1794341673983 656.3497845012437
327.3136960753882 1719.8388745312395 580.2574979656445
308.8940477014983 1619.8881296819202 166.61177981799935
130.83294993325345 454.44218233688827 863.4484834834109
1976.378965346931 281.61350597998626 164.75847179034474
1624.638188937382 129.5497192794013 336.9233991393811
1280.0562800329974 1547.6181354017958 378.50199894915596
1583.5785041026593 1265.8322484828034 1306.1942289271663
1738.8518919836185 998.2074525752231 1414.8526353209168
581.5004053217096 1339.1592023917165 668.7425138283986
284.2173505557595 1214.177854531776 927.4229832633933
96.7236968243208 1841.4525481491185 946.0186313156656
732.0573483406063 1710.9361310148638 579.595141106322
899.2717979202582 720.1781251865076 802.8935830470868
1343.2220361806778 565.2643643901629 1233.6885298884908
1892.392798682604 1830.329538859785 888.8710089397631
1874.477463388085 1704.8002537684213 67.07918543945162
219.70896623407742 1179.6383026135338 710.9463213982608
377.18414750403497 1359.7472481957911 337.891600096907
573.5902706139782 563.168189464996 1151.1362589013154
1344.8019812018617 1943.4624496310469 1406.8041165945451
1026.01147793788 541.5562631579159 144.0111309956768
1940.9699057275807 580.2786929941102 1448.5952028437446
128.17052316107214 806.0526127554976 274.7824857271019
1532.0850487730092 400.21364274696134 363.59729866351375
94.70727734903961 466.5206375414781 746.0574787392515
1893.7416360601212 899.1947772239362 646.5807940321997
1828.09630526025 245.42065131803946 334.9065552670521
1464.9333772429593 485.9162497471596 1487.1769647411343
1296.278656743819 470.8504329393046 329.0261300873226
1892.555388774682 1853.3170729938424 1114.7918721633685
1891.606530617794 1021.644277546459 825.1383592733405
210.99175741448462 1231.5555461540882 1292.054125383911
779.6039650208185 485.6138429790506 465.7723364139308
1147.1663331905388 1966.1811444724474 1199.420159937498
508.94847213129003 442.809846890704 1099.3478740330393
1606.2550825901258 1675.6668364729496 785.3592473643661
391.58947434956605 1598.1308058898524 88.91803337295396
1047.4269376455827 1478.361675007303 598.3170301664285
620.2277069364486 1904.2127563174206 159.20054529400656
1791.4162273403454 16.447453585953788 3.618946384959687
373.8966251528355 1093.1956645750959 1340.5753435288361
37.43555974557222 777.4362945399782 305.5628054586178
825.8235464684702 1433.3460050662547 118.65521368958831
1133.9262356506663 397.49189794877736 998.2451332455622
922.4827937306535 1679.8962206699514 876.6264159406227
682.2919487512881 1532.191839222731 140.9945802939207
460.03761210043945 725.5861098215286 827.100011705293
602.5102657126466 1245.2185845040733 301.99228069699024
1694.594112145691 1890.143858200394 1114.2944122527101
1143.3309142258797 663.2652706608204 1313.7237240791753
1200.605489081175 1652.4195935145967 1142.5222143661224
346.30811684336993 1220.1951798673874 720.7589178498843
1871.72297512724 968.3252286036508 801.4087889233047
981.3578222371018 92.08467673811316 113.39606048719469
1646.803099629817 1925.561161818996 25.117480016931314
892.950513517935 271.5784227944014 1454.4632571933428
484.18283592603717 854.8606803792283 280.0656849177396
741.3508865973555 1977.2823113798854 1373.841227993056
909.8250835548333 299.0357146275679 252.10426548340752
698.6498659104676 227.4818351957175 537.5551823442347
1273.743462118437 1135.184158954694 182.84444214278005
1408.8633771475652 1720.5204855523602 1382.3985423640543
320.0044849656445 707.5436353046011 1318.528771323964
1349.0486547017376 1603.6993564800503 363.81563950757806
1139.0190644164381 315.79941705689964 1032.2183723828198
1345.1156793633022 395.1605784722652 1078.412683520284
1972.8276797627536 1137.3505519291625 231.95593281112932
1079.0260312668463 1050.503324307462 571.1783283336249
966.4533823815507 444.9370021717522 886.4652626189558
939.1738699303831 373.959407470519 831.5934597116441
1755.77833546665 1450.922778886662 801.9376127144218
592.3203603379 1298.0197992210358 838.3464520809544
512.7775362538181 198.90951392778234 688.5856404509569
240.83860172936178 265.3374729160658 1149.5925792575088
966.9968929731903 1439.3919028932446 567.8422637039048
1872.6129468201448 1916.3885762241355 546.1642568473753
1567.3197700006817 1820.0746355059678 372.8035808656579
676.538037511023 662.6265988611528 1297.2200068656475
713.68668029821 1075.7455130601102 1468.5864106251402
1878.7715448150514 1570.3520184686079 107.81639356399059
417.73334842440033 732.033687831302 971.9948529724516
1768.3894758763236 702.8602609847771 995.1889596115768
200.05820933870467 669.9045663978555 354.34342236575964
1270.1295995537362 970.7608431271188 754.1227026091385
249.4725007699845 1987.3749514656322 175.3167495325248
1620.8208679398429 353.0471148535492 234.9847068138808
1208.7815613274558 880.7185903550179 294.9573333206244
1818.7007394314653 1519.1812545101704 885.2148366615547
427.38368801315295 652.4119270840014 1275.20269645586
559.3787556431315 491.55883482224726 1001.6403587709887
1736.603387718015 762.6251563062547 1005.7420389160884
312.2165015819232 1272.6167507190496 500.9871517196974
1633.0342361425196 792.9283130751726 157.45465093504757
1986.3752490856875 1407.1839427420202 339.73372726326295
872.5740279051828 1216.1552295730942 102.42345485052351
1008.2092131597849 865.9537279345426 569.5915805759911
506.2837124627342 663.0911711323748 811.1846402767976
310.2937982137133 1535.071578764416 294.261254906276
1880.6518473198564 1725.1791579934727 411.95353904856995
1960.3512169824344 1486.4140248179092 385.25841443759975
748.9811863461453 230.83928832290445 356.27722379699
252.68828714675462 1679.1906420278378 1484.5888638011534
274.5776751823479 735.3629288949073 1334.5265331042024
1922.6019297231362 115.70944535775229 251.17943189720688
1321.8810879456648 1420.349308456854 613.0753019145818
22.501207265886116 522.9928961945583 823.5744775699195
135.93457147650213 1017.0340773398872 1177.9945093809863
1498.5541154564835 1743.6153559773377 26.447276970357482
1122.704436047626 335.69667554002615 1446.9840873786143
550.1651106830059 1840.8837958764007 1007.9016879342328
1183.802212431474 1730.6529686470926 299.6198086759737
1776.4979378787402 1225.8568242117817 1433.5788685307864
125.3846570863446 832.2076211844698 870.3355192683488
18.39542446143705 203.92161973513367 800.2791565629891
877.2851607415954 106.60892554930723 1376.932918178128
1688.0162025065417 31.76529022456109 1412.2577039905982
1729.0368812044305 93.50396987833132 454.1745766366509
1398.2182608218225 1999.5644840867162 1347.5817722811985
1413.451797627625 558.8088528164208 956.5241571224321
61.397177588638826 839.9180149289011 1164.6195981645153
1746.7226608367903 1133.076028278057 1108.2218763930741
747.9990675254302 1025.4268358380418 1055.8919654935246
911.0623841611207 1457.3599252866336 395.06967375848313
1822.812203370423 1697.5974233289637 516.7091439569385
1652.585469267184 496.2923862438575 848.688531236941
1483.624017362412 32.45295252381353 57.33671353198455
628.7313697458296 1217.6419802407088 1008.2551035580793
1755.828717404299 292.42573745449494 1306.7968699619105
1358.25116345272 1864.7248146295453 1104.4568286127283
