400
518.0799587396212 1497.7905014324135 1367.9871069129827
250.21711990148665 66.71586775058502 375.9343528334385
1970.0291156196415 394.06780646100634 778.1612383779529
184.11178570716967 1942.7841005929888 426.0482140827586
548.0358789380047 127.14443599004088 268.46013512597904
767.8773378131616 1630.6304429912234 1166.4192886273404
1445.5461687431075 1552.1991227558683 1435.273901126876
488.1890177366617 1965.6877991851836 601.9519048960532
1058.882570850691 344.3988203174317 518.8701206608905
232.76134286558238 52.041236451489056 708.0350335400361
1466.8653470047789 588.2514826571268 113.8191847677194
1823.910851159994 1376.5476744310415 28.747387203282017
6.595633562587855 266.7949204574549 1472.422203870182
535.5965531513531 421.033200957325 1254.4413184105658
1028.634103424655 1856.7353901768797 879.004750490214
1137.8995606399906 573.9494605070632 704.5926487246487
1224.8776242268466 1434.7115453594965 249.19942109763466
1046.5524523169877 715.483676691801 382.2207496869132
1372.8244413707816 470.26907029738487 449.1510576912509
1051.5222459127883 251.00763249855552 1303.290363272507
1042.4688759824744 913.8202038421292 275.57366165815876
191.04839225316118 361.85410684330964 1440.2710286222232
761.7181667202908 521.7738729421837 280.9568404076953
1074.056294655629 1620.5617965803485 1069.4922351151984
43.73910552605786 1547.217684007219 1268.5350686926206
1168.9472306078264 298.2578356321761 438.22232994078047
1626.360402360912 1291.3695606592148 1425.1305293319867
1875.2211390497253 1456.0534453778166 1071.4864326588456
214.01054898159532 552.5028768690543 1249.4965921314715
1073.631650348657 601.79403607479 1367.7977816302548
872.7183214100367 1275.785678517674 1305.6091586676189
1429.185290528059 611.6821670940383 1072.426438953498
125.71571210944188 1815.9865962502772 1131.5596044650565
1366.678813198749 326.18006695196766 1452.9872206637835
1325.8117646792077 258.84439936440475 518.7193329309773
834.8559834770138 861.390611045787 773.1997193956444
1869.351165979769 667.6216646002599 1497.4551269803565
1734.6741836388449 990.3292737313176 1197.3822231456193
128.06561608384825 643.2851828193285 420.76102045423266
1482.75310921808 569.6625475407207 443.51804964946615
233.83262987066033 1329.3306949640585 976.6860817645047
249.01680651953728 171.62630810696265 331.3784953540137
1399.0793490769017 688.0199734501664 912.0681727600363
1097.4831507692368 1239.0369073765842 727.9997473514484
182.71326646480568 231.56584016009396 1216.3940036400718
1664.4234421642786 1523.4175371513104 344.68620824631506
290.91557762198227 1711.583358939784 220.2703175950088
506.5399614519788 1066.3075750793103 1123.0885849468816
1103.883067158723 1617.2838599948136 1333.5321249290187
1957.5725662955 287.0460872481744 14.258335528552657
546.0983642650197 79.95927364348066 916.3932683535126
431.3389880247496 1174.8729115465399 1244.2130384165464
1394.7738708950792 1734.796104402009 713.9859370758354
1233.1563679975698 1451.0809112631428 596.9110707267479
1878.2776442543648 55.20576028346258 1062.3803796524746
301.1225214411517 1641.729164816658 608.7005709827433
180.50329305211156 517.3021958824439 1078.8085546094658
621.5019688324682 91.08408421206904 810.4874103493282
1514.9754604493655 111.57824063233068 628.4953186780286
1524.3176498752332 102.36749114050924 1358.7613158832585
553.3872737635688 962.4632532728448 1360.097861003735
1711.7174539627515 1688.8743583925523 1276.986005211343
1967.155088457456 731.7323058993761 528.7393866793756
1018.9059168124999 451.42137742939894 735.051659654272
1827.318943190674 910.2862607906484 178.7858162217309
1859.0691919558085 801.695156083398 289.0769380941132
1399.6371518397677 725.3571666815346 385.4472691803471
1525.4338955672056 124.48360388574109 573.2199937614703
695.4905744265163 1144.50675389218 1189.2837531580735
286.3379117559202 1012.6331119847894 990.4940825898748
1825.9492873733243 350.195614241162 90.35130677169822
889.6297934059147 1945.7157568931716 1014.5557414613239
864.9748971722169 20.3368669317765 811.2028834534879
18.935711477453985 690.043663244853 250.29507707625308
1462.0680603136068 1349.4866363920855 186.0813422295567
1873.1280733407536 1684.3862357225792 209.71712517246715
1488.9310413060323 1550.1472061615762 700.6249827129016
659.5907427258583 1024.474751749375 512.8342939928269
1804.0199066765329 1654.2125747629098 1113.555453696468
547.1656031492697 259.2081119475449 907.3789957098514
1519.6260282236537 1907.07690423392 613.7687147575477
874.22666066173 1421.973373809448 731.5228399337052
180.7654119793607 1636.3096569283405 52.50323342347052
1236.6995544995148 1161.8609445267812 1190.129060028792
173.7842947429473 1903.1310259809013 1327.9386356306331
1764.7621998177137 1159.5442713394698 816.3011244758162
1103.61118257726 1700.962445149848 672.0677726918578
1494.3479351394546 1973.0241042572156 72.99197511404736
1726.1570795046775 1128.805114924286 686.5852294969916
1554.2253046078447 1052.2536905747845 659.4723941535009
752.6943419205186 13.39464363101972 1144.5388541257853
713.4713723875848 1846.5970596678471 354.91848203243535
1525.8162874199325 1601.1231847383297 1096.0437380855797
1819.6137371908917 645.4132686613021 1209.5188069076594
238.4158501094642 648.0359025498739 1358.4182789396025
436.16541529780716 1523.3832606009667 789.391975430206
1110.3463902945523 842.8667283971766 1456.7460210006104
384.9093248159849 1948.518610965744 845.3912487838293
1706.7672229780596 179.2019232744424 1404.674459821249
1934.6109062543248 139.5862769987035 679.9375931742668
656.882386960748 1004.8822771874411 1400.9768334509827
1841.3815400421922 337.54362108546434 542.5861290368351
917.6665181021992 157.97697348220962 1108.7824523562706
595.1290316118432 1225.7906025693321 338.83980728741085
1599.1453472250746 1960.1094995461142 657.8219531893548
637.8528090668339 1.692436976782119 696.8297306971081
1181.2014812652021 778.0419875122892 408.3481334929945
337.2796219388465 585.3697130887008 317.7519201056914
1656.943917220834 635.3404086342114 1442.8485642012722
1224.0279498051452 1398.1789895795137 1079.4208284513895
1438.975963644305 918.243740883902 251.2562191851595
1143.416087336544 289.4355863761702 171.93835076379239
815.2196315397617 467.4123768888705 478.60599016553266
628.8932039919124 741.370207638889 836.1485592783894
1790.9368851129932 1490.4237411323159 1235.2372197887692
1887.7369943293995 490.5985297376145 3.5750382245234857
1125.56781211037 1641.8213761758543 455.8818487493657
1892.9275137404322 1390.7037679028347 1489.4736265286847
309.1212504221208 800.1790603720726 190.2623877954781
860.3958249731883 880.9183202909226 735.1018510883746
1695.2252221432555 890.7709040147238 672.4836819361184
864.6630236736071 1569.8495683851063 1296.4336489366117
1341.9981263885675 1330.1378433079033 1024.7748983273734
1523.2507856736177 67.98584106116357 43.485921067968
682.0352296672847 310.36117863047366 891.216197436388
1769.2966022773069 546.640723692403 776.6613050505341
1161.6460327145446 1265.992747371502 1042.7974739127876
1803.0701996435 1942.11116475567 816.3729358263746
780.8233385985626 987.612695628008 691.5182968821629
918.1828291868035 333.9481922444416 1237.685475188311
1008.9645280905472 1523.398668802244 619.5629553371565
1403.0694612475686 786.3653074728627 1475.498987505568
1905.9054835257384 326.24714274378806 223.62017347051693
266.24438132313435 142.24468350214357 383.30109085420355
1139.2192858298122 319.5640442217318 810.7507534434158
1773.879878668322 1418.4366511539336 82.14733159950305
469.83999361680475 1843.530329932264 1338.1703578821766
1170.4257256515007 1365.7444390168419 149.88550920830988
1533.3410791890356 1062.0048792010386 1397.4411878341605
565.4384903862212 80.66309001360095 837.0227965700846
1156.1448347168396 944.2513229558984 1056.2799802848722
555.9462679049301 1234.989038591711 1117.5186067054963
1094.8383395692022 1075.3762479600064 1453.2036895270958
1259.4150715509445 810.2186342237638 1104.8382917369124
1865.1972013671927 714.0750033542236 330.156863655817
1275.9874401248699 353.48592451544516 1255.4097500053767
12.652285639912275 925.5544837812757 858.4559202412099
1400.8762606127634 470.4169798679243 796.533206499201
505.17929439392265 173.87856274661462 749.8545858005245
655.707403518651 1038.9191657222325 279.89936177836944
653.6665864273851 1017.7944677223829 616.2098766631107
18.017063003231915 1479.8474996398154 80.44951097853998
547.2625913960685 1495.2256143174288 396.81458172226826
710.0665749685713 1883.8360869129435 481.5843317419236
1437.2596048364246 49.78434282039124 735.1152416314992
1023.642842865443 1818.6726481512728 1101.2456817565464
1154.2949017998665 1934.3613207932813 352.73211947235313
1326.1170542627285 1550.0662326825686 103.11399651163534
1802.5994223743476 1486.292324461933 1375.080491725047
1527.0245000763246 1453.0721593050205 633.1704154544414
437.64154712244977 1368.3086263962866 419.625299569671
467.066687359581 1416.9766532596773 304.0097113608761
758.9699932097118 223.0610079718942 132.7835632610571
758.2021942073541 573.6421552480351 49.02065742210748
534.0957530235751 145.17438687018557 178.98535214620753
1592.6407166843044 1610.8948954981756 686.3745231148885
397.1379965013346 555.9063055838684 31.818006620830232
1606.5584760317636 1381.592422322032 1490.6520734055707
1400.1366697391081 1449.5453171947472 657.8197657472545
1735.3582857708855 1012.7914173300114 1047.803294804283
1918.9178059154337 1215.65185968439 917.341726499407
209.13447795917085 1616.7472876724871 821.0695970870555
1575.010343574121 735.1977577927967 732.6764204658546
186.41199050687973 860.3864598522671 561.7932587452761
1817.0163178291016 694.769140073459 659.6987496565508
204.85531552551862 104.69200227995489 358.49368535710107
1643.6599784422194 124.52955791308273 772.1965133502997
1450.2279557789338 1719.1713886742295 828.2858875958829
1596.8318717765035 1531.6590222768757 1004.7453524248415
783.3292577086036 179.1506543252783 910.4312931178655
1733.719391994415 1151.672227929055 1343.6663790080788
1690.0003210103882 1548.4767951960193 698.2223403981388
1840.8486700158223 788.0657447030242 1165.028181516134
1974.2801877747902 1795.5559309762673 453.256206809163
998.635769593343 1274.4903175686102 342.77667820870005
143.28447806878341 1933.8621539429869 980.8541661192804
1424.5937932046252 1851.2500542730363 608.7222930280615
1422.543647876172 948.8837213203154 265.94153377831645
1958.92659556552 1829.1047069899373 697.6093903701924
1395.3095137962848 1220.59877881495 1090.3614495011627
1174.6149476522805 180.5464021889547 597.1657306590383
1212.5381587248633 953.9217384210352 645.2496652779885
1169.8068913921184 1154.5388515556028 779.9965710238597
1450.3830773638756 1072.8202303655603 85.14834181300257
1147.9986110874459 1389.3622584791717 993.3050095182382
1044.891550882455 737.6679836384566 1303.367824652514
1509.5853281248844 212.34461756899557 1418.5681470696834
422.44537519740663 356.9971442112494 400.4682286760155
88.97470025622023 140.40213167561032 241.6199701560302
202.77157478493191 106.70826282469959 1195.704087283148
1873.0087757508043 1056.1755836239413 946.6670837474517
171.7505488144857 1121.6426049363438 228.93047410556377
1693.8788044177775 1656.1623042256774 1011.9778392201487
83.01624385581951 564.1309108826573 700.6590421243861
799.8072520798794 1062.9426848324008 23.00474574252409
853.1471328232734 1800.060358428343 1065.0571783494975
1665.5205479083293 523.0349105682251 800.4336812623318
1055.2160051311532 1047.6164019747819 164.1615990397286
827.1114749741384 783.7486008466708 376.76830421537306
1132.5982278338631 1845.6487528119264 429.805503780838
1893.5690923590755 451.80760514446325 374.9914773615079
38.801309345256165 766.3041357549032 811.1302594813973
1876.3595590891844 517.4636574363951 1288.8201142288885
633.1206156359997 1586.6178813866793 214.24055625167136
1225.5635443456279 1390.517976669687 9.009970763504182
1791.9428366401419 687.1217825597362 1361.6820078506862
1146.091137012773 1017.8119817645013 688.6524421640622
880.3092103186625 1681.2169152357424 1231.3015589226727
235.7552352067236 105.74291788215406 1405.4754229030502
1342.2973938564026 236.51205359323367 1209.8583603835373
1789.5426622275395 1295.745641649163 1251.5375386592461
321.67388508432816 329.0268570436785 231.3781496329676
1433.5942254643037 1402.3916189167894 206.8727536132311
339.4780015099137 758.93212455055 1098.6202725342118
911.0501422008182 1016.1661821675365 229.2874027000309
23.26526901776793 1417.488130399189 1148.147886474058
1518.2636536603995 1432.3533838207206 632.7886949823261
15.651484876184174 276.6150095048245 1329.4300561921655
55.05197015408414 126.96051977958467 481.74236342464866
1905.8706072697305 410.6441082460486 563.9827895604385
447.44382069663715 1740.677729511372 685.1452558440648
225.894072491855 1888.5903134394093 661.1674114831326
651.9421064809557 1347.3778496735067 508.31322087994977
173.4375281485594 1372.3567762726568 180.9623802961956
633.3255847759099 1726.0758023795897 1211.9651385340924
300.37735315288927 1508.7942466810557 1143.137770364627
1339.9482826937933 1434.533005116118 1025.6715922504611
733.4947892809489 540.719844737561 238.79085107756887
1809.7644528027042 518.9399595090134 1075.637221067235
1020.4023424640476 1388.6570431464313 1135.1407045708029
1717.711915729538 213.95905864200392 1264.7195745112763
1658.8316979461201 1392.446751583229 1489.4263224079077
456.0778909401886 496.0089889908306 700.5431272645011
39.501208077226345 469.87290920335533 237.09054829462832
1770.1131162924505 372.1146675367495 958.4153237692929
1040.829705715624 829.2086132933733 983.5057577274599
1310.9492622783114 1822.4506777787533 969.3404575124564
314.2094465545637 203.46091475626116 542.3939899586691
1607.799628705408 851.2678873159866 1483.4924466538498
1358.4025353012391 778.4746433518526 1021.2933702588742
339.2636464658043 810.2508064828007 740.1219644732035
199.52911543195094 664.3647237426118 761.058073653456
898.8410240886691 183.85896704296246 1374.9662423295983
1821.6656552376487 700.677654212934 854.8403300765503
1710.5077441076508 1905.847283566813 783.2110876913454
381.33492146281367 924.0459358503714 550.3436512957385
307.0025033093542 1853.4866992568054 533.949934706846
686.8349229316173 89.52136277145951 806.4163219839807
22.118322395121126 1473.12572959207 268.42781285547994
413.7789952230926 1676.8184195215936 460.8983430014515
1554.7436303214936 399.67660410552395 252.0732344196258
1202.280900281383 794.708912275849 472.7651413515176
1929.1830282404937 761.6258394246883 34.597678789169976
1043.27079682565 1681.7700674445657 564.9962675553986
1120.12349161532 789.7616484179102 262.47892723135317
965.3328492649349 1584.5763654164764 1151.2685453371191
1241.519767433029 136.40666114725607 944.3804721394853
48.305304180271456 1857.7743045255118 1224.3400687954631
9.503023301363323 808.9322968238974 207.91357898478802
397.7983001274481 1087.2431368918508 216.83199739452624
826.38205113409 300.61032350318004 471.39998655709877
1462.8021707935234 1153.9667446398623 1424.850950806966
626.2372308288142 1013.310142893608 0.26346500510437965
584.1664367442876 284.19633142960254 927.7813495147166
336.23024544025304 1815.0905942002423 778.8105272207829
1115.2641650468533 217.20079376148195 87.14170386571219
99.83536226189926 355.7373094575176 71.62348650699619
676.1753125153227 1246.7382159315341 422.8194834813645
1169.0187589373804 1906.4795087386565 1225.4724524272312
213.29187307300757 739.2407825760637 37.81338154867997
1105.6545876926216 711.4475463050462 1368.8860366221895
771.737399940382 1284.9170888151014 462.1735192063867
251.08869968703496 951.9828332140936 11.812456517754145
364.627649064446 1620.776929498999 348.74249009725486
1634.4968805804046 1764.4751060276 1089.218219748284
1289.2694547676294 1125.0700601203685 619.1276998022703
999.912203457221 164.76494341269455 1306.943112760438
1160.3476006172862 1384.5517535573526 694.4550125797464
205.7627470460075 1378.6809893576253 1008.0898631491518
1588.1906446849523 1281.2837140608458 592.8831992771209
962.9134251169236 996.0800206359526 465.9699496380788
1500.6792351461734 1996.4054152760932 1085.602549911465
1621.309353812012 1032.9207091265698 6.2283502403784325
953.555438644756 1237.1243322510563 414.1876365818128
699.3468321423984 1240.375658808942 465.9334903715473
801.1506583980141 561.6448782829402 173.46375088838118
1230.6784451977946 208.92213963123885 549.5842973528254
20.815681331456616 1301.8120446799192 709.2930867139212
1831.7997517143074 212.45065357874182 1355.849288781452
1855.5476217823164 1298.4808779520538 45.168554673540804
983.5809697509892 180.37635202001036 748.4001606219169
1050.4888116272552 28.99186787075081 542.3256282046772
1390.6006249361576 958.1146198820823 538.3836843002858
1670.294852875763 1092.687845784626 357.34889689901905
1070.4891968975403 956.9459290130055 862.847865485692
413.86080891333376 74.147860856842 543.5849177896741
380.5964631623611 1718.7584089807294 569.389702632264
1656.079282075789 723.5848066488355 1242.080490490343
655.6381342512796 1164.7422638982682 288.15038920073704
1419.1365134801113 868.2853614140018 1155.8357429785917
355.40311922901145 1368.2821103747574 934.860167288217
1355.011316208115 1728.2775403173641 406.15438675788016
1568.1424033510002 1601.086297611504 486.1717961828364
896.2513723618252 316.24029123758237 635.6291827770473
457.2890050179754 437.25545910497334 1166.2196226731407
273.41084615577137 395.8742041779553 1318.3606237153388
185.39398485244152 410.3249754264375 444.0432302020322
1823.7408683767146 1494.5289956369031 972.8044355498429
167.80019837492043 1145.1001176532407 620.097686731685
942.8736609997634 1825.952770129049 459.20516205143036
1798.0514795540269 698.6119338471794 981.4017274738877
1309.4309433930557 373.1408947960171 421.7396063477643
862.8978234082982 1779.4008845575725 1110.7118503219567
1325.0518530539366 1888.0690939041112 663.5389269419862
574.1903950906946 184.4798684560287 583.3360343912692
1031.9469888749488 24.791655142016424 722.6642355349186
1618.1167408801737 1498.3107005193167 839.1113912322178
295.7161282626484 1841.3073358830693 925.7199653973706
1906.995928761433 138.14724375533726 854.1943063239372
1312.882535999358 144.58145771250597 316.1637161011102
1985.9531777171462 706.0843682313698 1469.0110787964813
754.2118825496815 1999.229015395158 1394.2910686311227
1453.3349582879086 1157.7797219844633 653.4907451949273
1552.1499280069634 1460.1634178532013 1465.755123684915
610.2451944910412 1917.2901143623085 1462.3732830499966
1834.3041792586778 653.9642355205486 561.1319309271071
1953.2593039822443 1158.2712947455755 1275.0173186883317
1488.0764895947177 1901.4387202252328 928.4939462926375
565.7142241474673 1904.180603475131 371.5597634854417
1991.526532727817 1620.4835663283775 484.9646934890259
278.3277945956926 351.226661524584 381.38592620001754
151.6876524477413 1607.7584685384859 1376.3210872203585
1358.9240666563371 230.07736014921232 784.2264842542264
1408.5775817336307 1889.43425232228 806.8978451924359
1867.6004591205153 572.9173394526257 197.32790281512985
955.9416372199307 1612.834263743855 366.4355032950791
760.5623423720151 1574.1804842162749 353.68367445492623
1055.1900946691962 1881.1236721359408 1224.2049465138705
284.4398937938435 1777.0845635086193 319.1558428500746
1112.2274549234355 264.2979323120427 83.51199037479401
1180.8106062593133 1455.341021126153 1149.2043197920984
1205.6990199479153 1332.289235654422 76.68927965811334
744.5983842718684 772.9944893776233 432.4462227330058
835.1890749896937 437.5730062773082 1299.208716720734
857.8057795493738 1131.9302909555604 384.7174400460547
1619.5049660564885 1614.5248146585768 1422.7852274174325
1832.5476169112142 730.8134610628971 525.0894257542294
932.5370585454291 994.7451160848635 1314.870225930868
620.6978068636948 1759.5474751587378 492.77311067451876
210.01776165516972 1523.0890441186082 45.96262370471249
846.2018650220701 1380.5893085073474 923.9576666524434
1938.9262486234163 1788.6464163114983 191.80549416703784
1604.955784107189 298.05709925240984 944.4341486343471
1156.2849877946105 1592.1106211166164 1344.2660487528806
89.54412541654455 1925.835130451874 1200.8233381639009
417.07127956039704 1257.8750212564514 191.98063268177685
1480.7601974040424 709.9160492112286 749.5504373381785
938.1489257297162 1905.6259893572833 194.2750249013111
375.4541204098114 107.71591388993996 1159.6835284754145
1882.6555750589202 85.51544834967362 696.6200614894037
345.16219692298057 436.37708390182974 1162.9798190364538
1394.9902275922311 574.0666534526462 1034.8279129870193
624.6848071749382 1105.6491922609366 1095.6827965069551
1525.6996322355783 1291.3900611469162 949.6347792313043
1439.317777330951 741.7386544777995 160.57378756385597
953.649503029076 1393.8441094642405 1017.9113963707391
65.00054950045752 516.5162294246024 1053.6789967351567
903.2827855581795 1422.9944530767923 177.6932811437792
1140.369008755877 1705.3418101433617 766.9212116735023
1746.6597788158035 822.1390427315242 957.9046055797933
1760.772629214271 1820.7439584257806 1460.5711895160352
969.1147104850273 1282.1116560137514 125.48454615215194
1657.768367901689 1027.1168661922995 1142.379076547273
1601.3408688161323 544.1593724183451 508.4603935184367
299.423652212397 1064.0553135865023 47.114270363102676
610.7592459770068 130.9444450801287 564.0433199180992
784.9946640697132 911.5583019747562 301.75531622885137
619.0674690250946 988.7147924573331 918.9682211653285
874.8843080577884 788.1394654276688 927.4479187647087
382.14362471970963 1625.6734869711454 1243.9781706188953
677.1844299861478 1700.1589951636452 240.65688427617192
972.9907658796764 1743.7149381530614 285.7694396406369
572.3827167188622 446.08363226418214 1154.344870487281
199.0960399434023 1236.6462756653314 391.1412628775352
1474.3154171605397 175.30655549016427 1189.0599908953316
1512.6427551953266 1044.8457640307154 238.2462885197218
1840.7784458069643 1859.903868442319 431.9320842842386
1693.8104816600917 847.3402288026585 1045.3023225099662
1406.5604285141808 1968.3866555280733 1003.195991940475
49.38762065699321 499.5793487345679 399.3955256687991
