400
293.8596436282821 85.51245049965584 50.347910924727515
645.8845107456434 1587.7554902613967 783.8330512836179
692.8763385397884 1721.263600400835 1079.554502807331
181.7963200721975 974.8974582588821 1015.6439572197798
793.4270676291821 189.1575658079121 435.4102159894814
1488.4207637857103 1563.5260821941374 254.14958455200565
1308.8049443818363 1484.108615302027 561.6357333588732
1656.9955725606767 1119.7571377976208 1448.6484817796934
1913.3654918543548 56.90545181843398 1072.3324438824366
1573.9204982610247 535.2300747519591 82.81011567227553
426.1987836983636 1388.9885281653555 922.5951510033353
543.4227836013297 475.6632901849589 869.7221132738214
932.1120149013083 729.4183145827011 470.7057202528938
1794.4640165542771 1822.0822405268982 571.9274087984659
71.06380090153186 1745.5800454605092 1111.597342143534
987.2645312436432 164.07536000800604 622.2175763937579
1766.025099987333 1285.55130726603 1460.207881986445
362.32203978409206 801.4106761385323 953.3282659013345
1426.6202612401169 497.64436055513727 151.89144186872227
1999.377657445059 1452.4863859841005 1292.9300473113672
1748.6336858159002 1909.5102209588886 624.8775031948853
382.78761255639716 190.76467856038403 1303.8774757745045
471.3645255884404 504.1798411693532 1466.3539712376758
1699.814063180304 1165.5612350456151 497.5677119820472
1750.4428150342442 1224.6129657703996 469.92343533607163
746.1679951292468 1972.3655823644433 716.2889799642561
1874.8287829327353 742.0045925585563 1034.0073923681052
1645.582863119409 434.91074046869227 1000.1413416357514
1626.5359820564552 876.2489211262467 933.3088598736576
83.80721676869318 337.73286512295607 1044.3873623721308
723.6749120951491 309.25069208281553 1228.8572073629362
1845.3982498497755 611.7549133957527 1402.1394257096047
1955.5243307174514 1261.1039981725671 1046.9415312855547
1376.4526557317342 1265.8635115594977 1183.775312473276
583.1978346990767 1017.3982410793984 1212.8488887690507
1715.8592901514678 1597.1475350538544 848.8210486106672
116.00584749464326 1132.274516704741 619.2454543688699
1217.2618548950425 1870.905666765116 815.746731946423
573.6638140612882 744.7398421004879 565.8018821855031
1256.3730616458024 1484.6677643101384 1134.8304155502929
907.8251515257456 823.5651324343889 294.92989259513234
1456.3087195597857 240.87285882519603 211.38833149107163
457.19232652810416 690.2348114721752 512.357222644101
704.942476844882 789.5634713365083 712.4770179037972
1035.9869550742928 1064.9306161099641 716.2895026652984
1406.1829431587712 1261.928569324698 605.6624147873995
102.39276823033161 1999.748447068252 137.29890040624915
1555.3384204317754 1257.1227154771084 195.89570054262313
783.6868784856039 558.2610051736139 554.1810097952962
828.2439626453863 537.9250417006712 1281.804611920484
1810.4092982800444 1102.624023809719 1497.1663228959285
519.7065123976878 149.26377230176024 756.4587693340076
1254.2125441865203 1899.2561354185157 680.152402414445
1233.101077034834 1386.8666531844378 1013.2420236903479
279.20453509598997 1275.7195540462403 612.8667595127985
825.8110908784529 577.1098738147582 1156.3309437535997
857.8930961367539 585.9849103076025 231.0057073176252
1693.169154512936 1893.8909438465116 993.9566352286173
1412.8988992147729 1223.8244858784842 1397.7394346795986
1271.9055557978502 1929.0851392174654 204.32786645867924
1578.531155342672 982.2929502998032 185.24633003906877
1474.2553745063533 253.64476995129692 502.6011808929182
1593.5494308675502 136.9866417892205 580.9501700776312
260.1352240326986 620.6486265163895 521.3565070096911
370.47908751484937 450.04854674691705 911.518645974242
483.38264001485487 120.02515711552574 1120.36795754555
238.69919065741496 255.649179393451 59.35423542065832
583.5116173594707 1950.3693550097314 816.2622820137044
1083.147107609517 321.3852147455194 958.0254614663019
956.9064364428683 783.3290270471005 417.5959676065102
1200.6140535943548 814.4302695781329 287.2142375513369
198.6498130474983 208.86140914931173 0.3468641601431788
1082.7241377598318 480.1083756746998 695.6090034067881
131.44957632366626 508.6931795882623 747.5746062892839
1916.1145842861986 770.2582557864886 545.5993394098559
25.990157803211122 101.12225600297565 1113.3253816000556
1111.466786615454 1892.631874122456 303.18862930005815
998.7133044737062 348.3943724887011 1407.1627603211195
1189.2944871838442 1382.570267496069 48.21193137785207
651.0285377332017 401.05806226931253 76.89001076441131
1291.280124601405 877.7691005271809 1454.9739003378497
979.0929251091942 815.1415924473799 1233.324602998919
716.4112373135076 646.97442162417 1209.314566237425
632.114504470554 844.290494443052 1239.4744731405137
329.88205126442404 1784.8762400792607 1162.4354860060491
30.23207431543895 1943.371761171095 870.0653769525892
1569.4107779051171 1400.5178614204635 1154.919507537041
1356.6511357042887 130.3976395987736 313.7744422762008
1892.6487792614482 1257.480074279522 1237.7694142836826
1745.5076321108502 1661.5268656935275 830.9256183900633
119.20603102799276 1252.3853352282204 908.0981212709696
244.58481539552503 1597.9683060817465 453.7919851435829
1905.1577867836345 671.2597936506919 1066.4205785290094
1538.4583877796902 225.90705119410882 1199.0982398052015
810.9521444074368 947.8419503030265 969.3345987076472
1203.769290243893 454.46907094130927 1015.8688079684199
1460.1378237654137 1524.7678620246656 1325.8327428370346
404.2466055035834 885.312555107584 371.97884771927755
7.856923665496396 1096.010483967959 142.31210325051248
195.7751313998477 375.0901068391519 609.819857952044
1263.4011958121177 1527.9336631665722 1063.1489357027033
1343.2445423952133 788.500786585469 379.7830525345255
286.51775567788974 1080.4166226717628 36.429240092640484
627.0493399020291 1318.8067019492194 655.3900840655753
666.6792768212624 1484.7311416805253 1186.9312882800193
1194.8382404076758 896.4246698739455 1360.1371626143903
739.3138312602463 431.297044922931 598.8697299907072
1971.1375069507492 317.0157743119977 1019.3818416188842
1407.6082760199415 1769.7447481734869 406.2161431600283
1716.6328147032666 1878.8135887214066 396.56579045747753
943.3621789850162 1937.906545991992 443.7309078128099
146.3233254701235 516.3549228788245 1349.7419761194797
107.26074947876452 1795.6927793140499 237.2096532259916
1309.5857614499278 1799.3718701459748 517.5604454496641
169.0801406802749 1925.1305071357535 829.3021859185461
1602.539616054836 468.83980688229434 570.2102432693694
913.5172082845719 1164.5696294201146 1072.1081987127263
1063.8431655876348 435.52291654464926 1202.5451979377262
927.4548685305839 1689.6951214851324 35.82414569954901
1477.7358015982622 1661.005131240652 445.01870580635983
814.9069243426179 989.5979090275541 179.56663581196835
98.99573934928863 852.5467424693685 693.6323207014466
1401.76173322592 271.06730994249364 273.8151703262272
1448.1308932633467 1577.9602820646185 1191.0945045118613
1568.2753987873953 1446.608314087906 581.4158661926406
61.3494429256416 1484.0478764863303 1084.8570411041364
1194.8638525224844 759.4648048533023 11.094759704830148
1367.1102976035916 1745.4927113459983 974.8940657474444
493.92738431437124 492.279053468359 1036.2679319263314
1513.1725501471974 608.6280720892388 680.7253924231754
111.87003673719586 821.5662209457515 391.97401495401317
1692.6465781673726 1052.5970072236241 861.9514093614433
599.5782470169027 1462.1352224282432 626.1182175731554
231.17541085737804 773.1830826202781 1303.4610091697964
1235.7993320967844 1727.6941475103981 371.7551974298908
359.07348141457175 443.61997721500666 6.793066711395179
691.1249344756732 945.8847377472199 1417.1782030463744
1545.3667463391284 726.4832541815149 438.02187698120383
1851.2177355289834 1844.432567357356 945.8749979521066
121.98960404190773 962.5243429615603 1405.5144670660188
152.41753038677453 1900.9976675696582 506.13738108615
121.88702310504796 840.3471584993423 1.2951423143846008
1343.4616906077038 1123.6443700597565 73.8152512099623
1019.763277031194 479.80397543701025 1248.0546457929845
1696.5075619045076 199.5308896454666 912.5365788563789
1175.0418452310334 337.10898994624984 78.48670844191935
906.4566074815432 1494.678425103293 240.84001062350947
1396.1491471804247 1331.8559580897233 394.631762046213
1458.7942698635193 1691.481789373612 1048.672042405101
905.8670518858398 1114.8373296132395 564.805014546109
815.9710195228513 1250.6011057430428 710.6733361435645
1502.9818637335397 1749.7260724378436 1499.4841919172438
1258.4395658267074 642.7875810330588 1499.2002485364558
287.6801017007933 1271.8654516561496 425.44980725436216
1246.0616709467436 1838.5165712318778 363.05671879731733
913.0710483202109 835.0193610374292 147.49610401075603
79.79243224104681 710.4811251154164 1277.4226724585963
1332.1756466915751 373.7904328343571 1006.868473269753
1502.4686407629906 1615.8019195097027 75.83963834294327
1441.460373915085 1790.5002660331118 1115.5301120887095
764.6668567035986 968.2948720886277 1327.421067238131
37.760804016459204 1454.832793171802 912.5808098343658
486.15189327747134 1968.6314538555246 308.9960291230179
1812.925690478889 25.515940569555305 63.32388247449838
868.1158414205083 991.5948296805776 1443.0093246237204
55.874270779866734 1619.359385759869 1168.0852225658614
1873.2451392996056 1219.1847538494023 779.1919333046415
427.7793597829467 1449.9457317658878 713.1120056958965
1811.693842426297 189.8557454195575 473.5603205357893
707.5259717907654 1118.2448390493373 977.5359146986174
1763.104072951957 1818.3066465477557 1346.9210796139237
914.5702956442979 535.0579174535308 1091.511458603367
1304.4251224958973 436.4133444598952 1082.2561233898741
1761.3047356066822 1806.3661054065149 1397.1062913075386
219.72351423771119 949.9475509371258 1427.13007044188
470.15102100896297 911.3499490716683 588.8089758675337
252.38595331099444 308.79415622599504 619.2546247227049
368.86285936631833 1146.1409497111056 161.847345634188
1234.742624160877 127.09639930692363 1431.7020466587296
1183.1403786750175 324.3188493098219 926.8726786477098
428.1127782743079 302.69872188269153 1112.9070599359513
1576.3729771301996 409.6233338918396 379.1047360329862
1816.3126499685059 1692.1430517939002 1148.8009359733674
538.6267634970998 1802.780594340879 656.7870786184122
1496.3271763515634 1821.8052661330892 879.0419168803625
1969.2839964339803 345.9131898950865 656.9380060735907
1272.1091148204225 1423.7602218953405 1214.06982313783
566.6237389450919 1580.5321794677384 95.15687407004935
1368.4175408173364 283.7910341195953 464.08828039808077
1827.6956101860126 1488.9656575755773 1173.3102950214034
1667.3909562281476 694.8966129609751 1361.505929137206
958.5741508694742 487.02458002062764 922.3496970629703
935.1511344573881 1555.8987139403514 1038.3985508326712
183.77047359250008 1980.2358773632054 774.8370093051913
451.12459861629395 175.0635384616175 854.1063101184686
1796.213461430339 871.3715967892534 560.6667301738673
1382.3592275037943 726.5785946169066 1155.7694427910299
96.62005565822062 1930.5419893097119 328.92768009261044
1951.7209539504584 142.8717610238719 236.71832310576409
1646.721138526567 979.1260199255767 722.0466883048948
127.10933470482222 761.6279653341877 1432.4364843700705
1225.8428632299635 1749.4815271323089 1097.6913721269534
532.192756384793 450.374176899796 1444.4322641023211
678.8441122510234 778.5146816980575 86.28484634886807
1532.6866307501887 37.200650934285264 1139.9717272531743
1912.9237346099858 1590.0174546433193 743.1069888855507
791.6923970892225 859.1462876539704 1139.6615211227193
1043.6375443664351 1916.840335404293 266.1318171559507
340.2518264402754 596.3190793196018 858.5246554294681
1374.3944546176292 108.37275560638604 1456.1053317806827
1146.233657368816 987.3732973645359 1296.3444592534868
972.4225582932497 1466.9317821052584 1240.6626818100835
1635.8459096314484 1087.4014856326223 116.12411016723756
1865.200134052789 1288.3422483185375 1089.872413601313
1549.525686512021 793.054756572678 424.7557748155043
1594.4092404678959 1504.4512602810019 1384.438049430779
1919.6854885427288 1452.4961670409607 1018.7817232065605
627.0182425040256 1416.678094306832 430.90532634284193
1263.5527715964902 37.205998768541136 1376.1518780392935
950.1735125093646 1356.9779424907802 1062.3367055942667
1466.232002342121 12.097830508700058 70.53140305625394
1238.827383706166 1907.4380135000922 1287.2893356934771
1838.4583485242674 449.6759906872032 778.6435876353572
974.5169675366927 1628.2981661747206 997.6108410532064
1451.7457496399325 1725.500502606237 219.04016261709074
1680.3065324094605 1774.1439626380184 270.40981707898027
465.74891503501334 1857.5654176894914 948.9799215235141
1005.4966092175148 1453.4608454808833 899.713989119051
1658.189845776494 630.7579665113079 414.02756549645795
1309.7321388530236 1744.7376121274333 365.79772362604484
1110.9153649903542 407.78611637116734 331.97001641032847
451.4819924773126 1687.3569061099397 873.645320572601
1631.0573398583306 514.3082745703347 729.1155453980476
641.3138773217275 322.269760509982 774.2300396331285
1302.9133678296166 1520.5007310400608 135.93740603931238
1310.3123434274398 1950.7896717588596 1307.8576438466944
1241.365595966147 1936.6464788256364 211.43214393390346
1733.8273558324754 1792.631196752455 149.25222671289845
1741.6224173373346 1100.851690162915 430.557208390943
1580.8038589570153 782.284371170823 123.04401304300178
1253.4115735778996 745.5850990297905 16.487147848821714
1827.1352054354913 488.3473934360514 776.142407366341
719.8740608986928 1453.2304255394881 86.07457131523
715.5362539351198 512.11546205463 217.8471156075471
158.194239253294 387.0148727541343 1117.6075713784987
1855.287672748559 1930.276616111242 711.7766420553246
1589.4380126511692 1516.8300980438387 954.3961116821079
763.1204097224413 886.6246197106884 1449.7575656037743
1460.676520899174 894.215527062977 527.0586801975032
1379.5771082944086 251.55999894045888 535.6842383648003
963.4960348246838 1944.7043477087018 844.8884534881051
1785.871973160777 81.7646372922387 333.6862727232747
813.2591459674543 1778.7788758859526 1220.6412583048289
235.32666721500473 887.680420644065 917.2970627803995
1487.5997655222704 1091.0307460409151 900.2033657987329
1262.0982156860562 1413.3308669367464 353.0905846131432
317.72878192422496 571.7591656659356 1173.0572182307146
511.7476773067879 1328.5218653169036 1105.3673597661477
1895.8080722240456 640.2380919067081 1160.705417774152
1556.6969310516163 894.2692641869568 1068.8430296323895
251.72962095189843 1746.139377570229 1017.0573965435617
1826.0170566894062 813.3395119779432 662.9143766740505
1501.0276692839536 1285.0329087472217 149.1654238173009
283.8360579439323 702.5016111107711 854.9482171128487
646.4271784696405 1679.535548982162 955.0907029586854
88.97547242551252 383.59822484293124 116.91561650945437
267.0444496825557 823.3550259582167 45.78029714037846
346.7214174788624 1628.94468416402 145.85637444982825
973.0145540259729 1438.5895479762014 903.3654596886938
1324.6468675197266 1191.5543819520046 910.2995650309366
1446.8677312769362 1057.4170556655176 778.5605398715691
831.2411692827859 384.3753408781565 1277.1212427751623
154.42065135926742 1797.3240026883159 522.3851036068936
632.5499522216022 1344.4094424189198 1132.5083905583654
1791.928042939285 12.547806838814735 852.5555464821166
1758.5079301006047 146.85585364762787 781.6658873460756
1278.6070383124604 738.1017768418468 771.3174604193161
781.5007376810877 1471.30082687508 631.3887151369807
1208.5320395060182 1810.319519999428 132.12418415767456
1388.68258466378 1671.9952373935423 620.7395554137797
1972.085869991868 1137.4638867985398 896.620974140172
1417.873073371801 671.4655678153727 375.0089893796119
1817.8641586982142 1799.979667270984 393.7550133164554
489.69338889347245 1154.5835573890906 978.9619738569214
1094.7533113714221 1292.9065733527505 896.8622081920255
1812.4939637261118 1959.7804295209044 1199.167030926697
850.3481365395075 813.2041568114428 1025.2424045276503
1847.3368763048288 219.82184984596498 1297.3850521836548
996.8301406646103 586.6463830582984 58.13973832343444
657.195839196778 1701.5655993147145 5.668804092640867
1623.966896788848 1545.3889834338179 1198.9479662344133
993.928307613239 861.3426345772564 679.7186831262344
963.6292564516023 117.89980002078515 353.5828361935474
829.5916814006281 911.0173234859933 678.6551924675105
1690.5093533862598 1903.4562916067982 1031.9147637084009
476.5140347702073 760.5827238674734 1397.9509799721882
983.808077838636 342.94718265443504 542.6825762051496
1568.2238343392248 221.6352217505866 1417.4730051808272
1457.6135429966632 575.0072747406255 912.5343208104076
786.4515823522813 1649.9354228524435 1211.5418820347154
217.6330538274003 1789.0406227437124 460.2455010312276
1706.5158555538887 1085.2757016717817 217.38476042743932
45.019276633496915 451.66215350260666 364.79559169577965
160.22252273634962 765.7247529473734 733.0875091725751
484.8197294527883 921.7633478182721 286.31957169869446
1540.6471894905853 882.138935356801 226.58357497035263
613.5564140734646 494.5766965752945 1366.8617978440966
404.42767846461345 632.1281760018301 1338.7161553346946
801.3240450334757 22.588555192331494 280.45062394945484
1320.2023198804404 1192.323870064382 457.29093024162927
1195.3693736791356 1219.1829522596988 250.50302921252404
205.31112923330298 1200.5451588230735 657.6771798164456
827.3110839414601 765.2425585631106 1351.8278404197422
75.8012304152067 609.5628372557394 1199.307627816621
1183.800615390489 1020.1941216509188 657.5821194691148
1975.8347017307146 1272.6947207934397 1048.7404643524424
478.0636586980431 1409.0816801416267 456.1861198044278
1911.3220110977156 1196.6976835076318 763.2631062506658
1790.3817525477393 344.68915492083954 1131.1791833737448
714.4201221365598 342.8999612474837 345.22885996905364
842.9181996575379 703.3710534991475 1129.1521960593257
1766.0443794039986 322.9919295213641 1321.3164403850906
1592.8301034562523 316.3971494034301 657.1405621795685
383.04260639461705 1354.870054094154 991.7661013214977
339.2508808869108 278.0765780963015 1110.5002472426827
597.4307967225208 1215.2740032294125 1016.9515291842678
1426.7263309190932 1415.906261045721 344.14253264609783
205.9832172893712 1737.0485034461085 1101.8243161391727
1529.1689480475213 107.76555100268936 48.14113485392896
511.0796094224528 417.38767360611797 1132.5434159564834
566.3834397029641 875.1924047497739 23.90889810749569
1355.3753179105581 1851.005797312093 629.4775443034414
1528.681039928324 1294.5157749949585 166.74569657781402
1094.2770231410504 1533.6205590105837 270.9498247037215
1447.2334681983236 526.1740480413471 88.8803342725557
84.21282935609354 1469.7954595486997 178.53776743608634
1904.720478378844 897.0675021116359 831.243086255463
940.3739724043992 1669.71787259924 788.1628164410098
319.87300716047764 1777.4404501971367 190.11039026941006
889.5036678298445 382.2394675217515 1123.6489594472832
508.7936987616717 274.9264799018498 445.3146490390892
1859.2128945769152 962.3965925982676 450.17556202984053
273.23646949657456 1909.2435459620237 403.0519358260885
1926.3061341913308 1526.9934490803075 1064.1569931581396
1632.1295881273222 1993.8553802429174 1270.189261495389
1910.7551190040385 536.4747988159344 181.22159882591765
817.1165112459016 1223.2966224920513 1371.2175978461776
737.0790367911233 291.73589827198845 1335.3174552595729
1818.7211716978845 135.55258241441214 1201.22315020046
704.549081692726 158.28184887018358 1167.659444135515
160.07258165367878 933.7564976333655 445.48553228532927
1580.513398954345 1316.2015263335222 46.49788638476387
852.3368385528569 1314.965036263511 436.2963211667862
1164.0570044526298 556.244718771471 860.4986410537298
1741.0258820114232 978.946267391744 534.1337253521934
1220.067685090156 109.15761199106377 447.89899379408837
1873.4634943164856 1478.0410441087722 1266.8627019141488
51.288999609258035 1834.3861072860664 711.0974720222014
52.60202349945153 1095.3281471824139 311.22573320016613
1952.003078683308 84.4865957668337 1067.3911547154921
1869.4539007764267 1155.0675263856692 327.7209074148659
664.8984586114013 157.93805909705293 910.9820638237267
427.71611040498516 1447.2885868760789 592.9378410621003
1947.9394810079177 441.45170800920397 135.8488021906157
1647.5402888605688 1790.6587473579307 983.1194508538945
11.177940245850282 452.02669864819245 913.1657365383279
64.4166571908944 1560.779400890029 438.24462239657646
1875.106955573487 993.5642922565196 957.7019287717914
1528.1036026887637 1029.1224657535088 634.8862647779424
1538.5718466744222 68.56307675161366 812.6352283672721
768.4101997593842 735.2445203330371 784.8524984132881
165.75963405560202 615.7377408394411 132.88878137079473
993.7077551207543 613.3020201566442 307.64171069442415
165.14157098713332 564.1369321304934 90.84645064398988
642.7629899618262 657.562551936492 922.4582892602135
495.0342880013212 620.6326223024989 734.8790758274987
253.8950303543921 818.4186314848209 108.99126873266152
1450.3016689377268 876.2333086366978 970.4430879684247
644.4582074915228 1571.0490306075183 240.33436578691354
396.52085692344485 1141.1753908287494 1134.7195302393804
498.833353906178 1091.439690301387 4.7213220649894305
1192.515266757769 166.58706264544688 1213.8351953173744
206.63436288519455 568.1422337735975 841.1702384075994
1297.6646849489734 340.47207275217437 656.0748928487853
1976.5819366136518 1350.9404691913041 289.1900210463872
1980.2286121627797 625.766650762882 348.76983684460265
1227.8748672893335 1859.3019694373738 534.1299330534533
736.8573157814225 910.9706778444222 1157.4725649018544
1793.2871801635931 806.0623255768684 31.7055227267814
1570.913677689943 1450.2589878537058 10.935162464773162
1629.6202020549672 1351.7276378117008 1157.6234012441298
1930.299188909533 1055.090249373373 1228.2542877164892
201.99843637931303 1589.4039451943372 830.1119084659877
508.1779776140571 358.5001749038685 1177.2861296103888
389.31082624509503 94.30681875140978 895.61971339092
542.9394641202707 3.641608077650238 983.7307866524856
164.27714390761693 1376.790007046425 641.7159593319154
1689.9329086021282 48.21745840009628 267.56612501823736
171.1403808155043 1959.0634210858957 303.80947100600116
13.923602244220845 1042.7470403685766 1488.0575191164965
