400
48.14678206582761 531.3129406726798 601.3133999533499
4.775301114898758 9.154162908666049 424.07579905801754
542.0959545207799 495.4811126087277 210.08810277100355
127.3375060428663 141.5846294834596 103.91052234671716
365.7761461366204 109.86500734992934 682.0782474749698
9.280765920591511 46.659358100776075 174.88490767190314
250.1099043768393 238.3953133507899 1439.613598155343
65.04256099658382 148.6196023584907 1400.4751880154984
263.3079853123949 219.40456124363882 214.01614814923985
345.1573263142269 16.558200863078376 425.18107542452344
573.9584657128154 287.50881961611515 737.2175606422393
161.38668456879108 238.45725419197188 1156.6263308170167
205.22652980951932 9.26113029218704 828.2009919872071
232.86095064328492 48.35142030580466 835.1812102276018
0.8700377910608302 68.52458611126252 1199.4073716645116
455.4109903746165 177.59811819779355 836.0561542244003
73.64812262535112 142.44979541830202 1010.692655162894
260.5894993666917 217.39323879849826 127.03974359838149
73.89741621296115 23.432616772403556 521.0132396952725
263.9517176070928 186.28017078957527 354.7559262160218
100.8151295975772 80.38608125685171 331.97385074063254
68.48193370116769 549.017738524661 472.7419035429133
170.33529326122232 27.88910335948817 798.306001432384
11.236670041122629 131.98834966414847 358.6100285994967
25.63450420865686 399.1030201470849 124.22627669410824
8.15917400839652 388.31535663530804 1159.1100951133565
1035.6655343158345 302.79644102351926 827.123670703058
185.0113338403234 184.61849679021265 44.3775584975909
70.34554379423415 59.62163289372583 629.7057756459379
132.2677013781921 712.1676817386423 195.11046276706557
76.90322985429249 856.5930951927328 1433.863027496296
51.896666932494675 59.811317884657946 984.5062485990958
193.38144633233915 392.8765454616405 1122.6944903261503
174.877033167004 66.90177973536325 1039.080373046384
331.545971988936 89.39824852227235 852.2644877992885
169.63120730794674 39.71479372637104 710.2784930471578
4.809547332182812 386.68360556236996 255.1518946623041
84.83529597169789 36.04814694600002 975.3193121010901
228.9838095509784 452.6353009991221 162.93526649482848
399.8965044268008 42.73779298464533 1332.897856862485
51.14857177644024 161.5805528586674 1366.5964224179097
5.682353520137588 167.98015889784998 467.701389068521
40.07003484017016 220.98607802161433 224.62619893563584
76.31439991720663 2.8254830751542506 202.64089453088496
52.44031291404969 49.253396682129036 1016.4796148075452
144.8235865422474 76.01498044128454 1238.0993319392096
303.65959479161415 45.97824727784236 1404.001215423161
13.853149339390974 162.73728348679967 89.71870816809863
32.09456304789775 0.5595734379821492 377.32099828436924
85.264908977044 491.7923889389782 319.8361347104619
52.49601476701125 60.75186845298681 210.30880091225896
66.51020424557638 87.98084240876214 686.6459508101584
627.2550238073127 93.19303597435342 59.810602251600066
51.288739162149966 53.0267305863644 484.6576002078263
151.3853874136094 138.07102396051653 942.2776495544083
7.403993033120765 76.00979886535751 593.6287726934368
434.0910903601299 708.0377523355661 1060.395551156804
100.92237626279214 548.3660736491781 1389.636480020951
233.1655846231621 32.892305614929285 411.05566486471304
462.46859388484074 173.7984277404987 1421.2293103631437
269.41315165938204 6.876013213788166 262.92365696178837
99.54662783878832 37.6938838799014 1230.1426811481992
267.25397933575067 103.48524818141149 936.4632305033974
217.76620156849123 309.9044472772819 1398.0709345189534
422.42735748022363 126.39213954045803 1128.1544773655899
636.0151576288272 248.35317658433183 487.20399893090655
136.80348621019652 105.94297314149179 1195.3798634655554
251.96611223316205 63.54621877942468 812.7873899826781
1109.3031006807985 49.56770967831011 332.1501597727704
482.13544502671806 17.68433612241072 624.6527673887681
92.74259138233411 5.60194432565034 1362.2933774154665
46.09163068314457 68.46569975913961 916.8916317318998
308.950593642877 313.99671268106954 388.46687909706304
63.44828318275737 59.990227132625364 405.01150625457984
482.3442870072652 293.62546645418456 721.0675056578548
765.8226061492637 177.54917086337187 1056.5649676221592
54.30836353030887 144.91984535033217 876.0863718390655
458.51563387736417 13.586632858012903 295.75804168843524
101.57910320178718 19.01268764435064 1083.3204197850073
36.551039197021026 125.55331379736128 409.14891745518696
180.56119456820224 6.505703680405206 982.462975313149
265.65901055393005 156.3812013196214 1162.0323333898818
181.71773364857745 77.27557532546045 1144.6192459444942
354.0741519501933 671.4211808067208 1381.3054642985953
157.17864914417436 1066.3697317920644 1115.121986664984
835.1012777487679 370.87958073218397 1371.4483162884837
85.45217527639856 186.22279943175778 290.50964171912074
83.01261043750962 457.409357850938 95.9259415110727
122.76464206780577 69.54360966394246 1497.3143482575183
208.7280548675563 184.66245577970278 1188.4089415948188
12.452649238202842 331.39055505018604 417.2538706688145
234.22647265819484 194.9810806122598 552.4880677266158
215.59380345457478 3.040901407008021 633.8140093624575
182.34460358695895 18.154535214498516 857.5177434633298
166.3910283004312 232.63666893353357 632.8183974193515
221.7413573089368 74.63415494675073 1065.142170974183
7.741017701270605 40.18913964934631 614.4455231602382
58.13674531738185 843.4717239863396 1091.7127641887364
178.48123323356845 401.49149257523254 76.32862923984723
96.01504145940545 338.19524090075197 1320.7367620273378
17.196785574884085 207.9935503094615 280.9255921396059
112.51340132296409 459.80921814814053 710.2869909498035
138.89495574756427 370.82505885491474 1011.4914128782557
151.79340309308384 249.23608917033536 791.8433969994132
73.6903738188969 321.5172391710063 1272.7426263711964
21.40588298991482 37.157160028056175 390.23678591463374
2.6924544507638974 4.15076855335668 526.2705116069708
154.37189173605194 55.44614906443546 285.72181697369547
49.381398392890084 242.39099940171425 1192.4109800217325
541.6676382282632 49.76694807470422 20.36799901814318
85.94345231553693 779.5201634741794 305.57971878600324
44.65792805746376 390.96223051642863 497.1810187283749
106.69966209210044 236.4197951074146 554.0872618039696
486.79342463057554 148.81242821534212 1126.655856489938
11.083369811641623 248.61243877916266 1235.71662796422
41.029875839282425 7.73501716518256 1378.7790248569556
30.016089435508086 35.539345045920896 1392.1408182171717
320.67505479573197 128.35994506115503 1454.2553277600816
42.462845435183525 89.13697545171455 550.9486643513737
335.5122154192815 172.07125535011588 630.0426811840899
20.329177239693617 89.68803525350623 1309.126724683196
50.6135055295169 164.25149136809978 61.34122801546932
34.75910449632455 318.4651979209092 95.0825069582304
215.74076523992787 319.81541238929736 124.65873964099316
241.13004481474468 20.738155925312554 677.5561964140101
483.6019154915418 13.846837572059446 343.9801214458535
236.79514961580233 695.3085835966801 514.230945896218
512.7979554364049 15.347042963726071 1351.528393557485
172.74304638775482 215.4099811985251 598.4531096917042
13.94876204984222 89.29743456290691 760.5716066173732
468.27012998084314 57.97943453804527 592.4266358536051
558.3856325808001 469.91513094002624 1180.4726992779633
77.42300316234943 218.0173384413256 284.24942830463795
105.16559536214447 168.26521307914985 109.35725169267779
267.5674918592121 69.206873220471 238.7043558898202
16.221006057067527 26.857104161961693 799.8971756062413
290.91008907364284 46.71870924166126 477.1365558624046
240.87419697849916 41.05105958158688 1466.4408138996594
57.73328434034026 141.94215641699552 799.3728973365734
416.64385361658265 177.32880533173832 185.80706267941866
225.56824036839816 883.9390925601132 1054.9056381555224
15.303340866032435 661.6316458700629 1255.176157546214
56.64525283080898 301.2592453125191 84.24052316186747
208.82456411932887 389.860222844872 115.7145699859245
81.93582394769605 540.2858118884711 1045.5430033775942
33.44253101530714 141.84073537403458 520.3648305853609
426.41220801300835 165.36981324177606 426.78500204622287
142.6000477426095 40.30412690160581 693.6255090112688
110.27341940554096 15.334332755855595 1233.238383110479
93.55171606884491 127.48712502403097 1339.3464647426906
257.29279474803275 83.21362081637172 1161.3571512495334
11.892716572964112 46.53010368531029 594.2361708885998
61.57005692282672 109.24930713039565 79.14153264190726
158.01042503965772 13.43778393566204 1205.4535291929349
70.2333578409245 198.8676745002763 1102.8696561057398
16.06477133864182 229.00348592258774 815.9058288493914
467.5707783728497 240.97600868524898 959.6104347878215
911.0212849727526 272.050749523871 170.03508519245042
222.26872402043992 675.3372916515717 1111.8391915008372
164.33517059286874 147.1015252419984 423.0563965562572
97.60097515258937 437.7424304245432 1056.8806954600493
231.01510251595965 1.4478899842163333 1499.7798625038793
268.2437248217985 169.15823707414233 219.25383588269415
596.9200605147371 98.93548965885314 1286.4147456816718
387.8586605772306 131.9842670921679 267.7755146180415
96.66240929220302 179.08060160991303 1418.5901376680513
70.58309874119254 177.86018760133354 350.10050759985154
99.31267424154842 293.8433009554035 169.307806347822
7.546812906505164 114.3980185387987 67.06183858644377
68.11910299913218 65.04098845856969 1395.01177357107
160.7121469523992 220.65042478339913 662.0623925466979
35.88186684867717 60.83412948735918 1076.7916525559253
341.0945474390907 186.2680632646645 151.09270606965995
56.522118146513876 95.20520668209949 1383.218527813472
157.0072934588004 214.41180046870062 696.660998122521
141.99244572591186 401.0845857989791 129.74729153443604
100.56696174550999 496.9080593395919 1279.6380721579199
1218.0728495458536 32.559082214244675 1058.3136721144415
612.8212753835635 148.0319277658888 270.3714268841658
451.1978690021829 48.71136825313154 736.1610112116495
23.42331183300867 319.0372430870297 279.72428282055535
380.3322310863019 354.68225833688155 1495.8423654472085
102.54339178863361 433.36165146550803 1335.0239408060957
12.773164609598439 20.941933254848074 202.61429604380177
121.39116308091093 291.4364796709648 190.97454464245678
47.71681751137784 233.46138724445936 323.621842933419
140.32294292328064 15.723131860096837 702.1982802462301
68.26330389079921 146.17691202037733 1209.6048986118774
23.142014027376703 194.3459359579198 1369.6379803922907
203.06284107071994 62.71544204537709 1362.143440370098
398.3288692798294 426.68877762041006 1144.6121439695155
42.20477054266817 338.21874410440137 1450.0770359729445
72.44624828057604 285.49832119526576 1204.6087794486955
232.39751499602752 157.16675110973486 703.9776795435401
86.76482312586263 145.97483939595307 872.8527362739297
253.89275521815043 446.51733106003303 1429.573651032484
46.38309387189261 147.62820616489952 1010.1090127737756
341.1786594143251 500.93210944363176 1223.1295553268621
117.69246609441319 215.01186499863599 708.5244679577677
98.69671745381024 269.62139128453737 524.4575521813081
85.45907048827624 102.83135254087287 110.26173575221321
54.37349543443574 94.04706567540231 1081.4633433896424
19.675431845041942 201.66443453086757 426.44178237781676
4.650315512719596 138.66243996126852 643.6347236737834
12.05076410638171 25.010836125701335 954.8791464863414
49.34616619156728 417.66051522799216 183.22636590207557
77.09332082030076 497.49448901818323 1201.97475445056
25.79384655844028 191.1096744565326 57.1844878775365
391.39384205293857 87.56117711723753 1270.9136384576072
317.1512741821554 496.0440330760395 723.7129319517356
0.6157071373379503 0.5654035682062464 1456.654077721127
385.96163106923973 105.76778318514994 922.2201835552281
228.24532617074246 509.14099806558306 768.7849789584213
243.258067998171 70.36719639625339 868.8140711677138
72.50009728345003 27.04655030544943 353.2425341293169
108.84381199828547 532.9285823699936 1071.2746110153735
7.0426548325373375 34.21595114692809 681.1421530594396
273.2453107522205 75.06106506863163 294.5423081889373
8.834700568781743 399.20516938650377 1418.1546296736137
172.92516977271387 290.09733475204905 1054.6616652456628
400.56477467650325 12.003855031956144 414.26426728762567
51.16628922464377 453.16065755618746 220.76877121781197
106.06094519249562 48.656397316709594 1016.7302409711059
88.39484523462082 39.95310017652453 391.5396602543821
627.9327327616779 39.81350159494329 381.79477562751146
15.250517313389695 220.2954184219942 125.15656551936621
235.25632958473227 83.89241090571159 716.288082219767
525.2221149378901 702.8525715303534 1399.3231747552304
690.2899077253045 206.0671104915524 1351.674591308506
164.935813927273 405.11829414752845 1139.520799205989
177.72142590869714 96.9029661198989 889.9783334092212
98.26797374264852 666.3294767071523 630.5600804567758
232.5519617586509 497.71408197720876 518.8100009318728
19.002390590326222 329.82576579498345 127.93417915479633
631.8674166605446 90.35926516669602 1015.0944060941667
73.50009104984038 422.30772321100653 1474.6861825618794
214.30657519368182 43.25743899878589 113.9466143258982
0.2985928619851091 172.11798497650375 398.3845205046877
124.69818365573822 194.18169499389037 145.2527479780591
35.704879300170774 5.187011188175885 262.218454493048
276.169934110469 210.12579802704047 1072.9471369601852
64.68282743283366 148.0613680769464 10.623877890449718
205.333963090184 127.87417563225523 199.08978743456674
32.02261218603616 17.440491795550013 1248.2000695663687
23.396821741668028 115.70892503267235 353.07639738555486
39.229554622469806 79.05162525999424 249.7528851580886
52.33555463007748 48.22327701655373 1231.1745543189584
400.85980158244877 19.442355642917583 1133.3719368589345
8.107135514973306 166.9648104843457 934.0688967418868
177.70088866543594 214.85485231796167 258.00620866815865
94.28360835581687 339.99292737682055 282.13452019633684
49.678332257609156 243.42360740395858 1444.280772319009
569.3414002369188 62.74466848351133 1175.0128219371168
37.50530623999882 109.96859392391598 266.43896413344356
130.23906127441637 323.5758337165282 344.06914395883643
80.52728893250395 252.8426419598593 387.678999026542
71.64606451231683 639.2778319862782 674.9562607488498
169.54601604969807 55.94985722156686 1410.9757213039782
131.0822260614296 243.2588083947532 653.2351818176567
14.632698427747512 91.76874617153248 1114.6348105484024
52.88856890476139 7.063933909719072 971.1952492694824
197.8611613146864 176.97685573195568 1142.948531801717
32.94289028156681 87.35329588286002 811.7870342833271
269.7524953115731 144.3244652534869 907.0982583576508
48.687652662039426 264.59901029504863 1121.5970969699865
15.736720345072047 555.8473341741768 993.5264838978143
420.3396670676974 6.794311397307254 1463.0998672569485
209.26429393197088 281.220888325201 786.9573978145937
505.2144106511588 134.21267526063855 231.80034983597432
117.97188668424504 330.69597723191504 1113.5480015373068
220.69742716230837 200.85407101037873 1259.5185167094894
29.67656483410595 193.99250690880191 356.5002412833435
36.8158922483353 90.78605287060894 1445.638533971128
87.76833209265226 105.64537380843278 1104.1892148696143
42.01473181267494 130.68106222041783 1404.5710650485858
206.2015178993022 547.5883615152776 1144.15678914088
5.419987263915116 13.029866372951723 1397.7775365760922
57.79817819316075 173.67390617199783 85.30365740679785
70.21224825903403 371.573369475829 1428.05837430709
303.6171534472261 79.99568030942233 715.2514360260843
116.32743968839343 71.18980594678949 778.3520536666795
55.4354088394598 151.58429791411567 1029.2476783018928
66.30999452578654 10.10946342246044 431.56645734836985
32.22358346054378 73.07624257054538 316.09745177507807
12.974832272961617 66.18447239799583 752.7004693997375
303.5376331710831 6.269916514311396 1394.7386643383618
89.10519049939347 270.89574958472923 553.8660776400917
47.90703545301878 85.9494646710362 934.5698962561638
0.2579918141456274 372.2371754472108 1155.6939304253997
282.74409475664413 91.76143203595159 764.6854884491221
271.69828444158264 39.274485536648534 157.94639857011444
53.745114099265024 171.26213289090373 842.9468130165792
34.9925431297478 310.2523643254921 1495.2283059940125
166.58320019933424 400.3135097148026 243.19671953063204
59.29333283157958 655.3256695597607 779.6177299038711
29.086775200618657 15.524835626496241 561.3706355742835
524.7483012442293 504.72079433194165 897.6453041326133
167.0928379775139 540.4207875788697 332.98287844331935
52.0143061525131 139.01805279748314 444.7761901849344
9.389758974372514 358.89387050419447 1202.0071057884404
17.156509299904243 134.61666547127203 365.1731700096532
59.466875299721124 86.94563846351664 453.7455565509396
849.2394149119766 171.37056890179656 1409.6171633772508
98.52276238739825 209.80344611824358 1441.7400341429718
13.815489584788615 58.94856199840971 1309.8575531360389
302.0772024757556 604.1721114367742 236.7669722533165
202.3210752570971 57.26584548322283 1257.3921614249205
223.84644192531806 204.65112715770545 436.3844809513584
10.678396950771923 2.892664409672281 518.5451663300737
288.5633064309645 758.664937711154 934.356319085587
103.850523139826 243.49146218053264 699.6205610366399
76.34345710913027 211.2470806882627 645.8481673036752
161.4903970518659 283.8151992942647 990.8244798182551
52.886204785410705 237.58342058345957 1189.1749859113206
227.41068683404282 317.55165322740913 60.539006313703844
680.5446060700604 256.7914361834727 333.14727979181106
126.64940781852145 177.2293215157217 984.7581614516542
9.439672514905315 154.76217341653071 565.4481995129532
142.20725601534917 270.2955725530551 493.4822784059164
99.09550611590083 68.18503731460517 227.05168258353314
221.88773264259413 228.7381812964154 270.4314865391152
90.93563024848417 160.4257073002419 1411.4852325809593
145.78733879653188 26.2906935558748 67.9264835847484
486.5232039580027 70.18866695157095 39.554261272508825
12.733195752587124 469.3803749122354 1092.9714003217791
175.36635189439212 143.4697848608906 573.5492151118665
38.34524166120048 52.88795713408362 358.91414982379194
328.76739364300425 100.69998522826815 34.77270221794804
2.6648191354601094 480.1353779885823 1240.0447322169784
308.6111854104468 118.43290310952474 1218.6501035865367
125.84066007638941 28.186366188302873 668.0972775915886
14.335201562203704 290.7370712775365 659.130543059641
155.0567768867904 281.2982678122145 216.9461887351307
180.59222088971987 126.89224148513756 785.1143309566042
267.0604192197164 284.203959855572 894.6239669742695
25.876003949653448 789.3769604452946 809.2211535394848
15.894479866818001 30.063083440304712 1293.2629089947575
341.4721975042977 444.1422463508947 784.3569376223417
8.374060580422078 7.147547371963668 691.7456211062305
178.25626501513105 228.75243222239945 1373.4030693429736
266.2699880319134 258.83336068819267 1229.936035057469
192.13866008222325 206.8138298397056 998.9658825003531
498.9546365812169 113.21075956396275 315.5318655468603
177.4583641097452 156.3151595615853 69.02932088137092
9.589892104756025 453.89330734833527 356.4034289240654
75.4000069003408 202.07567632582317 535.8035070344481
374.419080633763 114.07462696327283 1025.6424494294736
651.4704338935662 734.3227365407984 270.6864039243427
39.36141582721073 1.5839883205501142 478.0705453764856
68.58952283458754 121.82875573064543 1283.5364589874737
332.33255036514345 351.26951328264727 1156.6680190896614
140.19401550234315 46.0556492697826 935.3440314221986
228.63535531101084 226.74900749764615 826.9595235624147
72.56155858626695 0.9686086560802215 676.9167165664495
149.55580678939342 390.6028703797722 118.15258694681941
1.6331516983971395 294.7740658644056 948.2190659119223
290.8217059055186 47.22365541404005 761.1686457714057
70.56102984631787 110.23426958894579 819.5930842925048
12.474700524352695 26.986956301100147 291.3444119962622
1.1737316910481677 75.53383846987433 971.7687397494773
65.00302797882787 90.79745261668236 934.2453998828352
131.1303627729449 11.896221935370447 367.83630649613497
138.212451492796 181.56293311584926 664.4467615693081
5.044767068710848 177.32053779604726 918.163220468399
427.69729878582507 253.50206960596307 216.96570152521326
56.63664912654303 292.8790531389567 1372.0960914099371
369.6762544101849 768.6968436292757 251.88614643531133
163.71132636759097 237.8167353971616 1374.2824620134368
34.48459345433544 20.74060768324864 493.95747654261055
182.8792753357581 171.97556836606742 922.3069838778795
270.03326746301354 24.829725274335583 810.1130104177923
51.23305514373323 205.71076023302277 610.8825529564384
7.871485138042979 237.63334148106912 268.0159534364973
438.4503977345252 36.937561624384436 688.7902021856486
61.47385402613479 19.599102814575424 1090.7931824239554
11.700275066702522 27.694028811262594 1290.222727956439
86.32377425482115 510.8471167860016 144.46348067253567
142.0938400052114 73.71642396807599 1288.7937754108061
31.6978335822212 41.24746247755297 277.5111590370228
273.1811734462509 134.04895670704212 1069.1583611700728
91.544341718185 246.4106468968871 1069.5834304578468
65.16828745531734 62.71302976884904 1153.1751681046671
861.6228611151472 220.08243488090486 604.8413819626923
387.813670693818 42.06022885907064 106.55917016760536
12.713219261900777 118.12480562768329 122.82021823161604
376.36757619946275 157.34591055202029 673.3678935956108
62.13628952880481 186.28715527799204 1042.448450014475
160.84544486999633 217.0647854787831 849.6568131499757
337.8880256759451 20.90030602744201 634.9651684006274
583.0018134628707 29.8344506915745 1474.9281759034643
651.1549201755772 0.7627288162076532 572.5034834718754
695.1114762104678 265.22969770209073 344.418774810066
425.35734043741417 210.18197721571212 1364.1378277351102
43.486438573242985 212.9845969527911 1443.8996690312604
88.72933055241491 649.0751522410898 679.9990710929562
242.92573825559737 278.1974518976338 703.5804629342906
460.19991742150717 32.88167430048579 878.4103694877814
111.9190830961325 219.36489469858947 468.56100752280724
26.660153821653314 68.08682866519814 408.9004531620976
13.503913338961235 177.70072491638354 124.90027603566689
