400
322.7139044264502 261.6464260448935 1051.5753124488808
23.35199650601335 108.13481198470018 1129.8144599738475
938.8422780924577 73.08272349861859 958.684269952291
334.0866887082995 77.57277024132807 600.8633464159524
7.489549257517295 36.52510247176342 734.2874102408872
352.1230962777141 54.19287599773399 894.7775724423008
172.2185239635666 212.1278835392131 341.01919045391406
178.74057191628356 248.45869723070314 1104.41264942766
138.9066765338309 1.0262665610922102 1413.7304721002617
118.32538794488978 322.7378901737954 1.7020325124494917
129.3167321017571 54.25769522365289 401.80565232684563
316.46239858536387 490.3195975382174 1323.8367806345593
109.12770348016406 193.08790690234915 826.714363294859
219.7640767292849 300.2262360209066 517.0147514218512
87.41808057205924 79.92019895287287 1394.5997942265217
115.45125028100568 77.95095828226438 776.495524682467
275.2767991568498 24.751162634292008 589.6389859443432
261.6022968114634 89.1066721182835 1142.11100581622
96.39705653514642 335.3033749392526 686.9929822041379
44.40370217891827 40.78514271823314 174.5109215812928
139.35045800730467 226.31056643401303 125.90072018351545
279.5819541944213 388.6803550887339 454.5950433806603
590.8576810755424 164.2264247613006 454.5417374707979
163.84336713960332 465.2375395827077 1327.5671582036348
30.835003884616974 386.8428921328507 942.5496017667001
89.88116243294053 45.857571247082205 58.31076527476253
187.71894348813706 36.100069930926665 189.16251453894378
99.48843921505778 134.30389765743757 801.0543188915924
78.5019617585885 242.1740130146429 962.3609006270984
293.1235444301046 63.933814650380505 43.828030579188436
849.9539117281166 239.68070757868114 712.6736083549356
140.94901599915755 39.689050916388574 881.7758116081583
271.34941604387643 168.23404849254723 1371.3827552473442
26.254637595605356 112.89071367731201 17.13497194909408
182.95152525664486 215.18015279889542 1494.7985552591517
193.5914636017627 140.71754651196395 629.4689598979944
351.6909187415126 172.38191989578604 362.24561957147716
51.09415028214678 38.81748409078033 1411.520320897327
787.1408607390508 3.5974061097266046 954.6504512148136
35.131145771719616 313.77800055903924 754.3004418663463
36.89789347145002 17.8025456882967 914.2856295351418
22.92676510571192 72.52687329912786 1159.5651860750804
241.7063062745315 390.9840060054265 1231.598159313879
83.04889496030863 117.61474555156761 925.7082498219798
277.1690126333625 21.58890551571021 1444.5115284103622
85.0560187256871 213.07659235178957 1141.968325465991
141.21121269812076 106.17973042196698 1408.6410084345155
111.99198012506866 243.9893592437364 1074.6243761347896
399.83020184884964 56.26368417446563 447.60383234304624
74.49267896825036 149.49480878037866 398.70558966465234
120.56091600802283 467.9128986771575 512.3488315036462
155.26037368218215 32.708666801658346 686.7220918478052
667.4316295789479 268.2648877085135 583.2651029865144
89.38786563401379 77.7596451205012 17.23682567274315
198.97443046865132 304.5079050338236 353.55867683318513
134.8630553404907 47.66444255979868 92.55487669479945
184.82866665282023 126.08727632820877 839.9058635176793
11.768669188706046 252.47014592574257 1495.6327192136218
221.62961307473174 30.14417478278976 1048.2272173147753
247.89637169236082 37.22610931076519 860.0766200519219
104.18348466332392 87.13602993627617 467.1169135470939
291.0044544753096 443.36397596927844 681.8179587995082
165.7581832376253 82.40579393744014 1345.2177419805805
190.7741451568053 6.418055428323013 301.4991037320359
67.02509827235542 19.30103061722338 82.74407659484034
799.2287935964467 228.32875121923342 736.9307537548601
427.6300429046658 74.24665649849287 921.9549804960751
69.39008006693209 79.30338143369056 1112.2685195120669
239.35343530726843 326.56087259038765 1177.0105855749432
30.580592773129418 81.00566975561081 754.3247479617168
64.29064498594357 40.61085477641151 733.8439010630199
10.086182937660798 35.711914732728005 820.0873952648185
217.19746023150367 170.15746569919338 519.436671468527
517.9276600857547 40.4772008798395 1259.616165076516
768.1732437698778 8.90451816275133 645.573387256343
98.67468707773632 19.798409669160623 958.7251258643639
95.91521420678976 166.14668880921727 368.70329686038406
82.72662812151658 424.1736688139522 1267.1846907809595
214.52397293278568 519.329181021155 243.58457426752494
173.79496912889576 55.16090903329383 1350.3488368933258
151.16208317677115 168.48831146756874 959.744090550139
306.7227140792655 204.0172980674064 585.5427966348824
26.03796383767612 33.95199404895732 288.6434124414472
473.87547491955473 190.36570546215214 1345.5550115546455
141.50636670623402 54.83164977039904 144.48725719292221
583.4063283772504 84.75426036971878 1107.1320266979244
991.3034013664761 153.39467179417716 950.3577962011366
123.43222899928219 65.33244960062346 385.9870760382462
441.6468698471461 183.3288781336996 1030.8919059287675
63.56642307832872 196.43552242377206 1195.8669928638317
4.361845362285463 613.7463650906834 1291.1101769528739
114.82155963353138 281.37171798358645 310.5356612294064
117.8254367767618 181.47915489157305 1079.5834615399322
9.445804456538513 270.2136669372359 854.5489934106606
7.325218509021611 239.16101650651976 632.7012567761416
121.83045540448649 313.2236291702486 884.2830090649135
699.0090651771998 65.02022588701223 857.1367731285376
48.18709130696419 196.60374693357167 733.8940787231229
30.592891779561647 33.025640573114394 575.201019145894
278.2071179479164 4.413326864753461 642.0571064953205
273.8836335354059 271.6040708407396 1059.580204591847
351.7899817285789 11.82071509979309 218.29089600379436
177.95486318278958 928.4173285798817 1156.1318224549102
570.153775109076 15.935582272477397 1334.6553454404889
454.8157983452921 31.067515107962585 604.5413058466653
73.11902900718114 52.687137493407135 238.65463608372062
101.93092376980206 62.494423047571516 24.299937597679843
45.12026826556866 29.16037076228246 530.1009957883132
142.35667055006428 617.9938919334229 1236.032635430215
101.99953922305865 457.72590851411127 45.624457520418716
44.99902037715791 413.4515949647718 302.2456092266195
157.09590805350896 300.9538975609876 1438.0003043228467
432.72671200154537 15.989767813288786 282.46210792925325
192.11310587449424 324.44824930716874 1305.0463892101095
76.1649134406911 1198.604006695046 1090.5495326266919
54.3102713711957 115.47645907629102 481.4457467213723
247.8026133726125 287.4379158121374 406.02666117202904
813.3817836455169 60.71295704206523 1084.2543650453836
45.13521567836708 141.21243585512704 778.4600088641437
16.32350843368082 80.33520333951887 1268.8499121648256
45.32518228245413 78.34254833160826 689.0802562278122
120.93739874446979 253.83026731017412 943.6926410119695
119.5938782890029 98.8411121132479 730.6531251058166
11.678132377642257 73.76143118501318 371.83714826366173
26.39432705444914 329.17741075722495 250.7941030247256
191.35133935720486 81.91519850388956 1415.5646457023909
135.7258470041525 123.58205536277178 877.5954471308976
80.93110983684745 161.39994835710982 245.67772092533514
126.02432252596554 11.197702843556966 562.9925968389464
152.36710320354945 162.27742958182756 1064.6913396720663
772.5342294902522 135.64869118592284 404.5151585937941
70.84658590812299 8.41922804638682 1031.0467506774287
6.250369648501403 270.5406905183032 1418.252903253612
47.58446691739957 172.18808770187266 590.2285087781306
162.26512037294341 352.5782474903693 536.9837400910477
234.4490136075491 55.188054921264694 1195.614160763124
69.50445880208754 163.64893921278187 702.0273558984802
82.63431024235078 135.32485781396207 194.9135709445215
144.08977043249197 683.3412325565254 225.82453269791924
229.42500077451697 75.34676886745135 520.1467559768719
212.95670667603216 95.30572480391623 686.7220056279436
835.6497112994299 181.46111282423746 1199.695215791243
38.236937903263744 44.38722706747937 523.8473538922152
146.4276024561898 92.84119934723412 1003.4930803794725
321.11288877404684 306.0057438833426 154.8811581761388
19.080502726557945 171.47793660861765 97.4114327414986
186.19534090519124 419.37696413689196 1161.3405374816984
216.87537930931478 224.765834922365 1038.69314845667
29.433763322564904 22.42309240205144 42.02239238510036
188.93478385329828 8.815436966958961 908.6165287462187
17.51043656802 553.4136397969263 628.3635939355253
569.272039423834 28.036041456396532 1489.4205571170717
352.90438212971304 424.8509394856013 1221.397040166796
316.65099207743225 290.88528816981716 685.9827494304134
76.31981224160175 50.1757974267276 799.2943862366255
152.51982265957972 48.09096400616466 1273.7216131418804
137.4382925496788 103.07347081044243 1.1989132703602579
29.526362459373505 298.3105474675993 195.1914283568179
369.4596066891746 121.71729728926847 971.5062871803598
146.38820590922305 74.60758129036924 1192.639624553895
3.245238987729811 684.3417880914604 221.85677436062784
247.463863185835 70.36658030784696 1387.5433770790123
238.5717089638306 591.8118076000887 394.9438522697514
94.22798074845466 59.896273126236466 211.50163511994947
83.55811535298106 31.24287346681006 363.3658278400842
800.1106415157402 464.39548594971944 677.5463709630936
818.6540830420246 25.804084818545338 1458.069551427029
24.946094282844165 75.13167844058411 415.22744279752567
77.11143054177926 102.3459990232148 119.46023178977777
210.17547896493113 66.71749855642608 1272.9984182184758
379.92753791798 21.46038741023271 452.11072850121826
262.12044146776685 634.9572888305315 826.575831487955
199.68153211806316 8.454320027836939 144.46622478915862
53.829888890520294 38.700170144357514 1063.6433288623105
54.50484583203505 72.93888532245039 232.7843415722211
207.5878498497331 84.50863797567449 869.821236020921
690.0372869765523 148.36078295474147 729.5827202820066
236.39404964970402 436.55664144770617 1087.9062330908625
101.29254642248362 73.55102366211933 563.165112086044
234.435899656855 261.50649646757756 132.30102069556332
475.89968717948574 262.09883129425447 434.8088070941056
17.829913912798638 349.6064258387401 478.75387935247517
167.67024937905518 37.89448990061955 783.0177394793287
262.51456680499433 52.08246659908866 298.2315722294418
707.388266608749 82.8539632813198 637.3036824310556
249.18000184347056 34.21332397863331 6.009920409338509
141.60371257769398 121.8881394679389 1180.7928344514703
25.267733610097597 323.27762936862644 937.3183160672841
846.5550717476411 248.9849566499077 163.41114969631838
62.38178534385437 179.8362302117924 992.3231172060754
302.11562658778683 130.49183138012373 606.9486180038144
30.68940014187077 618.4065315275262 1171.1852473278725
354.76540898173374 221.53571889967148 655.1020315435854
569.7349127702744 331.61916614772537 890.935335964985
825.6387756318654 101.07367012383281 678.2230171659719
153.07886238722358 80.02829346323954 1144.1707509635241
182.17269330805118 28.204536584516323 175.30316735440576
62.80614047195645 550.8961499771075 316.67558908230967
180.99130973113233 86.25118121617876 655.2676987768131
30.335497865731647 37.993452000587354 1282.2399132905396
149.5592745975985 26.633936152444182 488.27094122694785
183.27296065728137 35.94999519277817 646.3367466654576
166.45390932596737 221.99756193322688 1043.983929447728
37.485195268348434 117.4877488017211 1450.7328337526717
141.37297577590314 473.9503039897751 1136.696909485949
16.572228592354374 818.8948730751214 558.7473959679436
454.1484363516869 152.9562139890304 890.9787862703344
48.04640707661193 4.716659680817357 1429.232683479033
88.82559605075583 109.33883838034191 45.279524690675146
135.74477699054123 202.22026418271523 955.826296905243
116.76307187439745 23.783531498813304 994.9762556730714
761.6802640243193 499.9883383863853 1144.486751906466
23.710426600125636 3.257883434362389 182.0438836453885
66.79313767887045 38.63780062564035 885.1477634176754
74.95041500923331 111.63966174247713 462.10032285937183
331.5570319845064 254.33666298246328 703.2558475917245
100.0741556474774 309.7469946744613 833.5027602198546
96.12551196944 44.1089763454691 249.61902000822474
8.473001071125823 114.06752840034929 98.44676679320868
248.52183154556275 44.81095573045129 856.6196914289558
23.685326941587977 713.5738300123132 181.2253716798193
36.1466507216848 235.649720675229 181.5243646539166
35.59682605958895 381.46313162847315 38.52642159202002
468.9940577513264 41.04657609061548 1033.152612387533
271.516001784499 165.5408684177685 1258.9939342571104
2.3541207395409245 426.63777895171535 628.3537728180657
47.73393340236207 138.76643167095915 549.6652124939521
113.65180960134653 38.3880713943077 343.97976431756086
288.3645423998097 6.1072327030102365 190.7490561855469
187.06886975811122 145.3183461254541 494.4704931778962
24.537164218141214 225.66983539701698 815.5583464759854
148.72184391890292 79.88234610668037 691.1066214155577
271.86695353527887 334.0964402220529 534.4869071627734
35.07888591677745 205.19091359395793 987.0265093878679
316.32900551672674 183.61737248434414 905.6659615908255
40.45833358245625 103.05207344021285 290.6511652573124
179.61423753878594 141.2058877064705 721.5936532081332
892.2829286452913 80.07759175475755 878.4851160970809
19.0774036650851 6.043863080863215 536.823756020281
136.11109110463576 535.4952944525451 587.3259709929368
729.1939800942623 64.76114960771525 433.5566222952632
82.3992938812885 434.90357041327303 1168.3402855981965
96.59696889943488 779.5461645332455 164.87247637698493
25.12555610573875 53.662509688058094 269.4456765300694
109.0501239684541 71.05790696523701 907.4304292692811
60.26418963860045 52.602254794669925 928.0733319900222
45.74649043508094 97.36642838662344 446.94967802774005
70.86047139136431 370.908442810999 1081.1250667225615
26.00413362036433 211.4628342988294 445.55371978982737
41.87578952511297 376.06455742261653 573.3535307847276
189.67609906530524 3.120590894453571 478.8010785474744
152.01873228549857 221.47645698633224 1312.3410313069642
323.3421265424717 274.38002978986316 1063.4131538982995
668.8459139141634 281.11684055599414 302.38669273991184
14.595015165013805 134.31835385773581 817.9076241008515
62.734162974716966 336.55516616649965 1318.0863638024534
200.3006763578971 62.044773305209546 705.4704711459221
8.165546343528128 111.6367037430559 475.9539041265679
28.762642968739993 57.21965024953873 1009.2657249311567
296.3794067234144 46.61375045747001 1485.785249520665
126.80973723536415 13.664115553832914 1406.9115316033644
109.25983102341883 91.61033488931045 31.190298435386733
489.9715484554588 174.76850084322157 1467.5435754950565
45.780771455535515 261.7886877116048 744.4248491268102
238.3215830080708 46.62637924870302 162.1734519482132
411.79573872905513 353.7178211773413 310.107787317307
88.24293230478534 181.78608905396942 720.873631748403
68.57451392312065 126.34905832676017 1335.724934246606
248.40117213810365 33.729461802040966 1372.3036582280079
179.40480886823357 306.5818493462291 240.5679668388332
64.57368170521647 243.19132414123806 961.5423811616082
171.937937458214 377.21948055898906 1054.5838941455565
135.47345828542547 105.13266905424265 467.150980084537
84.26204648686415 395.41570368339114 615.7938488909285
360.0740754549229 196.17241981846055 1208.167899036681
91.41653643771635 134.38974106912508 922.3061451441048
26.793358124745765 338.4714281852986 734.1666578013279
83.50594472288726 104.08606708043533 85.97113506773313
115.27443348266316 172.9588903631203 257.83332292750777
59.533224477208854 183.61750975211933 1383.4758588478132
224.9065094947006 199.18925120110384 338.31254012995583
52.32331441667114 78.70634478755822 397.3355945722887
196.49855108929296 163.31324546189452 1168.681528565284
251.14693506743876 16.990510914378387 147.06831591026344
325.3561731360011 355.7012664419036 937.9504236648928
182.2112077118536 328.0676927615684 381.7043350843063
119.95560793910411 55.972214341915006 192.18693076736054
33.16120820321001 24.77365695266533 171.0909688286219
408.607845155845 42.48133820377458 417.3045998114584
61.97237683812122 4.160435380696743 245.8925641287132
152.13274268100596 7.3713913054578795 821.3908112498655
726.8268053554197 52.08830518876191 1093.9268956680316
52.19577652891788 135.55914533993752 1389.3319225641862
426.6400133981512 314.53360559612287 193.97260376524216
170.97694412614044 151.2456112477422 226.6608653274954
111.96126996309572 136.91667132626654 202.76638345105246
83.44488027118125 192.77266471701512 1357.4142239282264
475.1482904565844 132.58757015366277 289.52246865864805
58.6916433868481 866.6552899518415 814.2000410618454
166.96496677252986 74.4903875857882 0.05584751707921054
59.86147303784774 254.01151257848028 372.23545799363586
297.1864772596828 325.0084365011378 1065.327957217264
687.514473845979 363.2958640813238 1063.423758927267
211.14125252068354 76.71352881475235 173.27563546714413
114.81231463094215 133.96198905125942 1108.634049873318
65.27824713780137 343.6566140060419 1215.521380870139
311.5947938939636 174.86187173655438 648.1801100771369
116.87738790997957 320.1794986127197 1322.376705944021
31.05986421014349 247.07813152203886 459.24720762746387
96.30834779817889 32.563375334111456 33.183888851044394
86.15414815325447 530.7071272768605 2.2807858026852035
74.72435617902265 143.19911678828925 1260.0665878044535
50.65411443690634 13.03648341432103 184.89602165995106
87.66779635303301 17.19824823761434 1068.4843324022336
187.77309922276194 447.4157698230772 312.2917051961786
17.593415829718804 56.95098449769299 1333.3291430180057
90.32103573487517 59.54702226644216 951.7491541958407
311.3893596445087 81.47374319611268 573.5168881930456
197.07944500090622 15.639330095970076 361.59864755219223
9.490688245236045 97.1410689390649 357.59044203668697
548.6223411054998 233.79598003785372 601.8082237714548
94.36054741972366 37.26748241464657 973.872093551057
46.963038136460575 210.55084646313333 821.3769950600932
299.41123023070963 120.63500240424003 1479.1127701719786
72.03559001056638 208.49341777740608 990.8960954265541
8.666010001232555 402.98801051033826 1251.562502520006
77.62499068274147 285.9194026066718 1206.5559971656753
606.9754809346554 78.8183505999907 780.1455154007334
34.66859703203086 121.27844890318312 1208.1732080641066
67.76591015015677 216.09850765020724 1481.716274004682
372.82602346984964 163.14367881716723 972.8404351623635
79.59681500405115 161.76838725539992 1353.9858648386646
43.72107546536905 12.905922573791054 903.5771040065184
236.33346217076115 143.22208431989546 502.17793793132887
706.9423688922997 133.15949331312535 784.9653839607224
263.74878043176517 83.6388997971418 372.8548308428498
159.56416998524588 33.52356074984394 1339.551296564504
122.87581185077524 52.839935077889976 870.8825045881964
0.25468749715359806 417.01703270539366 195.58297544796733
208.28970807819965 94.3571222131093 529.0756021301253
494.2168735117526 45.545564679546416 1044.250198474338
225.4102083374681 360.6549873094775 517.495625970449
46.68797358253467 93.58795474409611 862.897581491854
155.97268466529826 1045.8471322726798 1275.4226037268043
344.91584812985565 26.423671065826326 127.40693991665597
495.93685186541796 48.142288711664385 543.108829507811
91.64082541385085 81.93957391276436 281.7002664703103
26.910054322605763 4.2327558189020245 347.4264043911757
142.24701307142308 96.9554855102034 1455.9606665340505
635.5263151305344 22.60660653664103 146.9278381875623
48.96918487287812 53.404737101542665 87.26190283011393
47.45260232819309 71.81947775513751 29.074704161158206
39.19538244971449 341.03861056581815 1125.2892017479576
377.20617979703485 18.036684585231473 1088.0739084082993
45.312188612293056 125.74778641053865 816.1556242236398
337.44268045345535 125.36346658809481 673.5518143774707
199.45091861974527 180.37220475563973 915.7361035161885
531.7146973133805 310.1047714750968 1032.1138594469699
30.748986542213974 26.856176654192822 765.5509562336997
24.691234907331587 1031.1264302513155 1219.872630037978
115.40344435552561 430.1508675695776 897.0291275434117
33.87953790748873 58.15474654654159 869.8192785820297
138.32965624512806 147.63574442508812 902.6688546671039
169.99128389459918 97.86067242712961 699.8907299835793
170.14486926871223 32.78570988291784 526.4576620398119
127.18996564249507 135.78252610523597 541.8027581691633
232.77809687531231 55.58076605392787 688.590014047244
172.90507296719682 42.880957180692874 1128.576738698245
855.7120753173971 247.08062065792276 444.7546431975974
8.014646466263976 990.4708897473986 487.2557436172566
11.942029537292697 71.82338770794965 1477.401349790013
44.77396160585867 561.1642570531543 1390.4348333302378
9.710138907769181 201.68561781880655 603.9862337311306
707.1890027263001 125.90176115630092 1121.7220222452247
210.92839284811694 324.2424800737334 822.9977790405866
242.0350154812327 103.68104791471973 1061.9433667630185
425.9796505929014 746.8605863886822 126.88104068351092
71.77483563122604 228.43028602075714 471.24471398379546
80.5890467938343 100.33325022716781 484.6683093787404
304.07506611529726 466.6900148995052 1106.657013005229
4.492533990362028 108.73554027935393 997.1258196725656
86.43031082912556 159.71449730386837 795.2574787532772
126.0933618603646 37.50388707445174 1493.468550893093
14.421400391561939 374.3164528610618 1240.890022391072
94.88985257719732 179.29180547459785 583.2736488933837
130.01879909223703 340.91361988889423 414.99239492201724
35.244479328933195 108.27840517070632 930.0960563766567
317.9319066620313 426.57496759961 891.0192461825311
585.9588234974664 300.2958561860998 361.52845407940515
193.90796607757815 1028.1166573677583 24.108980524928715
33.8248211073198 76.5097811205989 364.81616027103445
19.15567605375407 177.5041528684699 1277.0325921118592
78.97035367985926 62.91927355233048 8.933405340642187
211.25285393504777 513.418759289503 1147.4170903117474
357.2232962821538 577.7883001716583 1497.6982092652527
407.7279409371578 278.6480935336957 1274.879203435764
121.85103233992179 111.80925202698073 978.7919946743949
142.88997552444016 436.61772894152716 558.2590266164613
335.8152728885852 293.2533913839399 173.5635952114
72.3853002112667 82.86374840229253 266.00882130513105
