400
107.34900575095878 489.87134001878616 799.8060499917799
48.72127116136816 134.55912327475744 944.2368235846787
18.876286637420954 50.51356245125719 863.9654236816676
68.82155027172115 135.69609419665323 949.2887561465379
519.7934676819174 134.10839827689978 648.5097113447531
247.18478563588047 265.1302771720421 213.70958208295653
65.89705665521464 74.82356273205218 800.4661651140353
346.47792138041143 10.909671563872156 488.53211605358354
21.485058697076322 160.9940913402475 1391.0047982377707
194.12451051159243 14.666419767023624 1194.0420038918346
137.6556167066231 166.23723952875542 1042.0335413669484
41.28657825428622 326.10132175243604 989.0267190195198
117.45168619058197 56.21463938572633 1277.3839891576886
45.56911822778604 53.60631652050414 59.42632591655417
114.40723930927457 312.04060742376015 153.7746998306047
392.97816290131584 407.8409345171126 438.7660868516058
168.5265336718441 150.5256333755994 207.19143161148097
124.93091622807198 929.6200420062651 547.2185522351408
129.28664116746342 124.64556275679925 1241.50311962477
28.011368675831054 124.40816729478531 293.3394698273593
344.92273015879164 194.66019908912605 1108.5951462546627
12.184278598320518 519.536367981884 80.37294479687945
40.35353851139295 274.209765056633 680.4830445954833
62.364033862324355 393.50347464378285 615.4565765300536
229.85889728438417 93.7776708008043 530.1472552090647
142.17872564964057 5.873936229059289 440.47217773518844
487.1166284106326 142.14962462214504 1307.6553325883658
152.77167670185733 208.13241492491997 569.6283826296167
481.63174948554655 8.751348962155847 693.7321429822257
33.70077316368186 138.8948235275846 608.8478170547792
172.12011787743398 323.1006067000445 668.558345209607
315.02149942998574 234.56386845420587 1436.5817875478683
167.68411792213033 217.71112261386173 1184.151427643189
50.35816685830059 276.8661379469885 550.1287314467099
101.33276609798558 64.70754241333803 446.07419230058065
21.726983170856766 1006.4231648438212 841.450908512649
371.1998743839554 384.3054542226499 474.8126575120438
139.07214496054786 141.19428757479957 905.4416730431282
372.2734606627955 88.88388660490604 17.044948693485885
81.93326925488388 229.3363847838553 1068.4217624493672
280.8083181841752 194.6653131862969 976.3933367118708
317.74363407930156 3.922370707077743 1023.0084045280324
176.30984049597492 379.71343255909045 485.3879500563621
168.10716287990135 335.17510082180513 854.5333762760323
76.76640147824291 609.7679906228717 837.0159232405342
213.58089003539612 101.3320474803152 1093.852854490075
48.73474990738323 3.3646753716889974 1079.1619242542329
391.1774347264894 53.91716467202281 841.0012690126904
99.00390253155086 228.7813366462082 14.566795545854994
173.62468343787572 184.1964488413813 344.21381963981156
48.6365974843043 175.7350878428708 730.1113095171373
238.50614732410423 579.1784110870369 837.828997678512
221.12031887882685 2.7624419752635565 82.03213889000594
44.80968740756115 5.629068379553781 289.5546726574386
18.67978385888808 53.59664961918035 534.9846808737668
37.20290400106824 480.3754937617484 811.0760906894252
524.0347103191236 171.84851256151316 1056.8101239808107
624.8663561252067 86.06125557429073 180.94063289832624
81.58592631266308 4.055716259318739 14.685846300185712
65.18358067587558 513.9147060012633 1068.031569869203
9.035729584096995 190.78528331424414 586.0415777262217
79.73387518651045 82.40486901771689 657.3241290932732
117.59173796845872 76.70883359570601 1460.9348542649616
211.01875147171043 96.84717873883496 1189.0156064125133
107.30404585799175 94.1851717806323 1237.7545143098837
371.23913703063505 86.18034114872725 777.7507503929432
143.58706175772662 390.5740197576141 851.3465779766432
213.57243990378493 149.85200486671295 432.0297372643808
67.45649563460216 113.05603218546814 285.2289839360558
16.457351671313912 285.9672702229112 508.637309554456
75.90486783472689 26.255377935120162 1.2116729841503138
213.1438080524775 226.43886544036232 1067.216863513872
45.52107569699458 89.67253466174473 1027.8650085959964
171.11798261311623 207.07002375469023 107.55501205843576
56.22587665378915 304.76411814473545 711.7787120421456
46.867464797666784 98.46253194902553 1207.6150301369744
138.83336106230811 89.91716480434553 637.7340398861429
141.83142331077602 267.3211061795867 477.79145597487775
253.81163702591513 97.6766192218884 1188.2809473571697
154.95445681661494 271.64913419390956 1108.3511911386443
260.05791141946213 50.20115290363862 733.7600169047158
333.4527247774186 409.48847052005306 547.2966167413362
841.6877296496125 140.23517349226847 1451.3178213841018
2.0394917589520936 145.2559876803494 182.77258226681536
110.99291692332005 364.7218455496425 1151.0514222166262
118.9338155025768 316.7750032346694 614.6450501578023
26.01816277847763 69.79303440963521 60.96138244614707
8.96029681494735 31.789023276497442 158.98217980383578
337.7046157499195 23.24204631527174 961.784892090771
250.57492340283227 172.3029055810464 115.28343530213559
569.7042035220372 50.49119286466781 148.66152882317073
347.5313520190886 271.06080500229297 1373.6519404285923
49.482308127319165 375.8987121202526 919.4947117692144
510.1836799360808 200.81675626106775 996.857339725929
138.5982848959981 14.390607064503701 534.8671218632079
439.99263531172767 506.16222130649095 208.87303102761734
2.3052630130586085 107.70827289607878 1385.1302866347303
257.50141365219224 268.8627275179231 969.2455678729605
225.2435542501755 71.0611815244325 1387.6863937562712
37.443825146014966 73.99539714825345 640.4045461593752
1.2708321305977828 109.23361006090124 1305.3807898877878
188.76881346773095 115.68718000330884 607.9124994091127
67.93316593381638 80.81323465439583 349.2963820385982
53.8289169659454 971.7073709812045 1471.8296752432398
1174.1044919147655 309.79574291792625 1310.0419899918156
665.970470165437 247.60836725809807 106.57928986591875
229.14236801637605 166.61358816363887 1497.836372910476
28.625019614387615 8.00787668356739 524.5470880989953
33.94431295489725 326.80668422552833 743.6998588649567
239.540338993538 345.41923933246 976.6067082733365
330.4188983243373 147.49192446575506 994.885309533161
316.02863656409545 569.7432930050687 79.91576222478724
50.81540329056817 453.3969777594057 1285.1517573440635
332.7540459932141 584.3708164571522 216.1482049671748
23.50823334132957 196.2110324225834 614.3987090158085
306.79921038811204 88.85854054852878 1371.0040450280435
407.5492624364804 125.08464226487699 344.7414173827679
42.574979337689925 10.779628724623034 607.4620393706776
67.9974156985814 314.0667721855067 683.8552751734593
169.7873866700649 46.387565489105015 51.686041853611584
93.03156607491123 623.1978536371548 115.44898003015136
80.54353961973436 37.75249517812387 587.8030006387703
348.8595739224042 75.40803558056184 784.2121893638175
30.991338972867343 556.0569494788841 234.5704919399579
137.55591464804147 224.74860537284025 1437.5981884900684
612.001231856854 276.8588309795153 155.3882234214437
232.28633814968865 7.32142558120387 820.8439783328453
9.341438665486114 70.5133733845012 232.6455542961373
309.1744365254632 64.01566152297598 1201.1883691719217
110.97110769408913 131.6778202502694 1383.3183115870854
370.04790854930854 58.996516717935485 143.52821392630676
155.7702599442933 106.84965038688678 347.18059304254103
175.0423083201538 291.637554315988 1145.1116886097172
58.97995005936046 191.76701585042238 1353.7345875405945
114.47949233742558 38.53453880115092 840.3125545354382
469.38642500684307 456.0086933116657 817.1839415905002
326.7509237744031 65.06377720863163 873.5268076584538
6.321624116364083 356.00410942652854 399.76866123299214
43.85881738761523 21.97659286115087 1493.9140804653812
189.60542876779465 68.54910760116049 1462.008660485173
80.35616306822642 31.917352878736793 767.4833397668289
105.19214837758481 140.00622216656737 928.9638097127461
76.0069343125237 100.11135992970048 1292.0564761296012
94.3566255719262 50.58545270674264 375.9064227278217
306.2247886470354 21.514553642162166 675.1313406259526
358.7556214887802 119.4630146424008 1328.3077437590782
198.01264107246809 56.64578119589119 338.63833011877216
184.30354942203226 112.41027303587559 1470.57116741399
17.659188974874414 927.1161593203108 12.483078408533244
359.5016210394703 10.578851916627261 1382.8275368686482
300.0651842045103 154.90114655155904 1026.1178039579495
882.8546107816733 302.4140052754783 1313.594853988447
145.3523478630939 302.4371236944776 1070.6469236650228
846.6887703203046 13.986742725808583 835.2601276288955
141.73668575027108 188.23197404089103 198.04324489945725
8.081084257641585 224.59932678012837 414.0312279341709
540.2035504487897 278.5100855738362 1035.4328982680622
295.9535274626711 310.26430981943076 570.812081834596
386.7417406165347 33.69501407649345 136.12688866223894
43.64787731108494 641.2937368837903 630.6958795789196
365.7355900016243 96.9719872683181 384.2714014286927
55.85568496150493 21.08089359409122 30.929777464436647
319.3726047320022 204.04922151819912 150.3222085407372
847.9350143372793 117.06737699304644 568.0262235689949
788.2529092503019 122.45720303048351 22.78093529051356
33.39806163063786 325.61360848139907 715.0731016023606
129.2058875104994 239.2004220653865 1046.1740169271866
16.93251409766544 48.795328715902706 497.9212411518164
599.4184525249838 68.0540998025388 974.350323177549
173.3312903548981 100.29080471531253 348.0553095129391
409.9860273836149 489.6538404475742 249.41614602214247
663.7975920949086 168.78296899031022 668.8815285449315
43.00007748402723 67.39534074869566 475.41930683313984
285.589257687404 91.69432313998917 31.05508342120322
171.854250881252 85.24747853322762 312.04309399254254
187.75097114886805 320.14617272449715 826.3022792329939
6.088395685478272 647.8900918255218 957.0652310954229
94.0244443316242 244.2453215275185 104.39554245603605
256.77373368928016 399.60326395913614 1070.612845712028
45.54444099153896 828.0262068517892 1092.1434214774856
218.80140847913557 80.76779289719164 739.1231973968778
99.57678005337442 79.91199085700295 1462.7562995134008
14.732258730217666 282.99246606950067 881.9347987274454
103.05779924483487 329.9568804146585 101.7112136794453
277.6163298884012 20.573904091684252 954.7546034675722
12.481139301414146 235.06769327223842 618.0083016262749
195.5652331582663 370.0123398434714 1035.2761837200285
174.2356418575299 304.40684596333966 57.62160959121726
82.20208633545772 230.3608519830476 522.7011625657822
308.6606676125213 152.2296826466851 450.5687664211779
243.30710407915888 359.23175522819076 1352.0731063811022
172.1002181471777 66.1465654550866 696.2601745184503
209.6540168207702 700.5530840122607 577.1306049969664
131.4279987164905 384.42250463281175 438.4192168550216
47.09819442461711 91.08534772572392 488.50899430260836
503.0823226668558 249.3761113629659 1152.0884144580846
213.4728082559576 254.2907684654542 255.10497633748113
278.17402843178695 15.835986844194036 1399.891152313943
392.671486875676 30.316759016081328 556.9773042023397
283.04084305582387 111.75750930418549 771.9159372408407
1293.8330042495338 130.515660658715 1354.8129955341335
354.73775077141926 399.75486116501554 353.7130394603688
10.751286583129646 351.51035900535317 308.46896834101324
33.44219166894858 103.35128850357329 205.2844967886595
66.9928183166748 265.229200261557 158.47270148157244
915.4531524477287 636.2302879562775 579.7006041499577
59.21895973206062 65.76112648886365 1294.4593694765554
250.87287168389264 2.176895076861861 1459.9582224888459
283.79268187360367 94.62686055515785 1406.834985091822
99.7983750815638 353.1908667314629 276.6193127298322
112.01514571022213 168.4061295804399 1469.0790626859916
243.65720540273622 141.2902750348087 830.9931196512924
57.85591763534739 252.82052182598744 592.7588093007522
911.8087505384018 434.2747605793673 309.22917629150004
773.0964162402676 581.8338000718853 866.922033331417
266.26537168097815 2.334775009357733 270.322598061235
117.56738756501564 3.777062990349171 35.202017476027855
216.94517857967938 92.75692314444045 1056.9799301278256
64.09512071325382 14.704468334610658 1065.4695095859252
131.65110081660387 291.25939361165234 657.2139248818997
285.5409082604275 269.62734478558434 1302.580207782021
1146.045425767444 15.10168354463942 579.1461697632003
521.8031565667353 238.23628034240923 455.86985078823994
224.27182458009133 158.02504555237704 230.9324106714367
128.93172696616227 145.37381607060502 1040.1266810898176
14.140862879952746 135.53682731923388 297.2752568109049
417.71602360265075 417.48872067723914 998.9865563607952
228.8897761241464 85.62106930330462 77.92246138838865
7.89773753071685 701.7021219691794 149.56069704486075
58.95261081732025 1257.1899944159704 1455.291005107244
179.19433559181596 103.7450595056477 323.6834143178601
180.84981875206543 85.93036602111987 95.63191247846909
132.79696953802602 672.3232012934643 679.4466122127438
68.77994778099459 524.9389079560497 334.1735850254884
417.097731434455 611.0674726986825 143.0316628980522
565.5606578378395 591.0410735580133 1068.9793985339409
69.20725517561948 117.55116815359483 1387.9375038945473
21.952609238590192 80.78222802792683 534.1033750432408
142.16551148837047 6.6099103297136335 102.31823893133196
223.8319221784563 945.1395079844253 462.2353993706352
40.41328480654187 60.61687769461032 1236.448168724074
35.28512926207628 85.13908932679279 1479.5662770763454
453.5412398209131 272.06653170731 601.320796077635
518.0442223615097 298.6222249630578 912.8345923435272
725.8925791212719 197.86125929359008 362.2004394021619
478.15047915108016 33.58426451243391 681.066053754146
77.6991427827343 32.746742656036645 1162.070499982764
243.442255595379 20.775867178866534 1451.8977595230213
603.9464853601459 253.75662257326482 488.8976280378721
71.06908863255053 31.652197195875374 91.78465158045823
28.87858363095394 4.963628477083794 86.86366301807752
31.360655523130642 79.18878937789755 11.205791612308502
97.34848384237648 21.56920585367028 442.48848731009014
7.697465961017473 178.8107971637494 312.3827640922983
63.882588187651656 813.1953817826154 902.2800119418663
18.32213044517601 128.35633019772982 791.1803819953822
112.03412906075039 221.1672838757564 887.9767807206392
151.11238488721895 429.7158040834833 1137.382620988409
19.25920249316851 49.55926054758893 468.53722684687983
353.8693233299531 61.16739255131501 311.40137682221706
86.94297409312114 28.35896372742326 348.7388081107705
248.2168005065916 266.2969945938582 394.27415500817403
232.619826444124 44.07225916585934 586.8970139300869
298.9818605458011 24.69219744490914 1025.6114771777852
524.0567889366708 37.412860717654524 594.839101966496
303.43478711526893 54.07406798578677 471.007669779241
77.27970674016224 77.12319259151616 669.8686744088793
1.6337064293226293 24.68341452145163 1483.8113590494004
63.30393757230427 96.39571635750292 1138.640406604864
181.62439406333425 25.724211941801915 425.3390853975719
17.419480185451423 1042.0400250408138 1280.9361613399715
46.3535671403205 488.84643214181114 1197.3813920609036
125.94169931573289 214.44727813738984 365.1202332145632
164.04105000275408 4.114634547405705 318.9713621796882
193.1951328724265 297.1958410174597 1376.6988734384377
238.77996487618952 25.706266255366778 190.7855973304921
585.8811743002922 313.90138991430547 1152.9313997678182
29.91792070368056 98.95428684629664 64.7595339882529
39.073280019328344 133.5956744581103 1105.5468615449197
390.2708565115705 99.67637181493609 674.9976354880602
692.5048106434228 21.189848660576498 1379.1004138205826
104.11633764637966 30.565277640234733 222.0935262843831
156.69003146916987 224.65255545072714 1009.8852699225861
372.01743757568784 549.8923275886189 817.0188001843251
88.45000345021211 811.0226086901197 680.1308078688228
480.38952869478226 19.98931900143367 746.2006316033322
82.1866196454114 90.43423108072324 1451.2085865354024
146.63634076074814 2.614641672702518 1072.0191475783704
8.932367787993654 88.02220443293066 200.05478510671233
62.96228320626839 206.43010389996684 358.84933441307203
220.08912943676845 578.5583029584398 1042.2082864946053
208.40226299591703 187.30255917055044 882.9716860290529
159.5795531771571 104.37246789169814 1106.1866185450144
337.8682182768193 292.5166671641035 288.29166847379344
143.6322763331731 331.6995153708568 979.4161626998754
186.65720094129915 148.27536455340555 642.3507811225359
50.891830126087754 94.52960603407588 266.4409358139546
61.42832464905624 146.3325839536618 802.5617024917213
588.7143304821092 36.08973070607245 824.3972384178342
163.3440830127908 25.508910243806692 1184.8997529115504
99.68424265877108 290.3114045870602 1254.9689146478233
130.00158752234 104.00883372637001 1294.4517760512447
58.36345858603873 127.217519724383 24.072781356343718
58.348246082640976 265.687885735946 986.73383327228
7.66584231478587 62.04427819764201 5.36697571717637
206.88134073438346 90.18596576954668 1046.2105988180283
90.16152317224149 75.70403377706437 889.0592151243683
89.11841819285168 818.2158701095524 1278.0527340244892
483.64735477827134 133.06214964351093 894.7988828684688
56.75802998134996 1108.0393063582267 307.3289379776574
38.241966832616384 31.57672537705567 1419.0624274234738
81.0778929890703 289.4737462144204 511.25692097297554
9.182087036981864 462.28510039870866 167.28667737957122
272.49023167013024 40.81733078226004 1248.3211893424557
60.86064541918428 379.5274968503777 312.21098868290653
88.5696085728347 95.51262501672393 337.10224268994676
62.41936705967666 49.66099727088114 646.4732825374628
64.2569448492737 98.59350556105788 606.4047638377968
447.2119867821565 217.6686028030688 196.8879312595781
105.88190605692974 31.676762945124608 828.4893975506137
266.2780645950718 718.5366925265147 739.1502689870644
156.7076915342868 106.35233459707645 340.4556572571913
69.10281660387356 66.58850906489063 117.85189596620637
283.4931758027172 449.41207102123303 446.703663327015
191.51407073227278 340.7517747382717 1288.893988208872
307.67493463390366 2.5599091323026464 673.2337935716452
137.01223250369605 669.0526483928418 896.9394836756002
550.9349103785052 316.7894371911863 390.40722573637186
191.27001594707303 50.263673004439546 1417.6260657521034
121.57851835055328 47.65687298231186 1471.5917195148331
253.02681479732948 165.87358889808405 924.4284430999596
16.318402748898627 356.04778210678285 673.102900611183
234.34686401172823 257.92354568829603 308.676021321713
41.958406133535384 185.33577438920503 217.1856839162421
109.61054192217243 796.2770457925775 377.5768590044108
166.22359806650564 37.74774383421375 349.40950110398455
486.7380442841063 44.40713772541095 1339.0669924121842
150.3862482297192 96.1624708347 1423.8912260375437
39.79920437032371 0.20235878083299197 366.2311986755828
242.81783614517653 31.803978183263116 1467.6010334373793
143.91881441008593 339.56202630416476 555.4511798988925
7.886502013748673 109.44287025072373 1203.406805560527
488.8578832543499 471.01698152126943 832.6008398408362
205.66970792572002 58.858524151408176 1311.1600607050927
554.3374501327871 85.18142588020372 840.1635242589791
142.7226390526954 63.925242378625555 153.4868503157556
40.55538225974727 5.239342740567757 1231.7224863687015
1.3620489837439078 29.716975102292327 1372.0793792068955
338.47712545858207 51.84405009813199 1293.2242218706433
44.144932629321886 258.37763835933504 1133.3759136361239
278.2209345093542 733.3303148866194 745.7243807541502
160.20739203343265 58.325061303971474 721.6421242350677
206.9184461672501 6.345879350780477 1380.2167155999773
230.23411146364506 8.467753259569887 495.91255647265916
43.40481250236598 238.73913398347023 1240.3875837790656
286.1394734777296 198.5944914867097 1072.0801379211343
676.9475818527876 41.769111188293685 1485.213886354953
57.015406492881084 427.7547834482734 388.5880624066305
53.353706459887796 5.5222711985216035 254.0870593583146
241.15905117032258 92.7961539304594 903.7267991571676
230.75707581468345 55.42401614520476 633.5508536163691
177.31349694631072 357.46236185216975 826.0682262015333
190.16529811779003 10.659715632046165 1260.6799798557738
67.21199097669039 29.475558377490962 1003.8568394413074
140.71221980526298 96.35426746487292 501.20135715340774
47.539882706179064 286.0359933734012 791.1096120653197
253.58789895058615 803.2541079529361 461.9851007789338
436.7861199643463 4.592654702217159 501.9067310486563
35.66512872470614 38.79971192212325 998.7153362265067
27.580479293500726 68.27266275055824 1373.2510892060745
233.67726627400148 509.603141400234 949.5921447676373
76.16614910841737 177.30710433635855 1125.9759848866956
174.22230889304026 300.1891572569083 1100.5478139071683
453.4284336743361 175.0959814456116 1424.4286453661825
97.84810221255634 60.91567876674719 901.1879429299853
283.30648094341535 522.2615318574638 1066.6025335872273
183.92095808592623 343.78737357834984 1156.808261735343
389.22657607146874 68.8714382781161 1348.5891894072795
174.41968899163302 74.07202129471176 1041.2557590968593
64.76019927139328 439.20346006907334 688.5350207262277
229.47933611857388 188.9695786298076 1105.8847253572867
32.32839662718202 36.765745446813376 649.1979519649236
53.01297670214794 233.61274642956883 1052.2051804492598
23.264415352069562 76.5695239361068 839.0142640497259
1.9069237216527626 48.685872111385585 335.2018994155549
93.10741199109299 113.05094306535821 1125.9419372838668
329.99464654800994 49.76693787306907 979.3227566371816
274.5825645629134 47.74542341877152 1161.4267035557582
60.743823672495346 800.6095402633857 1126.1147137025353
170.73545297503026 74.24143982869307 964.6908414190584
372.2870607009025 428.00645082922404 614.8514437572994
164.95503268780826 79.64267122600384 655.4329680292853
266.0046709625709 163.42165034293953 968.957938351221
20.928272326127782 123.41572214443117 1209.006061066354
41.194790158174946 48.424248918333 682.7916147364463
185.34410623450415 110.63836088027725 43.1577981511434
137.1564343373559 125.73605835673176 794.7284902113332
327.93164977347595 313.8925901590277 716.2935883378599
52.225312221584296 195.54633991960307 976.014971634575
421.2118027552287 523.4594436980348 1009.3315402409335
