200
65.74627042030691 115.24120349311433 472.0819774678651
365.4349860161394 1118.7619185713982 466.140721558088
242.8144606364373 92.48430664121614 497.90033552578313
15.422555095768164 92.2354410065996 147.08500912602778
345.8231829235711 171.43094257498592 469.71820997302524
169.77434248555946 29.011525812529364 1403.701673852424
195.41949723168864 391.9299751528684 142.07284104991064
65.94701470117822 7.535150014450352 31.95481305765757
38.03312067290536 111.51406991255102 1234.6094934151106
95.42563527839555 105.16257263776791 214.27540505731457
65.56549844385017 20.1594269825915 130.4149678194858
86.19453861400868 55.36295223468032 465.4699560481515
132.12155549400646 124.81995213457166 26.87101778390133
21.88835991988309 94.7484604213046 1242.575965905205
60.74263156754659 301.9876899410707 129.79472343216835
201.38910447933492 606.5214118136224 134.19114832820682
21.141195589877633 192.62535880327368 1295.9463264274916
102.27678983200718 3.0192112125064416 1160.0618475238002
115.03849911777418 95.92276650991104 137.36376646976018
74.2633218283333 19.22987962976259 1298.5557772855698
238.4793228635883 107.3451662607398 409.72060877136363
909.5564823724036 363.6428911417282 643.1274342701224
277.4995501544213 7.296195728585743 243.97989329780722
68.75640077882825 183.07326717750016 624.9057788278024
142.96751536920908 30.428292818536534 283.3441725344876
88.74538973267288 22.04801470487137 1139.3553691334573
203.5509070397568 583.434974135912 988.6813082731753
194.8570488547479 7.000908103154088 954.787373722133
321.16212225410175 295.3900522774157 201.98312403539265
27.005357241090728 30.44662058258252 5.798096568579048
285.36591215853326 641.3052142062417 544.1190541573113
638.5516379579268 131.50467799531899 1098.73771758976
110.92916621616749 38.1752441951695 1336.3441571285516
167.2457222435331 68.2255523250845 456.5778519828169
534.774053528999 96.19742731276294 1245.489616460867
294.14610355613723 73.38492613217731 944.680105902277
67.94217012520461 34.95215786869435 510.04438058933033
162.3710308886313 191.83092019639986 917.2284787496981
60.57223124690629 447.23331257773407 1337.4022759817806
17.508117105780588 472.194752656956 170.43340011219487
27.309109287148953 253.49776934545082 1208.5071199222764
42.44706134989163 51.2921227981497 885.7105776378831
13.036763055675168 84.6716452776962 741.2567556686062
220.50076032650986 36.015252351919216 1021.7690529870133
174.52503140118313 237.2064747041602 1344.1985065419574
1.6602459586646665 64.38060206283153 586.07744221792
470.098928548736 105.95803557814799 424.58964222042033
396.7843770969271 123.49475987981205 418.2712061078413
564.4341566848753 56.15853223227244 1115.2491687154331
223.985274398895 397.47724851050526 966.8268791250631
145.83732179376062 332.65435106865476 390.6483178367294
186.49837552165104 378.87999400797 22.292013334145544
102.95078818283541 2.038153883578247 554.3873803935074
147.13137877130907 339.3356640252427 782.730242644843
208.01848331712756 519.1488756077194 337.3753487450017
90.02912743825664 39.257561910771024 1488.525231527885
161.2506316958739 66.7520068081252 648.5965071896651
686.8327775257812 380.94903321151537 973.5002174512412
47.50631190112429 68.49408652657726 637.0455234776183
138.4695070778792 132.0973221962181 519.1770790740028
76.74495698737492 235.17258834104587 1150.2487836880969
18.706843708807703 4.739747247200208 826.4222899087558
92.71182219071073 74.03487444098197 908.0389778324981
49.1243273787145 127.90333260556052 1200.8812557281344
44.91055935556428 8.02910250974009 1492.784970599032
149.07294225155644 193.61842777035574 1068.3348649925977
132.55861915017528 36.017549190361834 223.4716613337404
14.420235618011887 4.754023258586218 526.9024144905794
314.1436395650774 667.7251501443423 139.58524746619156
170.13308075702585 83.4422174770665 1083.3316016342737
105.2488045967976 235.40096907828257 873.1106117878298
560.4188057119911 138.61473794431672 1174.75061383186
239.92399361204687 125.96149036040904 922.1303023560557
30.2608834935861 97.93503549173043 349.30520768749176
25.21106834073302 413.5759023798242 847.19896633073
114.8057507074719 581.3849478568291 1109.744775413267
102.90550072857107 399.7677124041904 1035.288557520238
200.02478928842584 186.32141705092556 87.18194127308988
52.041832604789754 26.91240858684415 789.1491647321693
158.0711443387369 0.032438171864478255 329.58882528579784
148.39170636432289 355.2346296274774 429.83861343739017
224.77762898405524 189.98128001839854 131.95295839670024
805.352391842558 14.663873888115678 1079.2228974752438
83.16134279180841 513.4690797896106 561.0141201017911
10.920768557376517 331.0000360604785 963.1547582074613
284.0657896265779 37.08124212013465 1364.9620698993701
10.176953675634387 297.7513497860446 1410.2244829857789
64.95008497722037 458.41994212317303 624.0371579039742
365.89421872540146 12.702832144660004 318.7789750228764
260.6702822798364 336.0321487544085 913.8189440211129
235.44417196919255 250.4188442537989 726.2111259080798
16.664855298866154 463.3833245657714 843.7143906193546
142.89208101281255 81.6779432880103 211.60611386680083
5.522308315735176 8.606204835079827 596.3364787653022
638.51617383272 300.4761690883083 1063.3216000856958
102.3146914054204 127.95007743895646 245.71766461541017
680.9405819198162 48.11608781884259 1349.9206693051644
26.737392127417653 305.16068380440794 924.7693738396212
377.2615614987846 97.54219850399214 1227.980291845088
131.78518860497044 165.81260703988931 610.2930824173466
339.34987629701203 88.78507312741192 651.5296449764069
179.95503480738054 272.11046472282703 299.9883123538354
332.0060904229003 35.61442001945538 1038.6785463572858
31.214853769949087 131.51003976293492 1061.9532910438213
120.10151737830697 152.76564044833378 1459.0670168897127
33.16049190152309 92.91034616793652 1013.653347896533
204.9336257484933 413.9871465013185 409.94419219115366
207.0571406530462 113.02350770611088 41.06439243622295
26.85102878784554 55.223941125379696 844.082033538961
219.2206728047881 33.049556047901326 28.17286509564626
890.2054608579183 7.567592035992895 757.277570173213
32.67483869553536 131.91997624306046 581.4921346422909
0.38301208038179835 77.71543986424592 1395.426355023078
23.18415300194754 117.67277520143678 1234.8697223590768
120.07156424687918 620.0883945494649 229.3856489478604
318.44328546767997 202.1566854025005 1357.7015194450225
244.59917651184284 5.699303176104035 589.4276984527423
142.39390231366235 45.28934821393374 312.9100535135062
252.3246393094051 379.7740185081661 1266.776067204291
9.60400414786184 189.61918643510157 216.12059820634144
42.20267864280694 86.97813275272536 1381.6570291217793
180.7056596667688 103.26869457702364 1346.4405597341624
101.48585467979996 245.0570245914252 55.6880559487325
14.804824037241035 167.54290481031967 1295.7103694738255
11.610720713641408 17.185174079501863 984.4924510457879
928.2645169909076 236.11759197064654 1266.8795555087547
323.9397509392456 39.83578821763821 1403.4443140309718
22.153445921503526 10.380751514784121 796.0483381502614
83.61693521304512 302.19660421981536 1167.4699008452938
8.904677517653003 62.685577018457685 908.7521917570668
94.52453301990755 297.53308294914194 760.1826255584803
657.2059032791411 84.75609366334015 1499.2656684114293
120.2551931847185 48.069776167395595 1066.309270540458
23.60390788346991 263.86059146944996 116.19682341397647
290.28266620693984 222.47136079653296 212.6149587763142
235.86983493988387 308.43155541675304 375.50919262414135
243.392511648586 19.15626691407265 1444.6198430611319
26.611539687009504 503.49652273849773 1347.9433665734905
81.03841783925128 61.52933798800541 1448.5412583637994
2.208996862430881 3.654474524320464 1065.528038644404
55.268847364428474 572.5616219954088 1047.4169730527506
73.6939048640737 406.8385032757595 1303.522764686715
35.18133762367204 1.9983946702747915 1171.6924329289527
0.8259416570278937 229.01822414192642 561.0572579626935
311.10281799621623 9.303638867711095 1270.6020330778338
166.94770213062247 137.38680090613664 409.80185950427557
235.4814687054686 62.489004707720156 700.2887019959018
126.4072704131122 104.04196045599186 350.1600869702621
119.74499406623818 165.2794273119867 1456.4774791988846
109.69266231879118 52.530779844591976 1045.134677398372
59.7363582025227 51.83246314285647 251.07911148487437
255.1145492212405 172.16788256549037 1253.8872199164803
34.93124445709563 90.79533784355941 830.0546686378392
74.04902496855453 4.909426211837598 815.9591045509187
53.49080126766649 124.00217238904116 1421.1461000056759
6.849104628687934 247.39212640690923 396.5413691208469
62.24916536725284 46.241274276956915 541.9894502656178
418.02118847319844 0.15626287669191252 757.5906511814827
137.2667373479544 126.93079423307643 1022.3301542324232
189.58094744083783 195.84570898766785 155.80986757673472
158.12526022818682 172.55615359461714 1266.793432671363
181.37738421239155 164.90450827643792 11.76429379487126
24.44203265477213 134.8321836116163 208.86733290488303
63.74553562536916 606.6415163358197 878.5634158457555
41.0022631104886 206.42449062345665 1387.9464392195973
440.8033052456762 114.31609097586657 313.7678233170815
45.75075534392965 189.51805036948247 36.2501257264814
60.689916563049096 134.2741117268453 1326.5594214277708
93.06716148768217 198.78332082786326 546.0090716799908
1.4979764735123866 342.1189952710753 1268.1236073987263
48.41668514598297 606.882363132541 243.5188503490129
437.37873968286715 223.96634919093725 624.2264765700926
193.57975066953395 134.6517500873438 280.0572126723655
16.062719263385528 22.037116986582678 276.84579865190375
353.99758031902013 297.8002316797298 1495.799718545689
231.59823195729365 206.05706798183826 36.0272694999445
90.50071427665046 117.97870770702559 232.44024087241766
272.7202239155546 168.03653769862976 820.3580433110388
235.09645123748862 443.20444697748707 842.5350067620006
114.16368877879395 72.87027872594709 1239.4786427150527
476.0705038063411 341.48243452277785 533.1219847285066
67.076942683019 217.0293293222573 462.9817009360154
44.83045218183849 413.8448575723672 425.02253073186534
313.93724718107825 38.71236162618574 536.4641705123919
103.15605474327194 90.55712704444385 730.9628456898027
300.8179622252918 240.15362598733626 1227.658426543807
475.83731931102744 68.8327117450258 584.5103001416469
74.30912522123712 62.74433945233026 536.8759117071268
116.64477614686038 628.1173873007027 640.6202109739494
266.39617519928004 617.879980090753 1393.8557146007645
88.98872181388732 2.520996595407861 417.8370695497166
45.36053641666141 67.88406760422028 512.6121768105907
198.8668064018958 67.59289155338584 770.6798894826695
28.290501559258253 342.31006932827086 58.10071742583334
918.6057628851268 361.48489795299923 747.4229062933251
148.46060335456417 434.51277416990274 1136.601055043056
204.78673098763775 15.948540067266926 1340.0848692150196
291.5073907240014 325.4745096271035 171.36495167612148
70.52715634078152 361.2530026967129 75.08617520644646
54.77494799043482 1535.0908011880479 588.0437963056853
