200
352.1926686360874 34.345437205929464 85.50130394978788
60.871396557949474 1051.4885065737333 71.9799772769295
260.76334184906676 258.6688065011905 677.643889443303
494.01409122823014 90.93517281501693 550.5421683804011
52.39948556067986 487.57431247764 136.57700685906238
44.385053766006 69.68433914772622 834.6240417944922
120.19316736469065 219.61212747143017 1241.691670333274
13.087548268414142 149.01251308752427 1358.168124259317
923.6708436393366 76.53112575161178 680.030188955423
406.0298136754664 115.43693143639464 883.919250332027
69.95299118636083 34.572605892087836 841.648452680435
123.7184099405267 401.61846103094 772.1017692245184
239.84991384501612 78.98539545337974 1056.1389592458604
37.14130432654967 109.95162243861228 963.1215143837576
65.49618582918325 213.39674697447012 885.5280103082943
349.5489638957406 181.2903015906914 3.142325199808116
173.74552108656144 525.2863196371783 399.04494493489767
41.68824447134331 12.322909585091299 718.5042988065445
159.93808915261278 478.1488415566637 1452.4899080693729
58.846932599955416 8.812705018258262 348.44267437503527
48.021612974450676 331.7795591383018 174.67036433411658
216.42753667395152 10.477127982167014 154.90718042904794
119.03423692584376 82.22323505083222 686.8552585241638
356.2045931455808 295.94143376082565 911.9652870632486
631.0389843211808 250.2051712221135 435.81340299463994
35.863348987708356 220.64200916875438 809.4900895583388
490.71354950839947 378.9326998677947 1498.0896510037226
53.65134406652777 41.02420487624697 501.30743573086727
764.8484826607903 131.74184209205478 238.93275463208246
23.02271903865194 64.15825161498503 812.5726291239564
19.614498306203572 323.43451899817387 54.578432621139314
206.57687635441135 62.373564719438676 471.629793739994
17.937857960398876 185.31101759221306 587.7958627990296
361.05432242462496 279.09627926447354 1323.133265161493
180.80410447926815 11.001551846147333 835.8097630513954
145.09134972097274 167.33178684821024 615.4359212276138
133.0740997167736 28.53011162777261 572.8573594279874
646.5645649225414 11.444630938281342 830.2636592483682
328.3366747394711 563.7007230828611 380.04443737657175
148.72335043247523 90.3023303494669 590.6147467977877
447.1876536490934 30.17503494311167 199.55793102086056
16.586350123927733 171.4193805537671 741.1604494203428
57.445673987939095 625.3319023674785 1472.3337815428408
512.03187092054 182.05992708515498 627.6393287383792
471.4832473144715 185.83143338049578 327.21103764996593
398.8852643833489 431.604977346751 351.24156623293254
74.62902854496788 685.1508252763205 1284.598030752515
403.86051972049455 20.913689066519353 1003.3868197317569
262.62464262104095 5.054643867430741 212.35746127830313
126.317510323028 88.1350224610547 283.2436085752688
65.72066947333003 1050.383886901332 198.15196286250736
197.42900406609633 6.096359381257896 915.5215890711032
282.2903161429598 289.5448973468588 943.8938567682966
238.00346016301984 271.7755104705306 1404.229967966366
344.18175611662195 1003.876263741744 452.57600229239586
299.63015587086824 10.32979965276029 1291.705806145162
150.6189176334663 138.86001299890646 49.85671899800498
3.3078412397665007 152.35384245565928 442.362859544302
581.1294871218278 24.828100117554623 669.8932699398966
170.68327772867391 671.1187849364992 562.274936798525
180.89158111980547 174.89855901412358 838.0140812566918
80.00087457206007 32.980179706548 1181.776800702886
166.40983371186283 3.9322594264708695 642.3081904128682
37.78722361015849 71.50523570607434 1115.045339929062
317.04682809229416 68.38139131394495 420.9862423406675
129.23861578167137 140.0993306689252 53.78447384330709
1.5213749795698857 36.598817142801025 664.5021420829806
95.86343172806035 244.26717182390155 1128.078270029107
306.2941417367107 1148.1726701092878 1400.196150244716
23.88434775347664 311.1896001347835 561.1222241420678
25.119095099129833 252.52078890446015 563.1910739207325
267.4242669224067 70.43662875289235 1293.4770220733326
188.33769549641485 171.89522461903363 732.7510898552778
433.7971660793978 92.34251631346407 893.4740991415149
81.1398534068235 189.11179604600963 553.0997038402661
125.54530890609539 121.1178584113756 1326.3472902621895
8.498986030046378 211.7128962992775 450.52784627720513
301.73190553616485 536.5406781837818 972.5080553099785
262.0264514042605 23.981871924067004 921.9616298478603
44.65538284713702 75.95080240352956 267.25074477473225
696.9857542472724 114.60342806983274 696.4535301239468
31.819182378941612 7.819315565189562 1023.8105608106753
637.4570780545858 196.33005310551846 959.7934738875093
36.419448874567074 345.5104192980364 52.37719523826206
353.3278004330377 5.715110361486318 162.83962207264375
17.84493224500045 140.52268893649895 103.47532262878512
887.4711159039107 108.37000772632963 1420.6509030517243
229.18389833742955 160.1426834466117 1042.459887856069
13.798108164328701 211.68432029202324 202.77861999636997
26.278467718196936 71.9374412497259 312.2501852068578
805.3270291293538 588.6573260830004 588.7428266473928
150.8367117092314 413.7598220141638 895.8110538917275
86.6074519645735 61.66977521414341 8.912980151740468
168.64073253781493 508.64979458850496 370.00004750471936
89.10256938331888 79.78420139508499 1258.2989325443302
236.24632060625984 203.76408823081871 827.5750934701439
3.021751280455829 92.14875132499985 1183.7473456201799
44.190343956083154 186.44982853037092 558.1660549324696
111.16889495160676 571.7436384226686 1282.0625193333651
14.68252372465701 78.50282925862865 629.8107399649945
71.75156918502445 222.30198436903103 625.0365898578854
334.61493224515476 157.25339229469347 1076.022659174043
77.30707358137154 59.92380100571613 822.8021210084227
296.28113873268194 163.55080431281198 233.86594978932052
4.241287643182323 68.75304757156684 341.5316458920062
192.9096247041001 165.61712328490253 1411.8310415235294
267.334017820819 180.78480447094026 349.94491200570457
223.92964772016538 19.596282609707792 1458.3607047399826
70.42717941934914 380.07558379153267 1005.7024562290493
218.80194383961177 301.8485564730819 1438.636475140415
341.0552249113082 5.764360880018389 1404.3200052713003
202.54027888054208 132.71795552887377 474.57595117694757
35.46553031844101 57.08698875478334 1345.9066875840688
32.76817578981833 181.06446318778242 1232.57344937989
124.42768838267841 123.22024957251918 49.008474286342086
86.82134370899894 453.70269836697935 1465.1978341237739
104.19366812533248 82.80766129057983 1223.0457490820063
135.4399052222924 382.5916582213163 1133.7068608738978
69.24793814382939 93.71772237672933 1252.2940473806207
213.97483348128637 198.59956602539037 797.8130844753756
228.50852654303063 14.09938914124687 68.7088098237974
48.43958440047496 23.72077924153863 386.3539442870601
165.34136508469186 99.91705300849934 894.5748734204334
11.91571964967508 74.71636108493149 71.04574553869575
109.6027510993641 98.38415191400685 442.05096519637624
520.6569928190924 314.10771470940557 218.45565618571106
113.99198556480361 465.63287466834885 720.1599115568094
123.74908732142053 195.69694321182476 420.08139081384184
52.99419818787619 55.08841595293548 366.34663562267974
93.26533395120829 152.99874015059507 695.7131727476615
46.92334504825003 25.311743035044294 326.6182450078795
706.5672999812198 179.56398486153026 1106.328515329995
99.75717036732034 79.64814278812803 601.662307867987
171.24465822312567 96.03538126991855 18.826873967263623
138.046646948536 149.12187099909272 548.1178546817379
18.168999638463347 257.69640543260306 1311.6033233024289
42.38695496685679 402.8230618141374 321.44474706605894
56.140332442140505 98.61178403645049 324.35833693284485
14.249611546285582 8.471381470159747 17.19062571776081
210.86320004025697 132.66360578565707 1392.3462678454737
207.2552952942742 29.8285421912463 1242.8543769357923
35.127365496474575 112.60546042322348 319.47872753541697
12.057608500755864 89.26604734785495 992.3889816065265
398.1151236725462 35.147533208109785 803.6708152054788
24.61343141858972 154.3000779980702 747.6930462014178
76.46826396841209 314.7207061148375 1110.2438099424355
78.2261365308948 83.72736079337842 1145.7570288833788
379.64842976293613 158.98949368780433 1133.6637411170439
212.89626418376488 116.6147088956875 314.77092769409546
281.79225359190434 121.85478570182424 623.2538774837763
306.4659363619913 24.34992358294937 178.3538713375249
193.392672474411 704.8728701884296 830.9053192984511
30.56941535366623 119.06116592380019 1363.0684922847943
106.25223842075341 925.1912022788212 650.1757814484653
319.53092269038854 250.17208004921469 618.1461382941616
116.41140103499079 264.7221623864836 899.3005440001217
242.05673675256082 327.8485867526544 62.76196458993238
122.06393886705935 217.65895770101227 420.9290904646459
315.2284231255688 267.5139246877043 1246.3263960467866
34.240289541917804 281.86281619983123 1348.8658637360995
40.479015861307275 8.72704398136038 1434.7155610442755
65.75034403990615 420.41752775106227 1384.962775921594
162.5274167342338 448.9710817999414 104.89869893477189
94.55493695120073 137.59877828390327 1223.4599798738345
103.32998792543397 429.1362811618134 1210.3380062884944
27.39124822283831 163.40612105640446 936.4810809887672
501.12087071224425 94.54329323482239 1442.9561239644129
238.3251682371457 662.0607415993868 497.7820262413722
13.45478752434876 141.57646013916258 846.8335843883901
165.98794693717602 25.965117939307742 271.15233581057606
300.8583466154552 110.08242808597377 1292.6731393646683
81.33573366858093 245.81310174965955 961.6370213924623
151.16698109594284 14.017591736742832 496.55707283959225
163.02711674551782 21.284636473141312 487.56526743671765
34.05520201644309 228.5914379645917 1049.5792957085755
406.32592487144643 138.0474226125951 1056.086570175842
29.862512753728794 105.75953761323598 757.9487315109977
118.32307506900493 471.75041036240543 513.6462009537536
196.5705966266198 518.5430727049637 1440.90199618633
72.50189893988039 423.38614933308884 234.14379962344134
66.35384173080061 460.4766301130343 619.7262633788897
173.07341206628902 272.2247517725908 1278.0517860024645
245.08861383086503 688.9226001158693 96.70354516789843
210.1916479798505 378.81178360482403 1271.6750177780013
51.51086175939608 36.81700841990875 163.9753174020028
293.6219874054294 99.03743389282629 648.2281713694648
86.79356994281089 48.2580830067327 192.5047939311988
40.91802675751819 141.0591101634797 931.875199480454
117.84627127536793 64.53620802430727 1273.8160374182619
461.9738824485249 579.187572804381 294.4266831952039
140.63036241240093 81.78866135302472 741.6675117767164
382.68084630503927 70.517530129012 504.9644036979171
188.51021593922286 454.90994935567846 74.54194766757178
300.05210123963633 238.1177225500243 796.3551337594632
197.91319756113884 29.505135806709347 179.60524715330322
155.10275093406418 227.65194510074073 1359.0159946273793
80.52865011231104 116.41767863087007 728.7941909625498
152.56612258307055 14.470972856129391 1109.433843109545
600.7983883426177 399.0291174575929 464.582759381452
28.814409758082892 333.01455181161816 1157.318852967411
