200
105.83538980315959 434.32128756980825 664.5566381848116
384.5365347293996 97.99275765138196 1043.248693409013
79.87023598082568 151.61976601507263 177.2015241141039
50.000139896961336 22.588486500121533 748.6099553091681
406.5140145355814 45.91999208214395 1427.210959486001
116.44429289370713 139.6717852774372 556.5239923254237
675.6318155562693 389.7387199687854 249.17638743137616
19.94634859198253 35.87159630845878 683.218743498891
144.97326815369996 99.33249212828186 629.8790486725783
95.84573658130898 88.57535600661475 141.39646293690166
367.6510358102896 3.70112453626794 1009.4477348979373
147.0408488503042 117.88546422336121 331.7209933088349
642.5290392348926 148.26935586330956 485.0358460303477
132.58059501326753 355.27913714975085 616.3195830114437
401.9884085636086 100.09728682707116 17.47289054931428
204.68791240012115 169.13114574539293 310.7171498581497
110.14178408683055 7.961490833023914 638.1612382751198
208.52781118976696 12.546712390972111 614.7993329531276
132.88423893796568 35.29951671660812 611.1248226776252
482.2685940309414 76.81039266242661 694.5675615666889
168.4170204585417 112.92902681392789 751.3808910071972
285.3262701841433 311.55681847260445 839.4690963504739
463.83595720786667 97.5162006854268 539.3689476805445
10.860756009530013 109.04185176278058 1270.7515444676678
710.7718838917133 432.71605941114933 472.2345930651307
267.3288206215317 191.36203091057033 733.7334242758382
156.5523381411386 201.47166510537286 237.91217182436918
171.5966297834141 284.35782256563033 869.8445058073953
230.30046268665453 107.67494017837119 130.74351608675343
271.6228228936646 66.84262472952786 703.5445691233033
24.074381330688503 35.56602922177688 1368.512654008697
22.63451457555848 233.8876589060093 1127.8363733704787
69.64666845913975 230.55627739265927 573.7908838643091
605.452473931489 284.75702840720095 835.2753444779569
471.62870071528585 153.34408759646576 443.2918949085065
542.1770883416873 226.155671678963 1431.4274065439254
61.450039112075864 110.52617955302367 767.5400010542053
82.13284119799414 288.10901792544024 1151.1075780133317
93.20911840875247 331.0463117366994 939.1924644856988
267.7520461020553 385.96596571398163 496.91252977621645
115.22257229482211 106.90526547361709 1184.4315560985058
262.3496735703407 472.45342799989265 631.9733208954974
510.87567644412974 10.201775916947168 508.5942383476499
2.525861607859312 99.9807655360431 812.1175443533086
601.5317937755947 121.96701823070784 853.2018634280549
350.83006996910984 24.407337741730093 313.39432681911705
213.34368196090233 122.54361437346421 1231.661459469125
732.3429127128286 232.5197374713197 357.01925389151097
305.3535532057024 218.91429793779332 1068.3256714019376
285.4959511561716 167.02116789586972 451.20721040783405
321.23679603052364 194.56485293801165 679.2437066202186
53.56324727860198 116.19073640036572 266.2860399663554
188.5869924024382 25.757925644374996 981.5893932992118
498.03158485493367 100.51111351058049 343.57758108828125
721.8083582202578 340.0511585029146 268.2854928218378
49.394104937649615 46.263243618668795 1116.7045787288253
5.486454634489547 102.72931646135123 748.8804888216021
189.82155492577607 95.42888015942589 234.96910327188198
819.8237002067509 168.8674135851961 752.4363888855479
9.034346508106829 230.56233924819352 792.8571877496805
50.16207295801836 34.764145318342074 1160.074490469876
367.0646140059546 27.840561884813532 1263.116911013448
332.39941114516097 581.0157635242618 265.9670240672694
111.8069055702798 387.8930925984087 555.6579524935485
239.21997126173227 212.40115547392452 1436.176415873353
473.723615604927 99.87574290034654 978.9548714831528
113.55286789092607 65.59608135961896 898.3881595159602
57.271950171512685 13.030426611108133 1238.9302546577971
53.48191813856771 298.29022766989186 684.9788800395512
36.90234460075742 48.72784931154052 457.52852329562165
389.4260178627549 258.7126296844672 1278.612115179669
17.180887670568108 101.80722798276534 872.344676459854
398.3379062492681 327.2181382774684 326.871705816473
349.9535927150517 276.42482918157964 915.6409508930304
80.33192208602836 599.338751903424 573.2072605176102
106.78115431836291 243.07377116338665 486.9113775907937
274.3583910008459 14.122947273001571 1356.6717513869928
468.3896041070257 152.88613368314645 1230.0839805779733
5.035397973407379 338.57942489016074 754.8323321567837
15.8987670345929 135.4445970615648 403.0524395706289
187.48314424315032 562.0355817261009 542.9412061076551
88.10518432759064 93.4531027454465 589.9687129644454
6.600858739368691 54.73167742826078 289.69114121325805
624.2987659923122 651.3290541157203 295.01134538439646
423.088635920063 453.09766336062677 407.9347528130349
27.305560962443487 369.3834971951037 679.1304351182463
464.77999306374363 57.40260679980569 558.3229854557484
747.1345977666351 71.33462765259986 763.8880932708108
246.76915146765808 4.877733369285544 690.7238342986096
25.8313686736439 183.93670344188538 701.225862063613
348.47522359520445 222.59908991928197 508.4235700543386
108.17444062968522 757.9177184895016 870.1176398217406
99.8582889350499 8.293166418779615 1131.972047387536
395.16111713531956 4.574445666562507 537.120676306357
69.70745098716556 102.44369920333457 43.27085177361034
332.5380260172422 406.5281664258432 793.3729111571835
2.7292776078841148 55.7961535788061 86.01552266334606
146.7469928618913 22.237699179808462 744.9756492064251
435.83974499052636 169.1180772046664 1257.8156338874107
27.875238872726175 433.1088555722489 1268.0072632044207
4.249616090921812 50.278445351339116 907.6896564362332
125.09302962824707 37.0252737550706 563.0082779473307
889.4197529030736 107.80309346668268 1456.042354801336
139.74581054281438 270.39565133099677 1308.730901836663
927.7571530270532 36.47807564681237 1496.3680470460588
231.4363696082525 33.00021182346647 742.0231403403784
874.4414076060891 115.68142703798345 871.8639038962224
99.45373728911785 83.35517963249576 309.2206688903713
9.598535979504815 903.1413182058069 78.71467995725179
354.49649796602813 38.83212754061576 834.6412321011939
42.81042298413071 11.95764531868276 929.4588078679259
24.57555307175526 135.942232416629 690.8504970391987
56.61081480037027 126.2831674054714 1458.6921023108287
44.78190159056647 143.46910716712225 97.85730741885756
4.7323333444234414 232.35029507852096 364.292245973461
34.17242125367406 69.33453917048097 421.6977335325002
625.7192083120711 50.26978840257785 983.9498538092564
102.39606819043902 31.78249819794357 1370.9696103157482
371.03825968194104 188.82659049798607 1493.3206750138504
347.1859155847163 3.4918315513236853 1028.161382143587
189.96422267173386 112.23066578056805 1432.0635010783799
145.04564663466743 117.35667899778626 1322.0268987560733
250.74144874797986 197.2197161279953 867.9166914098703
38.71817130683728 188.28870779646184 947.2575021685245
146.26550926522282 28.97130334182011 677.2811188817992
166.94022536810152 203.58266931074044 1203.2092420607173
62.40250744225854 27.183207623605334 1229.534211902846
20.61343560007413 384.95582728921966 85.43362565047214
164.6634798880401 31.5985570653742 1109.7633112307249
79.5065301086275 118.26952296811149 226.19567126649127
161.43427417156542 13.479496381529824 1102.0645532000772
131.0418705578968 118.28338850687699 283.51920512902336
208.40259149634258 288.35411661419107 1361.0763343538565
151.01974857189506 259.1846325318202 1068.1664373182045
230.71754282718283 559.8427190809753 619.0550281493926
531.2178185695573 466.30254247087663 427.541686440763
707.7650691914312 305.67467756964686 419.26836989319236
28.972671574286473 161.196562188171 23.62390882899318
70.57120136497296 59.156546350539266 1320.3274798264404
86.12988711804296 23.3435971682654 320.35452368501825
265.3709076490539 34.11843472864251 461.1741305193715
44.40136676023448 203.81131184001268 581.622612546707
119.03327225442655 515.6959798697884 600.0863068027902
362.34145395812766 534.3261980768881 1349.1888683227714
257.25468505760733 433.7403989150534 785.5818050098684
298.4210544989566 166.74897033786993 1011.5814467894386
90.23490681404908 96.05718904072215 458.422734087099
146.35022500796907 83.8030470156863 26.846424413333292
109.93216981375656 134.29851780248688 1435.0537208861085
38.191891347877 716.6119786284779 203.76771821613065
214.01458402797414 196.27759071532998 774.5300890899306
156.95760405513423 73.85123823313756 1225.2684171120984
300.68086719224885 362.21246844961456 506.800331605758
160.3781543423508 5.167608629086924 1237.6934049022755
352.7733845610777 336.58562664955156 585.6809662429437
182.08103947873929 220.55908776298443 32.34631007234617
29.459206022197144 92.67432970492675 536.5676755348263
176.3139171644711 456.8718746481121 96.36420414290959
36.964548080395396 142.15774793215562 338.7460266381481
25.19041833329586 169.42072365287422 20.85455804144648
262.2175708788064 18.830815270727847 1093.7595310903064
493.2415145338136 327.97042218496966 11.621513664964889
45.233186588921214 78.74123560598794 1269.8057159264727
84.59558504774314 116.77171313803858 977.2031477510634
6.787241437040445 223.66412734927127 496.82747829052136
51.15015294015186 244.7963322593219 532.7732940903088
637.4984704755326 155.01858880955768 174.83860031191372
562.4386292839046 141.7293449349468 1109.0652755059823
128.74059896941634 183.55637566014425 624.379957044135
31.216482891497954 107.85757744585418 303.4721561530809
98.80766723733753 172.30196851480244 165.2309313056331
711.6559146333115 37.71551441880075 775.1211595672961
29.89217852532409 72.34904847933086 525.1898615538383
684.5403481277518 275.68649443078584 1027.986125888762
91.78309576196293 183.4094067796249 211.68650479939
455.55854914269946 216.5996740776178 797.3316450859188
854.8571699474568 423.1742352574389 1235.8567962263128
449.47731459339576 5.025324415041993 595.2042574090066
369.40987915214197 85.47818323520012 790.1522147136218
8.271019384443782 122.57418794937979 1040.399336424798
380.00750122918737 360.5903503928994 1336.200034099712
121.52301669420389 506.7293230053893 874.7040342338008
995.9111035335928 256.9273739726048 607.276037363557
269.5472566702751 18.00186820778752 1003.0619448545831
286.2299144497186 5.768873376090438 852.5863511814924
858.8566883127154 157.5969826456177 1255.1538489659677
338.98857638142437 7.556623948414687 1491.075805336905
8.501100719190331 83.00372561744234 1405.0672903972006
21.340241367049515 22.164205164159107 1447.5075286898525
248.10875610575144 276.9770619254362 599.7907611124166
283.75389360081897 68.77138695774208 97.12309983179435
24.124865606142748 183.22338949268425 1468.8280825065006
104.37051248080458 79.20588445843642 112.76420193876375
109.48847409421151 3.220437722527838 245.04619495266112
67.15233019483438 168.95779626701807 1124.6878803070717
329.83966016947676 257.1476166826083 970.4614388849841
353.0779939657702 193.6800990526603 1434.561697111534
232.24640972837562 349.7255925002977 621.0784519653246
107.4897454474107 46.737619342816814 837.0342937508713
45.46612963508923 228.07591798157364 19.464997389627204
