200
5.002525353073218 153.31213581533095 844.31876784735
425.72461883113266 22.50305334006709 65.3263600106544
165.658936348766 744.1154663262881 702.6816407623975
100.67786083517731 4.8376492379731575 750.8990089619336
21.459999619184934 273.8044005043287 43.43681703173502
94.38374930111615 154.62220970825507 930.9705434017245
40.10413624280767 295.90953173710693 860.3989528231914
153.11925280886905 520.2811891640508 581.0841361674054
170.49914218303624 177.24690947766098 447.7611998135457
46.417531399497996 4.234181947925338 518.612322317807
131.99231948119302 63.133601642561096 72.34841575286238
108.9413517871991 117.38476338995727 100.67696611705207
268.4414269190584 142.3842140968952 691.0039075665808
146.0692500588287 12.374589213486413 1238.7024750810726
49.516864623833676 224.58405895499652 869.0521788208545
481.00990850946675 90.44820993222406 1270.5861890765118
166.0421498760282 10.612786339357294 399.2292662341366
134.13420142060414 78.4809007043132 807.0105588374048
53.37399912179534 229.59228142878948 1320.7140213185983
114.42581149506307 44.24075407845927 727.2906702477511
366.22650580918645 535.0656707533275 650.4995836318518
97.26050259060818 62.90791083882564 1166.8097719189832
128.29160694884573 128.21862878802764 901.7980128775021
36.73319506954004 17.844758381094714 528.7840647632587
761.6895396087746 61.8084919338727 1231.7229558817526
339.2933117072921 59.559786397582116 262.6539392649418
63.17695564117282 314.28846484305114 1033.1014115527707
58.88103978092176 143.4700251865799 1027.784385019935
96.04574208154776 150.23323347418355 950.7291096193684
116.22540945948141 71.33635682985889 165.63500369107044
742.8242322957076 70.91738901487905 565.2942618730408
101.09385496795626 226.61241417724383 1167.0374040711029
595.2320462181443 170.36441047616302 1251.598251856408
159.4156150108941 22.99930453105995 1096.3552426890483
216.4840328623157 3.2691360676573593 69.63384230577357
20.676630361849867 78.79641741300206 1394.2571072001815
854.875118602674 326.43330158243964 494.33005191483915
13.320917788837793 23.794424957767692 1192.2934673216664
36.24270860322639 462.63129307559234 110.24028571209293
343.26721915303875 224.63316022850708 537.6048172854288
52.976101710958666 23.262902784753145 1324.3048292435976
4.454035138181264 452.0879104927183 1273.3863985098467
203.5546084384625 130.04384091429782 1010.8529769109183
145.05170073512443 148.07881996796186 168.35307869096476
62.13560040309445 26.997971011173732 887.4529584802333
239.19686008748772 38.11816551575937 1313.4770861601041
318.25856971253455 129.20638777583676 351.6461507739532
63.61648147001249 120.1422283711501 1035.8916063252314
24.627493270939855 127.32544886874857 1064.634762803869
166.6443259524964 95.35362526661486 782.169871191872
3.743869777168619 238.52078358076142 860.3189223692654
219.88665400383874 37.169606227091656 132.59694479362767
123.8624946477861 9.2574675551425 593.5504678929603
19.641330885121498 84.0657172063091 384.30842949311
30.976396600432178 110.9387339295422 563.9063026572883
84.84608654661913 70.97166879857348 92.97920445237334
635.4462976247664 71.75646028474341 1048.9253471748834
67.83842061455428 100.24970633955621 884.5059722331661
1036.3370083870773 141.49467627896425 458.16636725628445
124.10031960540431 0.24971593487086524 141.2870739233967
219.9613232222483 59.385858502440655 1089.489908271832
117.14684851054433 93.7975870086926 779.9251453460554
295.47908428235644 18.015070924062673 874.3489502029485
66.93929133600956 101.64376704152119 1271.101146275081
206.38227094301334 132.47832465068868 1350.209608102901
456.17514301284416 509.8858144866054 228.7419178960935
11.596391916418286 97.87692759413312 1486.0218458547602
239.70439746893993 593.1969551068977 1306.4711134529089
386.4605388003094 20.41765910932905 165.90823893086775
54.721598152314556 143.77911707611293 1387.7824553873813
93.5019182597798 187.65488199331142 1269.1507930410805
181.88139562903763 129.93362080883924 567.9132633583607
249.28874167545217 162.06879337888108 1290.074077524356
212.95447370602912 236.08816765216062 1335.8613827712363
43.79667222917634 182.5657228364031 723.9941003900046
127.14018680277171 85.46119817074992 744.6467096278509
136.4261517184313 64.92670285901637 407.7265462638778
171.84507415988918 191.5512427865672 1407.4833890851503
151.7619564294858 170.85590134911004 413.0214229738059
74.18465417769744 0.15239540006093388 1307.4603706566809
100.36458031868192 375.2459083371326 512.5292044745697
52.69702709391406 148.22460806366746 145.7386121462909
97.67806842044475 175.2060945064346 1347.211224274062
197.83734734505634 224.3109442347748 196.67669170410213
38.733970585090596 423.6488305940428 1007.1905079619752
61.34015292285957 54.6230658055906 140.77992927132627
51.54655233166917 157.63087876398794 1103.7583921739454
92.6012106949685 835.2718308108014 92.41738971946705
342.52371351213725 49.25584387203487 1013.8085143181671
160.6827286194808 47.364081303895944 169.7933288127172
84.66770242392492 496.16742112992966 1282.077892154962
35.25423253119309 136.83430247980252 353.0805486105156
331.3672689672597 188.5243097865336 251.27077348365023
25.1203628588249 9.561413854630207 639.874090160674
211.1289537007925 132.62666777570428 19.79623635146882
89.74807365299607 433.8034860038775 1039.5817538556414
120.53176701368609 478.2299364895876 408.4469763127096
257.76560471349256 92.89590890944194 244.61520949929505
34.19124488694573 64.24118081521199 189.07392313932604
247.47608786760438 135.13149961453382 637.744354843445
7.0200319063988585 27.23498410755742 46.78093789370358
48.4854717598209 46.50385306134698 428.5312620075243
47.30984243008364 133.09957255270223 1345.3436185314367
23.224958066529076 414.7639899902864 361.4725552670872
135.5744284873105 125.03026659601468 816.9411341797763
135.35786717283216 135.9539962020007 1184.851385958432
15.611965701738251 277.400045682566 341.22922893580045
65.92750989785763 181.24429239693703 432.4690977649358
119.00195769187442 102.44799937929368 712.6099579733421
55.449167558187504 195.6430027838423 380.53238746528507
152.8856752937158 6.838503159376453 393.2667404031993
84.28950110141928 136.96238451627605 1222.4036440343673
142.9173184158349 477.656714478904 607.0382848176234
89.13491352934219 273.3732181963033 1208.5845047556306
279.5862326263574 109.07673812417802 765.4727343174178
535.1639638474173 217.74009079197708 753.0715254377639
93.43470215607319 9.892783898984646 1452.5958297869738
650.4496049080129 91.0218941520182 1490.3966374631045
59.729562203509936 89.1361715661033 589.1103179315063
326.2981939665151 0.6352361453257621 884.6388418037194
19.89586487595015 128.5723125908548 693.7671098261416
81.53737233010155 30.27986530653614 1292.5415515937702
591.3509172751858 127.57149873735018 430.57213817078724
145.6573165803032 301.1338436606551 1037.5009367306538
127.98804395689653 22.454713670989385 403.1645759123515
20.473473999536623 83.22837422737746 818.3348579172749
24.976297825083403 532.4493055607456 817.0579040392253
205.97639564170004 63.89315188942675 1192.9805722210137
18.153789525808257 267.30707252431813 495.4509333407882
122.44608134518235 68.69149244447118 750.6553381222005
20.104761062802353 883.90858385731 676.8889156661915
0.7590686707972497 385.38437554002945 713.5338263397003
72.47865520585731 82.96115787572072 1092.3785550437788
59.462549993711136 163.52343221009872 978.3640720958743
247.51041369781427 334.2676323756355 686.662702361171
89.75673473062724 30.242856501884958 217.13802777565232
333.20678632569445 62.126330738220744 22.823258626491594
290.8740811207075 89.40190084996469 1463.3597495555293
204.23698921638965 74.45695365660148 1202.2138435846787
323.79032852081366 86.85987890275125 1327.0961273789462
6.55955474505011 17.647947617712063 774.0359087865833
22.089662059403686 576.0674575640379 1047.9738698115323
5.17637533139704 71.94747174239058 1205.1256066497529
181.94589179571483 156.0449130195207 399.935762026098
387.91600958385504 135.2393910199936 128.36427051325177
220.09158749556104 409.92115255564494 81.45552871506911
212.38907469027507 843.2596122086842 1481.5145468545045
119.08519965673104 320.0766147294154 1158.4814172970832
699.219335008224 34.38713857523227 1001.9319025537267
515.2418451313475 43.880755596436806 427.6406343389535
1182.8429703240988 414.30835355521015 934.35043413993
289.7905203282919 276.3292102310569 195.1724571377111
762.6064079706367 217.81460547622223 30.21917896596188
46.71074147205289 1046.1951604709755 1226.5348625139497
47.842338500691596 450.38729320893304 1058.3861099773944
459.25937034790235 33.143392990930145 265.27113448946096
8.47013039123655 134.80785344432863 1033.0561692980593
91.70811551701382 588.2078351605583 598.8706673267596
35.135032556302804 134.91226766625633 658.7791066950006
14.010838080509668 34.88658015935391 142.68680857199385
99.78748615333697 58.64030213039456 812.2981895258371
170.15752516737658 21.44962133300293 1410.1123253287449
156.81471559621096 349.71025784775105 1249.679944942523
90.98748846652582 237.69783909117245 1367.2587056621076
156.19839186981991 312.68188228922094 555.695118907538
181.02838074968787 163.6568534827911 841.338708407209
173.5779002212669 34.10254748035306 1472.7947902646124
163.3152349429933 844.2689439052574 779.258523174826
148.04916195461558 192.28073310065602 330.60303726396404
83.2931014469224 40.96866785469194 79.74774227074616
105.93254071948972 146.9193406813082 1063.544612799821
48.91995099934937 164.10106085909732 659.5564119797974
467.16952784822536 54.914281867763634 969.964177648316
109.40103176334 63.63875414373954 115.87980588158092
319.2944536503606 38.66375018398479 999.821829567971
96.26113958167292 41.34165585533516 449.3753715177379
86.85696296548745 139.92076292090255 357.1913870888823
776.502269437694 178.81350253717972 845.7556791109824
40.102217713046144 243.48151541584326 134.9178583632165
55.53283288253319 74.97868965188609 1220.498041446633
237.8571709586985 335.66556478903846 884.9241703660978
218.3976646073375 242.58165764551492 1192.282140604497
202.06254730509605 358.75357776332 761.3423090316869
625.0571646688434 71.939322217155 694.8666594028236
439.5575608074545 231.28478689249715 466.63032836600047
67.78536848899279 53.001855160000154 1185.9665678503775
141.35022203777098 32.84106325777948 352.5259291978012
360.0589854991125 113.05031261615083 737.9453573773027
97.13404390229987 227.54767594104993 553.390483684958
126.9239113010439 517.680550820893 698.2532123897922
315.3682907850524 77.65640231167589 1027.2769489508764
335.8726347421905 104.19245187010571 701.5504846729666
11.30736885958108 664.5246540817608 336.7817654064011
27.217399773995922 215.57439035976 89.8530228945258
98.73786889720071 86.72149814186433 1311.5985271424959
323.9950691208285 158.8756392349993 231.66441979969727
67.60276816147687 187.9885352820099 660.404321394231
622.3226016729951 44.917466495495475 1409.3115862096495
17.345205891735212 98.55278906990661 91.10028706146755
378.30741707527204 87.54760667757242 1153.8591032086347
