200
116.80784359274926 67.16942056068822 519.7849299569073
61.78020212554996 285.11800906136085 1018.7084514694253
358.2614896450534 305.2077381169051 198.45471567216538
269.189031008008 27.14453836938226 1146.5841808499652
427.23254425824695 462.1394899021377 586.406575696325
557.0976336368648 32.172155232795326 1201.7096503365976
293.1675679857144 198.85598196005984 1275.2117527534645
135.09930074752683 124.8520625365976 516.9304007345586
55.595604934682385 38.68489165575679 1466.8392914272606
8.077131189608275 28.06038892329078 645.7523553358457
51.9814164478871 308.3281120418457 170.9201639132018
215.97037805169018 56.28168911915481 1103.031398071499
4.758199440596319 124.97102153938042 1171.9127057989606
89.08589316996245 24.054331521523345 1116.228428289968
0.5880276536217803 76.62273520794875 679.420527832998
15.10900017617655 260.7466138189325 590.7342880106452
292.0750297173789 138.36839443344172 1307.4906601433197
768.2512656722575 96.85838582796848 746.1109986564978
274.3550620483492 71.52574666654276 422.73405910277785
466.13553780674346 216.52151011855634 720.091387913757
24.494616053352487 20.782344891961802 1296.60925877225
470.9687163454428 81.98925384310927 421.81808809629626
44.82535652278792 192.26220515391626 532.6545795395049
704.5940444027757 271.57093865827386 92.6398316035999
14.72401936403163 14.70650493972879 1131.4946705461355
75.19107773616133 78.92432512393546 109.01618013686864
464.1530660300587 47.85441193503716 1178.0136964666394
83.99341883599132 158.9997540470137 1271.3554796964727
120.96794276567284 19.196032487895902 31.908332786194038
26.389102022537088 168.79032728295834 871.3007763587892
298.02920566329476 78.3486060933585 1367.1768954606587
25.088104806392415 398.73115512805776 549.199161615071
61.30991112358172 44.21876114593445 75.05801521429383
783.4601752411502 116.93658785230264 1265.1668807802673
87.09918362976507 220.3074376569833 367.04664575079084
52.967356920462564 316.82511901233806 951.4248657566828
224.9123282169579 224.77460550304497 769.5206299902192
357.4779191870386 541.1055642384406 467.6725783627179
70.77422742087482 235.7677039738507 411.7601859640808
33.0496226267091 269.4460136042818 888.2610959320265
326.8142626304312 74.02484341225973 535.4903695148051
80.6615298041428 192.24326286394566 193.58695571330952
114.58019526641317 105.00006743461338 1479.2155651885832
223.24392596054906 51.46725334663527 1450.9322561265087
3.5399515138913284 93.75830458358551 5.5186856141983265
120.86217480954838 33.95438505970069 725.6430937887765
66.91421635705946 44.060734375588 1093.2822861208415
38.595094364046965 551.0541076901334 581.7109620784049
11.634083317370576 34.12782350555297 1495.564006169494
258.53075492462796 210.72748282581634 1428.7722003997749
194.69328085853815 133.41359224681997 466.62838745335887
293.7442980974269 108.06622859323534 156.543777307062
901.2624360187178 680.1862779952348 428.11495360875205
22.864103974943546 433.48430957456276 113.94086856145047
20.622685658337403 128.27539128896922 873.0068626114518
413.86796516830987 399.610725422767 870.4329007468375
8.354146611558459 145.688021319331 717.3148549334283
30.247114604588592 546.2745021723994 1498.737184055259
556.1004588514297 61.165015868513606 1231.453837698505
4.436174368334889 248.40642981315418 1114.8372093248756
192.3770916266059 327.8328008925287 854.6802868514758
57.55420609044699 75.40875668980429 1474.7917865330987
24.174667731901593 206.63047965329523 405.4320779587236
123.56538797394907 115.45653344914071 934.8878477892824
416.2645160964529 206.2510132571838 81.2394759163042
606.851027805588 59.845611808161166 1320.0739452415899
31.076473124176353 80.91461427681679 912.1874853065605
144.46561634247496 633.2107426106256 931.39495246549
136.1158726613946 87.19220602448529 168.82082660701718
21.68290378391626 356.83300304957186 1415.0534695286017
40.95861252129333 33.107807630973895 17.655327418309884
9.65882187605782 99.74799715565447 635.0768335733267
183.87095082250576 52.98233228418702 1110.2895387798972
91.51511095657321 81.95195631297553 674.9284025344755
135.81026816082215 655.8256557651054 232.0075149758647
69.56363549790217 366.0816413214032 591.0425595084183
268.7441205148364 121.15201451654971 1165.654267685103
157.28302180400627 238.59051993309657 1454.3671578946253
15.385648767885618 0.022819260318025947 500.2537577909966
813.222122774528 230.61408977596608 697.2094065974653
139.5154387252519 557.5165061921402 1116.3972907505406
6.762572156861438 245.28486886584756 1352.587353661417
308.1099729203446 25.519770102490675 904.044891615932
60.31339947726757 28.82189803123303 975.1700974684121
191.3807289887286 275.29638584001634 373.41657197697606
35.2295671767217 237.68792054955418 435.6901494033894
36.321122506372 17.807878711725966 1366.4833938720146
278.63800726662714 63.985613596902816 1.9480007378679387
55.66227431250067 156.159279546712 134.08378488825022
80.02902228777333 28.576143927156483 1198.0673801897801
60.10367698102238 148.300899218748 346.77275281354486
189.84330357292555 761.3267808154544 1077.2426788645882
139.57849837949695 3.9732568462026836 354.5085204682194
47.413850201465834 83.7781398847798 1173.1925936754023
142.93034686357075 136.8024414530651 1288.2210109701514
271.33908885853833 51.032107865478395 775.0661215337796
81.70072345276733 243.769806414266 1119.5215387408837
27.159564453755703 399.01299999511616 930.9922734659995
51.000041779537185 238.52476495928943 155.51744330164712
472.5543910605321 127.83619314813855 977.6647475474265
19.376627072779815 376.13711408138363 297.71746077357585
302.04299814291466 69.74036755001245 1231.449675291165
461.36469519346133 111.20378306897092 676.3418203817865
512.3004639502892 99.13071171517075 677.5843262194121
40.09196147512144 858.5495973334654 1426.8914613487946
260.7703153421506 386.0121278039756 216.5848363586494
46.66521914416083 58.93180781456704 358.93507821428886
92.38043029100407 300.63254194891766 47.19643741835511
56.08690202455168 12.653221471592376 304.251585007776
460.41113260226314 131.51817959649708 1.7252217969591088
151.4541747480101 43.67912784641716 1188.7773680809419
12.848958630489607 197.8539370064799 1333.296866017792
46.008261967732125 49.83901125698863 445.9093371993652
1.0402485443734018 67.77219849986629 409.3509073069078
517.892428258174 345.47193154251283 94.44490636240621
325.487458329515 74.86552178111751 284.8614177485179
126.34523894592151 30.901927853168786 988.0436914151852
134.23435827094235 220.20427938052123 183.82199763469202
16.055681527661452 214.5552445958018 181.86504372262408
26.18186209291996 169.23844782830253 234.76552103391873
141.9690463099064 124.80637853210384 1377.6740068339948
318.2338023022725 336.7618130131946 103.04781719679612
985.022838823007 24.911608744820068 743.2308175118851
114.33083195344169 227.61993784212154 1095.0171268310173
180.7927776019394 139.4111691689345 1427.339756646996
155.62492874116748 8.782541025093893 592.0421801762599
58.76042227525463 11.524012519277202 1027.7510335264437
191.92644720332822 304.8046733425704 94.03981559029123
59.751165283623074 85.87467420994497 354.80158411884315
107.91069343978279 164.03045766694896 1436.8536245471932
195.76883699876942 228.5875554789718 1122.628600597969
2.395656555825114 33.59655292758088 1294.502430099018
21.348089420901626 156.50282202819292 494.97679625072595
242.38613313354767 79.54888486681841 1010.735941847513
433.6693865207268 38.67245923763596 966.1061797832945
227.51417955891804 480.9433506397622 312.3881999657615
28.198095749966683 25.951983016775493 957.6477383072036
281.2688713103689 97.50995401594523 1214.4511871571672
560.4876392096727 88.19457021206028 1264.1338043791332
798.757356102034 113.54479805825046 100.56875719116503
1.3490936029020377 35.98945330093958 1225.2463067544281
142.16260801378888 214.44224018757066 416.74758243174716
108.24747216125647 318.4586990756891 438.1382069560868
172.69529184514025 401.9772202955363 979.4241196702421
8.513386908382522 10.975497949940523 873.4041530483651
266.6439089651924 209.19184714075078 1021.386129247938
32.51407101547387 36.83622931715053 1443.9981583094545
45.72145575779888 126.35327642954495 968.4138378353254
227.10971423605085 116.98887797505823 1106.5789355903134
230.01402160820396 102.7360115665089 827.9986904105895
306.88425449486544 68.18800282623513 724.8187269671939
311.0023442661811 1221.9914916392104 152.7543101712584
268.3981809968469 988.810892864059 959.0722232578553
77.6509818695176 98.14568357200542 426.29349261870567
658.7749586718686 351.3588359001026 367.53846913034556
198.59664265539854 182.13308225202735 261.1673779567673
34.84687422864701 906.7937058579821 594.8820649321414
412.74002065639763 218.97386518369467 1180.4208288536104
8.5456138944115 5.849092506566523 207.35858630525595
75.58994211605167 55.264083455780955 898.177684563017
138.43448490947083 26.067420265640813 124.78521798818898
128.95264407008997 293.49622896763725 1483.7900155473865
239.45900317367315 21.90842517410721 129.71684678122125
120.08985640508891 106.98260583548853 172.7523577913318
29.483598541696793 244.94863867773083 1254.0943286102633
546.6345186049795 104.66691361375801 1157.115638010107
470.5704473801066 147.71796010964252 678.5844122243776
24.459011712688504 2000 1396.387647395634
16.03306937033904 57.9581641295436 1214.079313809918
319.83914118815153 47.24700098669347 1065.3979954963804
72.90027301118323 150.34395585499186 1172.7596258806675
55.39882243858045 115.32588056205044 302.7165429563434
364.0378867946277 101.27083266282683 335.0747417566207
297.55135331763387 129.24551757445852 1252.4131509814279
91.73513200268437 271.4120664199975 1072.53811599214
107.09353599474103 73.6842980267734 947.894857009938
355.7999529135949 8.760963612252159 264.87390581588363
167.99533675499157 279.86807508265355 911.3297663965424
30.549213692366052 354.9662191593339 679.4042097027057
300.32479589659505 115.83307594491905 1310.5934206227412
151.3907094707988 101.2953315103434 688.9145922746917
131.377289849201 440.7818291101008 1438.5264108150677
363.88588972757645 95.85843689906913 946.2646822353548
45.76070796076655 443.884670960294 1262.6456431582483
114.0738576496759 226.93122635669147 1201.8047944163086
37.171300492647426 79.79787006052413 752.5150311061475
9.307849919066236 53.34108470722987 1251.1851584036517
232.75788292636025 75.58195025763116 859.3995553858759
378.75416941504454 127.96959167078047 456.9678938982621
616.6777778350821 7.693371220482023 353.68641635864395
27.960004254420035 296.5452371301558 451.7485114377369
57.13892650541222 44.02088244747964 954.9302983086462
547.8461533780297 161.88890174977809 1290.1904961345003
187.95404804026515 145.6304478530021 316.7423987168485
204.72616076770402 14.879552914746796 215.9725702449312
102.5797244085894 36.28477808859877 1047.007341001568
263.87167783451935 155.47447665076083 1024.7693988484875
152.6426123330396 72.2194365545604 1355.4732461358376
769.5752363038836 1.5236037622487466 748.1460825632571
20.183694503618803 443.8719358754022 366.2268420100453
