150
1721.9099752359004 1593.3202249959536 220.5407213169716
1230.3708072690918 1801.7384082429185 1206.8617707987582
1655.0019775377586 442.53466729740796 820.8040679807881
112.08507083541241 1188.3246715619184 560.4721649969008
535.5484831410995 1903.6810664947286 737.2913240805954
1471.3438233632205 587.3926803250345 387.40704932329555
614.551118755369 1644.7137755376225 1492.8341430758235
1773.788793544548 55.24394071744388 1492.2894407820652
1526.7695443046332 70.6266771577646 949.3767154933179
1860.9483583928627 1178.9813692347311 270.998117350918
326.04534772317504 485.80939119651447 143.14139556094412
538.6058435409218 1718.14107843227 1309.350206468966
1653.3559277741792 900.4691244672966 756.535144582121
1211.6575712038061 903.4342395199812 337.96690894078495
1811.5574464849462 288.0806082124694 68.42450540350569
232.15957140461518 1287.780328774917 1402.7781902438444
1462.4120517715844 974.5386297542993 278.13147302322244
68.53520871080133 500.82780417751894 865.14226617605
881.1307437780509 1907.8888332275237 420.1688173237279
11.479513896626825 1532.5581118027203 641.3990138366521
692.375936249183 974.7930335305228 1022.0319081426952
1092.8804567895904 721.3539709374568 652.7778813966717
1002.5311364479155 217.91163698364048 1236.0798970834
1467.2899294963352 640.931519569937 676.9255641056469
1883.846675688095 166.2511133350495 332.14737452484513
1544.9557590296017 1304.6336881554912 845.1369530143041
1825.0999695073529 1523.4862524820735 1366.396303400499
666.2890488955337 1661.0079254353336 1142.2442869087874
1971.783515017999 584.48760355412 1267.7176835213274
894.0434042041771 992.3089513525787 421.59474869799163
751.7394793449188 172.83806171511972 56.870981402361906
134.1588307676156 1992.8755380122104 368.3546424817513
1830.3096395227726 239.93374192797035 1121.9062185697894
354.69549095899055 907.7628392808455 1239.0880016068875
1895.7436562793544 1686.63226512383 1268.382084668025
1108.4359854792147 1962.6520098391702 413.8196587410526
1671.946217222805 1215.2686570155447 647.8315432760293
924.6106670501135 210.84834637538253 1077.1506814554546
1107.9934912921276 1569.5384059018077 2.395587828060597
546.7271799719229 1232.042513682269 952.2684763394088
836.5658868058634 713.1259796122207 185.0142525856548
1222.6480127485747 1319.0929292583812 805.9711929401944
858.1323342472587 1802.7722728268866 1494.9805248964124
1138.9629211741403 1026.2919363587246 886.0955974845762
1812.468911319827 1177.0727445150262 545.6690637571406
1137.3879996547444 748.7904375017249 1095.3667704661013
569.4152642699912 1486.6443641386538 1292.594940194026
916.5907875579607 1801.3482372772455 1178.6069076597075
52.9506786631595 69.55493914321909 553.0673069188585
1526.118036964648 1885.343033221168 1341.5757654165002
1674.2846133121343 169.75833771164295 525.6976043950243
1706.7015202661216 93.83754433754787 1390.3755177322435
206.2866704508537 1955.2682848152847 243.54549787963364
1543.3635759811514 1100.8382011292772 84.1138417034838
958.2497179292843 130.0427950540113 438.00959287964685
1782.6298005996325 1854.4149083466407 571.117579428498
1597.8300349550416 129.7909295099613 1095.3699131519927
436.2620708106479 1173.7984537827363 807.2725782344439
661.6801299958465 164.63526869999833 623.6277703316365
1118.8312187877839 1323.3832536066934 388.6348056729659
1907.6970622645254 164.32996531097976 1100.6018224856716
464.0540508898769 1475.11703892197 379.9150724787459
275.4101190838669 1171.5085684756498 1224.4310049838741
785.9813425733003 1630.5563168970486 163.36138151122998
1360.501345046009 1819.932640801886 1206.002837939579
142.08477974070655 23.963265514146848 304.25516346443396
1277.4397783739155 1948.755748391 772.072352195759
229.54352711533699 917.8781822477422 705.6363328558866
1591.9028367878775 864.2114459422079 278.31798735625193
599.6208291938026 1265.5443530302432 432.83838928483317
178.8929125175831 1870.2563951298853 630.772640734649
240.95552559182298 1067.2813661974237 548.8768328227264
628.7838310213511 1955.8996164186465 1076.022934171472
1541.7154964322485 559.8779237780523 152.9650958889755
1418.7305585710824 560.0868965356287 1007.6816861705018
257.4967511732034 714.8178245774463 712.6780091268942
756.3508685831197 977.0834525817538 747.9246602515163
330.98649660011216 649.3869537809851 1213.9062343495928
173.82076137230683 288.2977373553821 1489.4507802882076
1799.4647030828164 94.39709769970017 1205.6474765532516
1585.663366339639 1774.0004191867472 545.9712818812967
512.7796666617838 296.336649927565 1303.5145764165911
742.6376324968634 1712.6868518160375 1054.7017624294933
1349.6206683666746 448.98125012081056 617.237011690251
360.81399239392977 1954.8519111902083 590.3089170163614
1019.3631080126155 1434.339747948414 624.4839353502605
365.391343682953 67.68167686852888 926.009069371431
837.0168895499461 914.253120859616 544.180560470276
389.75986294137255 1354.8344694482985 302.6157613973228
401.3141857864628 660.7970645603873 1072.6308942222215
906.8598082711023 1775.2290298731773 831.1165473517924
1976.1599946986996 1809.0591794997777 1403.0035483961974
1226.2626309746536 723.2081701114586 281.3113143293273
348.17002991537225 1224.8408358364288 1324.2526361580988
153.87581290120477 1079.4056690253362 369.16993259085933
1329.5956655498824 465.16097867591697 1114.8496751685573
84.45318277955761 729.8166399170916 273.7942064987519
1508.5687984289946 816.560866256743 222.0791540774667
913.8481410603894 1275.811981850475 542.9344127882111
1911.050639721084 1188.1801067664414 1282.4444210742538
13.193299901012479 1248.6272678903777 856.9288616683906
823.7795367142951 841.6878834949384 1225.9068311788058
1579.9939474033492 1299.331277611158 1447.665032108007
829.8902444932088 69.39790684051262 671.6753640375653
1427.6665020845398 313.6426430364423 67.12252362474175
877.6957609810083 1165.2129717686962 1395.9362890961556
1141.269018280883 864.7904528618074 989.8795826193948
1719.0982676160056 1867.8825371164903 1125.6683639240473
1275.4530731159 799.8412044311469 915.0779988477698
1386.0181666087408 1048.09321605926 829.6397232575838
569.0998812543777 923.3285131073052 1314.6275868387231
1289.3251784838062 466.5910041662902 69.12130574417114
1257.9702820715895 1558.9740780049306 1497.5229702144773
618.8657358852228 1477.4398672050738 8.91619063389526
1861.8343959601536 1228.5752980387615 245.8046477767915
1160.291015937357 30.19493215790603 399.7888974825572
39.3339767129568 1887.609843928451 1007.749189239103
881.0283292190537 1934.5239663679813 1142.9366017320672
1601.2301667241543 1666.802352453096 107.87188565650469
1185.0315907297415 1640.822795611727 177.89775227531052
46.12548435028651 594.3002667928674 609.7488027057672
658.4682139795368 1485.6816872367658 1103.3759201757116
1926.6694200615098 684.6707358897402 476.5594950611375
1604.6705216393073 1158.5110947357487 147.01163467655348
102.3465308643201 1753.6766284195949 1340.2859463199181
113.13236948913242 1553.1631863417224 780.4414280479074
1735.7975393103923 298.98234561852877 92.00679447990872
430.57498306129037 1420.3764468780728 1354.4156846296557
1976.9563556986755 1661.4264390315423 1079.2759311673117
557.7700098892267 896.4145974452147 1258.8834485660566
1898.8217293185621 1285.8275449742573 494.9237984056309
1166.7273782456787 1434.0630857211086 1424.5481899171473
1198.9830531932555 1437.0577316564697 647.2992965799261
1304.7432860448598 374.3998602277463 353.9622236431169
1139.3859094309641 513.8746271760641 576.355713362594
667.4732479809 507.68995573039797 772.2590653409368
422.64798025974846 255.6509507783502 675.7769004012882
353.52748509263046 235.93189789145862 479.83547890747866
1623.7921946366669 1018.2951961795715 817.3727480780675
1171.1115541996787 66.76861135841494 1332.077472895254
1141.6534122743697 202.67305010327698 989.7782985080065
645.3424658922357 261.0422165269155 1416.861033037783
1199.005170574491 774.2958541866763 1142.2817419560158
595.2851651817653 600.087035677513 120.2602479695249
1934.2011703726148 613.718842565959 888.5135145530672
1163.8203380950165 1949.6410002216119 683.611672593063
300.6820896915632 1501.7373799874865 1415.7977306536006
901.1816094659995 930.2797263661182 778.9946448173569
1342.8970527562997 1129.1519022296125 1001.5005975917674
880.1997003996871 1346.4889087019303 339.1040333851179
