150
264.981071634963 823.0624277579515 869.9450998887028
799.0696692533437 645.5043476599578 149.12226403535422
777.8522938636158 1138.8189167741077 905.3307848141798
1595.4073962604573 1976.0570888398672 1423.1025625349241
430.50349544835 1287.2965583726207 458.5719504253104
1779.515877656277 1723.5211298559122 434.7775507514453
1036.2151120556664 850.2700023805052 1258.5885907248262
1625.551364135723 786.1685112793424 852.0607038978984
1309.626533544435 860.7929966611676 1132.9635453822254
1196.7683153368669 1399.7563988280508 571.4853253575561
1958.4667984696857 1008.5897682798881 1107.8875504163495
1363.0808805289496 1416.1715014379395 1375.4806707751202
641.8103989357224 1228.3170238356522 904.2960322664522
558.1735288017369 1827.0507586121457 947.7690096602489
1948.80472850223 874.8859811851364 1275.884663575485
33.84433473170101 1441.1208020012036 1095.830118653937
1828.4764734397336 1749.2473078837363 532.7263323912022
1769.7291651121593 223.87371626204123 737.166704668527
1599.2201959068811 310.2234271088382 772.3038956518121
997.6124531532599 315.4213393049714 565.2138280913013
694.7993035742572 42.133064308564 428.66754625813087
196.52056037324604 1973.7603966051454 1325.3238559696356
403.58502689037067 246.2218931863247 213.86250581031157
455.38868700293114 306.05881781369135 1341.208477914403
1402.9948554793282 878.1908288845494 1081.5931589434476
1147.370608609034 1192.0206859744287 951.6237297194605
1197.1733925004762 678.2689135827362 827.6568069718716
1442.4757312943418 1769.336509212421 1203.8772481580734
656.1637423076947 1042.3486089563355 887.7143319991601
1630.649536934658 730.4075554110225 771.0795015299041
627.9045379976054 1538.7812440845235 860.659437572897
515.0816719757578 1990.0384184477139 1295.1147615912732
1159.5413457419797 527.7062534276031 386.6064369283451
594.8601748791997 891.6797094165715 966.8753133536726
232.38303679114946 1131.890867479495 4.848711240150627
1906.8874751701542 1857.2555120235832 1321.9441676669085
1219.1051563336775 1568.9981530952075 849.3316429493206
710.5294972794844 700.3421422579959 693.0109545521038
396.66358624880417 1053.4433684519772 791.569495326128
1869.195463409089 1291.9781243892567 561.928421636483
1389.444943483664 1627.8627200396556 994.5362655303438
1357.5326793979298 277.75759559359045 850.3761582483598
147.63109723721635 1279.161771019843 1038.7163653624511
811.7145434496477 943.3431595259271 1098.8395802270725
982.4301387270276 1106.1355489165253 334.7143476329175
277.7561819791874 754.5236427290145 154.65767320481217
1499.6534364032475 874.3998432430901 374.25743072562824
451.8723415234951 123.8065131005186 1423.2350193681893
1935.1440308127644 1159.0780022768445 176.29466694250013
128.69440253061094 283.55693533457304 1273.3889673072476
1168.052678005403 1650.6718227182428 1256.4956844663063
1590.2219187576186 1361.0702001585535 1346.2133112957677
1112.6019402569584 1045.8357685910414 427.2663298782993
1246.0770044130356 1646.8066335825997 760.8802606633395
1786.346479141919 777.839408572887 552.0321819665834
1774.8780190625216 1025.0515290908695 293.5238675636373
1143.3793521710986 972.9157325168732 362.65694021342097
1406.2738912394418 598.8086602630278 730.5170702592185
1811.4131787560889 324.679379551462 1000.7856573066339
208.71103353915998 1126.516003167815 460.7225126321217
1178.6916904047184 547.5110081199255 1148.4074275892888
49.35802764477759 282.23499849090786 1422.605388071291
1486.692268204367 1536.5621622985764 975.2403232959596
1969.100069055986 1216.0623172525918 281.44443009759686
165.13301249948165 1026.5224721028478 1142.3191971091376
126.49114751238754 1658.5125666228355 661.2709445473266
156.43922500736474 885.2640294548537 851.6605660124973
185.37996995900906 816.1327184265914 1114.3349376767358
1956.415867584899 1624.6693692751753 162.95106787070773
1563.0224121753695 219.70000088478338 1430.2469120595135
1896.665386424584 202.0354554220869 133.39606369407642
587.7651276099849 1984.463184171709 587.2064497685867
1070.7655326447555 161.37979568669158 1219.5433396387089
783.4834273720032 1953.6344869211691 1056.6205200748523
1151.1540364131774 411.5000180603308 705.540530603725
1973.9124425066957 1791.0570479094647 491.6992414790922
127.46867202165335 1189.0034688913004 1449.5181037972195
1251.3057412998876 1869.1880221710685 1304.4912644124774
1018.3294179364417 821.6991089458745 650.1252473348037
1665.5511992650033 1934.8654022088228 961.6602146640364
246.38756461467182 1263.5567222196287 918.6674902279424
1398.6666601550928 475.4797284857162 74.92317455132269
1103.9418578482296 1171.712650231605 545.9772804581878
1885.8278313573753 1581.1920838405001 884.3147233732569
96.73329721356016 1067.848529684716 1113.512682543091
1716.9933095703605 806.132025385546 426.64124490151676
1270.7606886219958 992.8765941227333 687.687159769138
486.37932447967194 584.8201918296483 564.611046650844
1098.792107389908 612.2095070512332 1310.759772654138
1513.9754637672343 800.2869733380988 811.9336321989465
1725.1380467132044 1901.4165169005032 559.5464218344712
575.6264511657512 507.92702213508176 774.5582562006931
1408.8319641462479 1333.2547855070768 1049.476642106539
116.59752866486662 100.01152654480161 982.4473894229986
339.367584616592 233.2490254092383 657.1989426046885
1897.104232387611 1596.0186598655525 516.0779897268759
1031.5657689468337 615.8358269086175 424.95259901322595
1965.9247831901105 1048.3279089179632 348.3049669873247
948.1667241760392 1559.90121979046 1286.4095414222538
1898.363029686118 1533.668542588553 1355.2595441466526
1904.2450168079818 1756.879516552219 1234.790468486626
1708.992795322976 1834.3128753704127 1480.8685660911185
492.72241156605844 739.7195395032121 444.03288715717326
1392.8472692437063 1521.3731179286488 1313.6167344728024
551.3132863064649 676.9733559018927 401.68254649236275
10.911571736647918 1427.2549529908817 274.2213980638581
1431.0487186132325 603.4166456976551 1064.2455636668358
314.01647176085487 465.3758930020231 1324.9257942681222
1850.5316342334004 3.6269993881385965 1354.78190797421
37.17660478064167 1361.7644747935892 1154.4266726650249
99.81827308569491 414.53234180930656 273.75322144048533
1635.0514710075443 171.4261792677474 685.2726115728744
892.7348657661722 285.3176218678879 1386.9424725798942
1645.438828916371 182.31578093110755 1151.1197509738029
623.553905531488 453.7444685522758 173.75338156843728
945.146984513263 775.4679373797691 910.3061173518114
1236.7584649592693 1872.7200810250013 1190.3479999916694
1380.1971142823343 857.5042120157941 1497.4169483255753
1846.0168521480864 1678.4274358585355 344.57169526673016
496.6053237300041 236.54751568452892 100.40807360192943
977.3575509191579 347.82838616090106 995.6127967394366
127.49578285162721 1682.4504064576547 900.0610043571658
1731.1667414903097 626.6917398441414 103.04497139543139
1129.692399048687 50.21318580135925 208.9235684237003
675.689894337621 21.692136634013703 729.1468333381532
1184.3049504996252 558.5654665889704 1470.0328987495952
38.56875646276858 652.2539129079996 365.2816494328426
97.17297157579164 273.3206221911195 1160.7997902439004
997.8032489311619 1498.0360810372515 701.7693223272186
885.0575421106881 42.83262749486782 611.0177058218205
575.029140387533 368.7676385128409 548.5929564586053
684.4337883620042 971.6156701055992 655.0906871162462
570.9864626191754 1708.6745917089197 1475.3361540053088
1683.0716369392817 1515.6627719892879 1490.4918058039161
923.1600040051025 1094.6293400641403 99.16632215828969
1367.0049535804014 1819.9196419710618 1164.3152316848525
576.0913974859396 774.9684547313951 75.67671898598755
1094.4565140506334 1012.2206082052463 97.82585267175159
629.4295266003822 1935.0529449914693 787.4093155596164
1611.9997645718872 32.990784419992366 57.992488383663996
749.1450130168131 1913.8474057918609 913.7452758901445
1415.4113719808718 1514.9573638135887 786.7607403795838
746.8309342156618 1682.232530411597 677.9452741270271
1270.3656828177707 251.2347242474362 895.5498854116835
1048.2151557768643 1475.4874597988753 634.631644830098
10.496493413516772 1726.604783740609 347.19508480594914
968.6969060319352 1334.7706736665368 1035.9475306994862
1537.282609336321 959.5161991028602 627.299629438171
1197.4468311701673 457.28456182056055 877.9928357347145
109.55651396805455 492.2820794905518 1383.0899506239693
