150
394.03981598687966 407.07929493806347 964.7528371415244
597.6228320807027 636.829048570362 1029.40968035433
1288.2256595149543 1733.459145144548 92.10345735037085
1844.0665790937749 1511.383747683319 141.31394239832161
1657.3219095655145 1888.0856929659708 678.8711396315063
233.8458146543274 1840.480928651379 1230.4012643967963
618.7860189573433 1792.6115625634573 886.256897790874
564.2344059608963 920.2313089520982 1431.2156334020415
1630.9107217407818 1707.518678310593 707.5164556809501
1114.8936561205953 1410.1620668912458 938.289991334991
478.71035828968525 960.5687657273412 65.6451418008881
835.6296654393733 1273.0948578569664 1098.3026300832748
471.31583632073836 1006.2856308471693 1429.008823333674
1591.078713022178 1941.9637812211668 624.6767268551888
987.5033181580815 462.6454383398244 1018.1581049267168
1734.766042764366 1048.3436081592438 1378.1222267692933
1247.963041216204 774.6352469207793 1309.3976125446648
1513.1075799692355 1702.5881595809842 698.2411988465493
1097.7495674072077 1720.4293615880706 223.0063624900111
659.8792727242948 1842.958760660796 1042.235314649061
845.9092335640765 202.1261800416958 1413.9702080688025
357.279505417907 1563.2605415002156 1026.2883489818196
1682.8763802675771 891.0975555861909 253.9725182003807
406.07859432239326 1465.6935867872724 752.3565869123989
1161.4414334928993 355.3376593509301 484.9530085406315
1741.9434668097851 1133.032405360472 951.3331141869045
53.39363782923989 600.5562352740608 138.3818111141859
364.5979339879992 278.2883403987073 407.30548090159886
1812.0008133554184 1360.9869797517576 798.2604455599617
1184.759300769363 921.2054217726982 891.5554544124766
94.9094836441493 951.1913004325592 692.4359118077672
1544.3148726880381 677.7126857053959 1422.8582807842818
199.35186415124062 680.3123083436975 992.6650977584532
271.7851258320903 675.3643938619898 924.0868594104004
1142.318797181004 1481.1829415551895 193.64997957125846
865.4262376173256 1101.2644660063752 549.8212588107358
1291.2617815568472 1920.1496776463787 1025.388565761747
128.97240983253732 995.5597427591824 232.10202288146593
1615.7625080581367 1345.3042354196896 934.300985573008
109.99206479146828 677.791339492561 1054.7518886301766
1318.0097195233413 795.2330635790053 1205.9486036340934
1649.4100099336329 1178.4244075310464 271.45511321325586
672.1279858455953 1272.5429439999943 403.8441490181105
1269.3663353788781 1078.5328973959718 231.31053499610465
792.5538288494016 1833.9522102052483 1140.5801197276323
946.1480354668377 645.4433410648779 812.0568941844432
900.7239728085173 1599.803460792719 1327.6816340368803
644.789190354925 443.3856843450361 439.3307597419696
305.77364710449785 1938.844300835243 983.3068506804049
1560.5103366498506 927.4947111435828 1089.2521669327984
803.5485221763414 1586.8985674188725 447.77500256372537
1909.5319343362455 697.5381085235879 523.0967466535369
440.64594851261927 1731.5715739794632 599.2340633858736
918.6348915599034 1860.099624434879 306.18957262146193
1913.0296822816397 1986.1396382430464 1092.715438355885
1448.9636351369643 1440.7242525503682 741.9882988662423
368.41655475836046 1331.9962992856158 551.1560734061197
1016.1072016236001 185.13470110165932 780.2388942468679
345.6825222500897 621.6522543073029 784.5614744645867
1644.6317929401816 553.9691557104007 960.4238672468741
1319.3445059669539 662.2075978377549 522.4392943374138
473.7414137728839 404.97640925891744 589.2079876276417
1304.9958482031732 1657.072165351546 138.35051458083785
1632.7301390652099 835.2318379498853 1441.3397642379805
660.5068641098652 1737.8911465738963 209.89494818594395
1648.2458130452246 317.8996385497406 640.8134183867213
1209.937182860413 1127.0769993986262 954.3630621277572
1548.3780671568577 1358.9956924609455 1419.5968283029517
387.1644964539118 1957.6050360436063 75.32236883191578
1262.4592297751421 896.8632429143233 1313.7979545241765
1056.8262732986275 810.5413683565046 159.48165435140947
282.6932214525284 1915.6600648688805 1318.0144139827391
1.539649896673767 61.9389409049349 1222.0303325999612
404.79256184282275 906.6128561897428 1400.3503143162616
245.73452210023805 105.71478132567358 129.6990267576568
1255.3335447794432 1545.8244636504392 949.5751585712421
1842.4805473060512 1868.6250138667613 732.6070527976163
601.4841400927075 1451.1200803023914 1049.7324041035745
1497.3331538380364 130.14978168020176 1162.154934492691
1021.8022062695289 43.18477957676037 1008.3370312341668
116.14095726244611 1364.7299654172239 898.9240519658625
706.7528089800335 1693.6862290176769 248.03191251403834
1361.4434993134478 93.9302739477017 562.5443668602097
1309.9574015382025 783.4396653697089 1174.4734147702588
1573.9114172238196 1048.3134589404367 498.75523907149085
1311.8153902987317 1205.2470477932466 660.6996752110549
746.5261094388858 1965.278028930495 1011.8332198630783
495.18365957225586 594.8859276890877 752.6966119727401
490.29813026087754 988.0669849648081 473.08363122284413
1919.7402642832506 49.89129267563808 1305.856692810393
1702.752179421311 1621.4847417371072 139.80235565676307
1693.1426609984835 203.36866804344788 1472.1538094602986
1849.6984524056193 987.1045176795734 1083.3561603726055
1432.1365122085003 299.25020406616267 397.0220719696267
831.0546867682773 850.5848575771 172.49083808464093
1011.3887548430989 206.91550612974342 657.7095278392469
1733.7588133419063 1312.4543450433741 16.525388752987645
61.06903374530104 489.0775654566144 763.9505543114575
73.49685169612252 1849.9789951250775 114.404939647623
1431.2956453917147 181.05671525943424 1340.085447704024
144.96092184613184 1132.7339431217363 1407.1279907675819
616.2849169640259 617.6065063444638 1072.2355654215692
950.9015872324851 968.292376800124 1121.49474450279
1863.4819090149979 1020.6274166435634 840.4351633234405
1959.338522902256 1292.9681678298557 914.8802748942032
1867.647273408653 1915.3516049449545 64.85583493764041
614.2567111731072 1754.368584404582 439.4006527652524
1433.0827030388525 149.60381543026546 549.0422422581597
1655.2321410098286 1684.173135329139 900.6034657293594
1948.6856956770182 1809.2545046840803 1006.3386560751238
1178.9323147371515 1029.2657463560586 1372.3045615966184
533.6874506496816 1022.2957578688854 78.11109749852618
849.3159753057209 803.8179284121798 1389.512512374617
1685.9410607369675 1815.7941551491094 342.2961903798994
590.0850791347164 627.3580540121015 833.172793351156
1877.9372089189555 1163.4629958846872 235.1215918597922
1284.1123287103292 1317.7103628993395 153.6918185050472
1891.1460186573397 1436.4658604301019 215.27095415214305
225.40524096803827 1830.2536563379429 879.9272263531036
1096.9635448285937 1673.306730415614 411.4293090522658
1518.7077187279137 1073.8564359552256 1397.6396393189732
1528.2541040969186 1818.148132619656 1083.0164777567727
1394.0432228470002 989.5662832280663 827.4102234664736
287.0819415831225 292.935031798724 1071.3166919627656
292.7870950611222 1996.626612526951 554.1549171478971
740.350615226107 1588.4155822363607 1251.219161180578
282.4194649751319 151.21239311784595 604.2590437887451
956.4152356237856 603.144629068682 1476.9661623535696
1241.1779031437077 400.2128827154281 259.18795947798066
1517.2611950482801 406.8762271225401 1388.4221474444485
1220.3677995593587 1324.0574203764809 1148.7576883946451
1156.1503232455823 1948.5949758346005 1186.1567723588416
1758.9370775101286 1556.587527065427 675.5445247382414
1489.5953608247694 148.65834116963362 259.5434841647479
1644.5540512563712 496.52575344887873 1352.1562843246304
1738.7657915624359 1758.9812806999507 535.9470338496734
542.419965593337 1513.9034463627784 342.86329338879676
1469.6903700064174 36.326989162801304 1336.4659268021258
1864.023203755792 851.058871724015 709.2321595721658
1454.8311789618358 528.7793121503688 1447.6874247714186
1678.8103886290248 1376.9340288387284 690.8402839575014
2.550517898010085 1705.218148007205 1191.099382934696
12.454710725189999 161.2011945586649 220.98163350502358
687.1874791361221 544.28754853063 1377.8158486694613
61.56382212890832 1098.2332422294382 753.2672478123346
1073.246392931471 1220.730631548415 289.54106736054797
1186.856627236637 424.2454462804126 616.0237877761839
1319.3930484175287 1827.0890642815934 747.0561254437819
269.61265944657333 644.4243797481237 993.3648559299586
1547.6956778757633 1637.8780278521567 124.05935542855867
