150
174.44993927096908 276.66602675622664 1324.1204573162488
151.48754149365652 1116.7162426635869 1281.0712829382662
1064.7580193178105 1220.451878877415 861.6765995365997
165.66393675830616 1583.3348850004777 857.7438288629999
1868.1447231628836 184.4805671613754 1206.8643868077108
1576.1280204150673 134.6628732434565 1491.2687161745855
379.83288760705227 24.58851078877533 543.9815620369851
1721.1510722772937 1170.6432413886712 896.4999421472794
1684.1096583730525 230.5534738319679 1122.5562288830347
735.2107627033171 395.44526040263327 1481.4722220889976
67.53323074124484 1315.4492586114825 16.831161680276153
1045.0729422481168 790.817525140012 1117.9993644867725
132.66559705916458 965.2529370892257 116.2293459397306
1170.773565198184 1612.9578765798565 586.1650624189823
1616.7035790295533 1713.1803983329053 958.1304151828615
31.249286564364542 1235.7297332329479 789.9503299634337
1433.997492706712 1636.73718256482 593.2707332352111
1490.2607945952461 1419.6105148185675 448.0750623684575
560.9650895021318 1073.851969292322 1253.063402710652
1015.8308348229679 42.37834850050515 1192.3623090881342
1010.9650810603259 363.57675980453564 1420.8610179010293
1279.6257771117685 600.1134838195568 59.017550093952934
1246.583022091163 1086.1343722701674 516.9202457761722
485.7658489807137 567.4106790202975 714.6598303117488
502.96874900847 347.28060116702466 1063.3847291087723
944.0116024697385 1767.6176267070716 1169.4213737713737
348.6388618032492 38.170604578175556 1021.4716924224597
1232.838054066267 1183.8435727067153 1072.4852344973278
1696.4497787678556 1254.652115988926 613.8078333261774
865.6003347649399 172.21547768618973 1195.1757229932493
402.49248213294806 669.3533678586965 201.72317399394024
1362.0627546582696 861.0701710066402 896.8067643066911
453.08058939262196 1161.4316402686695 129.60482367107377
94.49364472080602 1468.2996740890958 1159.9666749883438
1578.4841338382862 601.9693025112717 310.5222155175263
624.6771813105663 1174.193826773524 47.47754161715817
1657.6733756918934 1824.0494330565425 1230.8227275111608
1692.0399350079147 264.8548005677123 922.7239481218588
1081.4790229647606 1876.1269595582432 1190.1490785426552
186.54406645986055 1167.2153345252857 1456.1151859347663
733.8251402389726 1745.6366939288528 590.0426968495137
1777.9039131099087 162.91772092846978 1493.3999109132797
1531.2072603040494 841.0115378705714 218.0102258804597
1078.5228553678667 1223.6340261658058 106.99855503841115
733.6263720144236 1506.853596798503 558.5596869231388
1984.5198748699502 1550.115303084989 771.8029659335206
908.7978697420032 898.1930936161557 1369.2296753440207
1421.8180505764462 1061.8132451823267 848.0583321771181
1977.9046582420349 472.2387584871157 1093.73497675062
1704.0088272831301 1462.4684856978781 1416.4034169398792
1961.2980827089323 276.4685543971677 508.5712424743558
262.3706748039587 1836.9546775274912 563.1832048288182
1558.0766263649784 976.4655990605413 1466.2417643729264
897.8051079476066 863.5998867748438 1323.8694990843205
986.3082572935946 0.21935500541858666 301.1113595913715
1433.9290829771335 430.8072887867818 142.04792875070842
81.29475446109913 1675.0055595200215 5.355170671704879
1739.9173510463982 1242.0684207903557 1246.3786875077094
1227.8752759230792 495.8650391376689 668.4936382929352
1565.0085599698123 131.48064995127083 897.232440654374
117.63910083048002 115.2356974686648 1306.0177862216103
19.37915464460893 1639.1931446490853 697.9815024064925
56.811924509152064 152.19837306888294 1143.6925656708777
1021.6423883452552 1685.691950754999 322.17547445721215
1069.6238433239407 264.1590429394849 1099.0079132877117
1902.1110552636806 342.21658088912733 920.8795348178088
1002.9701736335799 1223.991211533516 828.6068470593669
1136.2475981122284 1205.1569161806678 1003.9713841603976
1212.2973428043383 1496.831736284739 192.62234471049382
1548.2619584833456 990.4542635487021 127.52753072876982
1671.7801379889715 1250.026977355707 1161.5578560478532
1919.8011937366314 1621.6301170565064 315.3794222887113
900.899512044436 197.13944946092866 1290.2990736999327
863.3119326456773 806.562083986065 988.9942562801656
132.6148831149434 1899.4583621284826 1291.0679876715574
353.8403394709322 425.67146087879036 551.8106822708835
1691.2460273190873 575.7686816006045 276.15681991881223
1036.0231417108105 890.3750340136107 1410.219093661232
1803.218949308866 904.2306288471295 634.7861829085041
938.8600259248371 1178.292817466697 409.0009166155522
215.5706582005925 223.94261372700174 1387.3440788082844
1300.986319986018 116.78729302907476 376.65002407923424
1642.9388272246879 1582.226454533471 1016.2770250025776
904.3450517441755 513.5823640850357 1178.8521970620034
1772.349308655968 839.9064817991331 615.8309231949213
1127.0287638409745 1872.8083498552028 1402.479155338932
1020.6286871125951 1283.9560391004698 1153.6009941135057
1546.410276233609 694.4891507831557 765.6137234967252
891.7922406468613 14.155886302251952 459.3568475870729
121.53154525341647 1593.964368756656 471.5977857801101
1239.653426396902 724.4158575006172 949.2966806461519
1777.6474458866392 1184.520967027114 582.1840470208836
367.17623334700056 19.530090446820303 970.1078697229914
543.803082418647 1187.291928265055 1431.4770959565076
1473.6628064798101 893.6192597033072 1462.4513650681486
1516.5850545032392 380.23635916867795 413.62257509735105
586.322297821006 36.05669303698056 299.9597558235536
577.0702574535653 1340.998304819848 1469.9840660084988
649.380835133619 409.8516740649032 1371.2287833226053
352.9383789233036 341.97171754120427 367.6445954488274
176.36786205057243 1911.3222977523985 358.7967259523654
371.57793879225466 1559.7441746336042 439.6255346247677
197.05065279051138 419.1010877377126 1414.0467299519837
681.5420358946432 1275.9987409876628 999.653240341885
286.65122811510327 528.448329238566 680.3870927271723
1366.7332653764086 1848.7222611513052 6.845825407651606
1924.7072446734023 32.65622235106935 1077.721308098257
1922.5717749625169 1112.2151571802378 1116.4797650167536
1303.732053230885 1832.4328446830548 780.7170337779282
300.16323136193313 1992.4381085172358 1081.2969567750313
1116.1997260884662 1832.9987157210808 1169.4573546886493
1946.4940875294888 1899.1206539502912 541.9002399119879
1229.0593078213744 1277.4527946675428 469.3378123077332
539.1134947399412 909.3238760647168 102.99245936000739
1289.6829798215279 1310.847831189836 1054.6809280027978
1412.5465201713064 1979.5252992568376 1008.7780532299379
98.09455100381359 1561.9767607441356 236.8489736389436
73.38188334283502 1583.9444724795753 428.0217032008541
791.9479491587333 635.185820194699 603.4548192642105
1154.429824155927 1842.9106933695393 1305.9467943244563
464.36818987810227 1115.0509170496166 458.0526089895254
846.6943078873645 1816.055483875789 1132.550771907102
1779.827121792708 1815.7950022648495 30.104905339244315
1193.9229438554498 1383.507726373578 1250.599390877217
104.29688654770119 1051.220853594703 1013.7742000854739
1511.7337023327284 1501.908228974413 199.74991406640075
1723.094301630387 1871.6045989193399 551.6854334005234
91.52163104588995 82.49963750807044 153.59852309693406
145.92563852988062 1910.6798946705223 1294.1194452053785
1636.2976567082276 74.04548392491162 1149.2771238670962
400.113510195973 1435.152304890417 1108.7223643430953
1772.3322747729308 902.4331444682975 1009.7459674817626
425.27696753953006 894.30868107694 279.51585930321653
327.4987820085724 1107.846067817656 616.7760426567245
66.33148285641299 1464.565980571095 1443.688310809568
653.9021032487191 1183.5862516033455 750.8962352411783
1483.0056788440413 1089.5114536694402 1273.7625891899104
797.3546752064109 174.7429158914411 118.28219976426591
404.83464317323035 1581.5722874192845 1031.8997597868608
149.57675026092642 1249.224458434815 1444.9644507242454
1424.192365458267 353.55026671679514 342.9278481741596
1313.6924262559933 1035.904413022024 318.2144222622589
1897.7279158241768 1549.6402583784234 26.20412990667209
1852.955665505001 1874.1155217831804 925.3932146526142
21.961756807388433 1228.140252977299 853.9996632626064
980.1170259321091 320.9244430262159 1220.79953263116
302.77122046114835 544.2684944554361 1258.2412006351121
26.950058993698846 136.01320516678572 1067.9611906622392
1702.2870471310382 803.6299142188275 273.62900476084576
1883.773375645729 779.0312573280167 864.4213790405452
