150
8.76978732193634 1820.9670916814844 327.6716530883554
91.65841036744294 764.079911137891 544.408720360375
1427.9638514904868 442.8421930343862 530.2456378355206
965.6643862982414 1503.9241198911377 319.45296232983253
1968.605224077848 121.05194175626633 328.1154225612464
1105.5945001634186 1571.470318562381 1112.3052753547624
570.7049095098666 125.72716591118693 1409.8967273902763
1528.228390557779 874.0420085163734 531.8098428347225
962.7460685905338 1858.0735649541132 620.0859477897945
1593.9745793859242 605.8408157843884 336.5671905083642
1518.58335425225 675.0552380042683 647.1543708627836
489.46170230692366 1792.5211740078296 1473.9788419163133
637.5558159110726 894.5949459059199 681.543055476035
1327.1496935143805 417.60811759819495 47.75768194223357
230.66958678233317 240.03289319199484 559.7893135872109
1226.1903247451255 103.10307278488673 1398.734309420314
324.94109555431174 1912.4228369949913 580.2276016846738
1634.4567417430333 1407.6099485275997 1187.1780765678539
279.6664662977315 598.3520941839497 1209.435383229921
1984.0989086522134 511.08637019737847 719.0335619248557
416.92624109651734 1394.8727363294543 576.9048139720043
1325.8230425281704 1945.5484918492853 1193.9268241427503
1992.1066543934821 1365.3520517978698 533.0761895435339
197.0948214737811 159.5274473997561 508.44582233246786
109.81259666304544 888.8105527149353 1262.8425038125474
308.6385498668689 1791.352667970801 1080.9605833074595
526.216991246075 947.5434950182781 327.16674752041706
1620.3556942278674 1319.6290866205184 630.1319481681821
1838.0706666232606 1058.8763254484302 626.2130277749926
369.6172934178301 273.5835391903514 1093.315933785486
494.18509384164435 1537.5899324314269 776.2614299494946
1556.306414728801 593.0858874809279 1380.221382258296
1334.1655373803949 62.82365364902142 729.56995750049
341.58983842975397 847.9797422058764 1345.3376139325285
808.1651836096975 1829.2719932942116 467.6868736101707
598.4331130749327 611.3907706320407 23.92657769124451
504.5068756514559 710.541248787349 125.64444412088055
433.9427337214068 1049.7278927484379 1006.0899140369345
1549.8990685841866 414.86490182927406 632.1712820737226
1531.0684835147129 1604.2289700039794 403.4177633224112
1338.7881344189984 1109.2662948951229 745.6471452154824
1822.1091831830447 1096.7887006915555 710.4333975943666
511.9735030780899 1333.7732353250162 1223.8972211171051
913.0670029730999 145.35269942039997 84.09915504112952
1005.1539525946853 235.70977560426388 1055.844318142037
1180.4070513530041 894.9866063236882 694.3438206986635
656.012204646425 526.4975677852752 691.4226962712665
936.6263225542396 579.8284432978888 507.6301264459248
1083.7194137555305 1899.3679680682544 32.07809828791852
994.6468689065568 1842.84454699503 44.56003475428577
1320.487458410295 735.0691758514067 587.0771958503091
402.57439805747583 1570.647087829848 1029.1310062577857
1198.2907888494508 966.0464057855338 1292.1436970740865
825.60723071327 581.379864355056 538.3516649563052
1777.9509250254976 1300.4387156842142 382.7298189919308
1512.2328417078904 1242.3407131831407 148.1727262575029
1255.9857585377044 155.6153133841063 749.448248537552
1904.7047940732116 290.64480786968704 1188.562040560184
1814.4517919761768 1071.9797142359876 604.799779074573
331.90774591021665 737.4058135177943 1415.8066523709551
852.1193793134685 1555.2472668666383 470.7711299550316
669.4433607081298 1542.3019186626998 429.67406963411867
1603.6950574099292 1075.9913877077017 826.5873058311356
111.48099231749464 1784.9511024425387 564.8169930654219
1059.4336844952124 905.1484608816651 73.78892680817056
1676.8141179221639 707.8422197667156 446.78680055780484
1886.9500756463674 1830.1854496719732 542.2860673242398
285.2948830956083 1315.143632309737 513.1941881175635
1460.0582734898287 787.0004981756722 1271.971000209912
965.4103110259384 1899.843711913818 310.48081102922873
1692.8706838448916 1858.844717105932 828.178060103509
1693.610821297768 467.5121176217676 1065.0556318777449
906.8389131010979 854.8331342910635 282.99865821753616
417.93752710509466 1397.5908745142276 982.9084796557365
1210.7123779059402 119.46241485139475 1460.008580395162
682.520123301515 1392.5932250199123 1406.451588566915
337.68525929894656 422.2342074519088 1030.6088645041689
1892.901744998685 999.4630204955886 558.5685124697372
1946.1991170912113 202.02508788607986 1482.3747308748761
498.8343781608191 321.12276215573974 1314.150492948717
299.54443891370073 304.1671265893555 100.74256604366805
1740.349767869021 112.44321075952035 986.1947683701911
586.2354218124142 676.2734291124918 122.76729765413668
963.5855035800229 1036.8302702173821 276.2219884716404
1085.2604156473965 1439.5074233173375 821.0373932523942
883.257957147305 217.72731009629865 1203.1212978051522
949.2547541631959 355.265679735955 1441.586936061066
1233.2465174351964 1235.056535945357 996.3249457137006
1925.3426459483712 542.0382488311782 1435.9132242889489
1519.1024421668105 1294.6618674475133 1044.4218875440704
95.38478346065892 1115.1280073206333 1047.8831817665316
1339.6740961651687 1522.9916875385322 1365.4620604081672
1775.0996136768347 273.2727972075386 468.62467485221083
596.2312882105201 1998.2207380561379 1137.2937328787161
892.0076779663682 688.5606394704946 372.13537917083926
955.3757560523104 1471.1882086575206 1053.3904234401164
1238.3044307612647 1021.1737215747911 712.6382909883722
1211.9324552479952 85.01398491167001 225.2981239550441
111.59863852978292 1703.1325089677198 582.8618094314922
1715.199304723127 617.5891939725482 654.0588039010618
1535.7736417935494 0.9371933281792089 919.5197440865229
1153.197815254077 313.2760482649353 601.9945160367563
1838.5332310797273 928.3288437258361 324.41197793170124
1379.3067669915788 955.4709275774367 188.2301236745014
405.3038820303756 882.5897346019241 1181.7207738644743
979.5897461917796 866.8961596039269 475.69520793358674
897.5813308207587 650.6093811764666 556.0312381542764
1402.49459279018 1133.847028174114 146.763822229056
1732.884061989142 1226.603364938243 651.1737618088642
928.9923677541494 397.7531314461731 98.63527166905162
673.8278873946296 1566.2223111802061 285.51816601930483
697.1264082467466 963.1825320646617 899.0235050502525
627.5491041612285 1068.5981296460097 1427.7036940095625
1747.0683020381719 557.8147109525667 1368.498988530257
243.97361326076305 365.09567639124987 725.6970561467587
1563.9234184377613 101.49919624301296 1041.1315236869661
997.1935828150702 699.9009744244904 834.5327301800736
1586.1271491808202 1163.2516974692326 890.4319219379939
64.5209510045075 1626.635248480037 1178.2232858295315
217.61272214455252 1586.198707636399 1066.1458347634627
1351.0647372611759 1390.8988125949616 385.275912581603
265.10557957866166 1843.092431443708 26.846695485750473
836.5459544680735 339.7974965264958 1173.2042257960782
1197.7062235609253 505.07811195925825 340.4788586873458
1231.9412709266517 493.4913995159793 641.636483706278
792.1713759901836 1018.6374783982086 593.7751137685946
1745.8922743841638 1177.4863222405804 905.2189184670007
1076.9815609383475 956.7532522315079 94.72122265314775
431.000113365664 484.9902358385185 631.0478731819628
354.368840695781 340.5498954694697 553.7020474512597
199.04643523790355 504.5551687778376 708.4786926013912
322.2966543135448 1176.953019455508 367.3809414791432
454.6238600343884 1300.0389858916171 1453.7397297007217
1941.9183099273166 847.7110110527799 702.1865099561096
809.1736854228118 326.6741076908763 984.8464264251368
1087.0455868692059 984.0101718002945 1070.6503844584402
509.6878369800029 875.5826111941849 1278.4443239402135
986.3479052304216 563.7853628637611 1408.3635595906733
530.3105875759759 562.5291162461215 483.0022034001451
1003.8024874507549 1928.456478851658 204.91354022575803
1771.9315643978046 1662.3496035898402 939.0059307366334
349.6614516449765 1999.0166062354638 1490.2038568344867
151.86707255832178 460.28887987360736 735.4496415712691
865.7362139726719 1330.615370083167 695.7496448433949
1387.0649708963942 1.799443409011392 356.6830426083673
404.9606153529626 421.26535091852026 1477.3432152910616
1488.7834333806322 1196.2239159819098 859.2794982770293
110.4425067914816 721.6201687150243 1330.242377269703
881.3226132550567 1264.1403287228957 751.8431173242619
929.8049107449766 565.0603506840786 903.2892247632559
