250
337.7304098881208 319.294088360544 651.1449628517519
609.8517658610656 234.57705700872103 542.9884014586843
641.6602525656974 286.74604477534245 1437.0850443431327
26.17098638385256 237.34415041383033 1134.5433318616738
238.3254570097328 656.148760515698 973.358996686584
249.0465444136551 215.77902411485903 15.34286481406788
68.27226254263721 48.29803197665464 362.4637284377966
404.6646572365849 232.70276051198846 505.35903886724446
113.30837684286534 302.0311841092063 377.6771950056516
69.268850737891 171.4000782142026 234.68677705854734
129.1801940193461 96.56589319910039 1135.5919758214811
659.3597785824514 454.9678048052341 468.21868029554616
117.54693348529734 146.98380551379555 99.9739966407333
250.82336022549052 152.46789486179472 1368.2164359667465
79.32730204516292 127.2318121006861 132.072190060745
342.71340401045876 283.03655271131333 947.929104193302
1.0292861004059468 113.89571831300486 414.8862080508387
52.028193640286624 759.3963584964879 422.5067324498917
182.44202945322735 176.43858104607472 1410.2572003103644
61.47147923260206 4.577837382807336 716.8036560733566
1158.7628717240111 24.50651850941693 1201.7592415175495
350.10744392842656 6.763476948757119 1436.4827368802366
134.02541364161914 182.76681230040387 1129.5961281043412
47.531165542036774 61.27822585921358 323.48170028757346
17.45584537328709 38.770163264800274 1307.8102001685581
95.0680172078931 185.24081177870042 1364.2039735670419
919.2000021232852 24.32877637066081 1124.3729232023081
253.0672523735848 36.34396405935234 670.9349253066144
213.1010941831836 155.3128878309887 1341.3804779134466
892.5729065421538 546.2742001154635 979.2275363193804
267.73194562944917 174.02637854322035 905.5332128503392
181.22806778357796 170.83411235275415 734.5397732713811
159.69704025164853 461.469196285999 837.8475804307326
27.062929267192665 186.77104196207438 673.565449891979
83.54400330553923 329.2219715857554 783.5101142347659
151.73046968698077 69.78357018896415 70.65615296247857
327.96280159813927 230.01812230671538 449.3085041944483
62.26344030707522 130.6525261925701 295.3159062883471
482.84616275388214 512.1882909056968 696.3869397028075
293.7179413088917 59.834028874647785 784.5706358780179
142.91224923581615 106.8173815446001 195.5934383641423
13.785787761053383 260.6459304824324 372.44800396481946
6.675612211604669 212.90134570669795 542.4043759332743
152.40759634935227 109.56426162116277 882.8925176449303
101.42934895872544 11.217431478395062 1221.9747668366394
322.00078145393604 464.8884749817782 228.7974042585713
285.49109205044647 332.71798850489864 837.9099720709828
382.11398580478146 62.25665543629857 276.63731611921514
343.2700397954025 57.64858357847608 1175.1130692845054
434.3418787717534 49.7494107658192 764.7582748662161
123.59234039436275 100.67615452626424 906.3938454167314
144.25952494394713 225.3475480230394 253.20005771863862
19.21714389372136 98.84771492675691 473.67094086205105
37.2340786385702 459.0230905048333 554.8547014125869
80.19775198084092 208.81007847985566 1289.683562689017
159.29805651793333 14.459086369394921 639.0808171393758
142.4996095342196 34.21470674928983 236.33512809203665
19.33387291742209 1.947143331730894 17.354556750761642
131.3533990791601 127.57093296229168 68.23413861380968
140.4954653277151 777.7664732637803 1264.2861873193383
42.096349840756325 69.14596165535987 696.7395764030445
435.9597315816065 38.75982488329054 400.40755759426844
231.92521196526243 77.94948503168165 612.3990092851418
187.97550816413846 667.4907232106275 184.14318406175323
12.046143768606234 172.23106548608763 8.03120900732357
22.93211533715241 128.0092447762065 435.9669292600494
205.47334041288713 109.04955328431495 1088.988454785023
15.347026422863209 65.73291772935349 190.70498434300015
103.8277439154718 11.35453581189045 1368.7304732395387
178.9542844037608 36.83314167663796 917.868121925305
92.97174278039184 435.40627732292035 1139.0804111071875
93.70501775708836 369.21053669568937 1390.9438589294134
360.27132950010315 128.60539297687907 1377.8211500606662
550.0672586011844 204.26986425072425 680.3950980854128
193.63049083205073 41.94674802773342 1337.1445950437976
587.4399404749761 16.4622902232958 1201.639688590508
25.07278830556571 30.1346968152045 580.5982429477634
159.4642102004754 397.1181142340532 10.129921505903194
309.957555150518 92.11988813565529 915.5210032978242
221.57188772715716 381.382012962192 1357.0351729298284
206.07646310597679 159.90755792764878 144.0844532892044
71.28495727998569 130.84043593578397 430.61924189848725
20.500999070878574 117.75124469009927 716.7986243590224
111.64569532507032 32.91934775867426 996.0130624874396
370.31229306621464 417.5048883935973 1045.103983656381
254.85329491988077 138.45083749898095 347.08808945750496
20.779021053881532 77.76816320306453 1108.7755245138412
31.234408713284385 82.04827375089593 1265.3618153201433
40.41845669135014 92.20882536606264 984.9962189024657
328.8829433224447 268.6024095939303 498.0791274979179
268.508040249639 325.2897992078112 928.9233488279318
53.14611624259248 379.0266661935545 468.06301717824374
82.15474639959393 288.04983382057657 1248.3458247106632
99.55966859471023 139.5204473365849 284.9007496187192
58.933294428219426 215.0173793741032 251.74366294788402
233.83263835815367 188.16948960393057 1165.6672387804092
190.85408396869124 548.6418104902858 423.7851936827845
2.605337450019304 97.86652969409177 1394.6740606598453
69.89579371531634 209.46535157809615 670.6875917082325
50.839757153631915 136.8027925029982 612.2391548984169
601.4109842252169 4.94453074849555 638.1672603490252
294.16346876185344 304.8178515249151 1013.0750085262639
14.04604027023058 431.1666624601754 999.1904788447107
288.1570551982352 511.48827135582667 577.7480112327124
73.04390754070377 27.273462719167174 361.761424169519
590.298942679276 436.18254945885263 33.98361156607416
45.36321570360447 510.4867292773003 1016.2907307156245
313.7124154829969 234.7649365625927 1090.1432005600657
90.78272267839012 558.6548124885628 306.70322370815046
329.9791666630479 270.95642932604136 513.7731238691265
128.51978652243773 324.615800011303 943.7553568416015
311.8394565818885 91.60849186798991 297.1475340626003
1.335682569168628 18.627185938103842 1380.5453132174798
372.22528343204004 176.62200710880035 350.16647164022334
0.9158813927627286 4.384875607261323 880.4686999785928
64.99402713564257 898.8608233386786 1491.5478184181954
237.02811132498377 215.91721568905427 1304.4467335264712
45.51397665406925 8.513987325779254 683.7264835961506
520.748876476127 294.91650766164156 1411.8927745764772
28.756223312327272 109.62177516221767 1333.3674350269969
103.52360099538215 788.3899087436662 1106.551547905969
561.9676531678592 22.628857410619435 321.7530780974398
171.2248825307214 58.259184017276134 354.0334589915194
47.44198497104677 125.08872846750907 288.4987634414718
49.711848561440355 35.846601614385946 319.9022556339021
154.76624280837373 18.500002629848304 404.53795575204657
30.41229143831063 572.1751695506149 1167.7867433850995
305.2709107829767 47.82720194738267 553.8626658933604
315.51792941540214 178.76128420545777 1294.1010183974952
149.73409072355958 177.9549556008786 490.33937324124065
348.11037219726467 393.4033141348257 417.6446931952212
380.9813223714775 462.27825864818925 81.7117541931896
58.949960671851784 637.8789576029235 445.09283665581563
57.01052555436351 447.75587951039773 132.75525827950818
241.8296307806598 6.585298602134959 619.7305440352792
229.62516543820075 58.254088049911665 451.6650874358236
64.86850398701425 72.66741554994742 1272.1446883319486
97.3521371502769 59.18485251119458 537.7880523474088
415.37075619732127 32.404024824769834 438.7911300086026
126.0695577181561 52.45537314717254 1446.665760646057
310.38392588705415 332.99409908791176 418.55085847394463
115.76791455119258 341.6104585022577 52.91750915621424
146.40387554469595 34.96507350909872 1186.260894639811
104.34435834790375 170.04627266022104 785.0828752876756
1082.5902364943042 303.59786265929415 831.3998638276097
499.7962324066516 82.56520324484893 542.7166530625204
315.8409906113577 14.671809353164933 898.3435991294843
194.49987967476147 254.76588216198914 715.2271463028834
523.5274628541626 211.44676994792397 974.2332542695565
236.2727413560278 932.4862872251723 304.61916343265915
268.4712747268999 559.7454187994981 358.89261604440384
31.101028727128575 44.836970385166275 1355.916024510822
231.57584564631125 647.5286542047583 42.16986723793148
319.5993305037919 61.12457995685116 1486.1326417415607
150.03315593557113 227.51486398519648 1157.1276431789265
38.10639720214396 428.6760247132072 678.8075830851454
131.64194604914573 135.63810012233202 1111.6284210567096
240.7420767769779 152.69744877850226 111.71610104499413
348.48751143671467 61.14384426336243 1173.4932897907734
194.79914508077874 262.9275854380408 775.1693496500561
217.62262255233534 124.2457641635415 55.942238099725316
82.70784214987485 162.5809438324197 1142.1509928206137
98.16141716979207 5.57174810330526 259.8480508642474
68.76681017603381 16.257466754643243 410.41955267457104
0.2729140558754271 91.84245044664979 1206.1663004155675
28.09147134658781 134.33050285947868 777.3960373711798
156.18521679337834 78.85785981332579 798.3679201348535
235.66242301900422 103.15473645707785 922.3664469653045
7.747295504511888 269.90518451166804 289.2332925244617
227.2875368004604 65.92010271500077 332.2141512028932
37.21537852294063 42.88386683513644 131.29899274955065
82.74148438140259 101.92567340072456 423.64901413203205
511.8949850549105 402.22397516688744 360.97180708316796
202.13020310715223 16.52827140260017 925.0782872211538
491.6381268572601 42.395988295870765 293.26532823520796
66.37025545376696 369.29244905212795 663.0165004859311
64.18529209345554 17.624588198247572 1492.785871933832
100.95982235397373 46.09429402619665 1009.1895313186046
183.39727890102682 74.4338515626644 1136.2476514547525
344.94348184418027 30.61626916558841 162.37761446925953
163.8261092031081 325.23089222062407 397.55180662398345
43.361721739234866 192.96384237921728 131.36486818177994
587.0018476731374 194.01436232840393 758.8770199255117
227.0554207601338 76.84627702847982 1390.2803332351643
219.16877756536311 162.4943117543935 1357.280113066568
37.684934383009 18.277235774379363 901.8545032813515
296.1346399625245 277.4027014705369 302.8320871529082
30.33246401856316 551.479533126866 1051.1665744475326
432.9856426494211 16.762330499854638 193.70993904594775
53.29363148203772 215.31083464261022 1071.1914034858762
58.79680386124405 669.4124946932976 599.8453739453835
460.6179792256433 74.27081184691967 1188.3943282989042
290.71855521439403 1126.5304519650476 1453.8197093449564
119.78504788145842 259.3023292082895 804.7712078689673
87.60234605025595 158.1411665252975 1017.9663404430122
65.1990886610305 0.9531827932222984 1051.7735172669636
48.28508951018723 326.49260486842303 1127.6965168646204
1.4588843194014844 941.8594836867228 452.0730236481647
506.0005084294101 5.231953243127805 674.3350908303082
5.199918909579998 754.0899106720279 386.25733267898977
157.8403399747601 99.41865683504625 1209.686812398699
501.04731009300957 304.40753093657395 766.2776935121428
135.90004581167463 40.10820914445751 1193.3691338714418
58.87764205861657 317.5473507949346 443.766368198537
307.71575507849616 177.96596475569922 245.3753921852549
29.152162394855235 117.56626300300468 1033.7805534237225
51.34618352192132 699.8695029967397 837.5627315030903
157.5907111314861 115.15176458549281 362.72520025106274
193.1679909479606 310.3530832378213 21.04540859473436
27.949110632172093 342.30766983414986 1439.5026533278738
3.8281557171723692 110.39411006920913 277.60710133694255
440.9943365207182 33.535130522860385 537.9160017638259
219.9560457786012 129.54803008408254 408.35534180145214
53.37282018464249 35.85235777412484 200.42214307402995
11.387973785368352 79.72551383120474 1219.3742412235335
23.01406280322515 10.913064756196134 1351.55930156253
154.79923003649407 46.6932790784341 1230.9636204748026
1046.7124586409366 144.26395138429544 888.0666911847827
229.07980066290386 201.78508869893307 263.9433702002151
165.02299066692453 106.419613306414 206.33570866325124
32.63970798510321 54.950008802833594 1108.9505179269827
120.63254246947493 73.39613869517032 725.5324218034991
35.919209300559906 235.25379280726523 568.5113425828991
124.95591542628797 381.1764538397536 1415.9789812582276
122.84288587964778 3.1517759631466933 361.67802701673804
255.95087233304054 162.6806691692712 816.8869289070924
95.0021938264654 120.4147119462293 1191.7823909534125
352.9697754808989 186.51892544162558 705.6248310668616
273.19193104967394 117.79771801484074 1332.6189725378304
423.2308378968843 8.026837604628378 56.179244302682285
319.9617444492099 108.59352356052567 607.996215979066
173.9166611052224 1.8012389768015422 148.4730363020424
8.072815587773743 383.38363685134027 360.6048951331066
112.82243610667548 106.04850262516288 4.185393826931505
69.70798798306271 119.34288791868286 322.2086078825011
305.46456485954644 36.554195656112604 1215.8046243908263
34.464978129287864 25.480875563867077 654.5100985062459
202.24673260559229 64.49911507284754 901.2067109860127
109.39931478036277 639.0423462178212 1378.3156990815112
0.8528132029319122 241.89676001820564 1330.6881171659377
72.35274974560889 187.2331591355014 116.87886584032464
888.9703403406963 131.54329808573632 859.8612491501751
41.27036800675601 115.91480978705535 963.7946730827214
77.97160518216508 216.28130631472814 551.3761776317252
127.63825442159077 4.100300293887842 1492.5905157327813
287.1243781908749 809.6943846317547 800.1654716121404
6.864544713503854 433.555208643914 828.6742449834444
301.73737473160764 63.744751645801564 1467.4703488740215
250.13195950142682 35.855560915390036 408.4091294414108
9.63960897449308 18.19265217394299 1309.490839380578
