250
74.55624710230938 19.92630223804389 914.1516589474194
371.9852090032302 11.445816413095564 506.54774053017275
59.02771094151152 79.8565061546493 191.56997655552433
238.15915001418816 709.8533444625303 1297.576377165652
429.7685608317315 7.342270526556227 1242.9889978711824
24.264672664297404 113.47560303606443 724.9720315718951
194.94315528325504 218.02879510519605 292.2092790395427
198.03904054783786 57.74717576827063 1157.9440822588947
477.388712174339 59.456941435439724 263.07404050740246
257.8525957098425 7.312953371956664 836.3842604478382
133.66964532834737 99.66031727057118 1487.9003236057556
43.829194089956644 63.53969472905347 1097.434173935857
100.33392225779119 170.88171408763074 872.936644237712
200.93536682222992 27.622442459353092 1036.5573458222289
256.5099976002956 76.17324370096432 72.75816318502443
199.61007616028098 554.8331391248458 1254.9495617820212
646.967567071203 326.0188696110706 1330.6570749799287
140.70091213027163 180.81927412126842 1414.6461910023147
72.8959420419148 190.92892188895087 1100.7620652772575
141.21418362672057 441.74652399592526 43.43922214867612
125.6375252129303 11.541328450583368 1316.2842860704131
103.8773756217682 49.309166996933165 731.2777399010681
96.46019764586111 3.215174730265633 1422.8815741342935
252.1644055444104 95.68829134399859 944.2515152172635
51.432616910351335 71.04544934907547 456.4017517140447
165.30023739298565 183.8742719493238 1215.8807310763525
54.31134916736535 63.85737679693061 759.9289061126631
40.07990343881605 61.25071009434115 540.2295792391293
30.196889816079736 107.41352312095948 602.7382625277507
28.626927620299234 265.854089209715 835.4523834251283
148.12159888360898 375.9039672296365 1152.503910632791
206.67663283750898 116.82909916009123 149.1450529787126
24.65504707891986 103.36432838554175 173.83069268766994
62.17450276456873 35.44460475393416 1367.8435608959237
161.1514032837067 410.94672960142174 749.7327362377652
53.48644011277117 34.3441434365897 93.88174333869608
371.5014954095282 50.071365060215335 1097.1705027561654
201.1182852350734 14.738090121861378 207.01083463062653
207.70573236220648 149.98621857086846 678.4194998620353
68.90103297718967 10.618781468122139 814.8430604062561
141.7571934319813 383.23820662643635 518.5821200721167
119.54196443999948 82.18725865828455 1459.8291386419914
227.26365028939225 288.0735378808115 615.3448028991793
461.05443000775716 94.93608175426105 419.59986211452207
359.2938077532772 116.43366987008723 1271.1098457113067
29.308507442542524 149.87048116122787 278.1720503354509
47.429451428315176 410.47050108292734 1055.7515413755768
140.24533975441182 162.88109753638795 593.2731816721295
279.3769837112111 508.73015437580784 359.91108356494084
103.79521789353919 51.669406053215624 1138.072871305085
22.407329062554936 99.72071512188707 994.9808943114324
142.0060322152159 129.78568237412424 1450.0713719207758
876.3609235331069 205.26496902119962 47.896804297873466
89.03570014740868 58.12027285929283 835.0187211969421
51.605388397234734 57.80539380931029 1040.8069601506165
631.5395569074659 6.184497774946065 1183.951237727102
440.1281456031659 4.064504874547878 1312.4972773014485
5.137893585138759 252.67130429287522 993.0605961325301
197.36632195361324 289.39326787464955 1498.9236060859655
723.1389575549521 95.95632172852943 171.81518053178985
112.33050114679968 41.972885860163125 1240.8831740905807
329.32309649604787 140.95779008047234 672.8607757583728
25.481951871172516 157.45651033157762 64.97868630862918
179.44497832764714 103.58154846645814 1123.4598273117083
314.7915799537107 75.55127293870228 486.1906773272173
516.4523583120945 296.2885233722875 526.983375851694
368.63974619126395 51.41578999726371 570.3285055161458
161.68888154642624 6.451552703295304 620.0941931816117
29.344236070511297 161.81160567798415 334.68883965203383
292.441269256697 17.69123975621309 135.67063120664213
110.26003808800613 1066.551630348763 889.9619599611603
184.67641353977123 5.872034174057355 807.500919763487
55.3299218150263 15.205080815819965 860.7563025965644
23.494175607081637 97.88878292226507 1163.4777204167399
653.8932781799318 176.2472806365714 843.0044712246371
86.16414030477529 1.4537541407983072 1265.2147734906648
80.83273220444606 599.8458306268137 1391.9568703668385
257.1731383066833 155.77613957333622 777.5891151450622
153.0593651353614 118.86273597805182 1363.8715637838902
14.460594188653248 48.36209043981694 518.3733718153318
77.9482562225007 75.39042441113992 385.50972508989304
57.986820695863905 349.7627977246965 661.6751910696929
54.68005621407674 30.536100436956232 171.4635617442725
53.597489890365665 327.0563193861531 721.3900076838498
4.4435897656110415 14.879224846189368 1337.976791781174
196.9447927410866 186.51914597049287 1198.2816613294408
36.22360145109618 28.197568714292913 941.1940517535318
156.50623135550177 313.62898452860367 1463.9849747347675
229.8802471123837 218.30059556815135 1127.7964465775074
91.25788471568272 132.24392636439262 889.0275987161676
99.23169171657072 507.8275196791969 677.8314811942033
708.6825634831939 243.57460390281793 262.49902035082147
407.88206634277833 229.6187610901728 180.71154562546442
119.43153854397121 87.59080522347425 397.2936315366304
435.91249865915404 151.2658739149216 695.0171267932267
35.82093257883855 96.71222074605947 251.8083290559177
292.991251063934 1025.2028516228825 38.290283380432335
180.92871262203533 117.67695932344053 131.77689355231243
339.3148025849312 53.37606857149934 45.337532045043204
129.97116741355745 426.74825176613285 392.4540549415556
50.43475977731304 431.31445472426606 1324.2608093009048
120.95962082962836 80.71608777941859 1021.5977334603384
368.99609054690063 245.76000244344405 483.4569814093097
440.45165986225373 251.18039203666876 774.3910084684281
25.075751992049756 222.1879822528551 1255.6782764607033
93.4063496099278 37.973777933732876 1080.907593219583
28.65908026229557 206.63420750490346 1495.6675941846418
364.75242713009123 58.385392378174735 121.9384102807496
101.72940213383366 94.48327549954539 1258.387150181997
7.631643812863502 499.2487160858561 0.38393655476515187
83.46025618716895 230.88325740509305 1086.4057098951635
144.26170974290375 95.54254014023435 112.86750634492293
181.04635434507847 163.82050336888685 388.77616789082435
2.442637502792972 10.887334898500303 1249.1779779922088
7.825763760095095 182.34806911855014 541.3366803116044
37.32748827658276 110.39034331682515 517.0086572953734
152.95720314640337 74.08132429470228 1026.4498864783682
503.1855110357141 43.508073805578285 533.3771731532397
288.5284201978362 524.6275963336684 1347.1636888831495
762.1071696463849 461.2493610165087 544.7178794388144
223.13059108248345 180.0163716659729 846.6231060022159
53.94847217635957 215.97330204315722 10.007143169889654
190.00186735613656 33.21465719884506 1206.6811419793514
57.05465879771793 1.6346378972701932 1378.3052975270869
21.088896835384446 116.05306958554078 127.24940313153549
218.89655617054507 165.603467011131 1338.9808649798094
78.93699665228226 96.94391344931559 338.4795340607357
467.11696819192963 49.413019500540344 1216.8807047886878
77.50053545170894 225.4213706414872 960.1859312416418
100.98570649937022 664.1514742471546 971.8331932649514
872.585422839815 1187.1750525073692 304.50513225550935
4.414793245654647 32.54317166415825 514.3449782439338
277.01403351352167 369.31509532648516 598.3358952063062
967.3389526593392 402.06626132825807 447.99401166153683
19.255269760452247 178.95047241523966 559.596386612883
561.5557915794054 167.22917309445447 469.6999640509089
189.13524386184423 163.88921164851328 584.1833789233115
237.25053991320792 137.5129081262675 1235.6925768585838
217.83977650405402 0.3231970501681254 737.5057256176923
90.20564588139162 202.4214540003012 180.60764749252982
83.8258661062619 152.94470558188647 153.6753594461559
361.2385358802861 791.5720407621887 638.9723882821049
159.80101198919243 212.70240937886194 1112.1988719560827
159.0752347734482 187.24406328109248 1242.4773801141912
72.84223147221527 319.51559102768823 452.7224766673446
85.34002679549445 131.32783479619593 753.8117341649473
580.6161420834562 315.09570560710597 1144.535478265747
306.9726719838374 5.630301604996151 885.1726728401801
49.25224651390887 970.5939448452268 901.621471920354
295.0584874258244 64.0283485529594 1382.232948331479
215.75344717403914 358.40702340330836 286.16364969075914
466.7185666107809 113.4445591832186 1.181886725371839
65.67519361261898 195.15371655070945 422.0928557195106
292.4709612148652 79.68164704484037 26.962762414078078
46.49470306088744 53.50611943251705 318.887900161714
15.619348257030039 61.949491720116455 975.6933014218041
84.67806071503695 116.86484348964183 110.27543129116214
130.54596988629444 133.74287970353305 540.2351129792402
264.09953222908007 562.113605923494 1356.5659855770018
429.54309666546055 457.1462580181696 1379.046494405667
550.5708522047382 139.08540029258114 584.6631233818176
19.580970007815008 109.14022926726537 852.4960612092295
14.409913580074454 207.22020437928194 142.50098099803594
257.2325400684532 175.77836349606537 655.2420716575944
183.47219713138406 9.105260430227236 638.9429768286723
251.95267461698992 307.08246149575314 1418.920950830376
127.0486801847637 426.93753471080146 1222.9579337149291
55.418055695011994 947.0900585303503 192.05347738754458
344.6234965649288 380.89904294914396 975.2382405440137
55.609239729524006 26.202816419102028 421.8754475260862
164.4092642158024 676.0474384021512 625.673911981204
324.6645479390804 249.56323488717396 1478.9112287045666
69.32503672890337 34.12732180918094 749.259921774556
430.4863917721622 94.35123252307066 894.5673820355306
457.7925688958275 57.50505585200817 58.69368387338414
24.831232845489808 51.72442785572615 932.4821080268339
1.7820750013668822 41.55237661946069 1034.0093864774265
515.8576276202018 1076.0458052681222 812.4432237111071
55.37747498615345 12.438201497498905 613.436144350803
138.44759155768742 56.29357318896665 900.7067500835005
63.71994206497492 17.738989797039512 933.2661905434018
186.8780802931582 430.6465307016924 1344.726795212709
140.38903176987247 9.642408665456937 37.80923882027432
44.8607413026889 78.38411155189262 685.3009860161827
418.0269065868128 157.763873305372 80.36433092453437
418.9361296582632 103.59618846135794 410.65896192243423
31.168325993805045 42.8527337678208 1123.183117039874
143.7724347203585 31.10358666525733 1191.373814702442
111.4570308708569 66.56228883373586 657.1354068669141
176.03817140334837 830.072429257241 1007.0300407795181
578.1526484513677 646.3458407943708 1223.8876341048622
121.40190509288178 170.53801245365125 1312.3321519068313
346.8348872722618 331.2243408014302 1354.0995258687226
358.19763573113505 416.2674164353095 774.4748815734739
60.386732356531944 81.44495645743933 201.89808966841983
260.09966921975126 104.70910679738672 338.69710735227983
4.986437520309539 151.01147142070843 42.723737692823335
407.41948219168853 280.5017513717959 1089.822212126977
53.536219100492524 223.43846308325914 1309.336776550127
102.11883745478005 33.64808073703999 143.84733817828743
64.91493991680309 70.08429020075395 120.97013499836012
68.89240753723774 36.59758122241447 705.9890275207931
88.46539320242164 38.86241861334769 957.3167685961511
336.26918052003583 70.42359374072011 334.3977780860278
13.631826114330739 68.00223840779802 888.0780597213351
481.3464442444661 106.03073300774876 811.0681684567072
72.13094108323878 126.07377069864691 1286.1361812623798
243.11214826629674 61.9156140129119 706.9919827567386
480.0128350142235 17.304200159552146 782.4394572382474
219.89105442396726 209.47159092655676 1155.5033672618556
278.34946062204574 118.4612267501009 1430.944252507908
218.23129316300887 45.19388823151891 362.6713219762162
105.94265831066905 80.68125053381657 1106.1028633667195
130.17757095039465 13.411999162146271 208.01190485838467
233.16613998371767 237.21657528706834 669.750026991204
111.47894853896557 20.283653612000325 1272.3255868974618
51.85983093632798 54.07979166340434 1273.4573521575387
573.2815817546154 65.75026666648928 1157.7616093191607
5.582015983802419 145.3082019709109 281.7239563180572
104.6938369726557 148.21413303793383 846.2675283518167
504.5374246265625 510.38795526759395 186.71742360666104
57.409531499402696 61.473106593662266 859.4601881380535
346.5317182009826 14.748256737425578 747.8765599704968
275.2129605701595 30.377471158855084 917.0316129363586
97.73227086761061 275.9355975668361 1295.2322349469619
29.191415789344045 227.06661697425744 546.2075648520586
231.39287870751545 256.68243753038354 125.37502881142409
348.1662507707478 76.60953471214196 877.3330100792664
285.62488401585165 217.5219979972106 1019.5325366611654
130.32387893825128 149.687829659841 1309.9550871106292
107.51713762539327 33.27611201834505 481.95121040008905
283.37347407271125 59.60269824354424 868.4186879270951
42.51631042364883 468.9567489136555 109.19485213378167
63.263403326674315 361.0916392914896 253.10153270306722
67.69753387239487 310.66380059994697 712.5619096180852
56.007221609322414 28.523727524104604 389.08761955707394
279.13471990863405 38.45057555890414 996.2732914747138
25.586987809690815 43.4393096632939 1452.6205856760917
58.59773958160063 87.3893184854312 1039.6529005275052
414.8274328236741 38.962678562389705 883.4007083904239
142.40486573226988 75.5052308168413 1262.515447054637
149.22178552340353 728.6838111429589 592.7624507880662
71.74467765764783 27.492404799107188 1227.9618461619805
361.5581855948914 6.532761949116709 1008.4238227375644
96.85303051882762 171.4810665448584 1132.4841559591116
42.21023689483066 220.17590918038405 212.3442200776825
254.72228465450132 218.3664610928255 839.6894285133999
122.67317225059541 262.00558315080406 8.147191704793721
77.05962989351069 576.228230070623 905.4455191276408
113.08901541785193 51.61357954741423 550.9504710207486
