250
28.671258576025483 222.8103193751172 486.86523170737837
235.7621792548119 31.015139788806838 1494.630767188882
0.10799674368318277 166.70233901716043 435.42815345682436
117.92903925184 515.3395922341273 351.4116545309464
517.5215609749571 369.3730497703093 187.63336547131215
428.4953824468404 149.77916522733642 706.9860576346878
61.50017502290975 360.3103589676032 549.0508085524056
70.00555355274993 30.674688110625446 490.8372273937929
120.3410208421852 204.44271496865872 807.7550700222773
300.9047036617161 238.56496426923596 873.2702302512481
1351.8036463108697 682.4766196360808 533.3488608933566
125.75309096482104 574.818920960523 321.04474747204154
30.53142887110353 265.009749591468 583.9686081082882
131.64445874714136 3.522498369135449 1000.9209305504248
305.79169031994445 187.78373274195815 1499.8971023765803
66.71361177953091 267.7420926825219 1212.0309333378498
58.3802274372305 348.37664283937005 525.9086527358287
6.09028687034198 534.9601353462253 503.4326074300399
19.765364764031453 17.283593865009873 887.4693002133469
44.89520484142733 298.0600488665386 19.03901443128869
441.9326538494968 98.39440799706142 1438.337576681349
168.9953618977055 268.34366015158054 1194.1347766439862
23.51242278910782 27.131747079937796 592.0986994605463
225.49702721002305 27.213526220458007 293.3932919308237
23.992492789691415 282.8164296451875 1066.7848015653808
379.60855140816824 55.43856294656864 120.81080074386996
26.383007601227177 711.6914482594665 889.8027148990545
10.114012148525637 39.21885027035964 557.6358385965813
142.63621408242471 368.97835578329494 95.30592915481445
118.83854513155012 72.17346989816271 906.4946159415847
71.50090526347994 32.28791982619326 1002.7067500085495
223.4217601751757 92.65030410473352 1322.1981845999308
90.22499899100814 303.9373020291083 909.4081141287116
62.556369659709986 267.2071932731741 1265.022421520681
228.71356044036392 27.30512724927372 1182.840647575945
58.17771730379688 105.05188644974722 1209.8222560793583
215.53463153061236 82.13543789521461 898.7967727106445
50.46844909606659 451.73369619813934 300.44026871759064
311.63204570618205 54.97974034682893 1159.7327823898918
16.110133644228327 182.43880935161982 490.6747946447313
19.4169488898716 579.8925325143487 61.15147466569182
5.6467915421427985 515.0689726338741 731.9441956699214
552.8985107862426 380.6918748307712 481.8529375157354
90.42570606333786 43.9451865732759 780.7273738827502
10.243500374900329 147.22607953097997 191.75056535574808
245.70459009600935 148.63109948550283 656.2137575331409
121.32679809465125 43.2559152127332 276.69469566494064
453.00248452124106 488.11609514594016 1376.1156575463888
653.0578338144951 126.3221515192189 466.0178380166854
78.90740325627725 28.509959304684624 1082.2011570261554
370.1056917966278 247.494416113445 442.2721055337754
34.919002894867226 412.33070849453253 324.5116030765453
452.8616473664826 8.164225080005801 467.0417601227866
97.57259108167351 63.6013246394262 301.41872409687295
374.0880606722012 320.3047421711401 965.685700956489
1277.7897285420834 44.937302658475275 914.6349545869061
109.23141391510948 26.15464492247662 715.3414179612485
22.685649976723482 87.83974732525694 86.83685216916037
220.19850752588047 184.07784551955834 311.7426822345379
69.9200407248859 262.7053278785495 1312.6974272485238
168.0276427463254 257.01736329916145 519.5443341539974
127.25417691475293 73.20614769983209 850.0734025109563
371.85689546964653 780.2275424385201 1068.2625712922531
101.16082027718605 79.9161671734551 1472.9535666006857
490.15295637199745 4.5882567439109145 1318.6868524257254
91.11791628376848 781.6035860967853 1137.0987322301528
439.7626972882762 193.63545015268775 455.3481656571467
128.04315866558662 84.37553731824887 1201.766654919376
24.3938966321597 169.1093944938989 183.76740068147862
163.1832101412611 12.782672545566667 1318.5251729006188
123.34537990750178 194.362534060016 470.1397959325806
113.52564006874285 43.98642272327491 424.01731074457354
395.38891446370343 27.64040817256835 520.3349973765156
144.62607269271854 70.08352862889375 1014.4776117914406
632.0781104204465 11.54377653716907 1105.2721711521185
229.28903813571756 517.1890516286322 352.2110265204905
139.0440458047645 23.331047420209263 993.4944977236439
4.392676334363855 110.53630164565666 954.6499807460382
112.50392759373038 118.06116135115381 36.25851348046194
170.53847128283383 123.75990890233946 594.1935546317229
165.89383198425608 258.9985625872244 1403.7681818395445
4.495302641426087 404.67351653061013 566.5747387087348
104.56643939785411 45.722454214983955 292.21724925171026
11.376820904152295 354.049011662915 784.0268386801891
28.944458752011787 61.46347147041409 78.24881213083967
331.26372189002973 43.19916722303762 839.8354308585853
106.81486888296412 16.727944263236065 246.03368313567304
146.67358498134794 451.13774445552804 732.0296608927538
329.3759295298971 70.82651627709123 1206.0743028477066
80.70460587237396 115.39188868489947 655.7656649084896
457.8297574701575 7.924472239520089 1137.0212396493703
109.78520402150416 211.9698825802065 348.79831903556305
412.86204245356083 36.77209521332396 1057.3870849169034
40.051605671765444 361.91870669596034 1480.1351469017131
108.9412092775637 51.50226327902865 255.67146382973206
45.59316083203634 326.7100386217396 1216.5286417764241
174.67502256277868 37.418579829544576 1071.7089410454532
186.28900732445913 193.62729083757606 1227.290911470489
33.46663033410266 281.9038267382076 738.5921046088689
101.77807086521973 39.024966880413686 799.0928090202792
75.21634708106136 68.39502474500735 1188.8416993033427
970.1987256330575 758.7930655207184 808.446451759171
5.677664538374667 24.0464728840142 604.605037437926
47.97902389020038 61.369648750661256 1399.5053181162993
58.78118604492343 119.77169869634751 726.0920529191534
142.12076663311075 88.4780469105265 1439.9756810656875
60.57768629959644 1174.9232718649266 812.6749903690038
116.02776640239144 41.29662016864406 484.49193076299235
254.33627734153603 198.37372083742173 73.78935428681388
945.9986188791659 262.94402099185106 227.50625529278335
49.397341723632586 390.4249161796531 928.8299765228273
95.77917120395547 12.585247131968044 695.3503700049465
119.86526342277489 36.21772859439797 1437.6613018748264
33.762418744372845 24.315305937356 795.814735265615
118.22746298453303 208.54431458321378 1340.701399508582
289.7564555443686 200.1761390999614 152.18564918758833
159.39641843981232 161.20683474643945 1354.923769074616
197.177042290143 105.82595678073086 1230.4071429127623
35.56395999961512 134.94580495783774 253.22278903415602
47.70822572083585 291.97437000074194 294.21333079138566
197.1079471442456 86.79391209391633 1426.4209208083346
112.56184173187216 537.6267380013269 149.5970516161656
311.57962230846636 107.54235191553745 961.7439501889448
259.200513402542 226.24707116730923 1131.7394075059476
4.12826474975457 205.1983789180249 142.90180404165565
145.20691049151623 278.1329500745174 564.0676681539983
122.87984509827456 63.34364463844893 1080.9896960964297
259.4128289373844 115.84154909850615 979.5475119090445
472.7118751239544 103.63304304566566 1220.1702344724408
23.43674315333119 206.08508811122866 436.48164191502656
73.43829717893144 132.5076923090752 514.8087147945628
226.12073838474913 4.269218020145622 1196.346554857749
435.15704267830495 485.92032702882807 205.0847932184326
36.7345782899438 14.758865059743606 962.2813759387996
22.091290356143414 670.2885999351138 207.54217411923705
113.58921704642988 14.661148292875618 643.107524894989
16.06432191784613 8.804710190965487 615.7811719699313
120.53041118790588 247.8004431491764 175.6706159032565
254.3327556582446 130.79689803333946 61.13974060556926
86.32378356164068 35.015551946304285 415.21605642717174
514.3010542271378 13.008400687247319 3.251321725010914
244.5117255969313 2.543392358717552 2.004976260532587
192.585689830039 91.51396722849522 1351.7700665410614
400.8044810294434 488.7890107881762 811.4205099127832
70.63140156237601 339.43233947554444 215.66288993453014
159.88888940604292 125.86713378484124 966.1402827987727
255.39996382893352 43.845334458398845 838.4753935851004
450.8183513168385 373.7768742925331 860.3654257714007
554.5376500850725 87.52517376883424 348.451926083436
432.33547214801763 482.3792023204785 419.16938345735
141.6938645605143 128.56094370945743 1460.8823165698707
35.96906909956165 77.26373135825176 363.77220086786247
145.95597878599577 70.52621590574485 403.3667183210134
172.6624407581447 2.9607085083118574 176.4764400662348
65.41613024690638 29.762259167228176 544.492502666675
343.82138208220204 143.50633391590313 397.37124015429407
370.2006892305769 310.3711999977604 288.41912599897864
311.06082987042373 22.102761247610598 1321.945481156008
103.81971119012607 445.80944978308617 533.2862932351591
163.57570152315387 402.5195354235299 45.1758833472467
133.62055000765903 57.34571829742664 560.038439085944
10.518259258017737 51.40399199341855 937.8187258642351
60.173571256013545 121.92661751060643 791.0782381058129
22.685783829721892 532.3551576982134 1291.6745995334372
980.1118178151736 52.62464351009599 498.98964437547795
38.55637853812139 160.5784222067959 820.8322239915386
81.25382995369375 120.83090518001633 758.9924661757454
154.38235782208295 128.09680932221585 875.7409793156122
447.9919077016057 79.27227870983835 269.8780916617537
56.03133976329627 482.5660226616087 1358.095297000203
43.14438653710787 5.766363750993745 879.8041815115408
153.29117974275553 1.2811722173506812 269.4607812184664
161.34275865146225 135.7230251922752 1264.872292971141
117.32199213797641 55.288398211154956 603.9927311485865
533.7178179284653 313.4520410434465 284.12212317843154
166.87712271010324 7.872073564875012 490.29824491834097
52.54065412545606 73.09105916352135 394.5579837994274
166.2004470070453 250.71647174965702 49.56532581077949
43.738426595567255 21.153505963035506 375.36926047671665
240.25036106922695 88.00168158108758 702.3776128021362
223.69038381495923 317.09212635487944 477.08698357470263
883.2061646866445 281.9491791052833 286.3867673326149
458.8789272575331 219.40158383286183 116.98715309097169
156.481428709333 2.11064652375262 1330.4239482399255
253.82453913923322 171.38949776986706 1154.3485001502002
283.44873895898814 192.29608387302616 1157.2250319856648
190.74777905920882 20.696260251420647 80.45714820137128
27.81339447969065 83.27405090977412 543.5460549269532
86.87274053401184 332.9252720583736 820.6323842017982
195.97948393349742 225.93711867660357 1038.2003096759279
65.05552174506808 253.63836018640313 1263.3047128352785
3.7121099029392797 482.08896603449284 703.7635020373839
475.2671892446517 70.27956779782687 1353.11709593319
354.9661868183068 465.88241362239336 750.2163138655636
429.0065582371379 52.02327284120257 1256.6361252578013
2.37028885499947 11.682380786725108 1403.9962013227098
691.8443497566057 227.6026945036604 108.18321372195399
252.02483611737546 176.78605587593634 475.27508113540335
714.8657825547494 33.32767514256797 392.4056172351048
575.494811773828 571.9342553434551 587.20796459875
99.2577114730044 256.7301008386314 42.16926698929735
62.34766943136607 29.40712211417035 140.1951764056614
151.50492998637685 72.36999790456782 218.106514564692
247.53089229328532 403.32245445703967 1289.0765260077847
17.12940586800175 118.62003765763775 734.4334297169089
149.3505073325431 142.96628732474724 1127.1028301928952
232.35545193004725 106.80623949495627 666.6211426952274
79.29710985032568 39.88398379447246 989.2747657776822
112.3458969077608 583.8306857301335 1091.4980709124955
127.522921946689 62.166612321632655 446.0562865964046
75.42968162429948 378.0939367484304 345.5172679278166
200.65777164038843 718.3445199463947 1125.3950588423158
401.00407172330756 79.2295083151066 652.9381968543497
158.19343719834134 324.8609680151388 731.3702277017334
179.66642709254842 75.3580560243616 331.7128352329711
234.096575579812 118.21338612577041 384.75850049969176
329.04923029741116 51.48594845433397 1307.584955263618
996.5209678568073 271.9063200187347 188.38280273564766
190.60635818614864 210.89124073283992 713.4706232578671
118.82347088144289 3.3260425326686627 18.565565058995315
235.875311262058 234.07488439089136 1107.4145321534693
222.32378868252246 61.03602059161339 885.8382658346796
254.333872821541 595.9643234547893 425.9474124288146
644.2085842607445 45.479948768685105 235.0501739423433
27.043813088237435 190.47888677717174 1145.1312856842726
125.46431907818479 61.8948246667864 723.9397783794101
83.0027148624309 108.66652632758755 632.778722072132
271.4182356134286 714.5898795818016 911.5420726835516
235.13622022431622 32.60799917557152 1049.1009990537725
306.26238530813265 204.19038190910524 487.21903380262233
122.780829061297 126.38084775008561 762.7251262581625
494.12104131723424 311.57523127816927 1052.493030511855
300.8391816813105 66.3983274773007 137.22573593122732
662.4114402044802 99.96797904499823 1150.067832104184
64.85748804603702 74.5247287283303 311.9491091659661
310.2985071290915 33.36597589971617 652.1384882894595
179.2082045099341 244.991462533269 356.974959197166
407.77363231371515 17.47780707111929 406.69441177554233
824.9142292459393 145.78603008241217 748.011372163428
250.46641549302623 186.08589765163083 872.6191905216918
99.88940799377137 68.77509642698055 694.9228360026574
78.6860927314605 48.42773073454335 1230.8270926286734
220.39549927718411 146.27283748033267 795.7626541350243
130.79039935148603 516.6972767504487 611.3077924801864
92.90890258893573 28.579105131360627 858.4304390684397
448.01682218317296 250.58542976096533 660.9285889681577
47.61462436149607 226.38064405549102 91.07635883055288
1043.4768516701054 754.2278084787819 1191.2858698072398
334.20084951186726 392.5911592639087 1464.8906864164992
85.29560986553096 192.71069053690277 41.71562456868511
