250
171.849414336308 512.0844049229702 753.8132827778587
24.04997922942746 34.08894701382304 38.09860205721694
440.40225789135457 756.323272779722 394.53114223059816
81.1102978155 206.66529434478477 452.085166800882
254.58795552429092 20.897813043301223 420.3979919315173
264.5970691421617 71.69143745747492 986.0227638787381
276.4826772528356 48.32163382177338 329.07223545864474
322.08616868233827 215.7511796315262 284.3290670607921
141.00553174951244 219.83954447673582 1184.676415371597
393.5521660538601 31.24887111909025 276.2344522203578
99.6687905384841 70.17530631141358 1499.2914759928244
114.60238733465245 8.859293460589967 813.1155242971075
306.329254042821 100.56096089284168 690.1110679513412
333.56118655715716 438.412040968488 1105.9786395366941
75.7292142362361 570.7973389636107 644.3941877326229
444.6704363467894 49.32372276316588 62.99381075978272
390.98846370973774 455.5688769689619 496.87754884100246
376.7127630584458 224.53260098694278 215.42462988444206
112.56270896766709 406.8265729506494 1322.4444940948704
282.88080707260247 377.97944749397686 344.88178941765807
76.76349515946333 581.1001252439559 1143.3613836233749
179.28971945485955 24.58965682913522 850.7138132484218
149.3444475569584 377.7392126677898 929.8486856742616
604.0431725298095 48.4533652211301 1254.445247270648
457.3957594741199 159.12257223941722 1090.7608430404478
224.3130275608388 68.38702321460364 1486.5488570496145
319.4356374641573 306.1058544251764 499.6563132326138
14.418688331361915 60.50039137258063 1326.9859530298693
154.871782877752 503.4918811267926 1345.891687704839
26.80455056164961 58.571369205292086 742.5727097488567
259.3551262324756 55.12978792490188 428.22558237239144
146.10115752526053 44.52076858677172 1044.1520973926351
156.18192991007413 77.56134811503725 1432.7041480572648
475.12152246326264 463.1185293399276 643.9642961504973
14.33206343128986 53.73464321632406 940.7672235872902
248.80565106693257 155.21819030423794 1039.5825369608315
30.47039734668131 158.24083384444964 1282.708934839155
34.35055992494058 8.816986260700105 460.10561006106883
26.156015882050376 103.1424931311467 1144.6074701299815
97.18804327936796 265.6996946283033 881.628637895705
7.032997969209505 272.1042751194793 864.1431443382035
356.7864923960992 164.07103313505812 66.56787801794006
82.9702005169741 5.431557143440607 619.6892205076562
12.167080404547319 9.518362051352792 992.5561530315046
204.7323026829945 513.0794140401434 793.8928292307105
712.8652927607212 60.77022745498947 869.3466497241659
33.42748367908592 179.01351565799513 615.6503752379601
16.931244495685718 252.31373495309458 172.0435654242876
424.2432428487921 19.214386748955576 554.8458813474958
144.6418599262465 99.31489563659417 1494.1851674598997
62.809720942850134 33.97451276520522 1390.3293501031103
19.59371467898749 183.0301012012512 1384.1037049277531
235.515380174789 41.70872655844027 435.03013096130405
296.09012090532326 67.81242473822462 1140.3326878071766
31.11887741250267 244.39485213186046 1064.4071643319019
311.96203415544306 382.93587303770124 423.731111161673
36.4842052646106 65.93592788966428 799.5123044632348
24.287737107969555 104.28714767036445 1157.5443645832154
54.12286326188972 80.18639901810899 478.47513482981424
8.32152871723921 100.3010665759775 786.8509061336543
221.17659158631017 88.52659681934922 608.362929763529
36.20053286046198 432.6729727756791 1493.1935502247702
177.26328738910556 24.05451920053312 589.0545478131531
518.8311216421843 323.3260732882694 479.6434526368292
218.40691844277234 21.2002179563542 807.2623642640078
50.4768554033719 315.61455603286544 719.0982090176177
63.331906061478435 1543.3243261435284 1293.0474445190189
15.720684348644562 97.47271434559173 814.1869737356175
41.21013970110424 7.7431222201723156 1266.5616732225064
285.06013938793023 26.950545549531125 557.5484535301393
66.01494975165707 24.578759548966715 1003.5996545065367
65.14313496496823 52.38496231226628 240.4266347297917
513.3412879481431 31.063306379954586 1357.6447376417298
258.6102876558428 383.938679413096 464.68403178122367
15.789701416340895 59.73910170317658 214.0437871111475
66.09715146201216 93.60832570227777 894.2127538127456
226.49459961505292 614.1443339341142 374.76167292070653
302.79961287766264 177.90449573882262 1309.920136054274
42.68199631786292 31.03443731914454 1300.246698264475
47.96131537934397 436.4582055883858 709.0676364009755
174.6226389100845 12.705722663206107 1184.2258166949675
682.5036492560977 36.87122368649961 695.7393310737234
95.85078654600458 206.40486687132528 1428.3673557212076
537.0499289762386 63.38908616094325 510.21607513493996
200.28224889711535 464.92389272675257 78.2254555825907
138.57998468955608 370.8413444523332 386.11539979468074
268.7779950020252 27.45919680268363 985.0040276051698
55.252845644441315 96.68294767899539 8.704811272922274
387.07084654399694 12.910826080851615 860.0517377012641
31.034038193389534 121.37540069090107 1178.8247876768535
789.4090175318918 599.9025696419194 521.7226004099731
316.6987456664217 295.4353966064381 1139.6163775876967
29.928829094526698 892.9834432019529 571.2010619503684
63.46620276010063 475.29013884831886 966.2458649092468
322.99402435478345 73.39650502473324 767.4343047379481
593.7522058534696 19.31255616872864 687.4396795206623
17.37898733372684 3.8753910742603552 1312.3773126917918
588.382169018754 339.5112891734917 700.5367978625349
151.62926103076066 110.78383936761792 183.1270179239226
218.64161756264875 104.64593659368559 1431.8225414361846
66.1711731568709 188.56262307571063 1002.0560758963578
223.39419628354787 108.89743734740291 133.1928838896485
304.9210317701232 93.07795516599894 260.39050976131574
64.04269729749895 16.73491409189787 1463.6011197263233
148.11284011890328 88.66114555160661 812.1616392033204
238.1894855476515 94.62285740071155 1074.2347517883247
10.399427293339263 113.3089492413293 975.6570357862511
1806.9802329987556 41.43191156354872 1165.7659068073544
151.639268880771 257.92318421899176 495.7757922198877
126.57706670884257 68.88384082358736 218.2744178822213
131.74216859791986 130.24157137062906 915.5592136035231
850.4518779244597 274.20260463840503 794.290024893876
178.26713629225367 257.51824967387876 417.8224710317971
372.7852876204909 513.5465929901592 1365.1592242802506
54.38118778952107 82.7045955368589 440.6205895308009
65.23349574495435 38.183385589947704 784.4119312347311
8.900542850158223 50.68285160839741 918.2615326831934
12.496864845803954 185.15273308917207 1371.6644646768837
205.61865381684524 16.5646604465468 649.6105440202289
10.688382430104298 185.20205280966832 1081.2460886242425
17.455099675338303 910.2283655561033 677.9654335298702
3.928268703147799 809.6845032213373 274.699199813318
142.9676060768295 1131.8196457369763 855.249693332181
32.81270793128529 93.51198858577463 1433.6767294854837
20.468756732685684 498.969273175753 1272.976470816109
155.64486540298384 162.38690674600022 502.23068689321684
132.42937036393843 301.52186496549143 173.17336254127298
237.53091260489967 63.478050981139475 618.888811416528
92.4591286064119 37.353542743511255 446.43313739922627
1268.9570965505643 80.34053893413625 423.6108338658466
309.9125410434145 73.66382871162743 1147.2636209443517
423.3868672362895 398.1566853869163 723.1173064650355
110.9095166574002 180.64749827711873 1475.7942178819658
349.0625809090942 260.6937246627074 897.5452228211645
207.04294777583686 23.717350774383352 919.6010685386256
142.64471357985056 513.6604898556058 246.33073673427646
541.2372615305959 285.77067914693595 201.0070904502498
218.11404964444688 28.302021056989947 1327.7782571333296
172.78189530218833 79.93114199914721 327.23447496228636
333.050498364869 65.50026366380092 784.7789491775762
99.89320162674986 225.26741211843873 75.95549085759656
17.379765989281832 203.0447821036032 503.7417663166222
586.9903559275614 33.40102468363212 780.9095589678067
106.38139462730788 162.22746385978363 461.34374327003184
711.713377898413 273.1463426315893 1191.9396625159839
945.1319046564208 128.6341983053284 107.38647721936655
29.363955051081035 457.2016595229992 927.8887526053568
394.01323143789557 390.0037257402202 442.4605901641215
23.8992504480633 629.0753561052469 397.70465231387215
96.21648205948597 301.98041593680904 821.4063294499978
59.061139859742184 148.39718381391523 860.7205864111371
110.93058683993095 90.01206916889227 322.6069088135414
767.3773460150965 67.29252814747862 951.0310799649468
126.3496268208754 43.99741658535118 888.9156016339493
115.8104861931361 80.06284650375393 365.1950635463689
202.47284204974113 88.53497748821788 1148.8362134127356
946.7034129571646 385.4616912270012 429.66369393985735
349.06956023069256 100.01741100815048 1438.2435785540176
327.62672492502196 395.4277229856955 4.1869078382010265
44.936211297059266 40.35766170857733 702.1282985410141
193.11737012508655 31.016365074396386 12.023108906112355
7.560188341439392 85.065500721202 691.3777086035072
225.96790404296465 66.55559906564588 1014.048460478273
136.0548746718095 436.0929331120702 21.616632389688807
56.01460030218035 10.749267041045941 905.8506630832212
209.96375270620953 50.67462225559656 786.6875446684455
454.12726066023106 63.7585945097813 856.4604929900405
124.59593087219591 107.63699256107233 112.63137452910333
57.6503076202509 497.3602482933782 814.4654091011488
326.06126501529906 215.58252883752743 892.7338750451123
203.3715379310474 170.5462291825404 1447.3794821333327
480.94955275064154 470.06568732941065 1414.1442467738398
5.233410151604161 56.333404302170784 1364.2905578761427
72.54341260425548 469.6910837850423 1119.4179479509673
98.03361268730859 569.8401731757251 588.7518304759237
555.9040704787196 277.4810297642411 1287.3528660700965
51.20396297255289 102.78558163738028 690.4253164966092
73.66540245623942 180.73843666780357 498.9498749948867
61.61104231294334 69.78106734724108 925.205398655445
67.79655475448564 234.16391461588853 1368.3484610459923
289.0924597832524 438.31508950204505 239.85799906466505
109.83925532194611 156.6691754712541 261.4475918167307
11.83056673184727 148.46870195944945 1205.959845834026
697.9348055700013 965.8420771181198 1202.741598550914
663.4094879035764 3.8045507378332775 512.9455601796406
207.83368548042472 16.734671550185183 452.2851946476772
30.846060892449533 32.92784476177518 847.0527956327533
121.0761093125124 0.7339725538571348 609.8813405196087
88.65617808865937 225.29932269164533 1494.7195398796575
81.12481815906534 100.70603071153967 297.5507078056535
31.159970796028592 96.00480319268803 630.121623584353
393.5490628164947 8.983796854427737 4.896989702426913
18.964808628754913 866.2994729103707 464.9319183409008
167.81957955085926 302.2985708999149 55.27403272432751
248.24263306846444 31.397170868286743 1242.7461878895203
14.557118895209658 264.41913675057395 411.3315811014731
157.24841235710417 73.43373877922407 1496.7257147927783
25.197159419959327 186.28215861321647 1482.242024948795
75.61386037100529 336.78677164810466 778.4292867531578
261.3904260802429 509.7243893128403 162.480177979411
318.41239852396956 498.48331519093483 1042.3445591457828
299.7148496684956 86.53604457982617 1308.6992157059683
524.0063243327858 92.8757888164981 649.5194832727186
179.9553623277303 260.36875039505503 1476.1213812207334
657.8044553224274 86.4014533068603 63.53904031116203
337.6379236409902 55.414473403128596 1309.0593290694828
87.36203737825606 74.0656711266108 1413.3258140303194
163.06569882310797 53.963702290223736 1002.493249575582
106.55977099769345 7.920466058635191 1345.7349811347754
820.2398233375957 85.36108579444831 382.67093253670646
8.063528284051415 163.70089875730935 548.5582469165304
265.15981360197077 12.328239106936081 1419.5366350902793
302.1971715229828 58.745437875924445 780.0131155243165
110.7107141675881 238.7145622125829 1090.4855612052904
9.568363234814923 614.3951265018733 500.3838320770384
185.44271202843885 4.007945717207943 659.4664943885111
275.9523472519311 19.979044556402187 529.9592226339153
47.50730405944692 15.155550061973116 161.16889142519858
414.4175931737358 165.98659920349164 892.182274170656
114.82141401112398 301.472480793401 1159.6497354115606
292.75141268578005 97.85506338433778 373.45213731580003
101.89995915438372 715.8611148708392 23.100236579846335
97.797329128535 396.7271863548956 183.7179884510578
239.48952436253492 208.72503148939558 968.3342783257672
124.34656330074598 94.55863084518178 878.279996679679
113.96689041858872 165.8127912061757 240.11641235901553
224.17539059556555 68.13787247414675 53.89714633474446
579.1156738319454 223.88633626459824 1409.478802009985
121.65442666516681 684.7454086303164 284.2221973690647
257.466241907931 50.90909557179233 1199.5379656777443
23.623392506961647 153.77787964589774 210.29676565408224
187.76611114682427 119.27215974225385 686.0729366190507
130.18025483611032 652.5356655290362 181.93516628567025
207.9534216659805 41.35493605700222 1465.4870208582302
207.93237549681248 459.18390102489406 1350.1928205046518
227.10076169929567 174.81783811866276 611.0477878234409
35.990773695436914 69.38849735727854 243.46735120417011
208.53458955029382 156.54192785005463 1070.175567951184
14.540208500480508 5.6549963544036626 337.6186759390184
208.6320389700242 482.5987009979618 1181.5555429220974
494.4679915065447 94.40374119684446 985.4151647014857
246.7039443754259 51.046019017218 1044.323867100579
11.399604928294561 17.854847869435016 640.6795621208664
316.8997047302619 11.446235282744086 968.2917914857625
144.98846849507595 93.71723314457837 1281.8808961311888
472.00813794994826 880.5834977572983 335.8161799794291
31.654023364555194 252.7913279331793 442.25148685160576
260.75323758924617 126.70558702963213 810.9146786722092
18.067185176575478 359.80544849707076 1123.0078770290763
182.31696930617957 74.11531957829888 1064.1926921178392
