300
103.96152221385539 57.899923676991186 631.2093991629249
239.5775389168011 129.89178905146017 133.6312607414537
26.065522928566853 509.64336630227916 538.4019189300828
66.94702468051042 94.97024880848736 664.5178203015766
47.47417006598061 85.59792029146777 1490.4091970304185
73.44332601142781 203.3224054414018 297.59623825787025
214.02518882757838 64.06344128865801 2.0154426829713246
47.418316589802664 308.21333047501207 1007.3969556441302
1015.4797948605685 564.9634648851348 503.0278806308894
776.9950807208685 130.1080529386964 780.8573059650437
198.93799345498374 382.3489336702383 678.8672825632432
26.778374872441862 103.52390110884868 910.650821261708
251.95463680328186 430.63794200324895 158.30914875577417
149.54869167775308 473.47871810496366 572.5434640468857
69.235679540507 694.2241068634517 1497.3359132861658
373.99217617418674 331.5331581352459 640.3201135010816
47.28763571630231 414.55968296693743 1216.9269164650152
352.8309530618648 0.6846114727014833 1372.61362329378
269.62632398275434 8.708256405289008 457.4757123846056
518.2447362039358 2.826982682646591 329.4222782161965
272.6143746176708 140.54961380994132 940.1523377957993
120.71153184394436 57.37414773231985 1104.150787045151
138.19942534065476 216.18289860737246 1185.0527722024156
11.8673855064829 93.61609524227616 1055.3731627157977
239.52337544138845 167.9290415588066 1015.5654198452977
116.47830656871632 126.53395279062923 915.9276237496541
15.627872781809081 210.76020203280274 1171.5936860952252
119.35038845138047 88.11033842626314 157.4410933799638
422.57515063829044 34.57827002280065 1434.2639464039555
139.5792621676652 52.01792669544931 32.198991978005076
78.7762773877843 278.0173692019779 1111.8849182441024
68.75581955295193 26.256945131408884 718.157834074666
54.461067979875274 5.517074583867849 1079.9068092594093
289.7320628579112 479.4282558804382 406.65111643581514
117.04009190711777 104.95490118782394 1231.8126299208784
455.1222497592163 560.5017781520885 203.45017332093917
325.98372560158515 31.339168148649826 785.7710785041029
14.522596101027283 142.44052454477222 806.3967038588006
104.14484566523619 291.2677434552089 926.8894639554663
487.56433115085736 4.597571893313733 910.6088121538539
83.60995834660429 24.65411752868295 188.09270700478936
26.98643845190583 39.062628425283286 1035.3522381694327
32.82248400670305 11.407863588788846 357.60969550490216
682.8526692106134 68.46125630829707 660.374129983199
41.21122050903732 251.0714174901862 386.1203319180295
659.375842027613 43.483101680652425 1148.1513245893311
34.52896259952002 102.13218900442847 1253.5993458295652
314.8554844250376 95.49366314276187 533.8882666886317
399.44845831849466 35.60518698890458 1161.566068392754
221.42870425821792 378.1915397100754 1366.3600955428344
34.534767689616004 305.2944294458461 427.4409117525363
44.220082757706585 600.9549301198402 1164.0194274007195
103.37410254425588 170.00242427127495 125.69068350668033
374.6011306834497 343.3674197626286 918.102062686294
265.44895959539076 347.12414064273645 502.80982380960086
136.6809151052713 381.7432661883682 693.2541941580668
466.18235460454923 61.92268609720833 827.9690266180643
442.4087535082664 121.2535041208392 1443.0704628218773
307.8513584471394 91.63933567206365 1101.8403185694567
345.5845948349166 22.86617545143517 56.4531301085413
58.5091043403475 206.3675714879379 626.3038121970166
32.07936821675902 56.286795567809065 314.68125001214565
316.12094748153277 113.83846323902522 971.7132477428654
17.569250274527732 61.28199098011089 326.08071497656573
375.1325087740531 154.92521871334563 591.702639878315
66.14419591018492 55.5673966106773 531.7050771283443
52.82252476393594 878.5561066284304 1199.3381256537436
407.81093281852526 237.73947400970394 801.6557351037906
4.182662253772613 15.641342817452136 695.8065572218302
360.49662360783645 103.07890549482501 228.9345020270861
130.91370791991025 57.541373956734596 338.3138711555932
254.2518743155835 39.60735332010144 409.3953799034947
229.72019485163702 69.83377265889395 83.59244612224664
182.03914087474578 24.324997710445356 1009.3257222245505
124.80271085991428 234.54489798499597 881.5981258213186
251.5588402548897 6.6463411360779725 150.73574150604102
256.8422722108488 38.61256049115443 198.4331084452274
98.1361271230259 19.62707484940088 1324.4340653124862
120.87430035254461 118.73032993152917 293.54883009389334
395.7007242061119 296.12082799461865 218.46935929363974
966.8912126377346 53.67809455580226 1420.7583175403793
112.81200944495176 6.878654358011686 99.19911479297205
272.13793939627004 28.009602543449862 1010.3270063953394
530.3190757319525 142.32654230183033 777.312060415483
88.22246053235112 591.3840052952612 1102.627665299907
350.2552921836728 186.02823691447907 342.50468896792887
47.10109304197848 74.0740378242522 783.6834783679393
78.16026856098269 518.0667481187039 1067.1671982076127
840.4973312320177 114.77073115441033 1122.1826863160834
282.85257099423825 35.50169188287571 554.1057860350566
346.98266311557694 97.85107347975254 462.8160024064819
697.6037584935923 363.6904658839106 117.4987657642541
152.16223131434958 223.5637102686478 462.0802114298381
107.59429545843324 661.391986371579 1354.0688833031938
4.887522007413246 108.68070593067473 913.6170026643385
237.49296570214474 11.173644917840587 853.0410990538593
289.05967924999686 177.51679548755922 1407.7906376236265
960.5852070926836 132.2176330220576 192.44089870590574
354.65393259492004 39.53590318153306 296.19865485136006
273.7084683514032 466.10155280962715 739.6944728481909
73.61560153474834 834.4900412198396 846.8027557485607
49.892567002879865 59.68592233517545 1032.2822139257619
97.5295426261275 38.41707812860148 240.4248605240507
434.10898006961725 256.3003123058292 1448.167132492691
638.6444588437927 156.67813421716502 316.9952893930475
6.881984784492293 14.031494885669392 327.8355298533818
568.4141453749467 483.6630431155573 626.4445720122229
113.67776428491221 290.1948227582119 1419.1031724306472
114.12427968991874 33.6374778177886 596.4257299605173
470.3316309236213 52.09187095059518 1321.224753918939
259.5911206990697 69.44258884627108 957.1578003705716
50.012571108230084 24.650316146652823 169.9630761701368
686.5413733682847 613.2973683624803 1296.7679640440074
275.01494430682976 282.4165639002796 344.00762819437244
329.5997111239549 24.383087098287916 895.0222623992286
436.9559627965561 423.5403753054358 236.26206861646332
34.485942648028626 215.36508249831178 1144.8841644650383
283.45072200813195 136.3012069012476 21.83096983064059
307.1210443858544 153.46628106886277 335.23211683868476
256.8004411656709 257.1757237694858 1167.8651377184285
843.3641426687906 418.5384514254709 1369.8238761062025
57.21786754918603 151.1309510214045 418.8492994757359
221.77530857686403 481.51182620119266 364.62533552223067
482.6774514697715 96.32477986737959 677.295796799543
141.6645854222216 288.6639354110497 78.89112731555431
47.86455646577835 26.959640513043464 1397.8778594376524
3.183107984167957 9.894224423192242 894.6544051452813
77.9035727284336 168.8617061553643 429.25884924170043
273.4334852311606 311.4733732793051 1144.4955070461658
134.73408272410492 374.96020474728175 1369.1754976394918
105.11452213762227 74.17528841867859 242.5445658255595
152.15987385983348 242.82372297702523 501.1380740894956
66.55506868190575 216.90608798492264 1146.6066847292113
148.8651923706751 54.83925759271716 810.4559684932892
48.00775066576176 350.4046257711915 50.22532320650136
148.03443940474978 206.901039272657 640.5106841365271
503.7222121328328 10.359278991104425 1090.2225600742945
94.53985985029871 34.313410087815285 453.0013285420425
496.93822576692276 215.09295571733995 858.5296858004991
831.6280218838405 132.93944389242432 124.28184760882927
199.54201832643056 102.43985416718589 961.156817073759
209.57959206608342 216.02976832857448 296.7329474635584
725.9872008884165 447.65819559462284 28.73533512820342
463.167501086401 49.28091924164593 948.4170470146752
191.0049987288723 54.91036381311025 636.7648447673513
11.988515511736878 984.5218357506935 22.673139982119284
80.50484282466284 485.2222152562446 783.2235521874975
95.48861211392598 32.16909177137327 1034.864472638228
407.54655728053973 173.12579541220882 1010.3089666041349
206.22647766919857 0.9109042545202284 43.127730886721835
456.71039475263717 88.49909712487623 1493.8850772297849
71.9967830459777 143.76365686140343 1482.7984927880595
26.664654647110194 298.74215083652877 1003.7463830170233
107.8258739942831 8.00966161111354 1318.6661686030384
455.1483985934343 187.7121110758014 381.4852480752022
127.02468062290562 40.59495725232593 484.6225825617948
101.02250442114374 7.879736577052865 310.8705210284396
25.779951673577976 65.39729183580141 1123.010184999136
100.44179356296277 207.44329217054963 1367.3175187193867
200.61086739052786 707.7055603875625 1101.4711685707543
88.66991911697018 43.719032682649136 1400.0654019986596
179.9056678193305 130.6159107823644 991.1599014475761
579.1093938547741 123.42057063313645 1453.4535625790181
1349.123988758646 29.673708078980443 1415.3652965755382
80.67573459704866 974.1206475776784 1361.5617209644931
384.9007991851474 357.6822706105949 174.6465306627924
42.800986962830734 52.99855431465519 25.97843242148151
499.23472352114067 355.33095282740413 864.7531725834616
2.0929354577666928 393.3595158955819 1050.7819262735827
10.67986575962285 704.5727992758773 1004.8697385689629
204.55780954663783 1.6461116338897515 348.0324540545434
270.32481310894275 376.22145820578044 1295.7496651383535
276.9270594670594 114.62261327148144 662.5003504797209
439.51834530347804 77.27470779614336 250.41925383480273
261.09321095694116 127.09300330603664 911.7513560398364
1070.1575546855631 139.91594998397744 604.6643052864054
388.930203452262 215.38163319008436 845.3944756804741
121.36366434997565 206.5226635917483 162.9879338669921
234.62946935426788 367.8471072955644 664.0258174783351
210.6543671142842 305.09977285301903 1480.5465173739408
157.26932070894307 213.34443643621458 550.4173012819158
463.3802288493456 269.19682075319866 597.5488675591752
664.7145591456729 83.61211853006137 268.4091714088363
281.15232965081407 61.56442003743494 225.63563643644673
698.853684386986 196.46735818532346 1298.0827847153726
529.216362402997 106.86352219689161 965.6832815392085
70.4319828766098 654.8974060189564 976.0814565249043
204.78383295169255 19.42202106430113 475.1494900766376
119.96623505726988 340.9060204814963 1041.5513360793225
130.82218200607926 91.045899097955 1454.384418190393
134.34193488305894 319.9775754226734 98.0125587309031
203.2992374788349 61.10090122911771 538.4737703544333
32.2276498333457 101.99458350080211 1198.2334318963487
7.387138754862578 163.3479449157252 1089.3073220953017
248.65663581755038 77.56856988486774 167.15263985910738
184.1806385237271 265.35027681323953 300.199622792871
15.482373637062189 66.17735490068158 1326.1976150670316
611.0455771507108 18.632548779657316 735.4512080356338
302.6270703511073 292.6075789495699 723.5084303983357
76.03572003335546 28.80855036077258 186.66767936667804
214.27348371012977 186.55833516401356 624.0744625243717
18.55677034165069 76.77381233540713 782.4337837279132
15.726345764275374 46.017049243536526 25.973086475730266
107.34213801296984 322.981914415373 1318.5333427516111
36.4895509068717 15.658367323981581 1299.3377660763495
181.5195570614938 309.9476727044261 591.1467385155773
131.05452506038154 65.0184430106803 1289.6615573024994
246.2759589450039 455.45243573461516 533.5384225940059
303.68028388857687 42.29867569716651 1058.7929625833451
150.2970058959653 230.7209866017694 796.463918867711
132.23112055763627 350.6692226155818 729.4768893782702
103.57254402994394 32.89412123565726 27.6831954875702
628.922017555505 342.0071309916899 575.8542180681492
40.72685548149696 105.02888245373055 656.1032250922269
111.97538442257601 254.30717371608944 705.432726962548
121.8769793014234 62.05202699540706 1495.431677845494
408.9086487573373 172.21706627702991 1083.7829170474206
51.938691361218105 186.89021586733557 1197.1097344395118
427.76729645536744 342.0459893632025 118.07948936496409
159.90109041779706 142.56203382412076 340.0697956150397
23.83307790944572 221.16766866772304 1311.2610155057082
210.88525547407383 61.66262468703665 1470.1765702969994
92.03622886414637 231.22849275104173 1307.2251441879102
275.5095101370743 89.49619740961087 1450.2624138087149
87.79868399812217 96.46153085643361 1234.0001649176652
199.1406645546871 672.9365453607753 364.09220595598185
154.50909749841378 286.07817388529793 721.9408469228586
72.57118883697112 395.4219630201033 984.265044686187
120.56811453405918 455.87393021122944 90.04889697483954
112.46073959864933 48.94989592344806 738.1321494459605
262.9913283206574 62.11678072720369 864.5206954074764
87.56728170943174 651.7209334050427 1194.7308346413251
319.8560000782776 269.3180898497006 148.0300669723767
195.92825060126347 18.265045511371053 989.1041648341308
349.213363081182 72.04893575636493 981.0601924475565
206.86302134528688 44.23565149594022 55.642118049758714
128.35248878301718 5.835378869521697 178.99336944476323
50.48285865991361 1015.956495590566 974.7254628341464
162.58234981125108 627.7335863143604 141.20445436094653
327.8912796659462 355.62066448880023 1143.642194871148
228.96252776205114 542.5056241895348 870.5640506592143
72.25759937692142 258.7870910854119 1032.8107557328763
480.2764970317606 265.03448489522157 1072.563422155644
96.01080239391247 251.79942492277894 1428.9827105150648
166.99890293393193 113.74991180429024 601.7362946031745
214.9264602741517 265.7003957211444 1277.8690017144947
38.69401762988129 7.711472676811809 928.9063871083864
181.74021315644774 165.99926882305758 777.0930646356413
68.670735966509 53.13830426787891 1407.0040202906125
455.32306232960497 211.5636136747208 525.8806908547416
8.094285004355832 66.10733419757327 90.50579865945745
72.30520344108125 12.752198115628374 218.47891804840046
223.11809091873133 3.858817266000372 1369.53411832066
426.7178624246875 481.9240666973813 116.87692876420496
51.405195554919445 74.26231330350102 922.9572902169543
177.45973492582138 789.051699466371 1203.5175174286362
14.147146142950628 331.511588022464 1379.3532911957764
16.19743177165331 167.2295458865475 781.2364684061893
166.1876829591932 181.66350810905257 552.8306761973082
170.08516073020195 20.19648188412608 178.94339253894398
4.155038508641696 663.8499055352308 933.515084488034
107.57019171254491 20.934910950457585 1374.7750868866895
200.04826819686136 16.78055750999605 702.2115688927048
144.57136024924625 298.35721556427836 135.08263990936308
13.59816078423706 39.35296399841947 68.69317325037383
27.436337077884943 467.20613474458605 946.5958461298256
777.6318763335181 193.56321971310314 914.2766095926042
447.3380228450665 107.96905950605262 1261.094670066254
222.40686613449023 343.2133051526711 490.8078002280226
103.83232196026806 53.76197927256234 1129.4429253553346
307.62621850255476 297.93675413696457 1266.9810814382033
272.908839366304 239.635073945363 494.844718637025
46.77265562633177 32.26269784597392 1047.1295999749425
34.448910739003374 179.42091051952028 617.0793459143052
24.044789699610575 184.49934474013634 1359.2447675596118
103.48298447090912 162.13282814163742 669.8966093557913
204.364148161889 58.328133500916394 612.1835391649781
94.67403419893466 936.0516857535733 1025.9494038101277
410.0445924450876 117.47914690257221 228.1739440070869
39.89937801576195 7.337421083183698 770.3328907215634
350.57280983975426 361.9742495879785 1147.7276374899716
901.3199738524852 127.87216037109074 1017.1151169720615
7.384349337372692 290.34341759703926 1350.99219919783
398.19705180878947 43.54015426279182 1044.101961720464
143.6775021160049 91.9475032859307 12.83516298070958
684.3724269290956 153.26521157507585 224.6562028140398
631.7307021324413 53.06825069995516 1152.0873253381635
35.412295444964926 77.09168263928755 1003.9694925435076
89.02851994183723 28.458028145430642 435.6296003871182
96.41303851635715 254.351010466381 885.8304140609707
113.05000361783047 137.6413612620219 296.2610141725072
367.8403739003124 130.5097495103399 838.6116946283629
568.4871107038116 36.23947470055554 497.7618847383814
67.93473611280396 410.1966411230249 1144.2691084214541
38.429015244184164 321.00575647458334 614.6032851491881
96.67707976973647 280.8065039297661 691.0332635822618
117.69577668645461 52.2342571741919 1006.8325560131805
65.63025401307729 133.04570381536246 1044.1253922139013
752.8971181582067 341.3707918229641 1413.4544268937173
44.361311918769594 2.958126002309269 799.4486740424088
