300
81.96188602970564 290.4506636700369 694.0033334187447
31.693462845226144 204.32868481160708 757.8793666067503
87.46650706948824 389.6453440420675 819.0564111304616
235.3336403961299 129.20888552633562 270.83402152080487
927.6005161762621 227.31617434293966 22.689264855653203
39.8647140361078 200.94439278181414 708.024486914349
57.25690239614043 14.494424744379772 315.47750299906505
143.54624949126162 49.16989984788632 33.24794155569699
57.95843098749117 425.7047620887398 1418.2398519984918
91.71242221643836 338.3834125370078 554.3872323094479
201.1239534154896 160.81995005021574 1126.2946262517567
286.8453690205429 52.37626325924414 931.7810886612157
30.22451269791863 349.73860160230515 397.06695505442
2.409295790044864 162.2514482533116 1422.0417979251017
14.877157875275431 93.95960447197629 1355.890582223477
265.15933684292065 18.85631596969568 480.6294041049393
152.5693885973866 330.03109750211013 422.73765682891286
55.28481920184103 84.76076578344977 414.98093828585513
468.9259661152996 155.07701189954895 595.1424982351999
155.44152337062025 124.63465807817182 1086.1328967954653
73.64515083506107 13.034289099915771 30.60201282748698
177.9116730492333 15.885813394779289 463.7254068412962
46.553723661654004 218.02651456552508 596.5037708957541
193.4557411192156 353.0965389154784 1493.955470429307
244.87091826148074 40.940487662647314 1028.7604105615546
44.940586048965784 277.69399201720404 995.4780486612391
891.1062834481211 1580.7985646465631 802.9681166327888
377.8015526602723 200.73812490248483 340.3897923596427
264.9826328528478 410.8735543962963 1116.1659985615377
9.539067934503308 421.2452764754554 17.152635573267737
329.94207194389116 123.19679380575839 1205.5840684275688
143.16248176555843 367.06476292059995 119.18710588394715
135.8864462462532 389.1207935611369 155.80205335939183
35.5649059637203 28.340103104828778 742.9869919201453
16.313494176779944 23.355782016522333 697.2096954281694
405.155824490051 34.18097759082197 794.440844446549
82.9959909005339 109.26103603142661 705.3619881427061
397.82764614100887 327.66026036821694 192.52646460884083
495.03579914595485 83.63947554610927 488.9931739032511
30.748372020069493 97.69800301216651 641.0450707257477
202.51938828628352 361.4138703936889 346.66020521561586
185.5695618690727 318.9857984391383 46.05988188678894
180.60360106928368 14.907618285802524 362.98845803034
139.21615066055907 180.85069212087706 278.65895823928184
1.9191217251836614 64.67684783484175 16.328650366983222
534.2065695945286 155.13588551075068 339.8271032052785
308.5585900442996 58.00927176139137 606.5903144193712
87.33751691448592 63.67239431297161 1273.3454610783397
74.45151575381821 217.47740205352142 1220.1938085307845
709.0993621059828 80.84630019588263 1439.5629228952387
47.23781600500322 250.3920531966136 18.634157183168355
352.208829150401 128.62223814229682 1388.8519003191523
12.50792596264356 952.2154009980179 1183.199041174998
286.1226779459929 52.12549047507644 165.54022576440735
16.89495713464947 64.0762864842399 1402.6581562299507
19.047350083521074 103.77986663058726 798.4887733913944
240.4920566507617 98.6589324319698 205.0906172624393
38.824734210290984 50.054201957381 968.1791253303664
98.78868634653135 46.60882035864729 652.8805393864003
324.1471922980261 74.6749400363987 274.4412691364148
261.80063879328594 56.92987335587607 537.4355079656807
26.944801128318186 194.27383924375127 899.7034324753739
289.36658003819974 265.30504405426274 543.7595225020011
284.9867639130499 254.603432702949 131.9771997439871
59.74882695863841 112.36571361152068 351.1400763543882
122.62059169153088 1.7260030978812377 1394.2414721335
203.60002319370784 25.059973060026667 631.2956224157314
16.6320079290903 191.6662290957956 1277.6319997184255
20.474769955871093 253.75262041720737 381.69643947529534
494.2427372405933 269.1235515425776 863.6621073801972
295.7460376613007 150.0262581758058 89.49766323649128
342.012929584972 27.131028447809147 269.13166450965264
324.99343027705174 314.3873333807481 214.44600864214513
332.9488517172064 8.671893247333703 1168.9931615835471
8.87701831379162 92.46516874752209 1310.9431846165153
319.30917331949945 9.015717117476612 1427.3342269836323
279.88789963824235 138.25480192729762 914.3972603725935
286.62154270216405 60.536279513600135 1060.6323943005557
406.1928822560303 160.3690039834734 1317.7437030306066
33.98120776054513 136.32762091883848 459.9318971272451
3.808784245702069 362.6990384149418 756.4407561554569
45.65657665135202 382.0618543364715 1339.3981518394337
100.47203003504066 180.44695354815505 962.6329150412118
510.0244186595608 581.3475885453645 1104.7816513260666
91.44675890206933 9.225937085075282 1327.790277543844
131.82264405658032 82.19185094319725 457.63473924906043
774.2320656954158 286.8969426677178 1306.8044860981363
36.58546120012578 22.017438012400206 1494.3139772839668
1.3787405451717119 80.90420596433626 172.90422884005508
122.54505719358323 492.2460349077001 909.4638991627169
74.6895144989089 0.5768050270910277 840.5665520816113
141.46466036320106 250.859387219489 236.61324055874616
145.45181916107265 213.88250671865657 531.5819696550461
112.71058410812174 392.42787914460627 834.1850909737673
350.4833618231181 206.3186348870469 1041.2015550652577
487.9640382628147 663.9267648731083 1223.9090957084095
428.2030440218825 42.23537508123658 906.1057315642304
133.55703231165413 63.38334934673715 320.92945917549116
404.834448107158 848.9098717505218 751.0509578869013
165.2177142940471 229.76495993752053 1385.1614902416554
67.71261822247074 17.57246109225468 433.83142199783003
252.15929560307302 234.41183320410062 694.8887901836961
151.76704354942808 33.77367517857273 722.6840445625992
70.3869745858828 20.104351625880103 960.5630974910945
146.18716359480547 232.71077237471647 927.9554370941689
140.07559498183295 244.46465888808115 1006.0218828097571
188.08173594463554 116.8131490653301 1410.753224348904
889.3817849776633 232.49699582160423 1440.2710851863842
139.74914397462842 62.79860023054302 177.69355209536437
29.583456543120224 95.27793499443692 939.8176265963363
767.3684026943146 702.5715580111973 419.12842439472325
86.27083113746568 605.7428493732981 1380.8102519532474
158.4784539280611 6.8964043730923335 460.71089551384534
101.0552406713159 278.2966247369547 631.3818478623881
96.58206073983683 40.147909914260616 1478.7718565434445
38.10497966376028 73.770346598515 1443.583904126864
297.4292094639083 258.9092414384776 1480.6903386917322
141.34968735735416 47.326469368992605 528.1729014307734
89.95983273574555 183.36928536623395 54.82911844622568
35.57490438896823 115.63021300697065 1203.6746832214299
315.3065749404914 394.7189314291 1243.6028248539224
8.671732702475305 52.11407254404752 1481.4279331174282
663.2405591895446 142.901316268282 1282.385455070196
380.0347682573134 292.6412346447446 142.81994681706567
771.2248574840888 106.20140581895026 637.4696235847349
558.8440636161686 47.07555457186471 802.8068890339218
84.92336906242379 157.24110660369078 72.95761996040278
155.1826564088711 46.555737875136664 1338.6491083349677
211.65123952845605 69.00309001984091 442.94069295778013
68.08910417074306 221.91085710639857 132.54314172522012
14.60289600193653 19.315233607714966 735.0278451186175
35.67816949096886 179.04001327534792 1460.2540430230085
315.10283524004996 247.3569138354679 93.60960012974634
23.592696473914017 43.838181038180124 1372.7807382277717
24.641811577880336 70.1599341472108 575.4929334566511
323.6000267453295 40.54811543963559 17.0984058625534
15.647870409513482 140.1382373725969 1238.986539560616
352.28627817529684 296.9585603371846 1332.0763979007734
530.9192502077251 131.61245846232762 802.9377209030814
50.758512265752046 24.866484060236786 1380.1812189126383
145.692062358536 177.90303234756732 237.68339642135632
425.10911919158457 191.7677940602485 515.385289680256
144.3739926658197 78.55734917142367 1187.3283077718604
205.3780394777069 27.345234101876432 1447.6894786791888
33.93733693790828 40.13767048093529 838.2262641410308
707.1328131611128 360.1674214218542 1286.2164463847362
161.0019393285411 567.4962471767014 1027.9434988922367
162.88311259647236 116.16613623622803 387.5148590145244
132.77091430348977 14.909304546200714 219.9760168787786
120.09035348172475 107.24312281590909 111.09793459668354
97.85102731840458 120.24679740266843 726.0317794443013
433.2638396676646 30.285991006137568 344.6124025373943
52.28324599411369 26.989002896783376 609.5536374861932
149.26266892182875 288.0633427553508 873.7127630845883
73.91875539705259 639.0072236286879 52.700079213059304
56.41721040425125 55.70570789400322 340.2128950272273
14.551369889998309 162.48388813550875 553.8977632552143
484.6372691331649 148.1196942924668 174.29017242098172
30.166152841879747 328.1088655568364 376.9677843663985
21.912587059587185 349.3355710961042 1296.9199945157209
485.1819692024527 529.2043798790328 97.3690410265291
568.9448960679912 255.63768505669677 474.3873983784919
168.8890034485153 347.3286621144799 410.3319982700096
62.02382402591967 108.20937654555512 299.00533324542914
244.32625497684026 64.79740451287732 1193.78859426164
325.35750395379 6.56205222987552 412.45884411979057
224.85215741112285 123.06517880544314 267.56349943197097
160.12893625017293 15.955050281353747 892.1738283349769
1.7926871950173895 92.78604753108517 491.1610598430188
92.11024117049425 396.0969677193707 449.7485606956196
35.530962890133466 21.964335068018805 606.9845090819817
3.190050137837366 177.07560448087875 235.96797161035786
314.38141107381784 248.72329514486987 928.3806711806354
24.991848828377766 79.7014812558418 926.9319930978386
156.32638148772733 119.23510249887809 846.5841929598467
59.59553516978615 114.94606396426302 1251.520520050181
113.09191483558732 19.806194356728078 599.0059028557276
256.88191519409224 17.72934664754593 1335.666346288882
3.484129128569566 122.66175529411434 1368.8721533627343
495.4147515762879 16.291311869576873 926.6838285239043
288.18772847743895 195.9774373001514 1382.8681156973214
101.0277249450074 63.38246306548897 1341.3002155140503
44.044403439672 196.1163555945157 1353.89257113777
13.322353557070704 107.92377966324109 520.5549426599455
36.305917768727994 333.96820144763643 1046.5414045461448
464.9074731572725 3.5354149841956803 1225.4220442106428
176.39462732365007 220.14715442793891 853.6894627207594
751.2663170484682 19.89893810352821 1061.2762845485572
139.41529212160833 202.32805685990613 1369.0654125348678
44.56293897333767 417.9658946613409 841.3873657211755
113.33591941030167 37.71009798137912 361.727904499739
40.7172476151838 113.36408518157377 679.9384535804882
341.0254193666562 1.2437702899690515 640.3188208150821
57.44937796852989 143.01483945459512 344.6632117068078
199.04150682388877 149.93189616540064 949.1091463258161
418.0541030641867 347.3756019224193 189.52031823146893
95.82237444797605 493.2813172118554 1063.696886470729
508.49772984377 193.51825672618185 1067.4567876291949
81.42076244253275 20.010844727841786 965.8098472203324
366.89599983785246 117.44973421127025 649.0712296873393
119.74637522088642 443.1552280243504 1181.2218984584363
18.213315149434013 82.10354774026918 1040.580280604994
74.75758349090314 385.88833952111327 1393.3700845938288
66.62293844329257 374.3538988532366 323.5435763349473
568.7163157932412 140.4300782589134 1089.051897437299
3.711836665393473 171.95693790239258 1396.8317863342545
137.12008496079252 88.18763726247752 1194.9477866096272
14.96275657999558 919.6215473297422 68.98091901404545
119.89398021724504 5.031220177943001 959.2665349389852
162.09116881116782 81.55666632877427 826.4146230930978
216.89906684511269 98.67878119309546 542.943794908512
375.819479550057 239.28778339451156 1023.9735576987605
214.40344910651388 122.86017494097376 356.15790856467606
43.05656969218434 63.135583801746556 609.517602031189
89.26374096000313 81.61982693307182 595.1452068175334
776.3460597642111 50.53281578488886 1090.1309234693083
148.72924711690413 152.40986368352378 3.344490301530667
736.946995797111 386.1954209361248 480.653664328918
241.2671793173793 347.5825882779224 23.35424290404503
214.28952994987168 149.57448924639058 1313.996269861716
170.5172244183453 23.942628412457754 1114.2811077852698
290.44763973030297 215.16875474049274 313.44935871401333
362.8013436034821 20.653607860665797 984.654573540445
120.41571836409943 159.79054079899714 578.6987190013165
123.80808640717598 17.031404689911707 317.26960605456475
27.447754936210494 22.550775372884054 354.1016843982247
85.54837822661045 27.274117219642243 123.30240837797778
22.72781477943433 714.061912201367 1461.3055201958978
650.0328394950045 133.48745669053687 750.0164046857142
6.782237318041743 16.220907455870993 961.5744067721205
198.93066041087525 535.3383773691506 267.40839190532
306.11594578693644 211.80186815607672 80.5649936652883
354.5807700272933 282.11815639987356 364.58877362414637
534.4830729428486 100.29644131791915 837.6672418034333
35.406796014248485 24.050612300741196 8.096923749639995
503.43183622397885 49.89030580582334 1374.376472008919
155.71923576335234 257.0437379643809 39.338196643182386
235.97810099046538 47.59131341501804 954.8521882627949
244.4933888115794 14.182475084470461 1270.6007846886455
295.3699080611311 439.99698612562065 1371.9596921640969
178.2301645761488 238.0264336674787 534.3751392600469
298.8700561252096 383.6694215635615 1021.6620544703399
83.41689357994284 134.3286003096693 315.54154685796937
208.75520289553552 33.38477411062254 1059.2417210521455
7.964148820613325 11.971067101375645 989.2368227915126
68.00652023963532 574.4105043308567 1375.2499733440793
228.6421204432385 501.66117248616746 1129.1123659039085
73.55824714743623 102.04225806582701 1443.5640958870076
22.794095699443854 88.175806293399 987.1412376817667
224.04870280842673 125.61414087342528 499.8326403530951
41.22676363362344 450.2403122067087 1451.6593806192413
73.80748790758742 30.46135034098822 1323.5749394481795
117.95916350246569 28.345064437707894 290.2752437544886
128.35877492705262 316.6631801876658 937.5974988649964
46.63125278884636 185.08473277584872 1263.4828321334658
51.969733066524405 184.12261271786542 953.627487099208
359.1414480277374 480.1838430429475 389.4472096322542
170.37115899501146 358.434168449679 782.3478898864136
321.8811440047004 239.28249001211807 781.4826099449534
285.291512946294 389.23053348139615 510.86307867228305
100.8533266583407 286.32212221771374 1161.609483915648
28.40596626899048 28.06432019705246 1372.999129273632
46.69460014871813 54.255238397479744 187.0447649205388
56.13346676067991 252.19118561002233 277.74795400319124
35.142939952755704 261.08523299307484 830.7631532412088
467.68091243827996 13.93636822371647 139.68851342053034
22.8838520451318 367.26996733637924 278.6804894231365
303.02442733944497 357.9613673025613 702.5136867625347
118.65682765129944 164.26367031293677 679.8372730136016
291.61361172110867 107.01475919995353 15.134497153733273
197.72662500794317 341.51799503659436 805.6769867033164
125.35138782240465 236.03001361343684 107.49047571211528
790.1132348636462 175.57911683303217 833.5190967576038
201.81990580983103 13.207440301347429 801.7229931476517
94.31842949533552 623.079621740534 671.4113615265194
76.03213194285838 25.075037600547173 411.5840064213697
211.69596041553837 154.18437875629277 360.6984837071072
416.76336135415033 68.57453609713974 583.9253984836608
125.30707688961058 184.59741172929012 1142.4050011543097
48.84048858544743 476.20629725054664 110.55543527154865
69.32587907606916 171.64580426838234 1331.3368767806912
37.70065066319903 372.062720782341 433.0974774472103
0.25350128283663215 109.8670177199316 948.4487681792914
337.1869548867591 209.44864473307643 479.24376015879744
77.00442052881436 1.0654751219002692 252.11854585830628
74.24376877886571 523.5751670171538 454.0079248836824
89.5867352738855 58.21513665285906 953.9759053406855
22.8010462763902 335.1611784645383 685.0273153994626
25.64217986689805 222.90468000996745 281.35872180065286
101.18091850899349 0.23872300928519122 425.5222851750679
390.206944903803 201.2625932878863 599.8203737630636
415.5318094535769 924.5999367244586 988.5935315823152
273.8195849842458 112.94407513342178 2.827830194903458
367.49522067951125 440.1940374148533 372.3797599771497
184.2975337834755 3.73058971575101 492.03423664910616
116.21693726665308 93.90191591013397 350.2048127914058
179.91300765741784 214.26827330823812 1267.6141253126941
605.1843925111594 25.416582344720585 603.778074371069
412.56707902043024 166.1259523366875 960.4662536151336
241.4844656585926 156.6457616570571 1325.8810308842105
