300
112.88810548245823 12.376376842304042 175.62918782761716
91.69243991058599 3.1687908700900596 1458.9399735317518
459.4253642270736 311.42399143309837 328.1684287834066
4.8393636982678405 172.10522572707424 829.0332564237522
198.99058478112394 83.63755242527154 1064.7991522569769
271.6981031142713 451.9079439825194 511.27842745544325
11.143539877574405 29.96163519821295 867.2541622460416
64.06251913961847 89.67496090538557 760.0375975177195
15.033894635376289 46.92762957187313 205.38802428302344
201.44301201505712 1021.3857792449662 78.90336323456198
26.085502716483226 206.2145731617796 1431.005395898214
227.46524268184407 14.50786840053243 907.4839948768563
152.19472521887272 204.0513470634655 1108.8217876315116
135.6929792130623 192.8720468508059 708.2530128568292
338.0772419678254 206.9806034835218 1052.8066863225608
333.6429849575504 58.47779788062496 42.34175618809638
124.7890758431444 55.262001875763765 1178.0994041372196
46.043033985354455 2.500782297886142 618.9083968096162
49.44383592323946 53.56093742750181 596.6185875340578
245.88030233752812 56.31070495942808 1262.2361292346884
427.77476848658307 216.68737809497537 1258.4786184416348
293.64129020884945 178.4154849788224 1438.6458599130071
32.652183722074334 272.4880494721515 697.7540578130893
52.83597767893345 32.97575901407656 127.58651319579317
211.223841472086 0.7549726683307709 158.25370265335698
66.29670849561909 60.187941782386126 287.8630987670401
51.851313470789194 5.529480449915647 851.8276843296708
49.06229735631392 54.60258567925236 1096.5216356433107
156.22400614619826 145.95890090365538 1138.6431213427632
460.1249970822919 85.45472039685433 76.15936973243303
106.28866962870211 73.68297274118434 395.75926766262586
50.96258576973135 373.8445948672477 1406.935499227991
203.3679721488208 13.074755374503674 818.9674041992056
139.6039896573547 216.01182202042807 656.8665805709675
207.9389468660315 74.1653576726451 1168.6014791674934
53.63389037102858 140.17790706836948 923.0796891839796
237.25341677006617 104.20143456113344 397.684976508668
571.4036148876236 29.067703451043535 735.8113891757249
68.71024302740302 117.63187740983356 1003.500826057321
99.65601223223774 175.362603985696 406.06469303527336
40.044826155212796 424.13093898593735 869.7087729640407
423.69462867961784 104.672278701082 855.5508719186774
9.163230362035495 17.551670292349307 662.6451202849954
417.58655132566906 76.32251326521963 699.6720293449982
325.0470358974751 70.58617003748513 718.5288100349562
286.44633668418345 516.1183600118129 96.51140420334586
67.15710172118818 249.5116008431209 475.12067871861325
171.86010108261652 16.14213998086483 314.47547435088626
63.82876562711731 184.58437390067527 1152.5080086741086
130.50145696177015 71.75740898085212 1411.7867665630988
1081.6746358972016 101.27044836419911 683.8686429953888
8.182089020649633 112.95137408023528 126.75352925747579
240.8300267178391 420.4172086636103 1263.636136319333
60.63123842956959 94.39699875365629 1198.7144095761544
270.8438692601043 38.05969055954782 555.2584449591228
122.6700178603454 1.7704834018111637 618.4651096995478
11.142336910670192 37.193248655803 279.63392864046267
329.5057986074706 433.7738432595077 633.666013501895
80.38400541907392 14.560179446048444 246.34818076403099
48.44422456823344 143.89174973619293 645.8742961476096
206.62282543000396 9.153898141721598 130.89150448379954
42.68754153798797 89.28247468846162 817.1478535369469
100.8689484715245 68.13444540888244 329.98489742954905
153.70023482891156 164.5710527737621 482.76414119383253
121.5351873816434 695.907453080972 667.2089766518286
187.31466634866197 151.9339372409515 1231.808732419891
120.37147341923612 372.20355326327143 754.0106898539542
387.780631322598 125.22814262807628 889.1619620653958
238.45060036651847 39.27123343616689 1404.613793186899
121.30537759818023 128.02333774433043 1220.973812392809
189.1997172504609 336.1314841970362 941.9141315689147
315.4455206813654 211.25760137842627 1369.359857720977
306.51444997624577 105.12359710487758 1265.1862731850767
663.498517303218 502.86828798900143 222.68778847381603
314.87045188623193 119.74664656128166 1239.4055491811646
28.599933018161707 35.7830360343008 933.8349508853803
580.2105259993618 864.044015410205 251.61763475415788
249.12213042239318 382.62948717954197 780.5135591669446
187.42730753658873 145.28772009553708 432.3134149027288
50.26225688927746 302.91750241162873 331.0825986653102
18.044675120652055 479.42549969416575 1149.1696630749586
172.91706020587205 67.11206069772294 1191.4863157701232
136.88258443615226 201.05493934812512 1277.689785753243
93.99029627723465 145.8893932651932 501.26427726944445
149.1001846029677 228.36685121498556 1040.4340828158527
8.749122344646063 382.5813006578353 1058.8685209279638
10.070411185564163 7.030879562693718 1271.7585230131147
703.1501155639484 24.142294445154942 1372.6703816933693
74.71230021736349 63.59237056861515 1165.5483482092106
34.727419736304505 2.084349925976271 160.1449351124295
215.91081397549314 169.34164245871563 1037.079180787863
477.0709003603712 124.70307622389348 1450.3139261368526
45.41523530155796 117.53920596217793 318.754313781341
242.07254083610115 211.7109561588437 1191.6646556280095
76.89008825016718 58.26745830313133 1290.6606377150554
42.15043173185748 508.8117973051456 802.3122812482652
187.30546542310825 441.78137726524636 1157.3849703088797
129.17118897017116 89.4639827096505 427.0690087352611
32.890310068362794 22.032895382543842 4.551826754974453
175.30647642336672 177.9994048789612 555.2975808926242
636.1653094069189 11.352997825444683 656.2320295419346
77.87166332686769 189.3819716552615 472.8673476924198
111.41568662018952 529.8246686446829 851.9486161175258
16.83989270563909 53.93127358683205 1418.0315465376523
251.44950668242765 35.724044495505304 1353.0045304742864
364.7715989465607 244.89954824682044 1035.8147947829032
121.95168402344889 70.83656616739843 294.18397317509937
292.7476249395755 240.918502488138 603.0509508481385
170.23185162629687 642.2600334969057 593.8599696492387
7.499714018409757 71.91962252084137 1155.1941201365269
65.19450101722002 6.882033339447978 1230.146834086909
468.84518803570325 63.598073050202565 590.1223830053335
39.77159201935964 131.30006465551043 1207.19656504019
474.0290530144852 182.43571184804748 159.00642539580022
780.0309564374728 516.1330836030894 63.33072604253531
293.6321923721677 277.355944461375 199.65944857541191
13.274042273107426 55.601838878953515 75.12946856165958
142.93258518640135 199.21132041222953 1158.8258648996039
626.3699337381277 25.20551933418439 575.5905706392741
39.82078148035555 209.26978473301347 144.46443307854622
471.38288794806124 89.01007546922104 1459.0111012592913
93.14720248465345 149.6817887454147 102.12615018070976
2.8408969190947175 650.8293696339513 630.151461533189
56.328325412255296 349.586727515436 894.1106673681612
626.7508054906992 300.18534155527135 271.0939296470028
198.55677632395356 21.752560795129856 998.6361163116861
160.6480686176254 104.34360735158819 241.30441406108505
33.366481381110304 418.7511313307673 1238.061414071697
14.585743800423376 265.52502435770947 597.21470046726
204.74887124220908 65.90630648240311 1355.7557355851854
431.2458993198777 282.10452067821166 456.7278452774468
13.419789369470777 192.8772346205718 1206.944928537836
171.4449032020518 54.884938431278115 489.2423475709165
354.002443481321 58.10260025583093 466.0154461108653
145.26787525057856 535.3711554018151 1033.0369313659253
93.37742940689613 118.24459797042354 275.72314141025964
235.5067338604278 8.836393585909558 1368.3678128581773
82.40657963818863 110.15284520381495 754.2882856999053
28.70139744787073 135.5800459097749 1182.770117686211
112.15051524126586 307.2120187809554 147.32430902367295
150.1427983177302 409.23112293404637 1229.569313307387
6.288036500045338 65.72921588338659 918.8241565720577
214.6791699435877 344.45864917882176 1010.3926127839691
29.44434137766792 88.50572491725251 46.88598291788332
66.36577536277014 68.85710330188132 692.0007840079886
31.69784248330182 258.04438941142354 723.9672548667266
119.42397272088898 128.7286440811593 387.19312167919674
380.21768377997097 557.683098978316 458.1286526975083
55.6136863558185 13.687142231160651 998.875758045652
723.5197759695794 87.67098064627166 237.96071821752463
48.50771905730299 39.08914675352522 300.6261735211516
77.68211418088823 36.80829758746748 399.3330415698264
183.1214462758376 117.32008249523842 54.18579904915644
84.37388798977723 28.884056798628272 967.0927857894117
74.1528308337448 49.944990441645224 34.93500534034089
26.49065732188548 393.4184329377405 1228.2311703318887
33.72583579875686 107.4252923122473 960.3847377657744
187.0592586339306 384.7858311370943 820.718759219546
259.32512342710896 109.46707763974828 853.3255312324883
98.6918299063836 192.96076527579083 757.9318817573021
144.70049883887177 32.96799550083131 590.2040043349018
8.621592313241312 235.5149910581261 953.7083900820514
276.897168168071 218.09049217428233 662.6740026751241
166.4678713928961 106.37396740280253 1191.8684032531592
131.6714540825206 30.223338618502503 1297.348471927099
120.88101931444666 76.97579710282312 981.4268965500058
141.19740338060822 298.5073435740481 22.398760477085723
160.7739358908842 22.150019700682304 1353.8442647318282
152.46743962286928 22.600173708857167 5.695209553361835
121.60144395616943 213.9179726036529 450.1757457266923
465.7558140942509 25.728305765161778 1175.2883617638715
251.27223584082347 214.975346129684 1020.1287010952658
38.81591214265654 266.6970106754587 354.9093294329247
277.67692991191933 105.29948406483443 783.3293316290894
125.77752479230584 34.8692852047784 1271.4241564663482
519.3539645038526 209.09913642439486 150.1543567687374
122.57095610625788 85.75441438761057 246.37343794258894
79.13351691444619 582.3006034989919 425.7574320040193
221.17648887684317 235.0581802917181 966.6876277363048
1.6101877509877607 125.26642180526466 861.34633926014
225.827112070907 261.8168929539261 14.010296778767916
67.56474146877855 568.6831285597892 558.3516439879508
557.1684982224536 32.387618707807434 694.526802534637
532.621981734109 188.76275475498528 238.8193022246055
41.303798137146735 316.23221592875086 33.754880721423966
63.27640836289281 4.806581860729583 488.62101120793085
212.65545504165343 234.1658347514812 1065.854345683647
224.2497840598926 176.5498822332506 1336.9703129119857
327.04731011567657 320.5136041854316 504.2288238641378
143.15360772564907 143.38714327938783 1426.3560700507237
145.10281474474814 420.4157058724907 1157.5265031450524
26.226300329706838 93.04287392330211 1209.3896809796877
88.22961523925605 4.889273389478895 1269.558610381797
94.28977831843738 578.4809941158148 528.5004362970852
304.26478429459877 3.6320836244868024 579.0829691171116
27.102628404142195 174.8238203448186 1269.7720452456867
7.483692675823711 357.23266603308264 524.7195640037164
44.585843360859585 49.64967010660472 281.2016546902726
176.9306109160943 14.32616996056466 488.3195083514926
31.63830603297575 34.649312176288284 1437.027370029402
139.42187034937848 375.6545991157199 365.4119891497547
61.01876457306271 68.93713756232195 1096.7258365646805
0.37285505790636736 24.912842166464394 1436.7734492727736
364.09031019930234 166.5580043737984 469.0236908187244
290.2540139502101 261.63067376922913 487.5537434023357
479.60040969440774 94.22749963645774 1267.820744762842
213.7768215040928 224.72659862116248 1281.8503260877628
13.500449059331821 233.3326216626601 684.3262850990039
676.4196374766667 243.8000088670312 274.2956993317791
744.5685219812931 195.78572489164924 559.899236341654
102.40847620817244 10.452357378898654 940.2164313708046
197.23609483724988 18.586847629913127 350.2221264829839
64.32991232542497 137.22524711575173 1499.873919795241
182.4834651907224 100.006664109708 77.7000814189795
201.02050509010172 167.85030427218373 667.8566307037557
307.24349382313846 178.9065489420866 602.3679183984591
74.63534380264464 57.58494414886258 1081.259301975362
45.22049970783698 79.87626378305305 1404.5321551819286
63.746487344707504 15.494017439327196 124.4028224570522
335.6939526464585 401.8187794038288 1346.8427530846532
281.04285071877234 585.0841389346323 316.3072818500344
89.57149932428149 0.5282309394890061 741.4509068208097
318.3000265360105 351.8184139846464 447.54114502532514
79.55728561400558 154.28706874056422 338.03949303799
51.769231679665054 31.0192238484454 783.0959402840234
56.735339920456575 210.42515382100126 1324.8465919663572
525.631507993522 365.47663918426707 641.1823052359089
67.93602987747796 614.6089704596656 927.2078176415929
291.91127026726605 29.865927955091482 1440.9126682685192
28.2092546638754 146.71420921011037 584.6782476304119
97.93535050545424 34.068793330312815 824.6914359772445
211.82754430435625 635.9631044461827 1313.498492094744
385.1285675733479 80.15947190483315 1196.7859119232337
51.74561875770248 70.34201425936645 1152.4673933826562
28.711748032249005 5.748557231342827 1293.1604564270817
96.80588451866853 132.38803443109964 398.92151956708034
74.30512322645575 356.7637066272548 603.5438307791801
1037.4975476133056 622.8533169849023 195.80509677920875
217.26568611172524 78.48820065111211 582.7864806947313
25.452195271338667 646.7088089568209 1016.0252590195598
64.99650989473712 293.8137295576515 731.1435559578898
743.4367850956738 47.756415288148936 211.58110433338294
33.61613247024622 109.26988405920781 1310.9611408128847
64.87262638195685 49.28447169087295 137.18314132938303
274.27867982492165 369.81941596255206 1185.5486166972687
270.546305362368 448.8518245011253 1429.7330439367506
313.876758403556 138.2786947080451 463.37481263411127
44.21934184151982 335.34951779026613 1267.6128450858514
34.735445359181874 49.987127344145485 66.72947373307747
21.719819050390765 541.4341088287799 625.1819129998148
56.84746502006052 148.54560779679352 34.57393634886502
376.0781669477638 147.44326946714804 1189.271395751476
169.79063950457996 425.8249365909064 636.9335009749032
1055.9418711565004 112.7333319944196 913.5975378730429
83.711664946564 132.17068214201143 1439.3973898635143
268.3542699433874 203.270636579755 1037.8757648380797
380.11016465826907 5.065247398490089 1304.2801501026388
71.02684594862312 73.31505912239756 669.4924300659811
46.498424121768736 587.5766161584158 541.9963792737709
131.09681134596823 23.959012510563984 1124.8253525540035
108.76750419992358 108.37920100118875 567.9745940538218
153.1617489551118 114.51221558943772 228.67430150818373
12.386357878769559 207.17969024346462 758.7745818367034
66.23927936460456 1258.2255312091065 508.4992202889429
130.8615629646035 206.75975256413466 304.3643597802958
162.68690309526878 392.6728453433148 469.4404913019723
439.51123177815674 1.257397778071716 1363.3671653530535
148.45612379975205 270.67546449485354 847.796402061997
4.061700385738452 18.454318706851396 91.25119369365619
193.00752861718001 335.9599297919432 751.8838591083534
92.92352134434817 76.81984591727456 282.6921433872483
67.60138845239733 316.8647093354954 1280.2166287427049
7.311042391718504 172.66038761139677 996.6869987612605
201.0476463958273 220.95265875325674 891.4038201930236
244.81281439021276 8.814361621402956 1235.412843961935
142.72202563962847 36.9792684139763 613.2367014215696
51.16451347126944 42.23119194531517 1424.7328506466524
384.1430092106133 236.0180319309179 371.51252611490156
405.1680427950853 24.995459874628008 89.2761112809834
49.427834662180366 75.8983528986225 710.3957673319156
115.96811423375549 55.753884168693006 1117.793796680572
460.2715119424779 1209.6374619271132 882.7000159605734
24.143956712137634 489.8592645912403 372.5933396704632
603.0551555872831 99.28765575823621 86.46217639665343
302.7141078156774 42.708619622970964 607.9094492350266
78.43532203753134 159.42973477987437 653.4267236907986
140.13074849781378 11.16591147088158 766.0785271908077
224.98802136073218 100.72590873842432 1041.6764750048867
689.6570320197795 5.250945824656453 798.2870380942451
176.01028082994156 21.55966258033272 559.9213140148448
482.3237278808913 80.97407716013821 416.6006651514107
245.51358853724417 372.221072736497 1413.7734650011787
642.9091577702022 54.662142129560884 22.780325161730396
272.94705085820374 109.93219617944439 43.084910599547946
1032.3695323685565 158.6166660445007 39.798215109582145
85.19616517081722 37.67091541477509 954.9740441163704
37.198909505775596 38.34666460976063 1244.4877283445244
409.6625131874946 255.47012137592367 1041.1793104029484
246.65090219331213 17.790218102562918 373.85906808404945
72.76057670608625 99.80671748782972 693.2010893185296
