400
875.3934189709456 850.4836873013999 295.59405322514056
784.5976498113815 805.299333394713 7.4342197324441806
957.7986707567677 512.7276926528971 957.700773159731
462.2359048784035 652.474609708723 47.00810211654949
930.5277703517519 790.5896507389626 1178.3878721837323
997.8631689433904 1081.5177714318872 1093.956364362078
1333.391507811799 664.9127883421111 781.3476654046368
960.2999821330773 685.6696839519977 1488.5494986195
687.7573732840599 756.8620163834906 881.3496455870805
756.1741956952061 557.6481593856569 378.35177900082545
710.0157245029112 960.6317670657974 1170.371966496139
1227.5241257660605 1657.020283490966 411.7088586737753
1001.2067858998004 1105.6145379586608 757.2857494963636
905.2316073966576 1082.1616547891952 1485.1903464877255
1053.4091060188755 974.2404510972922 654.2324659621826
1444.8290536594677 874.5904590506076 279.1879881930783
1077.8730157265577 1674.5167816199341 530.5934918860839
787.0707669352956 693.101571941727 1478.7387633705384
1236.3225853336612 1578.7822298563713 1427.3485986374644
1006.5216700451246 661.8741915617236 282.73193305448433
895.683374209799 1015.8914453011151 575.8798825902525
1233.324791340914 1247.1948529963574 1447.381369869107
1310.416133058819 1016.8987679690574 978.8293131854529
1280.7523822913904 1172.316287106184 871.2152846907018
1531.4845688541068 839.3786250107455 688.7557166416065
958.5781417777026 963.6084497566658 318.5298561448996
1343.4594910695796 1303.7251610164924 158.26501517663195
633.6717985965962 1053.4470646616792 1459.6159124556978
1342.3356935890413 787.1811675370736 453.6050168639108
1112.2060693533297 1328.8672374150146 74.97012353874577
819.7384983104185 889.981504943615 1157.4016938468992
564.3531204876997 880.824180775068 1181.7569595010903
1042.531066830659 857.6821128198 1300.677010834792
990.4130780452949 1223.84440380154 489.38235408080186
1095.526946655738 971.3858368365233 357.1100990240177
829.3392413175083 1421.6911122415802 747.2199834944454
729.696448188962 1293.8625080418456 256.7553779479125
1089.8077069444355 725.2080974849182 229.14264524600125
1008.4704545659332 1125.997148112484 344.9640989446556
1059.357003481585 1075.308567648467 1472.217251959584
990.1599646817643 841.7472686851559 1213.500154575256
840.928437189373 777.2639575019391 83.56123983988095
1437.121561418485 1332.2713158193142 967.5314455995627
1270.1835414257866 1044.7248716625513 129.5178981412966
1326.3637554074962 1131.3595696315147 754.7932708768386
955.7675682782447 963.6892324215808 1287.6093630810476
1415.279327899762 1328.8502684636494 1391.855227933551
960.5748446841027 1224.7707603073538 1022.0090398897607
1186.9441312045033 465.0392462452252 1188.022871906962
667.860694617978 645.4504245096987 1073.1986271297985
976.1283142070477 1271.783079371081 169.95356745252198
867.5458813880094 984.4237548328672 535.6476077467188
1072.8920650109924 1482.8892153047027 654.9333325932785
1014.7320626877924 719.7520850299344 1089.520353835328
447.5067898105747 891.3315014623499 771.9380018863467
1135.397566215353 652.837173823252 216.87630114691615
987.4579326972374 898.229573230627 1266.7820515743317
771.7335184209718 1063.0295195731787 1034.7881234126246
1065.2240709203763 844.7966684775191 532.0372076426478
1128.442176754741 1133.250904655755 1494.6420785171968
598.0624034928769 731.8351501077007 364.4446582719836
710.8145742298684 543.9782270945203 200.9395955097237
974.5777723910369 950.1342229628755 403.30797963137337
1096.543693314442 1159.8200913753944 383.21160580887636
960.2257663690559 1074.586746543923 1240.5436284679483
954.185025690683 1055.5716553320947 937.9455432864286
1005.9662829726483 992.3916117815332 1349.8028311442913
976.5922733877251 624.2816195132143 1116.3132860773435
875.6290896592753 816.1043539952483 1468.4054624434339
542.0820822345872 674.4150781937185 664.3423314101647
921.8542498498264 1390.5123735772981 1150.8159626202487
1145.6547812151553 797.9227661589582 876.5620674391555
682.65660978409 804.0529971880992 1139.1444680905247
924.8682180687529 1376.8338278777846 641.8606383564573
996.7361380032884 786.8035140497235 391.4733386532782
910.117288416569 309.420147531882 1164.729753850175
642.1487878997186 974.6742894537471 28.061156113206977
1056.3821018929534 1373.7878099791005 357.211961873469
1257.3425635991632 704.3210911901452 1240.871280669257
1008.967532357703 791.2911586923484 676.4797568538378
989.933444020958 968.9731945340061 736.2809572947042
913.5159751094302 1036.3136534559442 1253.305330800596
1194.5458552605678 850.2372189061548 178.3187441859922
756.2307471419143 1252.6420948132286 1030.051062995011
999.0691650948304 665.5558170198685 649.0906601917284
1317.6871499342767 849.0602128370364 249.67430466398972
906.5377068342491 1288.9097098095388 1035.9307929646186
931.835380472965 1360.846910281894 527.2843320134076
749.6479737753864 946.5742890819162 1396.2043015796955
735.3987451892731 1264.9326245145671 475.4438951696345
868.4911592024682 782.7470342490602 164.05908652449307
1508.6878761783018 792.9008883075686 902.2179519117793
967.3574703535377 808.6973342957094 938.4359815210418
893.5371481571224 875.3853516614846 274.6386766908862
831.7190228836735 1013.5399631971447 86.19093727229571
776.9821879011972 971.8411108781073 284.72568453212796
1074.407512391523 1163.1994845834326 1172.6686049748325
738.9483191750562 1165.1908649141544 779.2757637197409
1401.4626440464285 653.4427752339398 1416.577983250562
1282.3046099758317 670.7298346018083 578.6489258244247
1161.6491093449547 962.6998935931725 1468.207051523067
1277.1050630526292 1215.730606351783 1098.4598346987689
1008.0342213523448 1083.1522479228709 254.21185704906958
563.9064991682462 782.6909161995056 1255.094037243561
736.3785771689118 1014.6904386816518 1454.1689704792034
830.307193069767 782.0394003029447 986.5938456450542
717.6833517631026 1225.8046787962983 753.3992898981847
1157.5842273886374 755.8705460470551 125.81042172228996
767.0557795562572 890.0183843149744 1213.02177983247
1247.2083900784169 406.8712961209974 276.72700123664873
788.8458302650511 932.0825252674499 1146.5356405303207
1123.2012165191938 882.3816373222342 481.9418686758164
1486.89351397674 805.2424096077916 408.8334691491579
846.6892133615042 1182.4242350050554 463.34183307205535
909.3095921355252 1285.1633621560775 455.7282031177906
797.6422697788886 1017.48720847516 1132.8994742546902
1312.054219830991 919.9241085397277 1491.1998863833835
742.6651400666606 1054.6655567674838 373.06678003180525
952.1725051816693 1022.4046486750293 249.7641916340224
919.0153702203432 1213.3921502351936 1175.6121858381969
937.3769612790275 855.0645586109501 1112.715231851426
762.660673271581 1110.3186804608627 1434.6025122867975
1133.9364680052295 1393.2362173398787 1149.193822529166
1472.5409921118799 1132.0257628162 1388.4166323298075
525.1857967843313 1025.7279018272518 1413.253568753981
920.7569250797288 1270.9944146818575 283.6011186336465
796.2240269680688 759.1048385526952 460.59452833596936
1116.1137090598702 892.6904510548403 277.13971905542445
1354.2942229132686 803.2422762590201 659.7119789863222
836.1064272175694 758.5146113085591 1171.262617689459
1059.017638835526 676.6574212978504 1393.2590016133008
922.7530249474761 856.0255221082256 1191.0942502991559
980.4374155510686 1480.431397441965 761.8106462107049
993.3090142797955 1160.1502124952917 72.16014515718655
1020.9509468518763 1023.6742157387956 1093.7854338150344
726.1798826482297 938.1826174714473 1241.2562097333923
753.4643546118966 1379.9576686970013 168.15339990098855
760.685428590753 821.523550816252 386.7593632067956
681.06162611071 1073.9323180159588 1212.4584437947897
777.959344333279 1049.570707917674 1378.3643752946775
1160.7039471092905 1024.2078558791557 410.6670100277864
1203.9602674117536 940.4121570452926 124.30082519572339
776.4247785728069 849.9169473834063 1384.8023134139023
1132.7761628555927 790.8148117633071 1015.0315483359973
825.7469970130189 1281.7096387256136 144.61193296548714
932.469529891576 593.9959007441473 1300.4080340526161
1051.5033622375252 1053.7053037010128 661.6135402729215
788.4762067621768 1330.3950512229578 1217.7089018707318
882.501559686564 1058.7787883864796 1197.7581413233297
1002.8872367929011 1073.4171253921202 275.6888042355791
1087.654577907248 1105.491159850416 841.083909422837
918.8880999252891 727.9889239762192 234.39362643810873
1222.3350282912425 951.5048816128933 163.9155217618446
672.9360815720838 1188.2522463209611 391.89297221256265
961.8704474173035 1316.2970172301157 1458.4408948850346
1271.0222474637858 939.037287726643 0.6973521535018623
950.9050115781413 869.4556812504273 1125.3297977697794
856.82874832813 1283.5113634465124 229.9896082118828
630.0190488988658 1047.8015567118582 509.3916038867284
792.8481043474878 1204.259803251638 1158.425415033555
1372.324504647867 1363.9792248909876 265.45967057179877
733.9492435263392 987.9967352131337 753.584496416623
970.2868093630298 1091.374099043227 1080.9054919863443
560.6819424210614 894.1736628583408 1494.4925834806136
1114.4099737201461 989.094632745934 84.5230254894696
815.9469120491691 1418.8719563952154 1071.4664357073868
459.386716249982 597.4045895803193 1108.3766148583256
611.451315178386 662.5392271601361 917.6920135804702
1084.7482553918805 791.6061196821636 272.10144754178725
994.2768691400445 1272.1189662833458 1174.126885044561
872.4623109434586 1207.4931034847941 502.541004779254
852.0151702414767 825.1727616221613 158.29980153726265
389.15220780655227 133.73939794089256 339.25511320791037
1031.5474802093192 880.763144908556 1130.578971746996
931.9682243898538 1278.1673536867195 1305.4396091889241
1278.3089914992836 1101.7349593987053 1280.7262088601922
1192.3213135525243 933.6798439766068 875.668550752208
1240.2002259760386 552.6185648257397 434.2931374714855
1201.642462097586 979.3249613188312 726.0311899338419
685.6100771788224 1451.7919182619858 1177.8064616437184
867.5799554823573 1128.4836213281253 825.5700485883028
1005.6775342366454 728.9976264311437 633.8703940784711
922.9676953667338 792.2952039758966 199.18484246920386
1029.6610700365532 496.6267438998988 954.0941216325729
782.2861113836054 1170.2304253304953 1428.7943267358048
842.817145814144 920.5512992330865 80.31296457723158
1376.3495624054613 1291.7783539078678 44.62740774057067
1039.406353745355 707.8318769063329 42.07303510031224
1031.0680546693197 1171.5414236581078 731.9727463166171
1397.8270690455572 1198.8162416289792 1288.4843651772217
786.4459836140595 1266.4731079300557 1280.9217072867064
857.5005640565944 735.6050890175554 877.2769498940817
1418.9531689860542 658.303399646526 1101.553432494079
847.0828244083889 1393.6843247089046 84.95330837027603
902.9908124078202 1224.4547654374305 697.5740583161394
823.8504349838313 1442.0333699808 712.0086559143591
1114.997361344715 1062.4528378692582 1264.917646836889
728.1402082967446 883.4332280575709 370.6042462604912
761.2808941254975 1210.873430543002 779.8675781076795
1138.041996297989 1386.398701830961 680.4754121192896
1177.6919677554795 453.76354048844075 708.4825489283445
778.4671116494037 1284.4244912951062 1282.3020152741833
722.7559595855794 1240.03750433135 160.02358771805248
782.0765927492591 827.82171065064 994.7905355459055
943.1693777767182 1040.4409911413231 243.37651373234064
1530.0969486196204 1104.2694746361342 203.16021977500804
957.4872330420912 806.2865123863941 1247.2704548779252
218.97067558125912 855.9502797875525 733.1205787779014
1051.0384585515562 950.6483453751295 639.0080358458118
783.4111113068212 1062.615642114742 799.2527459525024
1242.8882080020821 1383.2969539007292 130.48321515972512
1137.5405061333263 1053.2657284746756 14.949229231314643
1170.573631330341 874.9735496829495 766.2307129529074
1144.2497846245644 1123.6667245268945 709.5763607181746
1470.3638241375677 1436.599418600827 18.12595918528903
1165.4243215396632 1260.0754364268985 287.61417358720234
479.317790626287 732.4634767948378 467.33073321288543
807.673500634759 707.7347138123304 595.5744764025919
858.6026072012544 482.09213281323787 294.25884547416155
1158.7431617805137 1030.3383759463882 1449.6087447713974
883.6398627088516 404.3471724030802 1476.594272653244
727.7505214751216 1003.2799346311261 1012.4569418803002
1152.7141390360248 1302.8636118946015 1033.137264926185
794.6921259398739 1355.0988537491953 172.18497292357898
1459.2714746921408 1050.5051882582961 1363.8135096989472
809.3952689722997 728.3013582633026 1268.229639241461
1424.6338218302396 806.292494977327 601.9481774540205
1174.1839595045658 1025.1669244565123 397.3618961563907
691.7246468081566 1299.0274254032706 29.23594153503212
1185.6706789147618 487.39546307206433 719.9585882588043
1531.240659948347 1038.1662018172863 645.9008485125999
1017.6479357059926 1149.8073057076879 1403.6949608866453
1482.9820567151557 750.5352675523027 191.04735948646194
929.6389738688126 520.8822735871944 840.7703097123932
896.3927475326327 942.484657066985 165.52733425327608
826.3411396905091 956.7353432530809 1481.0224446069697
739.7685371017733 747.3686528173521 541.2931348992591
780.4649323848553 666.220368242728 617.0987916829224
904.7888578380808 460.7566658634479 1252.8548889609735
884.714852505029 1718.3063022299966 1427.245017262185
1243.3823881848277 877.9869295495953 143.8739448304614
1262.1297690174056 1259.0695067112247 117.8498653561621
993.3078343289527 796.926232490499 706.5337100703554
998.9257760879681 864.6043020241802 899.4454430568283
976.4531515515931 811.458947892611 578.3190890156133
1435.6393297156942 1175.0020720111224 1089.1443990320638
1237.3730023077442 848.5588544261509 371.9263739332705
1025.7507634339624 994.3677751331616 140.5288464102643
1269.9620348570375 1114.7363152721302 1390.1317614843565
823.868412545625 770.3361852706454 384.6888005545619
818.1306498104324 819.7264599701418 1375.9598321575056
1359.9980780517353 837.5472677656188 805.5526587006002
893.655986407441 1431.1916610435012 547.9095734418651
1223.3464737964186 1004.4516572139677 352.437610589868
1097.0826983461643 941.8546009268833 1470.194025369811
1097.8721687210896 769.3042986749813 803.531731679569
1479.6903576652167 1102.4708615730135 335.59862356812073
561.5949592562862 587.8674388865352 593.6882466950856
1172.005485757761 740.2399679776482 1080.1088727811195
925.2453277657792 1171.8670722630347 1263.9209583668746
972.5874781237329 539.843190818734 1124.3189567350612
778.0148889488228 1177.6849620506118 314.10081828018616
993.2497054408502 591.5396376520572 736.6778361342541
771.1442649884935 1141.9708197476189 1153.7009803387764
861.0946761346418 1190.1018325672237 1295.9623088191954
703.2008577181365 264.129621001057 491.2613855210663
1028.5763451517148 1050.4241518743504 652.3049002628654
999.5783444567302 1023.4791647290209 221.90961756260253
1192.7014158931597 931.2216380781244 543.7488287499343
1030.1542386730684 1381.2630739279934 33.324142248806425
1306.9004916444414 1025.84626171935 1327.43862940101
1377.1279175166185 1023.5567160581548 1364.8208130495375
1046.6498484482408 1249.743651955987 1073.3528422162713
759.5493987845588 1006.8251617653216 733.9952523455067
1210.55783869828 992.7789079221501 731.410758982778
1039.4189310989489 1104.946057902737 1451.7435720311012
1228.6918682740675 862.6469832857417 1320.7155519781456
1010.5316056703596 1537.8786867918825 270.247313851599
1103.8124273656313 775.6937481447877 986.9755801794124
1312.8842192923262 812.1518452083185 992.141048228247
1172.696921710565 712.9516184224735 124.27953452158653
677.3964103441344 679.8011933840357 72.46776220853768
973.1878434241662 933.3616969740282 238.2358866258304
1027.100040111035 734.7530208646838 1219.3992253101483
1396.9129306687928 881.9629684092644 522.1670018506604
936.7141224664039 659.0951947351646 221.0849237108412
792.5900298934066 990.9726980673647 1393.9570342543157
913.0323608457923 957.2321931498169 726.731106612326
920.076751986876 1113.4240524386869 1168.554212312854
1205.957813701949 618.8717383868058 1416.5596189668418
1026.5596254566626 1343.791624252211 703.7184362989216
1213.9517054062173 345.361339451514 1437.0720482295944
1032.4220421020905 793.4541754846271 437.0311249618224
1095.7850375750293 1175.6272430207966 98.61085861862173
594.4821817285736 1241.6930262294836 272.47364218531527
1075.152454399027 603.8349326515815 621.9103948924866
762.6855992789864 822.7924208391314 1165.5576810480682
756.0670845729701 689.9205408710183 1284.5188879703235
574.094289285682 982.7651920853889 404.79343563282623
909.8597307190255 366.38007128406593 1239.5175082709745
889.1076389196944 1253.5256092090558 72.47202524890173
1075.7328618946221 1738.5169726277504 752.0479938898809
965.0982426741907 1316.6441073368492 399.74567705837063
1339.3921112587418 1201.642752718467 1295.6791128796401
947.1026726694604 1114.8309688359416 880.324133846487
1188.331753580965 650.1260844817095 555.5183083073032
959.3757505462589 1163.9983982065824 1337.67076482069
704.5884398073113 1152.0880149583425 862.3529122554604
900.6269989930352 1231.4114462991429 1431.934678068512
821.3956579730593 1191.3590580874254 962.7032466965867
1319.7299475745995 332.65209232646987 944.0861568980708
1276.2836005065656 1014.9029853278345 5.400647900421052
1135.217316440842 594.1549552447957 1173.529700775466
731.8513375325308 999.9450750461992 1254.9295234986357
834.1708082872435 649.5075500605128 908.176406751959
924.4661879481168 832.5941036362644 184.1829814553798
829.7219139003921 1179.1449185662063 1415.70427046933
186.7116123405999 1057.2659208567159 27.74367275718759
377.24935208788247 326.8858179022335 1305.0503944427865
1103.082486833266 572.2117796669771 614.8014114557463
733.9974380465908 1501.1312772874796 42.76023958129266
775.4655326096392 1045.8695011115299 1319.0966697604822
738.5307794191967 757.0258255011412 1006.7389095087528
993.0756990222221 1058.073241650119 847.3931417260735
774.6990125521019 1393.9441163793886 1408.7333642629587
1111.4265692568094 917.7307649385534 552.7427969581152
1069.730802190948 885.511152052517 20.438725686048155
921.1833986454556 1156.2577839187572 1136.4278029793866
1431.1972045705784 930.7440619970682 1063.8888769423388
1177.3345000102595 915.8507262825418 223.38940595326952
1174.2446668310781 401.4322962862723 503.83147434602694
1056.1253237248434 838.9205921652123 986.6239611573092
667.9024924375866 643.1832851439729 1364.7243266019266
851.1961317749494 745.2768765001596 1372.591936689781
1119.0277499904412 759.750890698226 1061.1150143400998
872.1878842862446 656.86587798715 1218.6561802301105
971.7829096179732 970.6184691921397 539.6831923865961
1241.6514484407928 947.6942509315843 1362.5112038658272
886.7410692595431 1079.9260920155034 1293.7157596488332
547.1381164389215 1026.58412762606 1248.129580907582
649.8877206776885 855.7739014002328 692.9556079870785
636.9692727832144 961.1337680960911 1023.6497071688257
938.7041387878088 932.7826565733492 108.00555547796075
791.0901319774051 1131.5086055252837 849.8622232391826
923.0655611345297 1277.670912042708 266.0829730841821
1349.0547980735737 494.76216188353726 780.2798959302044
650.3462683435976 870.2344187943727 25.50663697760619
1163.3170124169308 1596.7316008553917 1474.3467184206893
959.9930007257566 928.0222892367497 459.41545113062284
914.4674472389214 869.7324734029148 1329.8961816252001
875.4374629635499 1220.121106871548 1037.9411473232183
1556.8957969278554 1018.2748304449171 401.1517706053521
870.4639777894406 1193.283028104895 178.00180174572384
1461.1861683473714 937.5989681992172 147.47773158067372
1474.3344763343334 994.8585549580048 250.24551845867904
1358.0233030968147 1051.2517175025573 965.8369839702162
956.0111028413949 433.3619620845931 115.52461916000838
950.2061424759783 909.2398429947325 100.0609743947814
998.1824964223523 1253.369837572058 231.69558437951287
820.1877759483846 1143.8491731529243 630.2271541315963
1187.740685270159 977.9101504310897 1108.7554161855214
463.8856125220809 602.0121381074871 243.2350600045221
1362.965509038198 1231.8463003558131 172.27864731402815
756.0743093805909 1443.2294154273104 536.8855593321555
852.6119488285744 689.8887296306498 568.7548344354733
1072.3859714373218 1197.4964256729402 241.82322568935493
1048.20446755535 1452.9581876369211 939.8921021313577
1389.0316211337795 865.2081563809808 769.3690411187589
747.5320992792595 977.9653429506578 348.0792507819837
830.709202802397 1090.3689745147337 956.8527307877453
651.5201553066836 875.6843512996269 8.841845322410002
912.7032629903526 781.8723444765558 858.0942157145993
912.0094981238101 1129.329555572727 216.87031783179378
1149.0858216013494 918.4594510655274 170.6651639871155
1229.6071693715842 689.2156944498602 806.9038455044621
1260.9525172232636 1091.8378217980844 450.53531481031337
978.8021993452329 1401.2043512052087 532.2900434211384
1264.1984425224312 731.9347113034828 874.7556227938937
1135.5811756247413 1511.840787857918 672.0233309289231
1029.2683737972218 991.8439403198389 840.334434552923
1201.325004484391 1318.9994719925053 1334.0320592259613
886.303235947188 1064.9521246627332 409.00434588050103
1191.0916588617847 1053.3038336516402 1302.7923017383164
926.2294837659284 1223.531854870036 681.2438923878875
890.170144646012 1002.4268698080684 1370.460054478549
1002.902846223575 1036.7710360246654 886.0811721833031
1252.8407571789048 652.8411239576774 1279.7207033855323
1016.4310072286619 998.3115603724632 37.09018406473513
699.8518010835967 1509.3841160531163 543.8563036730372
1247.9215949080958 851.4005834794172 1408.234387061355
943.2051770161581 802.9331568090322 15.207708363120798
896.4773762068745 623.4023622582072 1243.6040458985347
809.2144748539455 835.4888080725017 891.0184724026192
965.0379301626016 940.086485806489 1142.8042785999342
1014.327470233455 1758.9689934802518 455.54174883394086
849.9942680306049 1097.6337981130766 637.3144374615073
506.78885233616063 892.1279002190319 901.3795783102652
1070.7339971310253 630.5615853221411 1401.4619788662371
1528.1737765535122 1098.0609129879772 844.5232217753384
642.2873727598233 1257.5288288232769 1006.1716162069122
