400
989.7851242223628 1090.63383348492 361.47239845142025
1297.8915599787745 1318.6895575021463 483.1571776143153
1020.1181577861097 1015.1299919007312 1323.5113111837688
1169.8635428085988 921.5131663377781 1066.152652552572
926.2042510273452 640.1555406943124 168.71082632360367
1189.8844749800558 1092.667645465532 315.98812368255983
988.395615517473 1298.3995612898952 674.2035091697171
884.4615475055863 1193.1246976163352 1213.1961588804731
1048.3851603842443 634.8212093224572 602.2596370123789
853.8164119240595 831.6398791655251 1286.9680298823178
906.7520948049879 1147.0579811201349 868.3549029785457
1310.492846969004 1020.3613051706486 908.9071108003711
669.153090822885 1051.0144441872824 357.70291562413655
802.8403468951942 888.3958306622683 1203.5473697766602
1138.0837882717144 1157.0157064907949 938.1319598062528
759.5069972073545 1356.0144719377242 1154.432405670128
1085.863093253263 1399.2925046933838 633.8555720413085
931.2297511244581 1050.245909745507 632.2269816268525
1279.8261197789889 507.64507614722 250.44825755781153
889.4157857971251 627.3914334462419 1274.1936558026946
817.3554664725207 1358.3571524158756 293.89953969935186
1193.5220813048336 962.886187646935 7.39804889787965
1475.3477829418493 661.8451686812997 54.1219370820133
1313.6456804228674 421.0252362126464 1492.6155227092834
998.2805532750531 1326.5717826546856 759.1232543344232
949.4042838696145 1228.2978097259447 156.11616726178596
987.8449822148724 857.3536527341612 288.7193592520043
832.9609628617457 1033.9471492005712 805.8103222911973
606.7623988048748 981.8647892076935 766.561456374988
933.1440863863646 1150.8479739435354 923.0268120520814
903.0295786930494 978.8582001974097 113.92412834947935
608.609490928724 1167.8536865129936 1375.6262877797592
1256.9243653728113 724.9745942600473 897.4657106715571
970.5550214194075 1044.6485796304303 960.8351001225492
931.3954400674893 903.2006875637333 1037.2863368789745
761.5359210532338 1061.5485217881042 942.9177423643237
1353.7394809071743 620.5725794511953 1296.8287324120756
893.9070485182252 1320.3684063362678 1391.4766576339462
1301.5154557316907 1011.9282068578212 1260.6838302279782
857.9337731709686 1090.404143210958 1160.2123859102062
1209.1698878243278 1049.8018502210518 676.1931248088363
1273.1228044591703 1267.0680311361398 1064.2791312778377
709.287644127344 701.931433352283 911.1401073647414
797.7340245867268 1002.8109767723616 1308.89350798383
883.5838233719513 881.4819793272043 598.5135304216845
1146.2034699759624 1365.6577446741571 663.9215232687328
1049.983104393003 976.3245209850015 1103.5175856103838
1680.247258875782 811.1506911630065 514.1855443101383
808.4698773163152 1250.6681940178332 896.1120366210969
1080.1255488381303 1357.249454973122 353.94058438338726
1037.2010019818265 917.8551181737464 282.7259012077578
1153.9627402810063 888.6044334050356 889.4653058035542
1101.130760494402 1051.7103667473548 1024.6663607532198
1250.2573110738026 805.2414878167788 1000.6292770887547
1017.5649714546287 1040.9430957973582 1023.9253794611877
505.60184588177333 962.8308462584768 715.3378891817964
696.3949787665597 1549.0299449441754 1088.8023169352693
734.3224727626446 1362.186908987604 1255.0841397667787
768.0829305643068 1179.4389367413567 515.5661129615569
1332.7131249019342 1010.8779141773375 1007.1487594422751
875.4476424212194 900.5703656087469 78.17740077437135
1174.2100581817867 703.7844042568498 635.7554965701095
992.1698606427997 1054.723164823071 542.1093097831058
1309.9005058529003 1116.7747314428973 275.09015804431607
1494.9800171587656 898.8691320445638 0.28072778288312783
945.6073493103426 1055.2722188215214 641.229674028758
1456.3582064843254 447.7089710770448 301.20423491869417
1273.4136141773452 869.0923764889684 1270.8674718636034
1029.3817687389292 1373.1102722683381 145.99775116224524
1394.4945328731897 606.3115330122857 861.6477840377509
1007.1351303723566 623.9961096794638 178.5059865942898
904.6370900597747 944.2504098892632 911.0136620042146
1219.97308516494 1011.4943225377042 527.9006740017707
843.3006341960506 1109.5895871279383 17.545140304009276
1124.3272396434184 1034.6146355936203 2.683292633165024
895.9568463741932 1120.2113830989954 1283.5168363625476
947.0405735285101 1040.8988240792573 176.93496615262683
987.3129828839295 1262.4770455288683 227.90015772157983
779.1450892943665 958.5782601137616 955.2562163497706
1078.90256078427 822.9892639534085 873.5625181550669
1184.7299687834802 1057.3933949122556 1233.7160747742257
594.9784985964463 1276.452659163278 376.93309108522095
1351.2388644071257 938.6707540069922 762.7945272568988
680.0402298326866 1019.5378752610544 90.47329416959843
1215.4129438266214 1147.3936395710316 108.79947614181602
515.8386540234253 947.5429788014528 948.132316737319
1154.9853117535 450.1591855405802 292.17329672341737
579.5311212180661 777.8434903190117 757.1550352275916
1129.0251828729702 1107.2626082838772 940.0771016267609
1102.4473157591299 847.11248526002 1311.5556560738946
1135.372402383615 1073.911805586949 233.00401427019656
1288.3520436582376 942.9063939624097 1487.0472279381172
1034.5784415685564 1121.3466901364532 641.969883099918
996.3369499017331 1068.8703224387755 391.8763895613368
1465.7539203204926 1502.7870029908158 529.5968805817078
960.8578285831064 971.059916417662 515.508278178109
727.5087290188733 1525.55284485855 983.1466155250457
1320.7400319658132 668.6576338560377 325.3255667960051
1073.2172893278744 963.0897553300146 1288.9660951464543
725.4244603629843 892.3487440404584 1243.8119593323224
809.6119765077299 1084.0369428751126 1294.380963675262
1185.531057472927 673.6204253245867 749.2089899580021
798.9891405530806 989.5612457663004 149.27259082131616
760.2931635290872 1041.993514112792 469.55975574387196
649.3804920026964 868.9184420679704 124.94028723665096
1020.3886784342085 1150.3451503451963 1270.7191319036392
1164.5839020228418 1141.5446796139706 973.5513692489784
883.4175435910465 922.1018508729597 31.84334299437491
1165.2701005038698 1065.3657077416947 141.4080708476521
1014.4774355682918 1379.823249295137 1444.7410128586205
1307.6313599850307 975.8644036508748 1015.0183815270708
737.2040123123943 746.6385529773347 994.863315201807
1023.6858640029976 1141.004735291041 327.0855311547089
1341.4692760260318 1396.529775848375 1232.0090096146225
1070.3984165410145 1134.789302262084 1279.1950717516563
945.4974773933255 744.0231900210166 124.0996416370605
1186.204356610115 1363.5159287392512 739.4487745492889
920.3848426086158 1325.920733333185 669.420687983517
816.795135555484 1160.0235352549762 1086.3173502670838
1097.3246375547549 1622.2205933747136 971.7600318647235
1621.103574980965 1233.941041426819 1474.1331926046648
699.4099048493235 1101.2654402907795 1128.441899016337
696.3966901004583 990.9838953115159 821.0005883576556
857.8712155536574 1015.9947657125692 1301.6427655264413
953.064544816756 656.6157984185579 1074.0024633284893
1113.0777051611053 804.3199330348086 1260.4040050196982
1129.9771066669873 1436.3891331665036 305.0706440660142
1327.33182904261 513.2889872387545 697.2351712386676
717.4182684193256 771.5029646915741 961.3982584823619
575.5635762676441 810.3363124332014 305.7319498925171
831.2599131221111 1109.8986827771705 127.44465185029318
832.5268700167402 1096.4089576865008 1491.1572462877582
1052.1083425798947 819.6461768897902 607.8636003520944
1171.912688245574 918.77966865912 32.91303220106118
968.5004744263281 1813.525589162526 464.0707212634814
677.3452715237565 1339.9319016691275 745.5805369242854
1065.9163005844425 697.6038908115331 386.6775462891421
1041.6034444616278 1191.0859655290128 292.9588926783707
624.6146744302021 943.2466572870665 154.64736920504342
1419.5982834448837 1184.067093526663 892.3749532191563
917.626875779099 808.7468103365469 874.6529124182518
1600.5649049067254 1297.5051382060544 28.783271077963356
914.8914115047708 729.3147504444548 193.0336013590887
859.6344588178229 1259.7117831127011 262.58292836403604
1212.9690976305717 1190.4058343847485 1464.8718476987976
1121.7051608611741 1081.417085025652 399.064717193812
1133.9887369151027 1278.2612676710366 783.9340293107626
1385.874938710619 1383.1283876059683 963.0449199775934
1025.6824015281622 736.2375799367538 1361.9301241042754
1342.1671411990878 650.074744406143 653.8212813904485
880.5984979600324 1051.8644727074677 304.0992842134326
1192.6658828359941 1038.425531709888 1264.464146194063
692.8378872744674 906.5514301754317 1162.805064349625
858.2217177141572 803.7518587429522 732.3677957758275
784.7982789621221 965.4869170165798 574.5793777296154
1138.8731393859794 484.0218595926402 229.2134175836114
880.5477333389089 972.669856195899 640.1249220464412
1406.0011955287955 1127.531374942263 43.130380073285124
1509.4163390914562 1125.4943814654619 783.8653572737883
1121.8588988821446 1178.7157179994338 1126.1945932694487
745.7686584356776 1088.5338028594429 1472.9964587363659
1270.066016513917 1141.5353833557444 1332.4100924281406
778.9048385290774 1272.3627907859986 530.8422520781988
1279.6900621689642 477.2654155189963 1025.077559308667
1110.3202908468033 1269.2673939485185 242.39469488625147
1393.4252076707235 1105.7880483115362 1321.7644531078683
1016.1787937336976 1462.3979782531617 388.45145151414323
916.5544655092789 791.6184320943952 1376.1285270977885
946.1730851030139 990.2768183833739 224.75648259451773
932.7806847095084 935.6620415114448 1202.8404912043984
800.7619650474272 655.9075131585574 988.8207226413101
902.453143258858 1113.6758588102919 25.17448936101213
1184.6697291735968 1097.4110731369074 944.8236503505277
875.6575436180117 1342.933024152717 559.0306661183275
798.8947998078556 920.9639711916701 598.3050606335834
1162.9497166982276 1176.5226258765192 182.17227275257952
1722.0157068380818 863.5053188730859 268.4676369080291
587.2284414864102 877.7459445115687 310.4325463615851
960.1042759960299 1125.7724072049286 1211.3706155429613
733.8678191159242 1176.2153915121517 146.17762391624882
1339.4184899687216 1276.985244074932 148.83071171274386
1134.2160823860625 1312.2848176151795 284.5487193368363
1433.8278164566013 1217.8181499982495 238.74763560146056
999.4432133454228 596.4716304518936 291.5100698120529
1362.1449438154127 1244.6882497708734 1299.1615530028073
947.6571421620009 1382.297726247328 1162.5073595848398
1190.4943335791568 1149.4029974158611 417.14623619016857
407.8053351795189 671.7120497233186 535.9906571546695
1273.1296906555285 981.5385206161853 1106.8696706941373
956.5721844966646 919.3948333726752 1022.2059514369223
1584.0001732615042 1039.9284480643319 653.1299925403413
1342.38729475312 530.8048210527081 956.0100251104788
847.4557156559046 1167.695861208631 1454.948798880244
1067.1251902534275 1143.2671193160952 667.2290858081855
1273.9264638404497 865.2249502664417 1322.1765608303842
1214.451973474742 747.8294722139077 1073.0355293906855
1104.1674555313784 866.462118822865 1391.8795678621732
848.7684446199563 1038.5501214365963 1160.5968813826448
1149.8994213658625 1050.3987590711436 608.227282873726
1235.7961770324848 1203.0043734281746 1369.5588680903968
818.749246643986 442.3285592082666 1365.7909008762363
1012.7508317792768 1055.4780725237194 736.7520616894375
1329.6144226076572 1232.3390629255623 1454.2494959435005
996.4886960522235 816.905174269383 446.8967930935197
1256.0534656075183 715.2227214618301 368.7654891681055
1195.5879856009192 904.0056510065082 317.90250198993704
1143.827070288692 1145.0504535314171 1144.9687761414807
928.9634648436537 963.5120136578937 518.574654587524
766.2264713796995 493.19232691789625 1099.6270498943811
1284.2200404894425 1044.2959198598335 41.49833974363138
1312.6508559087779 771.9661668085071 812.5799512491358
997.8088497543196 1095.2950627661749 108.77135258664683
774.8994209003399 607.4474286759223 319.11305038159
1088.7431617325108 1021.4946570462506 905.1867356510005
961.742975818036 828.4578755258046 632.7484255386821
1436.1371980939575 588.8749722836392 357.60352550807255
727.6754170526899 1520.0328480662781 649.8688743618188
1210.9737507161924 1145.2874187924087 525.2878113583406
854.1106951731692 1539.0720505134634 165.09681299554262
734.0056420163285 1155.0230496282663 1342.6325061284244
849.3484882551859 966.8249174998812 361.94128039671205
999.738422874376 854.5862261627573 57.51341392880954
836.8668911547029 1470.513651465701 1354.7167436447494
650.7958658841558 994.6270451035584 392.95774278100254
1313.5129050187115 875.8228764594957 1195.9797007712073
1046.3428390565698 1083.7340559323761 256.5207988638471
1022.6784948075154 561.5385577198817 475.8584600125186
1150.8999608705649 1101.4857111577378 483.0205826350083
958.7591200394479 1009.7471496266362 144.65375095965976
1437.038804650012 1013.214659125361 1412.1037242339924
950.1916260064987 937.8498819606205 1320.9518694587928
1300.5531095096903 1047.0578672456033 625.7271092204237
905.5977950424281 750.5757069794889 464.0006798932977
1118.0678528348221 564.8175365253909 1192.5689436138632
711.4515453380063 579.6627457279217 1251.7754501551722
1261.5626481094355 947.8875850094365 1218.1187736594254
1218.4077008147365 1163.2941119018712 1466.2756146645997
1005.2968758652856 896.0725509039908 766.6185617698388
1069.1255287230715 1159.4412530465177 107.483451273104
993.5062462248943 1238.9165785187636 347.5273950959396
1166.7048082292604 1054.8379848733887 432.82226581950147
1055.1520218466417 1476.2495453624413 390.8862827671094
1073.7480509413633 695.078697710142 1220.9368000639988
629.8041367480698 920.1142172969289 1078.0130356944035
1353.7975924139378 1246.7970059293662 775.0291913649354
986.5663716841987 820.9578145416175 1125.1087071878665
1491.8675309239204 994.9351573515049 895.4017356826507
794.9078870318297 911.9933304858774 1412.6210001797479
882.9754382909626 1373.9468937975491 1135.1044938364141
1202.0895557832437 1202.2838331852615 1323.60507272239
1175.7450948276853 1446.1984686857395 431.7928441075365
1018.3618700972623 832.1389493627516 233.23498793589496
1339.3370719273958 1003.6940870348884 1189.365096419047
747.4370021937008 977.6849462616058 463.14230524577084
972.5963601410502 964.7176613696082 257.8649105185679
1184.9213886472353 1133.390012164529 1066.1529562884416
671.8024748755067 1107.0218436963514 1305.994728469576
992.1369121757629 483.82901094117653 599.1411289455017
855.0332276388913 1293.6420526715278 866.2873910275931
972.5427118053765 863.6425802953737 482.32857332613963
1497.8895030033234 879.880400725084 1403.3058330811668
1195.7401338957166 337.41246730300224 976.0350266203981
874.835055645733 1052.8474126426509 75.09441368478781
812.108429257976 969.4656204756269 1213.4495824601233
957.8530447452614 927.1958908697954 443.39038794283874
970.9087774527703 1591.3664653249928 382.48945890006877
1225.718847169602 847.0430209080733 1175.530366054059
815.3183061558905 903.5679459884001 1388.870670557986
582.9067617745451 775.3786215042174 1417.6097979954593
426.2759034192593 1043.2572280711004 907.4446195385558
335.5335404073678 1367.508613551459 1225.0446452542787
740.4591803332655 816.4306822479132 1437.1023197439417
1521.570014257538 701.3942488136606 1.9089552843915003
835.9939852439323 712.8795282576923 437.6001242710504
1127.6969823101838 1186.340110800391 245.55266429594047
1069.556241304612 795.2732637299138 1308.1996187643329
1082.0658431932234 1056.6050871804855 580.7737881875721
861.4962042649545 1030.405228706027 1223.6808335966286
1463.435431096661 890.0514758677979 834.3342101579393
1499.756882192807 876.4528580816258 1373.4095981602743
433.2484831045308 850.0437483886734 1345.8796356814062
1087.405267100809 746.4064503873166 1282.120946537346
636.0304559819261 587.723334750006 412.06054537433437
789.8519119347084 1457.84945481168 1292.3078169169592
887.1677028389556 866.236611545805 1159.8097871544535
862.5861267617486 1165.07072226175 618.6771145541527
1045.7061521121593 931.1004170197208 746.4249940007667
852.4782647548788 888.3786278811915 1190.832336468998
1341.4186084982093 1240.8508495795681 117.3023457413947
939.3691109008921 892.0664194697 1201.1098885954173
552.4737813916338 1014.3753073286603 161.2016953884174
1305.237782997993 1026.028395823228 144.47083046399445
1025.5528500897492 781.1882631059452 1381.0592294739836
905.3534050949861 727.4962418976924 1212.5915417285084
1156.3042823978012 1372.363677506555 633.025935870249
969.6214856091153 1360.9161072294653 438.448747005335
1236.3086873532236 1032.253641596446 1373.85212739468
1059.2698342250562 894.1677006266536 854.2756940559351
961.0012628259755 1118.7012596038605 252.70885588769332
718.0916838234114 954.2178099061109 1185.2015592373868
1216.937889846962 967.9537096299174 194.93094190469196
963.8344789559642 928.3133520707595 707.3067140016972
934.027918318049 1039.941980131434 682.8589833194277
1238.1008295736597 999.7518034855478 1188.0628912503162
993.5621102080407 1239.7358434978844 531.0734406878387
820.8831460470979 889.1731371369365 1183.6061132789926
1046.6804647792683 949.4533872228086 1119.464665448887
607.0182712583336 682.7443599188028 8.156125742089849
858.2924340108749 1566.7033289065203 216.2021469642309
1321.0445315797265 849.7774316341784 323.50319588625416
1401.397747204302 520.6144070640048 975.2858447913752
1074.357544619678 1187.5836979942374 299.3711395077929
857.7892345214325 1055.2067383115025 883.7915827814912
799.5825644339951 976.760881173741 957.2371662549809
781.5178486411456 971.1148821667665 470.53757842501756
990.7924549748456 1141.196183857633 922.9970980452788
1158.138429483008 1105.8079881082094 248.09129337008977
1107.0929317951984 1308.2783729675007 489.13668155946016
943.4531062413408 1207.597884274606 1000.6858022089002
1178.5364209321185 739.0113679156775 801.2949300909733
1368.9012336930225 581.5195206556173 1311.3232423891122
707.8273847511404 1119.9567992630305 1099.9469490425313
894.4656908941982 912.2877292226462 1319.8607118345622
1045.9911525244834 887.0271887892184 154.20940496256958
1639.7792970716 950.1254114797234 31.11959937105152
1015.7469626912724 1043.0305897827443 689.2768925861337
1033.689789315388 1368.65870341922 636.9497761141647
1018.3303767129887 916.7992062077037 336.8769612126295
1158.9257130938868 1394.1623830653473 504.74748391552293
1058.258009726125 1029.7628466395993 239.64625459034815
892.0498261701923 1266.6755766072852 1203.0571684320778
1149.8037385609732 1314.205466868651 435.6355049676691
1037.4093453809119 1255.9584759950033 1079.2597350505253
951.6673021143725 960.9505031123476 465.96028668079447
846.8897820169266 1015.0164164484914 498.7575469920788
1163.5093901450755 989.0878723531907 214.4429102413562
1156.4673510973741 966.7443027348878 36.55194746168006
357.86027227305567 890.6670574429024 739.388338960043
623.5714049043675 890.8197848367514 1145.5953247390091
1361.628081857857 1527.2342584222765 120.90221698983422
1023.739518835953 670.424337327565 816.8690126768716
1313.334637221189 904.8192722617555 843.9421958770714
1125.9255426636546 1182.0674881190089 752.1103787279527
580.520223440596 1598.1818520770921 254.2982767006191
1188.5856671855806 1099.6180320701944 938.1048333138527
1150.659216212894 942.945161102664 304.22797996858753
1615.894397151245 982.1294832737934 1149.7203846303469
734.6714621819417 1067.5133459511737 378.19618266277683
1467.3028009456627 967.9268506944416 396.7771807653784
824.5716242518082 1252.5472502044593 369.42853320976485
1149.1403411397985 837.1886871080239 614.6836919826436
752.9961919847724 882.1359475080571 592.5817160435438
1379.0833951513487 825.7097880660031 932.1910647056783
1166.0713383052537 784.4370052318063 1262.6817336211618
1236.1788970379823 884.0823057865559 628.790275226189
1201.9220548618089 916.5782389073788 1034.0812188529083
1214.6751434871687 1065.604371819809 32.83442183979407
1072.372623140011 873.3763273982208 220.48145415075604
1260.203771357204 1664.9505013920634 167.32763962101515
631.870452638734 1030.8406620672574 613.3588069199137
858.8582531355713 1160.3773910395328 1200.6946368577046
645.2264626057829 810.5916241308155 802.9768696885012
411.1405843999338 1060.973823506544 1223.6532772176554
1284.8954827283073 667.4285754548685 197.283666299447
939.5669726274884 686.0161918701115 1498.2365386902004
1243.2949153832426 1215.7870793760471 364.9589899012592
1147.9944960907146 1225.5336069678033 189.8353911017538
1274.98861240317 845.2408668762903 49.19304540265007
794.6626129855408 1127.8354308299429 673.12031244983
975.8977101018484 949.1897279563626 33.31763569574192
1035.8471007931266 1382.9002599708215 1140.3613082304084
1107.7736770630463 1330.5702452291366 154.08378901210727
874.3861809409003 787.4896777845418 141.9236145460363
1517.1628858776355 1167.7278447620706 759.924418327295
1179.2220636908937 946.9511054723582 591.1129142860051
737.1034308649938 726.3616183135949 928.0696328415785
1054.3171213039575 1073.4761099823907 371.1653386291842
1127.4179450121135 1113.2888491168376 1337.1476460644699
897.2246512884681 924.9203039218431 170.21865619922738
1263.8299258238403 1351.8085667576988 21.227166625518656
893.8321708672343 862.6899589846996 445.2639014905413
1719.6345103778679 1122.9215527905524 361.61448793577387
1478.1201623395768 995.5083388233883 343.95366270340816
1348.6181158468146 1171.3111838788761 305.26051767814147
1293.9362332175328 1126.6152969353454 1476.5803076606853
918.8811374432548 951.1533145156379 1100.0257043826227
1038.8133250031779 1106.7475426081007 685.4514220016407
982.1622399394598 925.9350636545936 198.30975831450425
903.5102393624866 664.3344960442269 333.61159952120414
1250.218536901305 1255.5968600032436 781.7681254011313
1163.1513261233881 1157.883895893128 653.5619542095241
527.5253570467742 1121.2360202991417 390.45637470062485
1261.1057185307145 1080.2034672895782 1332.9951695840225
1374.4128846457293 861.0756991281207 1399.9130294215406
841.8021618841185 1127.0582544686279 902.0322091593794
900.7938412519982 1575.759029996359 1020.0446760128088
989.0329024262087 1023.410050673061 71.94899168286261
1415.6081141995492 885.1092474311621 1045.2156540324027
863.7627716540376 515.6336934427095 245.19983528473506
1321.0191224615169 1217.4682073169274 1144.4030924977596
