400
1168.364224208185 929.2505937026464 117.39115386526116
1057.971497893267 1238.1455620039271 1408.5464554515665
1635.220661422365 1442.9659752252387 1228.3336535266187
1066.505558742648 824.3465676076916 923.9222328931049
1024.4243781228595 868.1243280714023 616.5197365431799
1254.646629636189 1258.3170540209317 1381.5731010072707
1045.2035993071736 899.4861835228749 857.2018065329783
1216.2780847762224 724.8520058272692 1462.109159073379
402.3629214975556 987.9273803520329 1187.421292559715
1105.7902044593957 1126.5985788555784 1123.5147344574696
618.7818212778493 900.2643274008219 583.07775515773
1014.4682878450355 723.3249202969303 474.36678325494637
1248.931263479455 621.9744090728722 1311.4899642122314
1037.5891636125373 1089.677318856205 1175.4651546635616
848.8174783599766 1251.9013545816797 41.50831120012721
770.225809091141 976.6382414447581 1047.8667379369
1349.1844925607788 857.2321376070989 470.06399947535
805.8367138693229 1118.056775832833 904.4855924458705
1179.290658325568 843.6882123057851 374.3711600415444
859.3611226039966 1111.5828084150767 1252.8518759978933
1320.0671982574286 1111.8149105850841 435.20470780300116
1015.2394296181385 846.5919847785628 1441.3357170953411
932.3691239313187 1126.6773954869402 1212.1989501591952
1208.3184245562036 1027.513811483405 942.4341892723986
1072.4032099650003 1241.9382800338908 360.0303086251048
1231.0421179747952 755.9173419098707 626.7468077391736
1024.944178179126 1245.9699056170255 926.4996991500104
1168.6981001797167 578.8897034293018 1095.5627788415218
876.1415605308517 921.404401341725 1447.5741071087887
655.6046088816735 740.1307040445143 1265.57532642194
804.5037461562638 1189.976564578374 1276.5304557085271
1205.8835788589806 968.7302355779295 1090.0110851642974
1498.4080797366014 1468.2173379923534 578.9194545926625
1088.032502937517 1316.4807745936491 744.4541091856554
618.8442476809528 1214.1360110377582 643.7706625109302
1418.7941748567607 925.8104377271179 231.58442409262008
1309.5010603060384 856.7611065313191 142.58359009883236
609.8393770067476 748.2460106283385 1075.3485248907984
954.4958758879086 953.8997002792962 494.2238520552726
1460.53210422093 906.7389724015279 142.34458224047296
1627.5377290672632 613.7060214680649 1426.6933694669233
913.5233214944194 837.5139674109366 926.2953137485233
1016.8413467019379 687.1770861288519 58.611795814349996
1081.4364132833275 960.8057682263228 320.4810993298332
904.2714481687705 789.7151600542168 600.3524018811632
744.009442109551 1124.2763777421508 1015.0837573664103
633.7475334768453 645.4712287210193 1047.1370247624263
1065.1368024643275 975.7910686442972 572.2744752019055
905.0843250827314 945.5618730806948 1380.4531256381238
686.9628741504941 688.0985185673095 1489.145822438868
1170.8614331014976 1057.2018068776492 1207.222305786574
1090.886331845482 1647.0866089881515 1455.302546624207
1436.1462311659498 999.4157698429166 1340.284416262381
1618.4058625727062 867.747465283777 706.1148805608439
1138.047463666573 1257.4297040052393 628.3750304998404
1110.1585566633696 768.3065175609064 353.4568955469663
1121.1654729581203 963.4981757623536 1365.0832522242154
887.474000367599 643.0265313399848 1081.590735941716
635.6131659627405 566.7162064789384 524.0138153403178
1269.5981779539184 1063.1188873624742 750.1558369955019
723.5491399627717 1355.8937014291942 52.78206404110708
1061.19661747633 1202.348733800289 504.13917239657206
1055.2936468752625 659.7280752568649 456.28258373066416
1429.659673318119 1286.6466505171181 1205.0664101420277
1165.1903874838656 1122.0037895594119 543.3379888063326
944.2773498996365 820.7434352791588 162.63160124802528
810.3403066224273 923.3439619731284 147.5276736427521
1072.0680577821895 981.1030475490286 1292.127258022951
720.1934940335974 850.2162932702306 1426.7292625045898
1311.6340589305737 1261.8798252682273 140.20035605374537
929.3618408283744 902.1185094521414 235.49554205921186
1121.068870353062 1012.9830986367889 414.50460916523696
1079.0076463454923 336.79711677028115 696.1285722427647
1090.1664962607829 806.7422186238382 371.35911190878176
1352.540664676058 886.3371435559824 398.8402650019072
1828.2637826383443 1308.1630640487147 1479.003806808455
684.8283507192507 1021.7336189580436 1336.712095121419
1274.4655721240206 1124.9538206282061 721.8527046419713
1155.3736038839834 1196.8881828589656 584.0945166702197
1080.77057412932 957.5387662201907 1089.3750520242886
719.8950278894552 538.6128777422031 1382.3277176575277
1133.258867668642 1069.9980890143174 677.1024052745257
1125.0904832255278 813.2823323478129 175.69950027003406
779.739304655265 1007.0897843826789 1334.6316036517148
1401.2482466056122 955.585479157819 399.2570907424963
777.0824603316119 1105.488699996734 645.4651580756471
1454.0511999358796 1075.342955673839 31.09050741829289
1220.9224416360798 1052.784074526297 1441.0132653541932
1189.306603827955 1129.3341952111718 881.1731787084719
1052.3063228436154 894.1509996701902 1082.024473987896
826.4453746983862 884.4074004501731 729.9150987309879
1172.4680199497363 595.9040827735371 901.8400034912592
990.7142829220979 996.0089321145185 54.54184803439644
1039.7165331287904 1034.0387911843916 210.64865700437056
1115.5617734647017 1076.9525677670101 1285.901029332964
896.5533899464411 760.5476957768426 743.1563327764278
1247.4318143750884 1206.0851700671183 682.8024384853993
745.3217461470122 885.6848535306677 808.7501993061818
541.1634487154913 926.9613123903794 671.0468061444956
1118.0586835956383 1286.9953810975194 379.2253431253505
911.9126359069835 1411.3461917924772 1345.1792522904116
1022.4759310241419 1438.1596219431672 563.5791285141581
1528.1589855014722 1172.4523766268544 1077.7594934565916
851.6651779700117 1192.8145282380376 10.07637033981551
746.3069499072426 1102.9843627532655 1273.829676137381
928.9517769507839 1044.1299446869295 1212.3678722189488
1158.6615726485682 994.5289899588485 379.7168589423883
1289.8319849349787 1322.8425242483008 468.6430672552972
921.4561439505578 814.9921929301843 756.7643070625666
901.1458931218791 1187.2512548832979 1085.1452092932589
764.6899116540847 822.1758586240671 212.49510391307535
1272.703299294581 1130.0761815111146 723.3523620525249
1065.625513875268 969.131541255643 910.1050762401627
1293.1849478198233 774.3574886360295 905.5529488253669
1455.5807064353653 1048.9510759609816 271.43737177342683
856.0112384402566 1095.4251444978281 860.9008433263596
1048.6670400325368 973.5697939983855 494.5593180254053
1119.1883684608479 624.8197982281442 846.1060432782356
1162.566752184784 525.9825728315816 1135.2657584757183
688.550935251027 641.1348881969626 918.9955128988761
839.695520135234 714.6983562369755 967.2701033527152
1128.8129727017845 965.8196306566092 440.62490936957596
1307.111881422387 640.7590322807887 446.6188371856286
1124.1266367702024 1087.90280927425 1232.156769170828
984.5093756189555 1151.3366026052229 683.9480233651691
903.8418866680514 1049.8146369393971 767.9648871352867
754.5061333099154 677.3510205459643 627.7340549046141
572.8153563319914 792.306198404749 258.0815076077494
1524.4145383657865 812.0574677707699 1035.25519633588
1161.7570900454327 989.3662648454609 832.4960344318865
1066.1859236126227 1040.7452386594837 899.271980322089
965.3785172272818 689.2996019636346 31.90151316496781
959.914542802882 1029.8689586349415 1020.4577680285657
776.3667271794452 763.8496508778106 16.668368512525678
1068.2040904387884 1163.407628021354 1442.4660599067536
869.6759707645444 1008.0064320711775 1242.9401386334994
863.509198398894 646.4983632499564 192.29635058093703
868.0950098986985 712.6416394772195 556.7274619521725
955.1560172779355 1460.9931880877243 939.977018461515
834.0897033898954 593.3238700005486 274.03177057466587
1003.8768843959896 1083.25432021149 314.78876047188675
760.9260079253874 1366.164155529678 582.8795715684433
861.8872736474509 1132.596373633818 1055.0312672740483
1213.1473769273662 727.6119345621382 1332.645791530916
1043.2700201259584 769.4706043415742 1451.600683487641
569.1642614470401 868.0296368222052 745.1670080609855
950.0335856535878 1494.3377625785456 1283.1331701398494
860.8824770542956 1019.043526304716 394.31190675183484
1028.1991364851326 456.0805304656533 721.3046884677129
1324.765875818407 1112.2560225176817 1449.7088823688716
1333.614246016988 970.305466599273 1145.4202031366963
1199.5637965375522 1213.859338880577 1436.861390301645
1038.2219630057584 1027.1692431593867 732.2899835967781
633.6770204013085 1145.3812061970823 1213.4574609346712
825.2403739132807 971.8397238910903 1184.7510252700988
1127.7546016460033 1150.2480102468817 139.48150645590468
1018.9833178100002 526.2706082735435 544.0063776794954
855.2155046657531 1428.4047790573118 1190.8405342388482
839.9627530419597 1203.3638532120376 508.78830513560683
891.3208900560802 541.2892152372996 909.7130455564997
1333.2216207660042 1332.930974552114 857.1644141301454
1016.7960802704932 739.9862379203687 1160.1764082150844
1176.4926496352796 937.2762997871736 518.7788197340126
672.8738754025067 1309.5689804926822 1005.5722729288103
1227.7177525785999 1086.6372322116233 1081.8744483548553
942.1097429549943 1344.9084985889506 353.527506898902
1083.518547617858 870.1373935895092 979.9171415702159
1035.0284615852063 954.2589154217937 1282.6532097201282
1502.2915400826857 1075.8127802510494 1284.6973536973103
1017.1989850032228 1057.2291649660515 738.025390716296
910.2191244698765 927.922514601982 1169.131207278042
700.2491940213698 842.6333326527188 1465.0812885156222
745.5288073532246 672.8706811592763 1063.7615633848625
1174.473554734489 1213.2080809471724 1107.1146086136666
493.33933284091114 664.4525894751318 1026.2009498003702
1009.3064563722394 658.0951017421123 1334.27857129822
1069.243474802625 1143.4235096386524 103.40504388169175
1270.8464802410106 721.663950941077 375.9214916349306
941.0057848193865 904.5607613473412 82.55687061980649
1031.0489264189873 1062.4956312754102 580.715193835785
798.1408717789669 972.0683406789692 1298.56452737743
1285.3824147202947 1367.9331648462912 1267.816468483996
1046.415745462299 1374.9645172163466 320.05711150768445
1547.2571366214943 866.4709982503284 92.4596144010984
415.5827410444057 382.45649504912706 936.6749163935591
992.9124687487309 1070.6183950838563 1006.3141145543027
737.0419669197734 1205.0520582153995 652.3649463571211
1276.7588418628268 1155.873220353276 432.27942317460025
860.0342358389279 1334.508404434494 1115.1153767170329
591.7639676641061 1080.0965130292955 1371.4805136114578
1046.6776309130653 875.7841603733038 431.66146247739
1239.9506490163944 1027.9353044905156 218.91376192994733
996.068979902911 601.6169376895978 752.2062563167384
1036.8232068204702 1061.365698640596 68.53895624673623
1122.4693803224322 782.4929668335652 253.64968587067648
1191.2430785383617 953.1493483820587 1190.8063375713004
655.3878292441216 1197.4966523976154 558.7905971726424
905.2221753638532 1515.6806051113258 868.4108114039593
669.0366743859306 491.27284420761976 116.41383375473674
1073.196480981036 780.3150089262313 944.5891912103617
1028.5250335111111 982.4750881703018 99.87619450463986
739.4214126212405 1389.6246055984739 16.365483020578164
1159.2886980294127 423.9071718347036 201.09382906910156
1351.1940328809346 1056.0225443747147 774.4656705175904
1316.9336429317345 1046.946257642312 741.0844845612653
1132.9380502979275 958.3461177277994 621.8148875740466
459.2021715515207 1608.1308604987535 986.5001638193462
952.8302323349501 1310.5697950850354 1292.9178150722266
1147.8348592942034 781.1306475478832 1306.3130570375854
1245.0594915785568 574.624234214871 986.3091317371756
1076.2649182458151 948.6584965068573 1357.5324030463657
611.6568507625489 1017.4716998270187 839.6909602238298
811.1733851781374 1221.586630745935 768.9762407322297
871.0581137092663 1312.076391584701 1137.460468445708
960.7253088332784 816.3378593178438 22.497347683832825
1554.504920082115 982.3445396109354 1259.8685234104844
868.9567225506672 573.982576492684 1149.7104253092855
1212.009985780951 1131.087609018506 916.3702262576747
968.7669275591886 784.6652859615735 717.8706596585083
1005.6289018126532 610.0416338228255 1327.2488809429665
571.0197193775184 857.5198862255721 322.6532672828507
1442.6779538297328 1106.5691779315011 1082.1662638411508
1249.4706034103192 696.6861112946149 22.859425931548603
1073.3882078740507 1106.1701758288514 136.94595813879084
1010.1062809556313 1156.0308726961925 1013.038780193175
770.4070426980782 806.3177508941823 296.3380447090376
963.1691040622036 1000.4817551149556 1424.8515101570633
1031.733681832024 878.9176133780475 503.19894199919804
1381.1965670376637 860.4680335798691 703.2128946885957
960.1876970203425 892.968225853129 330.4262659965638
1396.6603169881064 1428.960601094478 871.338158519116
1278.6050355410732 885.6614264498099 305.7668327102245
1253.2896629883758 1064.3609477124303 1139.532833841981
824.210230150525 1084.2878939348338 1355.952381916346
973.0140844122807 1100.0025643270376 294.7148328965735
798.7985203687942 720.4586436683878 730.2282867346023
1413.515870942094 767.0417452072767 1050.2660989166684
788.8940450846408 1314.0917573930296 1319.9665710001132
1042.4191781178697 922.1965847126448 1344.4496670077824
568.5986127594238 992.2522579595299 40.987989264624545
973.6260603607885 1250.4023521775248 234.71043282757066
1117.3549136064842 1460.8840960894222 131.20491815887036
1294.5555196127928 1019.1029322299456 894.2195954966988
1004.9546344479379 1154.131846302852 1378.1372795576624
773.2046371623712 1472.272139819242 257.9912054655785
769.472130353114 796.0816046092232 19.531910100299644
1240.4947525493806 552.1662890230109 132.5223693014186
984.0517836684033 1110.281042062544 823.0051162340498
1268.4871648110504 769.27991934528 310.1319742363228
1226.8591355365793 667.9378496795185 1108.233977297465
1100.5911747621362 637.157031383816 1328.1600428363122
1080.2661407090982 1191.7431637914515 1317.6031448222643
975.7325500979761 1024.072696734416 145.0445061415502
1015.2446499128272 1202.5238711624988 945.1058943860917
917.9091232665038 846.9791839162353 599.2681540422873
1281.2044354927884 981.4449615555808 780.8366542408027
830.1628674761411 1110.085285811742 858.1512604680846
985.690625056874 1141.7937333344537 1170.2831075157635
1295.5125161458345 1074.4795749532286 1003.5635415172189
896.7865810918572 1135.3485515927737 104.56328049931157
1046.8095305269119 1233.5201385655664 344.81799444085834
1116.5230544999065 968.4953513134222 131.29313323657084
1435.701075786183 1331.4161593874042 671.5025737337944
656.2298355545875 781.9626492802179 1485.0080389238938
1297.5997977687018 858.2840200622688 991.8328171117901
1014.9065615122391 845.6292157156823 692.5189938105846
1165.0377226959604 1189.875493885312 885.4929036894587
1205.751767925708 543.1759322808613 1163.111077742282
1126.1974453490154 1066.4515446403634 1241.7033173919713
1327.917318433881 926.0643213469396 130.93367365272096
894.6273578772806 901.1784899408253 1467.219316445878
783.7950053213573 626.0995782012649 1099.754950622835
1329.544994822857 1053.525417239325 1087.3233849941312
807.6254140893269 1189.9018951629007 914.2979742482296
1025.9202549306178 700.2655103076256 715.5578777643707
855.5178013142903 979.4816639725907 732.5040486935587
901.5181413742572 1432.3960208305807 1247.0382082727845
1136.9161401633007 951.696266976411 1227.9786904485752
1028.8118159649778 1201.0991746410157 1379.7498379156486
535.189413303649 880.4783109482541 1170.5416109665857
1002.689855400764 567.3938877207991 792.8362528269756
994.5297871018711 1124.4357167067476 1046.7826355752507
818.5795609975687 1272.718014991746 310.8031425971191
1154.916474169099 530.9596213735067 773.3289768632181
927.4216433119713 760.9639034940899 1254.3635825588187
1063.8109433060506 1194.910766592758 1113.598263321973
1176.973448662839 831.5764261780007 65.9902058785547
944.6938081418396 314.33490141528375 1213.3354315554163
406.8991534697848 893.3525899291662 538.8080003444301
966.3798855543433 1500.493986017443 367.59112020438585
873.8121551017762 982.5830148083836 371.5515287620718
1195.211384057892 1099.5813043138303 1384.9559007294067
1032.5591051109354 995.5421736276564 786.3818497709093
1381.940538089718 1219.2655259013466 283.66126457631395
959.8219420663662 1098.5812547259427 19.58707334801868
1251.0836193313526 365.5342555544514 1335.716877085789
872.7071587123647 799.7954737876439 1427.6407647672308
1290.8262941351582 1093.2489905066152 158.2360297771347
869.0972840721405 810.5281814676014 40.53843871278762
1146.594328206606 451.1564094589978 1171.4081948838982
1038.7059637333691 781.2320414742896 121.6933475624874
1264.4396142987061 1064.918364926471 197.06031060970795
909.8935062951003 867.6908929548347 923.7290884405969
909.7814456361222 1120.1672376769448 331.0556738644453
1052.345348319735 1155.840443172291 1309.0349643256934
1205.3189906643133 646.338741072494 613.9355474028555
1167.5940054710823 630.5554595249996 1042.0381800084085
909.7492378677554 612.8035671499023 158.09704378567858
1041.236576615789 1202.3731396578842 80.45734666883725
971.4370174457382 727.0181176733367 562.6323058512721
821.339473480668 1187.2267065500241 141.49138335811622
277.35948946617543 786.3569655755352 64.68381004462137
795.4498384275631 1128.4159145208641 952.0474834909368
983.0459101492702 1256.283689751459 851.468521071804
652.7513275798896 1124.9056343266989 98.68625519967772
1135.3457811681917 592.2498106007263 128.30369235723015
863.4996511365509 801.2669851971289 619.0939909607067
949.4189321221196 666.9858220262668 799.4836458990993
872.8104056019996 735.3193397248458 691.0213823430673
1192.9505923191434 753.5003133967539 1471.2688084535152
1031.1428159099098 747.5515583479296 1434.377946880699
697.841212202266 978.5711739625672 1413.4588594142604
748.7841167984404 1163.851348428595 140.397544104803
1156.3504618605584 1325.4652909211181 697.9668556663511
1111.6964751775547 724.1367317092653 431.2303080092231
1307.025018932728 769.2991857306844 932.6541270665058
858.3126050341675 1099.5890777177904 363.0542522769329
519.0472068895822 522.0973048203668 1318.7496388974805
899.6420173821668 824.1833175453561 108.77780281338472
940.893935245948 622.2293674718342 929.84163501829
893.1635690015702 1091.7539547072831 455.1236854027593
1123.5950026375824 947.340239202844 39.27516846613122
1262.7489487662303 1143.075934908852 647.2638386698352
694.0763386782739 964.0859804117877 1052.8475676142755
884.9100001232986 1180.8726726247182 925.4105213706374
1221.9368042512856 1281.7862070976778 1286.246717642681
948.1014944285431 1424.3964193671657 474.4154252372111
1015.677178381648 689.373913343817 790.0942517160317
1182.0302763440707 1102.1852703233876 47.30094756159148
1188.1943497303816 1243.3530307264084 966.9031209517923
1148.4000220858468 872.6549095316495 299.6718390505756
1120.2220166780764 1121.6747410781418 195.28879902371864
903.7528925117751 1067.7076040231843 45.05977082196006
1130.990278736262 1063.511517441178 1308.5345669250548
1106.2850896027699 499.2512007169776 314.1805135062441
1092.19596260173 938.9182285151244 791.5324494448549
1013.2091477228682 955.600532220199 1352.2600865704158
1045.599286062272 1218.2308122893476 1369.3474129600972
1253.245786656941 741.6009734632655 1173.5118365163435
1033.2576677075288 1094.7290471630242 357.170665157317
1062.537519538815 1440.6504537799863 555.8789844019892
783.0704383525842 839.3470883771166 344.6401020923114
1335.0177564866476 1052.3130082784746 994.1162296925029
1569.937114251553 950.8805050284485 540.2550348876481
1138.6381514050486 885.1084662598959 1333.9273468333254
809.1886416575508 1359.3330524738396 222.63306130384342
1018.9136382552202 1119.818778693375 587.2013954497376
1500.3897291190165 1139.1675292399375 1360.310222649995
1003.6966917713883 729.5304490400207 829.0864177035837
968.294680445955 871.7448142964383 119.490856858411
1095.6941440797802 805.4988940872171 550.3791851428949
1353.8184052157417 1383.5070003973497 31.970473539937704
1256.894768965308 689.8066532142188 181.8354022174722
879.5752092826128 1021.917549900896 1399.9514849744817
1069.5313655217058 953.6229245783862 178.4787975532965
1035.1323789606286 883.0550546285873 266.7911779891982
1055.9320354587758 1482.753514063016 517.8737652003539
1369.5432180315472 1038.5438593771617 75.55079982970797
756.1484035380522 828.3391308530909 1004.4792870021236
529.1581923843139 845.9374548549034 223.3197199339978
864.0020545655838 1053.601363244659 142.04202760000751
1110.3506006023852 1307.0512483801115 222.3586868548293
1312.2670345541712 630.2538653020208 764.2957922729145
930.4228485951523 827.7944660789246 998.6885084656262
1061.2963811069678 691.2749137725903 314.8595761588527
1127.2077896877588 1139.940607573541 747.0428813377799
587.248508368048 1144.1409482162946 644.6815953938493
1000.0178815449594 916.2262114799389 1301.3411646664063
1047.340394266529 1315.0696514030467 259.82119094450536
967.6756434276623 1136.426561573619 1238.8969373701898
1362.8676071836135 1095.2965030534508 973.3602954499751
1365.5660007803863 1312.4994460846483 1142.8554285343166
616.1692466787553 1008.569224547508 1421.2582887651745
788.6641345626368 1232.284670159805 1020.6301470151376
756.8858642504083 762.7623910598093 107.72350610165392
745.1628604057107 744.2086591986425 1334.1386959219506
580.513942423705 1247.9399325769418 1396.581671793207
1105.0903101522165 824.2929374097711 1172.7065285879671
912.4987568072667 930.3026517069095 208.07540072265996
1030.5406295466748 905.368623193092 713.1845401041838
879.2630565794342 952.7613984964905 1162.189045257103
873.9395590678176 1040.5951819614113 331.29919775798714
739.9468164820827 653.8503161111927 338.68454221797447
1283.572747494076 931.0267230165952 627.3990679899583
1171.4756241574478 1361.5705692137192 1440.7773860274442
912.2500196898933 1065.3088495534273 687.1536339782818
1064.4263633277264 1082.3161887249369 75.54428302670557
896.3482363598996 652.1596139449925 1247.045177486789
1029.6596920923403 993.8065619704884 41.572676489690764
560.9638512490053 957.7943924643207 1050.4502965021786
