400
1008.2924767685138 1123.015720583098 633.6851252218955
707.4047792517172 1020.5666046515852 842.0078855502959
525.4756914204124 491.5457508845925 852.4604671123318
1220.7235010622355 723.1539113530459 658.2174256165518
1000.6320768352822 483.58175030355494 681.6087163613786
630.9588189553797 1426.7206999697007 39.253448920035574
1572.6926846295132 919.4520346612851 683.9375634806012
1113.1089774603502 1240.5934513558263 1047.4661296344832
955.9089965090618 1471.6613226658446 34.529997127178746
542.1683744758129 1090.4346941333947 822.2567492648345
1146.8732620469727 1076.2339183678464 762.4352517683786
511.7443871064185 1247.6176192135554 302.72933308374246
883.2582001261135 871.6369166715868 1155.5371365892354
694.5827239793513 1749.2612994248425 531.1571349770072
1176.2185825892116 1056.218810380959 1250.1656707138973
866.7165215431262 1255.4183559888831 129.40212443367204
732.4753515691411 1246.9802435843585 169.28033226643774
863.5995940810417 1213.8932035808061 407.7952899949341
1117.2200381983455 1816.7667652914079 1344.079685533514
1159.9374306938018 1179.0115892391746 790.4135689967384
1154.7264193729607 848.0679223961289 1486.0708519216018
796.6680410643476 785.856109871678 22.923798862141798
734.5442339963113 1270.8084562639724 536.6900552606807
892.5443773590446 1478.6256653085836 694.8323188331633
716.8947271598777 1167.540609446975 1388.4577986184602
687.937873087139 824.764494892967 98.82598873165549
1180.883091215122 1193.6504098213527 1390.462925300165
980.237980375925 1100.6447432077844 534.2817251997602
881.7372231911575 1171.3610506078262 736.3512871448584
1434.1503969959683 853.2298538791831 1304.6790458758876
594.5332465368737 921.3463517253159 906.9965904171123
1257.4845937150617 1487.7138735467825 818.4043394870363
946.9561116861387 1515.6731709885426 781.5515583083508
906.03164532792 713.8033236482464 73.06162286189588
1384.0815886472149 1380.9761430260085 566.6640861132965
1215.272414568114 1051.50538680145 208.6928508317466
1211.7745172008003 682.3589305249081 1170.2453140216044
867.3295881580791 1303.6729161505164 752.72127860281
835.7102177055194 933.7306940547654 984.253614529748
975.0569313684684 1158.517369633176 284.40531025769025
1197.3265915343886 1160.7503617113339 956.9541635735926
903.1417745144051 1406.6926556170483 838.903635604467
1007.5299033578895 1618.2314445850964 609.9325797669112
740.4269543259038 1233.3225286008244 1381.1362958704335
1090.5483685783747 1187.2416721319942 537.2534555400106
1164.0435067938006 1197.2801609059018 126.9714975688862
1101.048320247302 1179.550265145788 62.3669120051018
1807.6728392945888 881.2662706057046 1496.1338250663782
967.2776304045475 1160.5373203013758 410.42548257001556
903.3235527843106 1038.4165876780921 713.8932911640078
1430.9611142615101 1287.1256909037743 596.8291230185562
502.12592177868515 1195.0206894613405 796.818770374952
676.9314968223623 936.4293568145106 553.3469961246005
1195.1318023813863 1260.1000531052969 1480.4274098683359
1239.751228880748 747.8715373078724 127.27436070383713
1046.1009758850716 1095.9990307468197 1324.8490598644094
1163.2766609604664 869.474738797757 349.0967429951727
1234.4846561383506 1590.5530446877724 1159.3584259585439
1045.8295921758877 828.1265063663102 743.4688547638664
705.3150573330373 1194.3113550602943 1178.8188259279943
1479.586201423349 391.8006149857574 1088.223548214064
994.8947657265725 733.8603922828946 163.6468851325833
1466.4434058097413 801.0963303941876 484.14879774544755
964.4498061316541 1411.988924533455 746.4839321939087
933.274292893244 895.8295903491562 346.7508570385589
714.1318237456081 1020.79306449548 1222.560692861577
1040.7231306811066 1309.2017942249154 1140.3051210427927
659.0608060978625 738.2759532421801 874.4036403864731
449.4373563288741 822.8041076727488 1157.437130254967
956.8222448396267 1305.8643691555765 93.28727352261595
633.4253157207546 1023.9086088842611 248.52807502689623
771.9898766522219 840.1016801097777 994.4597202881147
794.0427092501967 666.560863145884 1362.4846942090694
721.1910775283461 1363.5716253479115 947.6918780636217
800.4647449823904 1383.6728690824775 1067.5985793850807
1281.2360861955794 985.1839163144602 1452.344603567133
836.3386887984451 832.6335176523208 324.6709841510132
1063.8725564518058 978.3595958498174 1025.524142661457
877.9891296968431 1250.4187970002192 348.63733853361873
1212.7862946300704 1089.2803517569491 1276.1016295086406
1105.6801114152174 1050.673338305759 164.12668307041628
669.5572560695645 1322.7821936367732 3.329741384186402
1388.417908342748 561.7158599009626 51.78937923377131
1132.8294747250993 1688.2104668762465 1491.2958124120803
1244.0756979765847 868.2995870209479 954.303843420517
691.6468404000211 1170.2914307938288 991.3067750706156
995.8198490216247 1074.693630254234 593.8410202650083
982.7382110028403 1271.2528599747327 463.87197087137577
741.0060082136661 1234.8672137129095 1348.2665155906877
1018.6129095052381 870.5592613998149 61.63595036591574
762.4901448476485 1040.3014700999386 1059.0879204354214
722.2337837752477 881.7276581805539 632.8277956397453
1332.9409969516298 658.9501033121109 1102.359656088336
934.2380200346656 917.1670669383403 902.7843241786492
921.6329063186439 598.07766859963 1058.6112782361768
1154.0009736683614 1017.6196497478427 305.3057508339146
1131.81052881032 1024.7699457379022 1263.4194402282355
491.8911090125598 874.7506034987144 356.2740988212648
945.8659009522848 881.2649544809248 251.8818623212037
1322.2129233853805 409.7969754081381 380.3393491629198
706.347096653797 1142.8342133885471 1342.983773593341
1042.4642851158867 711.3011370063266 497.2805100974144
753.3541311984702 1188.1301941380677 1271.4136441448109
928.246262926014 853.3829831325734 1402.4227102797856
978.6789074470248 1174.5303812781376 1159.120839312687
964.4810287184079 847.7398597725884 156.90292135171606
939.6858467865198 846.7046419849117 1044.1096548531857
1280.2261235436056 1744.9834588446224 1156.550994196269
1260.5264993660603 784.2746637294844 1067.8221427851943
953.8410168538591 1105.8350010019697 1175.7160683204397
1170.8451341627726 975.6025656994415 379.4196815025442
617.1935098047219 1105.836504949221 291.44283026659156
850.6025683086929 999.7129868108276 1075.069648831418
1036.6458653070645 755.8955681654015 642.669044578921
821.8342606067943 1226.3178431213598 589.9120382121693
974.8096486508987 1019.7558243292306 570.8435794633574
1088.584398621188 813.9518357494621 965.6887235983481
1089.0565651310042 1299.2788812755416 1034.4906308946606
847.6670409634562 1413.626019537632 955.7392797203366
849.8646246223851 1082.1556602082683 907.2400226976231
965.2979742138449 1028.19179170206 1026.4284941415983
863.2405617284102 1193.7136338023613 96.48090950388394
602.2619798883768 1169.874839291801 956.8975700439811
879.766418705254 950.4664064176138 1207.3543006603636
1063.6924271980597 1366.5271332316788 215.0881404308209
1245.8549907306533 1140.0380186991858 173.56762047351364
632.4100561165617 274.7203819491933 1138.3164230757661
1312.635876383552 1262.1181638312755 506.12769114615594
657.980449449519 1058.8946154455496 895.6865308562791
1347.2470915254262 1233.7437344602406 517.3917222613273
877.6572599178934 1070.9092048373377 645.0087332763313
566.008922908158 767.3477695651135 1445.98407530054
725.2849677253873 709.1707961805215 1485.896898090565
1049.5755205172488 1278.2408498395123 1332.5182006510067
413.1349811213523 706.2667769178925 758.7870319820938
884.4010859916455 1126.682648842215 1345.0190386470035
561.1440049015753 1136.6742356488196 26.31637411233212
965.3953794262253 1107.1246175103297 727.8737423187197
801.6577920265001 635.7104512668245 1081.9947863963896
1496.8309525085817 1067.950146029968 781.2066795335163
254.78325678803424 1032.7968576606659 68.14118432804872
1008.5958099167286 508.4263304451868 655.5676705195074
1088.240580987923 1294.5195235873211 345.17694499047747
1352.1525531220077 720.8396225403111 1497.129512539243
842.0972634250318 775.3456002908539 1367.707114653432
972.1830483283777 1069.8700871702665 973.229642916295
958.38020138843 1235.384387887833 1438.45534457253
960.1295961480615 1332.2276582143593 494.4487588514036
1077.3963886259842 1364.6812669883752 1016.2251534232342
948.13315677393 689.4005444304212 759.308056074884
893.8676840518082 1036.643982999962 1345.9298177088465
958.340786448588 1291.9663460320867 916.376545041636
979.2644386649056 1138.7164817804169 591.6293687807735
1169.6043674277319 1129.9497868018404 1418.770065261246
1316.1611811761572 840.7296071966182 640.0615841579447
1411.6674874537007 1275.25026810276 1076.3669304684568
950.0146397962873 925.337300644886 797.9010780690949
980.1600955492444 946.1438345948 1498.5553507050874
1417.6908633926935 744.9792840862569 294.0146938310705
915.6327002323449 1066.7010154752204 1250.4235796480614
1273.9652429172593 1274.5294740567665 236.45412654442293
1163.1666502071635 1014.185381289702 516.5870756026595
876.8279179293961 419.53590033943044 67.1314119766619
885.941640451121 658.5600010916276 650.2250435329113
862.0633880445521 936.3387229408143 513.82426785274
1527.3485835994115 1122.5202727662795 1186.3013892071663
1181.2264597837852 1608.0596275790172 627.5269433477314
807.6445107489245 899.8620433175554 1329.4514668219922
1244.762705364785 1234.1439644313027 1380.0399058561172
930.8909444914808 1072.246197910556 333.59933416119065
570.9222401496975 922.600864920809 1284.5830777540007
984.6225652871606 674.3341199275479 993.3881275138755
931.0692703927587 921.9322386884658 76.97257239733413
1324.4446791977075 991.8340992230101 188.25855482297976
1163.3157141052466 676.1713686732553 686.842315387599
1064.502361525657 1399.7876359657146 1073.0815262627177
1123.2860600234442 1266.1636448636323 1436.5350212452934
872.5936320410337 659.6070768183453 160.12873742087297
988.8778515534109 991.1318815348576 575.6196961611689
725.3133711232128 1069.5967435706207 948.4889391898357
910.5586103910692 1047.582763495134 536.5613073755972
972.8903592295648 899.0206574675931 998.8873683216029
734.1848621144914 1018.9444208333458 345.51424937570596
695.0000627742954 934.0480398615853 1076.464136911197
1070.7181998659353 813.0113604610117 661.1867139450418
1063.8406752717171 1511.3249736791674 1184.2257297787385
1616.0002838563748 1096.4492915606572 1179.375686394946
909.3214576421385 1151.5818999171045 1140.5246802608197
849.1313455347099 1172.4644009475164 907.1846886918025
896.8200568075117 1317.2534967174429 729.8195456431797
821.5864858041293 1227.579932084234 631.5779413895931
1057.9110763263338 1161.0462762186798 31.662128571404878
1489.4049318706768 775.7002037427346 493.2623664163106
1230.0415536450332 1386.7327689217068 587.8867943926682
490.5351503252827 688.5100974854147 881.9378671698161
664.8095753682826 1036.4415592821053 172.8329679130986
1083.2226932701874 1035.2796597198483 749.5803154960427
808.8998396109862 1065.8720112647557 1069.447909994437
604.5385527263145 876.2620781924469 1384.116116402881
866.1580132872778 842.0983283139799 810.5181164903729
928.4121131846679 1382.9817965739767 615.8759340587904
692.0867374291515 915.5531358599192 214.26337883424867
1019.0109512946152 1154.8263874061988 200.39598397570845
812.2542858786028 593.77748135102 1052.3190041794026
1197.9849351130654 858.9178206869495 604.3481717684681
586.105762128002 1305.611524837414 1191.8814568391217
1058.445129005874 657.8941597578671 998.0077912962784
657.8460725795314 717.2298220331248 608.1206263789417
1465.9290356680888 753.7078452434621 1277.5407562481853
656.3759443706156 1214.3236332470983 951.5431155397936
1011.4885069618584 971.885692396969 364.1238672785997
882.1142776055824 1093.7620716996876 1062.376766807136
1214.9627500163283 1186.8475127588038 215.8621883996751
1040.9848374728654 1184.0580304460952 431.1680551483549
1131.031459280322 1041.295635288783 448.37826718228644
842.3580630366168 1240.2159036550888 1446.01438049369
990.6253407301413 1220.3103409041244 997.5959309468493
743.3457081139969 1074.607634490677 81.71839567845751
696.8697200616039 1208.0726209758764 1216.400323245619
710.7454450100189 779.8981641330521 1311.6763182083387
1032.415348278578 1254.5873435849176 1226.3646541344533
1208.8810567706337 1271.9014459986813 1269.1411557699398
937.2236490956659 1190.9037131145462 579.1219460858747
987.550674299678 925.4040485340975 122.32977602309553
1394.5218590697868 1019.8292139175422 887.3875224280636
1461.3940368000324 1110.8001709617706 270.54522341004076
1254.5351539351232 1053.4894218879663 1397.6098002103195
993.9246859964766 879.863225322476 402.20663254932225
952.3003447709724 981.1715094037629 713.6038279533159
1104.2954043312793 1067.6982115156893 83.25136409836442
1067.7274588007692 745.0241630807479 341.14586556153813
636.7753583514707 627.2283679294837 900.457319165969
1192.2369872507131 1112.970207089392 1196.8495279243216
1080.0568016666878 1687.3345695439161 660.397063488633
1333.1810773332659 1164.3766738678562 1355.3814035206528
1171.3580137932595 846.862430280615 675.9051058078107
1103.2936440983658 1192.4665053101473 735.9665851531742
922.306971207081 799.7645425901616 643.2164210021276
688.5531909751014 1127.4666314375309 1045.1796579405639
749.1691672540954 986.4223645821738 1321.7389025265447
796.1587566481586 918.7018089624511 276.8894711358924
794.4463057310948 1173.1686079339197 367.040701830324
973.3482128218687 1344.037956019102 834.2500251860037
870.5816611371438 912.8302039244187 1029.6099192076229
1176.2164271169686 990.2765026262634 454.4454251069798
1387.674700300077 790.2436662318805 465.9698748090079
888.564962099651 1220.3752225286648 479.39837240170505
1258.1711450574626 1158.9355090195647 758.7764620499291
800.2848299075151 1154.905434678598 1039.8692673979251
1157.09235602573 1312.6686458037675 810.4559199680731
1225.9636485233666 1120.6964998615183 421.37735970027506
676.6203801541914 1208.6253291452667 91.16091154503265
1053.5585821771099 975.5746141101257 699.8946074958913
935.759682329407 1253.1068964912579 1393.6360742465085
509.0696660796166 807.689575379488 1379.0961257077747
1270.1157092987517 868.7800316744139 992.65552036122
944.9707843594578 892.366748775466 1008.6654258142831
1017.0637337070991 1184.3525931731194 467.44442034530056
1146.7955471473267 1208.2748258194915 772.5521588411935
1001.0929118965142 1056.503694261736 915.1764942442115
1019.1506802939919 873.060033957488 666.0774935406182
1029.1225432870447 1033.2049311425951 1243.18596391647
1163.1671926037347 978.6859131716416 1419.7770529012632
1389.2231689887394 893.5916744039946 627.6049347352302
751.3485891915635 827.0988874595482 672.0659658280304
734.4112301525419 960.0676462539614 405.57680212692514
592.2258623771422 848.9823865852127 282.08646779832634
1378.425959631179 1114.403805006462 1235.4805625449196
1655.4428659680907 743.4582332522587 769.380923858117
1100.0817075221755 766.0290208688882 919.0856317061067
821.0547151637116 1303.7686500281793 227.05908614802027
1265.4955866628095 1125.430329725634 391.2902732037156
1131.8018683130815 699.2998110143699 1353.4754454765452
1198.5477419992328 1538.5781149524262 704.9159600724814
614.0796649941259 1107.4855254585225 448.06587895708
1255.1339449703098 1087.8207231435108 666.0764444567175
716.474380954556 776.0184587636879 418.9105777882588
574.1726950112072 1006.2347980545812 954.2211874807897
1431.3477722251523 1077.1404791433997 1294.4519055710416
612.591014554471 849.2242386119428 936.5803221367134
1050.9772028544007 1177.5372580496119 212.97722711090972
443.6149402552286 1085.0588527851887 650.8298611187097
827.1114831173984 393.1935128769677 1397.923454427444
969.3521113891154 735.8450038127858 1312.12301789712
824.2589864430158 717.0237946545758 790.6325319291932
1399.193133168428 1007.4717528153948 475.7108242435372
491.42886638235836 794.6712015976146 1104.397087913701
1301.8221739324968 887.8531194561981 1478.0629164370066
985.0850200095564 1276.4175004693407 1239.9457921010958
641.7382630299611 1434.0389226694806 901.6519669425134
1141.6056997450119 1110.8287824684385 171.6086018926834
520.0220984963403 1069.2342104864788 453.62340879313405
1172.3695553004459 713.780144839018 348.36935444747496
914.1769666867023 1048.530923751938 525.4447168974874
1404.9576822063307 1155.4077152893565 360.8688489995163
704.6624744632206 1321.4830733475314 783.2615293146648
645.6303189509692 889.9271429736029 77.58686491909333
1306.9773689375406 629.9749711612703 1465.7548620837194
728.6197167739842 1157.7175523083765 799.9285991981538
1064.329877855617 1342.5403133454047 491.50168113716217
997.1265613260279 1278.8251504060484 806.5804705990763
1173.2503485528227 1196.6340269921927 1202.843262163948
1074.6391946338179 1269.2674799429744 529.718820406959
847.0278536869308 1225.5516505751118 1194.7961468730937
1013.7867365485133 1129.2419607890865 236.81987616331995
879.429153046744 732.8238804825629 679.1452942629264
803.287074688662 1233.9182734973595 562.4952399198539
1369.9506411312275 1228.4290037773858 1320.4185630477077
1035.903954559059 840.4465014650868 794.6095447004705
786.3570217674237 1216.9554928867713 85.74673286859213
884.2052187976307 1205.6090806081359 608.3931594491578
792.3236711122413 1360.0840940323249 803.1330001660423
954.8109716106837 1366.0583629762045 170.5980132584053
1205.9718675060442 1368.782829839595 1197.4315020763381
1278.9094377661775 1361.1279412886474 347.94724617289563
968.0212740738272 1147.7547344013383 151.78699731800498
1241.453126404599 1346.44178199373 54.15214952038705
868.4802709708944 1408.6131479414416 521.4836799518391
748.7171770190571 711.9787460560442 1091.3775959169348
595.8840067024332 1050.4225238215702 1432.6756967504382
618.2045660694662 1095.8056040700674 1135.914299494841
791.5161407719518 923.3822262353682 1406.530448716368
1036.3336949578193 591.8947817205508 904.8341301203693
545.785791511251 1176.905882214293 155.78589347795253
347.1594199719161 1014.9174322342329 780.3771344547355
1468.9301054943544 597.9147034578393 1369.915682041168
830.5840776051047 1036.4364552570096 790.4510465911303
499.4704673353726 1009.5280191652944 1447.68622533428
1004.995158344915 1237.373911023581 199.26296215103773
1063.4391550329829 1190.2249075076645 1141.401225579662
892.8003850757328 1067.5259474274185 281.1812836540867
759.3927463779394 1491.0866569395253 556.3083959452865
1144.7786289500266 1762.4802750766648 665.4681202850462
1235.5603406882954 1136.3214803343426 1018.1002530634498
1031.6725519728852 1325.6537771954827 627.8953235213323
981.6619830411526 835.731938843601 851.187986401056
896.6675753139276 946.887289306438 862.20004444899
1162.1782830832176 1446.0235577449082 804.3275149995375
949.604175663966 754.6518882541371 90.47009016249264
1017.2792762463137 789.3262079571377 527.7540599052828
760.6132347037493 968.4038467584528 815.5865036223373
861.3643599638533 734.6897329863218 1324.5594431960787
1306.0429037031413 1024.7506095380493 568.9119662623658
1362.2728487858872 644.7593957240501 617.7690696945228
902.4798003018882 1219.2355394692377 1451.0154200967263
1357.2790555845286 659.6067816729187 97.8990169976765
671.8664347740194 787.6173667274986 605.1774461603633
850.4734260641288 1165.414918412276 943.9710555828643
963.5960113064046 1240.9477005771041 579.0925852856769
867.5997279637979 1212.2951098266026 698.5717653576211
1024.4468373650382 659.8455262296419 355.3987682708683
1155.6026622612635 569.2064747687241 414.1894721239586
1176.2379391797374 948.3839099949523 694.7802450204499
1000.6457432512665 1298.4176320046129 1385.9971309530495
878.9251593520033 894.1879008201827 701.8406125250488
1124.5345030599 851.7326787122095 97.19878322079573
1196.0274026710865 1316.5900608044 338.3960754562567
750.8929168258061 983.6190015055506 981.763338785926
1113.6156985759258 1010.5026380309586 643.0306085699187
1176.033394625164 1063.4238045832515 1276.9720466554345
1214.3437108116086 657.2966352532528 795.4133381704391
1008.2550769044492 1138.8744127717223 4.905688647510676
1149.5769103394352 1240.2148847469966 151.8214685890486
1094.5338057758463 1358.810766144196 288.92282065301646
1222.1861365081947 678.6326044659057 1460.7157039445988
643.7626266937316 1130.3544912169837 344.52208602339516
836.995109716897 1248.7852827167146 1049.2912008996489
1078.4716231663879 1252.9590085216296 1325.1141830220179
1087.7223460149887 1062.2647863471364 921.0127031002742
983.5560197902367 993.604959638399 944.9780557816241
1380.3510927663715 1083.8780082647265 19.633094765488245
767.5053594588805 820.4018027546977 1388.6467269020757
1190.2038798000929 871.9963379438507 1124.323103215708
1423.784731987503 1059.965641098279 890.8132099518116
1301.7447571059492 1418.92723490666 716.361683300867
1263.5238740687353 623.7753606501103 979.102028120859
960.5483028671553 883.4965208601698 172.42920768706426
1006.1204512772624 889.6332661217652 595.541372888109
960.9931446230462 874.072493615724 679.5355543752959
1193.0912498898033 1575.6567816932115 517.0883055006644
663.8755138911781 1083.4748115246725 1273.1826733917626
1364.8159985565903 636.7669731979122 1272.528056689633
1527.6432677701944 617.4045507638643 991.8142216912419
722.8083095698958 818.5551347135511 871.6088909484474
901.2481225711765 783.0031844554188 816.8984271884584
399.9192095438482 656.7209452224677 1248.0445078150547
823.0398283276711 797.7205507757767 296.3945147831947
689.4386378326863 862.3023370082989 1079.3982643100674
1070.3975865178118 662.4036384518552 18.051157877479906
1355.4831830361377 1143.4441750869514 1137.2268799924773
1658.344570903524 759.7155743339848 588.9753955446896
956.5670230694589 1315.2241866874924 1139.703498471313
1048.3810140122484 1038.3002559015367 78.28461006587561
997.3696461481687 1072.3654967301609 1300.2432984827374
1001.1008452405526 1236.59698732645 830.1837174907456
987.8094817761984 1092.7491056378967 512.4729888981325
932.5995569911503 779.1388353996799 1274.8868992659368
941.7902607604694 577.8401027772526 1189.9355078140557
886.6326280503781 1105.7505418334651 430.953127385593
946.9935028790077 844.4755831812791 1467.5198978824894
