250
1222.015019498495 1108.2435225668187 1422.8328654788534
840.8792800709646 583.8626804737407 1466.58845551431
374.080272798605 1995.9016411102198 835.3296715079241
143.38921906685732 1432.5882360506944 632.671844118784
258.41500094392234 899.1448217612226 1194.082102481204
30.324600159883364 1688.0392314366402 1048.485096074561
1268.077939208267 1296.3571446240062 83.32930736900629
815.8943054725385 955.0470674686402 1251.8688787400615
577.3001818593244 351.18684676101043 119.33613152203348
1863.7701451364765 1179.155280457756 1032.9818618517913
1335.739089872199 272.7430834720499 77.79424678816649
422.6358757088753 1011.0471134916246 1175.62856955772
1344.5400235538632 273.9772740838571 1479.8103062063783
1766.4629373922376 1366.5809384522126 1209.4026250995223
82.60823937636164 1306.6549330221724 81.0819051953251
204.76518406639332 433.1824556337156 1021.6191703001385
1363.936750465721 621.0600946382378 396.84655337874136
1754.2848232505062 657.1639430241205 580.4000956109129
997.6723317534668 212.124214981283 1344.233670025914
1155.7306325045156 1455.149357484872 980.1239516426169
1662.7047928323955 1260.885049446395 1138.4162143386714
1651.8568483774818 892.02520695317 861.8218638960616
550.2138659151045 727.4588501362933 384.85420593326756
1205.7228152069013 1737.9506248934342 696.4829903172407
717.6948926612068 1811.497326904675 1144.6690165737118
1263.3722415415561 551.2232880926638 202.3250282542095
807.3257884335967 28.82764881579036 374.8109544774125
1014.1578457616314 22.600753287990607 825.7474817806798
554.9508291824101 783.2030540783701 1219.0166397833198
736.0660029795225 1572.4907412829434 1131.1055609819953
540.8835948358251 42.00873442214359 649.3429849285575
670.1372707958892 1886.3908815983525 1085.0735219887201
1160.8994353348974 629.8685881558979 25.032346376382797
1015.1205051759808 1083.9520336731184 319.2239185046422
742.451019030647 616.9503766389893 778.6124810132031
1147.871132467324 226.72955088837688 470.92512478538464
860.7983462744241 869.0390136170973 702.8606407598464
887.2801717611951 738.5940521804571 1367.2678943568503
1053.6568352252386 129.98463809840777 587.4213210965938
495.51877701574034 1655.0432025922833 673.3401329867427
608.3495506240369 727.8526834753587 1454.5922548589726
752.1302278966642 377.5706258149496 695.8678265123498
1448.7479719502987 1829.8695557381784 514.2356751277728
1809.139472390325 1801.412484239097 266.5442112998216
642.0290561995635 364.0053598649118 36.23786996308659
111.86318359150982 581.4009709089831 289.02837284792474
1795.3274209460405 1579.280328040511 89.75918205313876
1912.6691867591453 466.04074784553796 1328.659206182852
670.8540757910106 1509.5447646541352 1423.8283547247177
358.73174026600907 229.59763310643865 234.76179045606276
172.03177604375952 517.8245717255201 1119.4968027405166
377.51750050019115 1051.4260104419043 287.2289329279916
1598.5288723119236 885.2719177730304 1242.2459459796553
1452.7585459715556 693.6370789975097 86.62992226319083
906.7387864682875 1720.7725928385712 680.257217360598
1295.706071037103 204.23173696089458 1270.649173189711
272.22675155284537 421.61063584654835 1299.683380607924
1777.2869213248903 993.5476158416976 1261.6172231485716
805.2239681897881 716.7996531017886 175.10476542992754
820.6689209741955 93.73552067710355 1034.540179514825
473.8793172516749 547.4053184958665 1000.801001647613
131.9298326540488 1963.9311763046514 456.5316824218039
1576.9222744439771 1042.395426255129 988.1872802952446
1718.890448627563 1528.0832165517013 1331.590399322744
1736.7236533277749 1992.462951259697 966.2664319348486
1642.9064985434243 68.72032618888824 81.65977671027352
1182.717091843052 1209.8879594969558 105.65514428885191
1109.6235008177132 936.6915048290821 1349.351211661927
1598.5454801975236 237.1081454751749 880.8574977427555
187.6953869255089 1954.649030545581 398.7682366855041
297.13013440453364 1492.0947241135823 103.35395033779749
1676.355667048495 1472.9241337367819 500.8049866544127
1358.3246790026483 1193.3342503745596 170.890567930976
1102.4734727700095 1397.540591973036 542.9910584646095
551.7064001935283 718.8722094668618 887.001814897543
1830.3509970931564 125.40563765717594 188.43374378191325
254.29179806573376 97.44742495269799 721.7096021682235
1097.103910984964 725.7178691284652 953.7704935505586
1858.5291543754752 681.3478608616182 47.59302833994417
505.0445154325509 461.91447588174594 191.31321584451783
517.1685580297096 1917.1567233463456 500.809420546575
303.1788671050648 1121.40123644021 134.48390540954546
1952.3230967042407 1461.4504915291623 719.062068994121
1260.7157035789946 907.1940484180141 624.4921012243824
1913.3402351099332 1258.5618405596658 253.9869968589491
1338.4073202117024 1232.6262455357853 456.07229295915477
800.3443870620748 926.2998209318694 1132.3258809065208
661.8419760106174 668.616099481933 745.6993546477373
185.03256396144076 1862.1668972406378 832.6171991244552
357.6113754700261 262.06231939466227 1014.3846745901642
1531.9900980875816 1121.6723543903915 981.4271581172494
1723.7753540202632 813.5358658211458 660.7727280262553
21.86197230076692 1160.2819381014585 956.8911299143575
428.7301820017893 1401.9074840106978 1149.2748923199315
796.553515387616 1521.9729792196879 1485.2749191686025
1054.1700252408714 517.3669609869303 603.8217224615786
1660.9180577392087 1002.3318104788519 1072.4325463380976
1437.845677277501 538.6273290986207 580.2410659067575
906.1716568963072 1326.872882924726 254.0449742449507
1495.2398330787219 342.9183391652797 793.2460964895505
1088.0672794504642 955.9241222192485 1476.1345791456063
891.9531239170158 1081.6918433925173 1316.6720801867416
756.2512991733623 686.3675500973179 1281.9705215146003
1689.1626260799044 480.2561837441777 424.4985624864557
163.6057755974225 1802.5999796464625 1126.4545360467237
431.4684323663227 1795.0181269609513 526.3999222627931
1724.2687867644986 464.1643603206673 795.0874846749668
748.9992845607001 1952.9079901891496 186.19369753231075
1580.4461163711687 1622.3196167516903 977.8599753406337
1154.30683278481 829.0246663913318 257.6265840344162
1804.6882935385727 1316.0856149528647 1422.5113982419098
1928.7817934917748 202.27603258229655 977.6463827414332
1967.6201354860493 825.7979186689761 444.91271963645926
1419.7340667285284 690.4836148068696 1042.261921872141
1521.1994059121848 759.621454653032 3.3043788536543106
1452.3673290705576 1399.8061820511757 492.2200181415342
180.29144500089188 959.1552244526125 124.90278295990493
1499.5397029567998 1251.741368256636 401.51205980113747
1292.2271285133634 320.4893235690982 459.041879296848
1063.6243413065115 507.24935502682376 1009.5374858821211
724.6521166534172 785.4287376032945 1494.547719510474
1340.7232431069501 1150.8717001345362 444.707558684422
1381.8224861736874 1515.8929404999762 295.4735208235165
904.9833763833822 1417.212237337619 1171.5780167082955
288.3914626044275 871.4029469927707 254.36812488037302
1164.8147425956558 347.61643537879985 1193.3772948259407
1969.9775929090722 408.9389699345909 1163.7323706689854
446.2525996626616 1180.0665544707672 1181.820844951701
1788.832017045531 1337.5339593277613 1133.9934350933179
1274.318305733333 836.8179553838577 396.24649052485785
1207.6277091069164 574.0115557568695 1292.0620515939786
430.475049808875 1024.509973843814 120.88419498968183
22.362454181319656 1489.4729275177413 1453.2909547992795
857.3192118400585 1213.6873551099318 726.5732665413914
921.0916289131419 95.87338353339536 50.64377253079827
399.77179007737186 1765.3476895247222 970.6404073603265
303.34297697279777 704.5553037939918 329.7392627536916
111.40404667939063 1231.0819567578283 1329.7198039400405
497.3041649725993 846.4173808677833 1274.2983311868832
1896.1135279381372 949.2502707359878 1266.7567514873647
865.7738212446964 1584.6020400515424 312.3194212251215
607.2205256291398 1300.1550982371202 1435.617841178127
544.7408106681908 864.3326110710261 272.04816138481243
401.81488922876963 1810.3271523032502 214.77081950181005
1698.35448345274 1536.2677541066118 403.38750723066335
530.4818297976093 1672.1762471009356 1115.1865000811654
1433.948548850027 1833.6791896188986 877.8127168177997
1587.209182826388 258.37123471868284 291.4733137524041
1661.4936485993346 61.55607282155806 1378.2374492849594
747.0442250372517 1561.0283239019386 683.6465709429565
1114.238996540921 572.8729370947315 630.2794425248111
820.9845827146158 984.7164450917072 186.08321879714617
1518.9212444746347 1257.5926440802855 1480.224678825554
438.9150622154729 1522.7225482187343 64.83538737915052
1348.397299159344 591.3913622335192 244.45883883587894
1628.8663302247871 612.6537806125161 1098.4784496183784
158.8636028925341 1716.6693920913742 1037.7361333085094
1263.9257206861348 29.310989917818553 1387.1957464523925
36.837174791256366 1981.5298650771476 421.24008156820105
926.75699136581 396.3175496873481 169.64849622180915
988.7486654425262 1823.4969042030255 1323.6860202674422
1447.3805482635685 1080.560783651508 1135.9329513132182
638.7655418990141 1537.2571242456602 543.6599417296444
1308.7450645233694 363.6804810085641 495.55123880272976
1422.3179719290379 1721.2662860402693 1133.8398829317207
462.4312400204515 220.10532283504713 1457.714033663196
1652.8359840136961 1628.425775813401 1220.8594413483117
1148.3468668817693 433.4194793933477 293.9888108020231
836.8192026916346 1688.2884802635751 715.2161207344628
95.66155050189073 1830.1403611966293 420.0035023897709
413.8084612308137 1617.6603554487742 376.3172126103925
1811.4626957546625 394.99342610186216 892.5341001217173
1229.8851827319295 929.1516238989364 714.4845131527578
1366.6902158102469 1984.3416647043357 233.0036416413433
686.6914626963159 1334.3926438905028 762.2329701323926
904.2870826657061 495.2745349329144 887.517962174223
1314.435805971757 1660.208787715332 449.47876980346416
1866.7790205464457 1083.1091906031343 707.6474053921951
1283.576832986227 1708.695467817584 829.2843068595971
414.52923928164176 299.08063275869637 1228.1517445995767
985.2947915974921 726.0860387553442 613.1442605179049
1621.7018773276343 1526.7031958813284 409.42011899997885
362.12216367791507 1998.4242051908898 1215.356882484635
1088.5687021017798 1151.6859656629986 961.2427292550251
764.4139158437333 854.7394590687462 1247.229054580782
447.8599468706643 1862.079798541215 440.35505601955197
1628.1155677989261 1103.0264206107638 1229.1954840051785
1527.2885399439547 219.08702629926015 1119.5200653841696
1888.5098489184259 1874.5208355664508 1144.3197132611201
40.055598632504854 895.3724130070959 1463.8558399256992
1416.6086274158138 92.63338698589196 1162.8109231776432
591.0279675093915 319.9933412115332 757.0001587448347
618.2441196422785 1601.1973634171222 896.4902616692108
1863.3780446336482 1469.4788593793285 166.04690132417878
997.7584856987352 1316.4155879433854 879.0873033449877
329.3065206225614 472.49510530827064 46.9289418910574
210.86044511874437 848.3453524183915 1487.9983979814824
663.1759604514759 1324.3123916340385 685.5339786314256
231.6128697333386 1487.8197314445706 836.8838462274039
1918.5261513097562 283.2720268668523 1140.5488509785116
555.4315980163926 1975.7843426112045 60.07618842034018
249.56084442691372 1729.053973669882 913.0107862654487
1834.3511181653498 1099.2515996735413 588.7633480532278
986.1770537194238 1307.053306465392 1392.793335317668
718.4248385706959 522.4921702249527 959.3391956145954
801.6409241642626 204.9946990368403 36.038600010992404
600.4587270140172 1624.9112209118755 668.6328834696681
171.43169314753303 94.88562517106591 343.6871196524289
556.2057743927751 1052.1680822551507 822.5600053170676
1298.1122371642239 1561.0224779720122 1354.162911094778
610.2735021521646 1965.9442187326113 1089.5954106008883
1837.576940385104 1628.5861092611187 233.08924243306006
222.2521956654131 1959.0279272314654 1127.5678924641381
1153.6863573846204 1395.5091723738894 145.73270818273653
371.54885679428594 943.3113887992583 661.5244257783796
319.2138246723921 1228.44902109716 148.64306991839004
76.65810441861787 959.6893890772311 446.9355209162185
802.0012486156862 393.34182340748083 9.094152708355452
716.7797776638107 1221.6836311587385 923.6844055540048
1971.1365558548537 991.1735710739554 569.8456962121086
877.7125612812072 1661.4380853114806 346.6598744042394
538.9466921807086 1047.2516122604159 750.0479688205097
395.1452517716034 912.833357785312 1499.6181867001424
424.26036093883533 532.2552027016399 765.2267580383044
124.69261123525288 1725.1913189889542 94.36140262927239
557.7184996974897 113.5159520267217 128.05663426051385
546.2285509717213 1204.4643251922996 516.1282945978303
1394.9757021942223 328.7990619616716 161.62028099413246
1882.064584267092 1885.605809235713 888.3354984086131
486.58883608768775 1138.851336312629 691.4741089315124
1484.9577091327742 931.7451127683454 832.8762875014394
478.7186843505271 657.0300190616663 1119.3722754829594
178.4729735062991 1981.4529259024312 215.72668944408352
1208.9104092914554 480.67777387089916 801.970796331684
92.85332405522983 727.5999572668915 889.0093724363169
1454.34073183121 1266.8141428664346 837.3015863900745
941.9574805881423 704.0372777904695 569.6510042588003
336.9896933457379 1483.6742437908154 1295.4206459142074
465.79074769120643 259.218612885397 1011.1767785943582
503.2969437107626 1400.5015841532404 1209.6302760132648
977.246885343181 565.4278740402008 773.657626754642
26.857924379660723 66.06492061951963 1282.0017300886457
678.4025554050985 155.777218972184 64.70339143116294
1330.3955397710024 902.7501376793334 966.4793327717109
378.772083886459 1369.6182632737523 1118.7473221398855
1107.8186180373953 665.9949956554769 617.4639213589627
703.218136557033 663.1813643335065 1035.193079595055
1805.697207115032 1804.6139082124478 975.488514803228
1309.71111459466 266.2900816200313 448.716051837382
1306.4627453273467 680.2041921899455 476.75830282918116
