250
875.6907680155373 1548.336205000689 50.054397424037056
1305.3861714865257 748.3167061538511 1342.138384875498
437.2650033793992 1532.6579002786666 737.653625533491
781.2559577268199 1066.0475004053765 80.10974753110712
1515.374590940297 1499.6969248534558 875.9073773748847
1847.9896227534607 748.241662463021 1367.7959035733095
1225.8990209725819 1759.233811821777 1222.7176991554884
1566.504550506241 1902.6843071200735 829.1672649294011
953.0052091320536 634.6503095250932 211.9291359172112
313.13089492900724 1813.2328003917012 1278.0917376738835
141.33094528168556 379.3585023934296 406.55839364633084
1405.5267532091698 44.10649250403842 1396.887232886941
1486.8584707389098 57.46643783513172 1027.9072856860196
1609.675868029894 1988.0711028512846 1217.8831735604876
778.5249354624955 1099.2328546819165 789.4821213750448
606.0590226461921 1168.9129715438012 395.9652569840593
1445.882073433955 457.71602988038376 950.1086503587132
722.3084159981872 1705.8276343425066 43.385726246922886
601.8379791474398 267.70758623531356 737.724163158789
669.9538325015735 247.3112843878964 1306.118667350061
98.3511870171374 49.34819526943879 706.2594952682966
924.4424601757562 1842.087198155754 112.3987649538143
1406.7592584208937 1538.8580252319916 452.1526479245303
592.257578759094 1152.4004118169796 832.6098201563445
746.1332337623603 1857.2601141619232 867.6838286226226
215.75935146445647 1838.197130611079 1248.9315978252127
359.23069368936876 4.971700489498021 1239.4416565888966
676.9598719233718 693.8357059045919 1.3281423150710014
1818.9554576837436 1417.6800344532192 364.2617395248566
1271.1436223297137 1829.4442818171137 203.24471764081287
330.6266136735854 1646.5042862296204 587.5892827208942
1363.9127469001699 1539.0862381544227 836.5854701442787
756.358210785673 73.44454775887633 427.6293819672346
1015.1919230344711 254.00323135673486 325.6965896216121
927.8386822754347 1707.0336411499038 1475.5643768767984
535.1688341066116 1288.923819134962 795.4617266155651
479.3853851444139 1363.0546104438356 879.733684810192
1746.9555964895378 1039.3490185893872 766.9428391026086
1113.1766192909047 1258.0996318960963 529.6026530777215
255.24007598681297 1439.8989320155204 1487.1405500967714
1524.214785533947 1520.3185350900058 557.5376076656329
136.08178682975813 1672.661293599006 15.151319154886323
258.6405999422323 21.27826829906887 1479.0141794815497
557.7483929269196 632.2674583847048 713.1008349281387
340.5902697974854 441.90232776654415 1357.3115578949091
1041.7781074319087 1293.4257748860891 26.286079690978458
1868.093768633381 102.16289298129789 1138.6681994920768
863.9224487753773 1124.037075171297 1142.0714897884552
1267.885356307952 1946.5550023953492 582.7319292663973
224.4097708730679 1845.5099625904663 601.3182683349986
335.7308688409468 76.19866837908917 1021.2016137920835
342.1277574248309 65.63294070061154 49.413915791250204
940.1108656857933 227.39701941333345 962.6246958736488
390.45767475601934 746.0477792934081 1358.2630814856698
138.5944507839403 1061.114368923114 718.1225046518252
1313.456190854831 1661.3575355432308 1068.476746706537
1208.5696332814093 29.620060275649116 1254.6549475291495
1650.285841565535 771.0567883041655 1219.9883684623794
755.8633578160499 1650.0543013004797 621.6818154608219
1706.2004844042092 1427.212551021422 1057.874468189134
68.41310103579468 490.9444684072086 1411.015480152969
364.0509352735275 1056.62001310571 1296.1228479336987
326.3560652012618 1051.572827217828 179.62633871579308
313.1236702240203 1529.4640507167353 857.9980207988244
358.16969045966295 430.0167854039172 947.419219010374
1867.0654641397066 1644.2233649451475 1270.4310236125646
1594.6339077604437 174.89254132545452 570.6000059678825
1414.7617099322104 680.2844064423537 480.9003227261766
1981.6657615282184 1646.8798449070855 819.8752021015698
422.4205180566667 1251.9227130510533 42.08005350271116
1910.7838451753596 1624.2899524718425 537.504279073715
1824.9297328212333 1583.9112329793898 380.7669734379487
948.1113830931915 617.821330168096 431.0740712427864
464.7141787974183 944.3757887805291 898.634756865684
1905.3022952051983 1838.3721549995232 1376.013550707924
605.4244619837432 786.3739316275162 1120.95693364701
1816.9306591341044 615.5774046650781 577.978773171203
821.2540835766324 1050.611955752851 236.69738079984847
34.36841171702887 312.59383413513797 1054.716677247954
959.7587261501839 963.171463506926 361.59858654560463
1728.2019712862855 1890.1355034716867 1435.1344446761752
1338.8519451658385 1490.294043187414 620.6685003550565
1805.5402509102607 1004.8739270326288 752.9621743242376
1770.2709488627336 1152.8838770813916 423.7719032921911
1475.323156772854 270.5039432429597 846.2054792700194
1120.1634600678976 1062.3701982368204 1097.8753666710684
521.6146087561253 815.2220617462004 264.47169830097965
823.1887056267309 604.3896152188127 115.0262829933011
374.0871245244231 203.029412486053 1023.8278055653294
1686.5694824161515 456.0920969781288 1199.4303362537985
199.4580737059979 1757.5465843448726 1165.0495128405016
1231.046053525705 1325.0197311618706 677.8186053581604
1232.9298002264034 1557.5506747749519 464.6293866053551
514.0160326441381 1777.3834350161806 1181.6444927939774
1615.4256983688042 44.22617217961644 1058.6356367144942
1408.7808883758005 836.7903058011012 580.2138219349293
162.80069225034754 365.95208033999205 1340.724512505754
1318.663955663951 560.9644340364295 946.9940788422017
775.6880384943692 1450.3075934143535 1397.8302501788387
309.87676109547846 685.7224954540845 601.5685147476523
951.536275568397 1965.603670472788 669.9581776492964
844.6599532864001 829.5369555988555 1165.8853073839884
296.5275116493995 697.1727161382828 258.0673412333678
434.69245628616227 875.6324378252025 380.3747044811352
1918.5166696079152 1728.9981935542933 289.561934688411
1755.0521634902857 1525.2998593358582 610.5130857693553
1765.1964628793303 138.0865867218073 723.1650332578777
173.56794478131565 1311.980956723397 779.8541317672023
424.7423409302138 1610.8985581050058 1467.1910212094376
167.75352750019246 1612.5076819835379 1178.7205096590849
561.7192442192089 244.84841871316343 737.1857205985308
126.2257994926188 164.77250618366202 1088.2617667335714
568.1726867712647 1910.1357366892667 1216.854009567786
1901.9038450054645 1048.1024567716038 505.7543677682935
793.0247303324876 1398.858238262059 872.8480591130182
942.7713337898966 586.647935710539 547.3666690121664
788.1806580422252 1678.5535673772688 1253.4131710451431
1567.9205921655123 884.7192875123109 282.6087689146319
1624.332973423399 1150.444510820737 254.71086915777275
393.3594991742915 1982.1937340540155 1497.4384351812269
968.8985482192422 555.7535062728789 748.6346549646684
1114.7950865549003 1983.8860108085917 886.3191529399212
1952.9945698537806 1785.7819160664442 292.4251739009977
799.0133499523762 791.2242046925206 1153.4943498280402
1939.5660702687658 1845.4623572865178 370.2545426320945
1826.739023176957 1172.884483750506 1493.416100838104
1759.2002636651716 330.0447323647029 791.071600278252
1352.5777437977447 1209.5179556076048 1212.546830269939
1182.2301424465973 1178.393348770389 991.8146166936671
539.372783387464 1155.6578597144312 1021.2575202011985
990.7237302550158 1898.673549482544 1002.0577873533039
1571.7970933708439 1397.3675644350303 1147.8636263682442
1568.7996049029987 369.9314685126163 1303.9228921222566
708.6613313298891 1496.9522846352988 1070.2693267881816
844.4919529950936 159.257464942963 691.2678215527174
1449.6142423009096 1427.8407890485207 460.38835881569173
1673.975521715757 819.9652835807651 860.8390045375226
312.4341633328622 1386.0008673956727 607.2265321859805
1289.7495895581305 445.29481335662433 1028.7490414441195
411.194388515844 1453.995044041915 235.97832365833887
407.92040194359845 1222.8461171074102 663.7385106632989
89.34889169446558 1786.1438253719084 246.2148247903037
0.4691701735064502 712.3619128547449 1017.8638759011371
753.3491431684156 493.19553734868583 737.3613584728079
1572.20436278426 655.3416073426362 80.40533610433137
1033.7608404281423 46.63519031407204 755.9392709160412
432.18589498842294 1839.9275384819725 1497.070029146817
1380.951821698372 390.25296033167314 889.4877924703648
1924.6602020769626 698.7458197680858 97.49831176793394
1783.4577524927392 875.2082145612186 980.4852776183211
1022.5356653541238 266.5423652593906 283.36207659639217
1386.5015365442214 581.5063451866461 1192.3845967780696
111.85172770920482 1885.0672435426966 712.8982711589807
836.1880765911937 1772.8628384566912 404.81670018244296
1398.9709773722414 1017.2258074382254 1253.3855246318428
1892.1039819632042 1652.1190528699829 1295.9154805387816
48.75148699150045 83.20923055456775 131.9174457048294
504.5234684655571 1046.8742717249265 671.7415560234534
157.79932840286713 1582.677856983727 517.2322453518668
486.6099697806692 443.83910668548566 1230.451706028421
1567.8509837706279 295.79560558880405 38.282671847824304
1658.204749606863 342.88634004569565 246.6172615246836
656.1471988133054 1303.5481125630188 1196.3021958200661
1341.5325321911644 1861.8229150775226 618.216764426565
996.0822449076574 272.43067993580405 536.7748978638746
59.354158190456644 396.96652892180896 154.0622469862903
653.7399320370894 419.10427971690757 1356.7030585307557
859.6117215908865 1126.8962394339103 1272.4918858992141
384.92991360914687 1491.0067945573196 1465.3863370984723
946.3668334764328 704.836080022917 245.5733596555893
1927.1684956645497 954.3154716241448 439.31414375986003
938.2282859324018 1692.9103921677402 443.62402335377755
1276.5381373632288 574.2825051203178 151.26815842960727
479.681334700875 1658.4285216990656 1329.0743520988874
1575.410165848316 1603.5174980831591 316.46734585238823
451.05692348066253 313.89226533518524 1146.1743957561878
918.6017129125843 590.5294514423435 874.1265133725705
1379.0320427006147 840.2836792609778 938.0592060525156
1500.94134257172 1293.744050677968 713.217002967703
1714.7943455463908 1719.579832266672 478.121634621618
1781.4724614000108 632.5978152602883 169.31647944667478
1495.1670885829672 37.132154594004206 947.1145410301968
1950.395242950034 1420.8374789864686 718.5999836283335
1785.0818148920503 775.4183356088753 1466.3665807635757
1892.639024452837 647.9938588851888 514.6026520301589
927.3133644679865 358.2982321599222 1397.536832614572
1796.9372503641507 889.848587285734 298.24640274337787
913.780759838843 412.42375409509856 380.4808059374039
621.4772312331247 867.9223848869517 286.60203589903193
607.5306464402144 469.0346153441951 15.764999896050346
1236.3005292960115 1055.9023002412043 651.7459661237053
269.22780635152833 309.10168870700636 1043.5196846386673
320.2904985919375 1929.9941257312178 1282.933788774347
1985.4983840995224 1714.2966623130803 1222.5470257492207
945.2075041539069 551.8054319813781 623.9196369868703
851.6067038725774 705.3484151055782 590.6181310683406
1825.8967606801475 292.4201008156946 127.341485108376
1870.2400573876787 430.30922293547746 1330.6374693513992
161.59073989607452 204.77411590460414 1461.4124279314349
1105.74618951091 1834.3429541072742 632.3760345641946
285.016864776261 1616.7279004963273 1014.2257863126389
1751.272391549323 954.0726429676405 1087.5539544787816
968.6835115725326 369.28432360709905 536.1440663735697
1577.5949285253428 1186.0836520892603 353.94028051032706
45.11545348289414 1933.5085052840816 465.6008652672061
1785.508877220085 648.91839096785 658.0714771102282
1994.3977284023756 1642.8919178880437 1306.9050913605226
1892.5468553248134 722.2451056583352 657.8915285961419
1550.8572714410773 1339.094421637864 808.8507997363753
1796.112571239992 1672.7430390753088 667.8047219355582
1386.9133943329439 1430.144679838483 634.9650515911012
322.0237234109056 859.3366448884038 1168.45827988756
1473.876839458087 1268.7249374174405 532.412116634767
793.4426262166387 496.1881313722216 439.4734532531263
1937.8712133636825 1077.106974404086 154.37698084850655
1893.2977303013336 1596.1719730438506 1318.5440509123014
1024.1078728936766 723.867574093773 268.4587589632626
1649.36932198605 1763.1842188024348 448.9418512174445
1332.6336204277711 1797.8915018522198 1253.8390306545155
1211.111245811832 1105.699699900449 891.4940822761528
382.048649618667 1450.3779396254322 710.0392255127483
521.6036379452655 309.7876756320521 249.61652326135265
1950.236260402434 831.9431948267562 919.1865387838476
590.2403699846528 655.3981484438826 1017.989480939176
1819.5467890587838 129.7215605616231 546.3547967995079
1214.8076871713088 816.7289871311602 503.9416728675459
1396.720874890015 1475.2234090871943 1368.9633006576832
1961.306160822183 1809.2602532295418 150.6279787528168
1631.9700528546805 1873.683755782427 292.57317402943886
1400.1730432431511 664.6198857639869 910.1035557485844
1921.7737864930496 1038.331680540895 12.388632748894569
869.2763933120729 1165.5417219972671 79.16317360147146
923.9778017794464 254.08878924900137 1250.0444646572018
1835.882723847271 678.0891749518449 25.991073698634736
1428.9794602322563 883.3741058927211 32.661806354284614
236.65743062402876 1196.7199080942776 416.8123593725458
1806.705832471082 1097.1392070041616 460.70602794420586
1663.1114622640785 1813.934540543333 32.35855072665616
23.429758639342158 36.19688782759911 1223.744956884917
386.0532381792858 1488.7409178725545 1244.2853047646474
1238.6637122127324 1133.871633465872 1274.5856605944487
1655.0186011750152 1453.6906969380618 1146.9014187433215
545.3019577189671 919.8653242049127 390.7892530980123
1756.2941258402996 408.19251293293803 1406.9688681400369
463.0157267661244 341.4535523689515 954.1207947357769
1462.6656190493936 978.9754360372316 701.8826159179083
1263.0055057090815 19.92073109039727 388.75371265439423
1816.8025719716622 435.5296525429668 21.524687779523987
1179.3447606163493 487.8187562994884 1266.5027105137506
931.6462623609838 1493.5915744735182 1406.280919641046
