250
99.01920509838558 22.076423925363464 788.4392291468124
744.3418421914099 800.6546451799663 245.37846479515258
1171.0045937148566 1696.8184177468202 1262.1545716638673
1037.655387211166 339.33924913105807 597.0051280212097
1573.6309713472647 444.2037892226647 396.5905292099784
104.72851071712475 1247.5074692834803 71.10980858877019
115.12982763956425 1995.2044257694533 801.0469897811404
1669.5954005231004 1174.759140768686 1143.1227012555516
0.6900515108261285 658.2249949273906 1288.7819971907675
730.605657671287 309.83875664666317 597.8338656203055
1453.8311754721926 395.7038173846219 1208.0632215988214
1007.9059019154146 264.694022277403 854.1511650517283
751.3306032867539 1803.128277840379 365.13014281742915
1365.2033272764859 1949.9226139736702 113.16207883935341
1417.7871102556642 295.6616383902979 1188.9983899861638
847.4807118150618 560.7295243747885 1145.283048367949
649.7669662008392 163.06179325901772 695.2741437039456
1772.903809687698 471.3585075758009 1296.487426773203
1442.1537359363285 975.8816969134816 580.5179759799676
726.0249614728058 1920.3198399157534 1292.2112025055953
1926.0873156779858 603.995503627099 1070.7183085201052
1200.2207750476555 321.27162042104993 675.2653372966178
967.2933151413554 1314.2447336435544 121.24177881936271
959.7203240931949 1549.5254037598831 964.6971922555192
1011.6959978695505 1604.419796355839 911.0555811224767
500.88584507353676 1625.5559209645155 800.8633659086739
1945.3873807155799 748.4919682367041 298.8080749121172
805.8403656083177 637.320295715424 1041.643262484358
634.7883029954431 1028.8249417563245 109.15517362171867
825.5337193022262 825.2511704335778 609.9149557333108
74.46691202146116 1537.0079661732705 402.9899898407492
334.03189164160653 1571.8087237416457 1469.3974163342466
802.571268460543 1954.2624334630386 1020.7491000606927
688.5737485937167 1613.2861262561537 971.8786811590433
507.276752028317 707.7594094732518 923.2319163166883
98.50800771822233 1387.8334026044436 1358.0610119622834
1638.3924525935877 1762.091315728349 536.6385275945582
1247.7717448026808 598.7440107096411 598.5352347626757
662.1216220652713 327.3184345233506 643.2780571890659
93.42127344769114 1334.4285884501328 594.2987758221168
204.1420227825548 1345.205629617229 137.34677824746294
1990.1321373442704 831.9567571652424 750.0964837243482
203.56571082610887 112.54172299736464 445.11905363052927
359.43231619369385 1038.6803698263918 42.65771155281561
438.8605407569972 999.8403380381675 556.4216221763423
1142.6841460103353 876.2439541553058 682.3008160610627
849.8633884637399 217.98560531467248 1449.4164211243922
1190.0616472308527 1968.0658403767973 549.0078491429834
1634.1593913745362 969.9887786141444 482.9012678584282
593.8904231330009 1860.528152297367 1218.0363204960865
1216.0441340217646 767.3005898469376 442.58983132524185
1683.6759744558497 891.8590173244039 1415.40333051143
1587.636093800083 1319.338354382237 760.2262133409464
1067.798615131251 63.21388354872015 1213.1136254420792
740.3297402272875 468.01232722388295 358.52048367884544
1865.2713959897458 224.52579714263555 300.16844455330494
730.6698083483217 661.198659956608 1400.644515685238
984.4916511822078 412.46726513779475 41.84978182938315
1017.7163911080971 1263.5908634716807 815.0944921546649
550.3851078777465 710.7523791590269 196.7020253442608
192.9074878681363 1574.692770933137 207.57727346456772
1.7703718421233638 1578.481397366896 508.7925891296602
1716.648574189898 775.0582782603173 1134.360788908208
653.546222120146 999.7493978785621 958.9057236827614
1838.6807181045679 704.1797760245139 86.12801006120846
1414.6133467371387 561.1397389069892 483.7155422237435
1213.173656658421 298.8286008955769 1280.017496796586
729.409326343787 158.8782226062384 429.0479537573847
124.38182886325522 1567.3117397773792 1116.3005138415524
1681.6939495680733 109.14458920998493 1180.7265787924741
518.3063396406269 338.7449995379728 990.5899086228111
247.10041513774584 1160.04908600098 546.0837495276194
798.5598687467566 1698.7169926017596 1256.7189175574833
1593.8787088978 723.3738470649154 1010.48634620042
270.7462028096717 1177.839452162531 723.0447170925094
1215.7144131575499 836.3808526852337 732.4218675816471
1523.940537428456 363.0478306681522 102.5142726157498
671.982375765988 1928.7367896297953 146.7747623878029
991.8639266620728 895.9115014952288 660.6442240250715
1721.9353532528557 380.43324313528547 475.8608365576123
1347.937956296657 835.5340628758416 255.89836549620915
1441.3500753333667 278.47446204906424 180.18289229918298
97.17549966596684 808.3788251169251 365.6005706927529
873.8641127188841 87.92926721108518 1070.1998687441194
1659.1097958403284 952.4491642589741 1313.5645980811432
1181.2195047378405 1370.1019647651221 349.3369836637886
1248.1926083131711 1902.54592035239 6.995408922556345
502.61123520922933 76.42529748507965 755.6000399828561
385.6873471999676 1711.9250479574982 117.36530393640338
1760.174475143558 1830.43692721225 1010.4873923776295
1741.250034453569 1949.3662789761358 1486.1457677018975
1735.5885805644273 94.08345187372946 1401.100203283101
625.6365936553152 1534.036290348746 62.85160420495844
27.27253276965169 1313.5860912805356 1444.6864968073069
1209.594099644506 347.89315300923664 1274.227438396655
280.00925472624584 580.9394576714428 865.7590437300839
220.9011377382084 973.9935303588039 1472.2801652391904
1358.2211280483546 1858.8218292503586 1078.3370257000804
610.6652275423437 1788.0620223336307 602.9622345292306
1895.628057080476 720.0856327090181 379.7574485003162
1434.389143264103 400.0415498472871 1073.0230858117504
1149.0406445732756 1848.9295931346305 79.86198560279362
1826.2829001655334 882.3870708223043 453.8057928570995
817.703606305019 526.0951373033212 1409.138779749097
897.1433273553331 471.65328706557716 222.6738170732669
269.45462916164576 356.18132322847094 552.8792266197013
1770.9313873288504 48.64912632384555 986.5677451057459
1739.819750952492 1581.4629444392426 1110.3607556374157
245.24264449661536 1962.7182330212518 1168.12351549288
990.9948984919237 714.3534067842141 553.2449712211818
1349.3536948220121 909.3658825479167 1092.190283037145
351.58778706823114 699.7606778092722 535.7727293872423
1982.062545844652 818.3190305973395 1139.0529176145678
913.3878711090615 982.3554082746484 998.1413461038894
408.1785824733666 136.11982381643827 887.4108963625001
852.1729458513205 1255.9472325779388 107.65912788897481
1741.5177894613803 428.9034395004177 295.7660749504255
1988.0180951523637 169.04965164633512 612.7858569339764
1788.083158645392 1443.6372634956804 353.40655650647443
1869.2937130023117 699.6872467631661 1269.4778821757009
1770.6689093176212 1953.7125542993126 585.73964449484
715.7247169400391 530.6340273548553 834.7569154186156
181.44703880301694 809.9352613179915 1161.849343762933
671.6698793685619 412.75421952700174 115.46827069468412
888.6119341117483 1264.6655223446826 1174.1078951798718
1013.7823225489489 1109.4713781685998 977.3098390964632
1779.2831407785598 162.7856829211216 458.07208593280114
1232.8614579874516 1447.6514781940705 802.7148003684441
697.6366968272803 1388.5195664499547 443.82212608140446
294.9702508068075 894.7916203812241 1439.1917544501573
934.1275845963521 646.6002963632162 944.2857371772831
138.32942760328825 369.3441797078099 551.9864434020851
1885.0928380013886 603.8716320438349 377.74819954128924
642.9512568592845 1396.6857747270446 1036.2534002445755
1795.9213977909565 454.5603788946964 8.90753972043884
1884.454480341725 739.9224219035048 657.778730748286
399.7709789194166 863.7404638597244 11.30547470550286
680.449114384074 351.6629117620771 1266.231809267465
806.6157788826742 21.110327979134482 1259.550769305671
1672.5626848214822 1147.3158145973591 851.2856707875281
1141.5007655264922 708.3170606369545 80.02963966946581
1063.8698911360987 59.73919075267942 911.0689857740684
1451.0521748018293 1498.0853676960478 406.7336304539545
1849.4906459466624 630.7636211956304 214.2782919886797
574.3605812282435 1630.4053639352062 684.6742615924817
366.27603884089785 101.35617293640831 1465.1752932635359
256.8710557120848 1666.8903811589234 287.28304412459346
682.3374299598933 1444.1947496265645 1002.6872297432426
1704.4379472720552 1485.9783110393557 165.75471254719955
176.15585515950215 670.9022889745977 1355.6255014885908
1495.632067955884 1843.9229098038124 647.1685162016341
610.8878199524454 1773.9176010242484 1324.2482182635742
363.3834940933804 1827.9734332988503 1175.602573984134
853.3442532222606 650.6545050396779 268.3752055446396
1070.9629682892805 1869.9751779670198 913.4483707835839
330.3558814900076 1953.3814865080433 621.8997569520477
1386.5149393093725 1089.0625958786436 753.1655534025593
888.2274732812327 321.6219209268525 335.7397111995267
255.60142097608684 1319.5680711063821 542.0635101937495
55.90170847522779 1634.8288457606968 1388.3418850137696
816.3913774273412 1809.5700658947178 193.6206293878573
1690.6303439786038 445.21008722885426 109.69971416673202
1605.3662361462145 1508.5460270599822 928.0791308940793
215.42552638349588 386.5086979147536 969.9620357720734
641.714777385459 375.2352363703824 451.6354836504053
1688.4881628200676 1165.978103485973 900.2076743032674
1279.058100204732 739.9465573374974 373.0609521256716
1138.3173346613785 838.3880798066126 328.13042163096935
1572.0788713860165 328.1987183579702 246.71927687801664
871.6791693798631 1815.5959236504102 1260.5296372433634
807.1022739703677 1919.241780504727 909.7646003548007
1072.964056187298 1143.5994504485902 25.78457592920541
1089.7667502555626 1696.3432397580925 1111.3297263488114
967.7692666895961 136.25035430344968 443.3228718829665
796.4343048155202 1423.6056841568382 662.7376890722088
1433.049967202702 239.71299604115725 236.79322222734478
26.74729939060927 1394.254627190069 1373.024732360705
762.9923085676478 852.5754012519155 342.321035177635
1682.704214829468 1248.4860180974474 826.8096026206376
1428.1569973369255 1634.9173107043468 983.2336017227105
1670.0266807295934 754.5024363502972 780.7595630221696
916.3379477784252 1607.345958534515 356.2705087917486
1711.3265878739755 397.7081737022892 613.8810696041137
228.9896052612952 1558.8771068661908 141.4749843266841
1220.690321225113 363.6879058207552 317.50590295278573
1179.775652834364 473.38865901522473 133.80100778999804
892.0789457252149 46.9447684182116 1181.0346844991395
1685.410496511762 735.9749624541379 1099.4804472703263
1813.2888495275524 1322.5215486377522 837.2310243818732
608.2673273283539 1486.2943559144082 879.8106784228521
1623.6571524841202 13.9698051102779 962.3191260450832
1564.8732354083731 326.9365565699125 520.2913476980588
1538.4030416279352 467.02484860550686 99.38876770087107
1445.655691197089 646.2976659528865 387.29012325361725
1382.3052445879025 441.85183522614 498.172673232169
921.6785288888989 1328.5204329285366 949.4558028424996
551.3533798427388 1323.9061104663167 1438.452360112177
465.3919500298758 786.859786558229 1102.158580273837
1283.6212654063156 1445.2246187648586 57.40787635713418
73.24484377545804 481.78057776595205 310.6234653959068
58.289126203839636 418.22044015795166 629.9079821685567
219.01473305686326 1631.0679532621803 1367.9265719049488
939.1475487575096 697.8923715357938 1435.133656051506
1355.1964021524539 451.6712183529392 521.2612100821667
450.2718497395779 384.2612142395119 210.09014732440644
1879.6933186978445 1882.8675299627425 555.62229707211
908.5562618806462 704.7749392265507 444.7146075053285
1397.8168705135113 170.28722467427326 863.0806085357234
13.35686072218878 1079.2661180055434 334.49381219977727
1113.766769571414 160.59234253802978 1114.6099426515386
1520.139252147453 308.88098182485214 497.79165935285886
1654.9822904069615 1986.7814100751536 634.912853707575
1764.9250993967926 871.6478607291447 1270.7891968536537
429.50650228500973 773.6387572076717 1074.874594661957
467.4155297948366 162.9983477914112 624.3881278440041
98.81340912375424 1352.2567912507766 887.6634479255295
348.0482796802642 1132.401707115075 561.8946616886608
90.03355912806698 1306.291209911936 715.0425816338969
1171.135561430673 864.1258211133476 837.0611931147473
1263.9359233661824 687.239615600084 1167.8398331719454
1553.8093780545973 499.9832690221815 1104.1714971840086
1246.2727748855061 232.49232496116412 880.7487809249259
1359.9514731600434 341.69172215972975 1455.693686964763
271.7987157271695 1279.803631767323 1444.0719257256155
754.2391742183056 216.484386739195 1317.472496313024
23.182593571255072 1570.7829869006466 1457.1436914751564
1466.4855925260283 541.8666193112693 897.0024925495931
1926.4272719505047 941.90283181087 998.947993572667
1113.0641935622357 152.58715962622495 453.29146618894805
1690.8437037272993 439.4152945603176 1155.574685053751
716.1461174488024 517.1003578807607 962.4638354933002
1058.1453187664126 1904.3744645137401 646.7914487278099
1959.9798533466155 1373.9913959450919 236.8802630700793
1884.5924661747424 5.39888606135519 376.5344091559247
1185.117350455375 1744.6559015926089 567.4762238472999
1470.426333786105 370.4497804100435 180.15587560389724
702.2591662797853 240.19447328012043 1113.8262980924142
831.2457692265496 1123.6044646271207 1083.7074734406867
1825.559983168099 751.8140630489228 356.2026942023333
1114.5219914490417 689.6385920188111 1075.0107619602684
142.5471215763352 855.8985034074724 1128.3164257205447
1202.4410573218022 166.36127375277465 514.5680080219915
474.15720525385916 1914.5844284678367 63.88465530735326
1688.5028865173415 1740.0580394141032 1467.5400282264166
1846.3302676841213 225.337027239195 831.9094976848548
1272.035375088182 561.0886937800441 76.66260297589028
68.52343635354319 1561.8029062617936 13.40329838910087
1947.7242855832906 1616.2989239008768 847.6849472347881
1497.5884717008382 770.1763725381184 565.8625019370561
65.38762336970993 745.1718237066057 1333.7212742800932
