600
191.7607213121093 324.8242844089961 19.241091605671667
1928.51383777229 512.2287866096076 243.45497570836582
404.0529659253127 1208.7332302261952 549.8517596522785
826.0971988322885 1123.5457231946184 1373.1500499499068
426.0220861220787 157.58949921711496 819.2149555857494
62.24577917823826 1557.7037004330055 705.3875918430382
1753.740061129703 272.2132732916438 765.8602986433697
994.6820756540416 1100.9381439803992 5.740225679196964
1089.698947127341 919.9721370491867 164.922920591836
1698.1602602671023 384.22754324739407 341.9550258582216
1077.9780737069207 1742.206370921337 1253.3064200368826
1501.3858194835261 534.7343752689931 1259.0150435664036
1750.293380535283 431.3521863843504 1421.3162222872033
226.24646477580734 1311.9297004013274 745.3579436293635
201.92644772295898 1396.1823730771193 1157.725307366284
1560.9546192723021 1969.832848617463 815.2093617981898
797.5705006466811 1822.384197749521 1473.8046819098413
1979.7115479939894 561.5228543756492 1101.8508957813228
745.0773664689432 851.4267056859337 1492.5199800275725
1136.5681815732319 62.1684868504595 947.7832107745697
1403.875792531642 122.30054179732531 540.474044316339
527.4926368549768 1207.186678779546 410.28526298964823
1015.9533543665083 1540.1445170113332 871.4155747122815
1449.1303693005254 1215.9666698058977 977.1678445734753
322.2320599811326 34.68106076768951 1482.2486579033787
1225.8601549173156 840.6487262697422 1058.047217043538
1209.0739679387814 950.0683347903041 1280.1814574193588
1124.805064031376 1028.7912782882343 384.81547090755083
282.1582332148782 462.4071527631424 219.87255424709772
1645.0881402845607 1789.0452543477006 470.78020094439427
364.11923877634655 1582.078066345308 1405.6698297153741
997.0819317678199 1444.4055315166215 631.1287784755493
1031.462370444585 116.88551479138832 953.5826790284393
907.004585770981 1361.1056752828865 607.7697612760054
643.8896722887439 385.3052456868702 871.1707058259761
93.17975092660458 378.6011547985575 382.00083608848735
689.6252825794145 1618.1163966986624 1125.338272314142
1922.7094614424918 1394.1455083832116 400.9731800844161
1099.069918569792 1854.002248343431 489.0181046640346
1412.0739668424399 92.84824835140083 1443.4175501362163
1032.4470249040091 356.8135189377 178.24969574899814
1112.6168882342756 1384.3253431907901 341.99146284843727
1021.8212243159728 1762.5566823036816 374.3779312581962
565.7591753055386 330.924891317234 704.7562653353633
1715.242410593968 1459.1424850038982 904.1181090873407
1802.4559354354274 44.1963254111628 1379.8659872018884
1478.294499419631 970.5493136765344 1253.7254025768739
221.43843189574474 1002.1272290814685 288.92432347658604
497.0742114238049 1403.7804392140908 1035.649429542151
254.9578959796235 206.07839578926047 499.9451399398136
789.9519659496679 1590.3979847574346 1210.4913917964495
1128.093523216674 1582.3267978068814 676.9205865128333
353.90218975235797 1792.5106375646865 295.49676018280127
158.66642411349918 1175.2899665686616 974.8256981816434
1655.3382940883448 820.4779351129661 400.56582427743393
1322.4046996864388 865.3951611324758 170.34170515446095
1293.2524123107428 284.7838646461114 1264.768781500711
858.0171475441347 644.1110131028458 1077.937438514211
906.1880685068842 953.6011405681346 789.6697046952986
1534.34156667025 486.7731043305925 1288.7403558152434
281.2035839215545 178.49861557204983 70.55468584854974
1779.421501896645 1886.9616693818489 78.1024084256588
1433.6275605674953 1834.833772770881 608.4808696540177
748.195681328452 1418.232596225233 1116.4198876004582
712.8867732675347 969.4617372843752 316.67020164902436
670.2389161966576 1641.7596422158058 1225.2043919623654
902.7493344384147 1040.4152593423787 951.9193311903203
1685.260336174245 1918.3194881862667 567.1498908810473
1668.5782358553963 354.3400319885699 120.18528521322818
729.219950555924 1827.828201012897 1397.3540511097724
1993.5409787304477 1623.1793790261015 547.0504873602142
1850.7854010815172 1876.5606873801123 1396.9265592256338
420.4168313192553 217.75480826803118 545.9789928369712
882.1865859267741 1248.6282000575418 1476.3479636762695
1856.6231862494349 1292.515693834279 1003.2604624075251
1961.1522976947913 717.5542437347137 487.764679685619
1955.7567764312078 1344.0598116281108 520.9352886218809
767.916646507796 1390.5765172079398 978.2219843017364
1241.8452805460036 1691.772427555613 1483.9529358069037
666.0868343660993 568.688826368555 338.64284722231287
1349.9057970722422 1605.5970394045814 94.54922350649808
1292.7853703389824 1544.261051858117 143.58815002355257
1185.3137768428626 1485.462991962814 673.5891083246438
1829.7865115947793 698.5242675158319 269.5519338095
1093.3577992447283 1758.3017767391398 1256.1976156465792
1965.4352549376329 93.20232631959824 726.3876171356084
1579.6857100992902 1857.6188008737406 669.8407669792203
481.9926862398818 280.53643018597495 741.9443333702776
106.12689660626629 940.4961577028595 1486.8439695043476
400.6677547667523 1255.9221942909028 88.62688626304566
1595.6342334200144 1841.8862841840896 168.74691425087752
1882.7404637545267 327.1962556293393 699.6398526208046
1798.1151928918268 1231.544512730653 347.16172494405487
582.4038750425404 1088.6760471343061 222.95712847150966
852.2326129142883 577.1726594939702 505.3340218996465
210.65753214036542 1052.721583158495 29.783504549745654
1707.2871113502006 828.4827767108063 490.330510529521
103.21920576415877 92.39854954527549 1195.43123822236
1007.6133665595935 1656.9784136529718 144.29722407616663
811.2179754622189 560.1250315418209 707.8678526373959
1863.7909131996114 828.1862991680706 41.584664278441764
255.61591432606545 1244.7353483339284 175.14278553323638
1258.132476516842 297.54253563814694 821.567301067197
599.0091547770292 742.1229805311258 275.69857378127364
1362.9842248292039 1755.106138379704 1310.291240894611
1999.7374691388673 675.2707258188062 1155.0927525568513
1381.559434351009 281.8052710678642 419.39410013747727
878.6131136448254 1034.144208912544 873.2708673552481
292.14376095044713 1504.4421717100452 60.363517733736046
552.7080493271237 904.7525226540336 196.30938411796322
1811.4180174671724 1919.9668044838584 873.9171725615048
892.1338612075396 601.5169928117845 353.0732272368125
399.2716320256304 741.0860216996329 1000.897078183347
1521.6045586476198 423.0553062620597 327.615349199886
1474.835086370198 33.14315212789531 1294.8250310071323
439.6246776312898 1954.519297303899 718.9831106272162
1700.2198442412775 199.09947857579758 1277.2296472793425
496.8324961370456 73.16782156408385 848.2706897039075
837.4845102851143 1887.5682496613297 1412.3148825524274
454.3018226419839 1697.5129436129534 1007.0577520702392
1351.0642746604472 1492.85519764443 293.80040142922314
1048.1983324621358 374.04184519468055 88.69518434671691
1811.9954093528124 758.9989758883821 1255.9571705234646
669.5178295281994 1248.227282290928 86.58744322290218
929.3096215697727 1674.4434279599252 258.3125780423169
359.9977611962437 1039.764363130326 122.66328778889735
1619.3361459463142 1092.941367411644 875.1517590544836
285.69025022121576 424.10664097162123 406.2757532397839
263.22686684171146 66.9142654853625 189.81253438664703
1877.8317428610906 1987.39316947375 568.3932037714206
5.3571557440421635 1273.322081227213 654.2085898978955
200.87263982073546 1738.318002040519 244.66585730625945
339.2586714537167 985.3442001674711 326.2299166698118
865.7304717519843 131.27646765708744 636.0858892621849
656.001530615298 855.6349078119412 776.3655614986932
183.83391418724804 1475.069366513559 1135.300826771147
1528.8197821001809 477.8161692560372 89.1586304637122
1786.0540017464443 1786.109218892307 202.66334501315401
265.6157604496454 1667.2026691958642 1250.5216230244962
646.7021258757344 202.28696945476466 646.2945183307912
1742.572265629548 226.78202008843672 1395.9720918491869
73.82461259286943 1413.262472286321 1111.7941744344305
1938.6268145587649 368.6673327521439 640.3587021775714
493.716844056908 68.32098657251339 636.6705476509967
835.7230492103242 1470.2560767303528 96.89413518636142
1963.169627465777 1930.1293024242507 233.15494576043767
1626.3064079026342 863.6323825420542 690.6657969350251
1268.107607245277 212.20021620411634 487.19557503418685
1694.6933284819002 1490.7547746662653 774.0672779372616
696.7709712973078 538.6216992422037 417.99245497188366
1366.3723591913333 228.8146072050896 466.79014909312934
1935.5622840638796 914.2265036149295 200.1414129972734
1110.1476220058473 1690.2283923093228 36.58983442183922
1204.385779520134 1976.534698001242 1462.2264462515698
1953.6491550119558 253.28130166202544 48.88340805310454
1084.870347712722 1332.7623956879154 1018.6019775042902
780.368252703839 1415.073244092671 630.4825736895461
1993.1468517789383 189.33692777223655 625.2013133345548
438.4750591227091 1106.4893364276563 100.84503030205872
719.0775750696994 967.9391053546516 986.0479360911222
996.4139099871152 124.00931554365991 99.21202995520323
1263.397427637472 1659.0583636549109 491.4021174531062
1919.7713952525646 1147.8244727779465 383.496588217375
479.27391315738976 66.38964244684954 32.44465260017931
1255.6107418062418 522.129600350393 1052.6706938405569
972.9053501965592 819.9955526663132 1322.4987837616711
1148.4667762947115 842.1774386087419 387.9528415591466
971.5028308626954 624.7557786228108 889.4835644242834
692.0090299213344 502.0768192438434 1416.082161142305
1452.632082664557 135.10192963576185 1373.1000517672048
1987.5335686922072 493.9427882830545 467.36180865019014
1367.937107663531 1942.49289097055 1390.35375622461
1803.745384474235 381.16095206248036 1127.1514634666291
1071.448542068965 1997.5614624583993 1463.8409600028012
1991.8298441641748 229.04210342869712 988.8417186367903
1093.0306109917535 132.37037276216122 1339.7904128248222
1372.4130726207284 1491.269407258825 355.74428680210616
1224.0514517496556 209.610824893685 698.1326642447033
941.177266153834 1577.5011717352072 560.8805950233448
1401.3765924757754 1771.0413509394357 1448.4526880198339
598.3481552113473 1186.1363615639057 113.11140273469933
341.8359318200166 1087.063611530487 956.0087179010839
1936.5236469429883 1370.0871443548644 1030.3206127927922
1797.4927030426295 70.37716890420853 1306.6834159062173
876.5846098863608 406.7093470450129 153.5837165489387
873.9903070293094 1647.8594758654554 1393.3159422725616
130.7289564417129 1249.6535020819556 1339.4821250180928
1689.0077879675569 4.700669108655076 880.8471257153161
1989.8689592389903 1167.173992621623 1324.1944143036471
1458.9056890517636 1555.5163886810435 744.9202646208373
671.8095391573327 1196.6665783155142 1430.6924399373395
1632.873227999496 409.13934496846196 937.3584860074499
321.28276020580995 461.1932192186621 1194.6324953587368
1453.7897630525283 1417.6381045435885 762.9285005479346
36.88878033667464 796.4901913694426 903.3298293689254
332.74203982007333 943.5190618604456 1102.2233523870916
297.2446485029194 1678.5451490093774 348.457081786679
875.2175285875114 701.9197841124192 606.4358681872723
248.62819578641114 507.75609870054603 1409.5715602238895
1660.7817671998707 1905.202358461425 1204.8421130554132
620.0212031477495 1909.7718913564709 366.7323879115616
352.4092151067537 136.0458171715706 1150.6229255300946
664.4691958050439 1764.8596685852165 315.41017481592
1956.0647172374256 522.8464197543368 144.75755778318532
1505.8638855527097 1513.4828243237882 638.9991504886398
1673.242171778596 260.07581885313846 939.4616353202033
200.7816544467331 912.8927081136999 885.0016476834651
957.6035384576134 1511.5625513402783 1242.766783048786
586.9209911135067 32.6263063116492 861.133951531634
1557.9287642140282 11.883589530010674 208.99357842882782
373.27063395054137 1282.123950640418 679.433082540319
1112.550655770517 767.1223756157808 824.4775194713953
1638.552303980108 1213.5937151720825 45.96462523752448
324.23990261147617 151.6510143445411 906.7248779317612
738.5299272966954 1497.6778575317312 1406.975648656304
885.5110669018143 883.6363370813199 284.8876904619775
1499.8160920556513 663.4564306355029 713.8324872224995
555.646663948895 1909.999258464741 1066.14647929735
877.3270871292904 1124.4196212773024 10.460639968375872
146.83338770894582 1064.5638124408983 1010.7633159956857
796.6463912590256 1.6729620020685676 86.73273671305165
1471.7710006723655 1068.4998918046422 365.45770316262116
1120.9299773870798 686.1891234385785 826.3669175290601
1094.278894649706 777.7924655403059 118.84471806938967
633.7693154037848 429.0725851177593 724.9663126310602
603.7515655166392 419.1500689512435 1143.2219537697501
839.4587251943046 1342.4986715900193 249.6232383490885
1226.3451234109516 1581.2749624135583 179.4490305985348
349.24219722040584 1139.3429935330603 1252.1252893955132
1256.1522496607552 1564.461393014733 395.1102117942475
428.9100330355453 457.5529060418326 949.609973875508
1693.3072126540021 888.2301663450061 1152.5487885914567
1683.8159279273898 1149.2649881699906 1097.8115359069293
1617.3111729808268 1562.5654359767702 605.9657476249629
1976.512577741281 1033.2004429770116 944.4675242953015
625.7242477267113 809.2832860524788 205.38847814635736
407.1989822838755 1339.2870517325866 487.6155417772338
1069.0483490615723 1183.414718310459 1014.0842164652754
34.45084107077933 1810.6667455993324 748.5591296810123
272.9841863431377 197.35302127802746 1034.5674113813457
1919.8612715569861 428.52567291869525 723.3947821256768
409.6965518939495 535.4554972316204 1238.760600277921
1093.2765705819127 1345.164253963412 1210.3969293357004
757.8036231183452 759.1085167327632 423.1851451971712
1847.6244554250932 101.50284610859339 794.7942225008271
1010.6412893373067 1947.7861598756792 122.0687411608869
935.2630790035756 1534.808755814132 519.6028837869052
1924.6708683521338 358.3882634094706 355.66805269549496
935.4838394055882 1604.8391092548825 131.55560989699578
1824.4002095044973 688.9241485878943 639.8426592081178
198.4336684361625 1095.4464120924622 1484.9480222274578
809.0511609793527 1946.3444837454824 756.9803137726935
1533.6586445145022 564.0666350583847 1312.5301376366745
56.0473587544561 1153.2400938616247 1315.8066628601475
683.6810493108107 1919.9863432548066 1208.302943530238
796.4001638332121 1619.026528653647 226.87694312081175
256.11833029141565 1083.2303060208048 626.7316966466421
1829.5623834894043 1537.1350287966234 1391.0939562870153
66.38744929016505 27.61212507405597 1248.4732116494315
304.49496661089984 1655.4723238466386 1340.680241895341
1673.5114123826197 1560.1920771993596 1008.9537471307945
1006.1003930957302 111.99931258756091 842.5151387766889
1061.2090359137942 1608.6722174469296 1266.3650516582127
1607.3600974235653 1966.8352850276237 315.45937992167063
655.7911404857077 1106.7908855732328 1484.980504655342
1061.4059926507546 958.8971209976424 498.234121426576
1737.2642863845979 374.7128910412283 1336.8915791285046
902.6493307947287 1695.3088309115378 1476.170822507561
160.98605050601168 1285.0089856542832 227.46027373006277
1370.7679771009443 1151.880457327478 792.5353101671689
1599.4158606984481 760.866011495978 634.8299489576559
830.6068921335317 585.3112091862973 1181.213657844861
1000.1679472598754 992.5528728612214 272.2317612955884
962.4208983806315 164.63875661375903 716.4633208509497
1573.5656250431882 1239.7815270475685 1340.7853283174134
611.2924894422664 1106.204878923234 561.6906076364864
1310.8335108227714 426.0233218512248 24.225506087454608
161.71165057958947 177.81861969260527 96.34993835821138
1136.725617120896 299.3296745309482 129.70841243940112
1960.9535488440424 396.4428171876044 7.967207947162325
324.681799150357 327.31974181590283 796.6313160891355
1182.9941340173868 1482.34824994941 1422.848917371083
1565.1790109554454 1397.1043185016817 1416.931334904233
511.45760351620595 1798.6363643341654 928.3630463489047
356.68525317066633 365.4625781485683 1140.7861462837577
1973.7633923057595 1885.4368090410605 869.099911437657
361.54675489614306 1646.603667979652 800.572292173926
260.465351773896 139.62383136585333 647.1580734455661
1105.3722478084342 727.9054777835488 863.1062658751616
92.75941920014286 1075.1162771412867 770.2219366171777
366.6986300001447 1943.9247759937398 581.9084475129572
1376.7570081571155 279.35982701722884 676.9533175104283
1168.9014700573878 1775.556839291161 753.7563724742565
1000.5275315943916 1756.2628328491453 327.5015819009077
281.66229361416794 376.8663241268897 240.4357245433254
1515.0477093257675 1679.900161142597 765.3189019636919
379.98551518385136 552.0839369035855 419.79312259751254
581.6487069272227 1816.0376258569406 723.6097781443609
900.4890930057524 825.5950674959371 1458.4002876695793
580.4469789168443 691.872468077521 502.7847094488875
127.32825254300283 1889.6055456676502 912.0110169324365
1647.6484865100601 53.06274278841872 1170.047560530618
241.148276974952 1630.8770429102428 1072.4444861959407
1280.054647192528 989.6585882350528 391.2098755031456
1797.0975607297735 910.8868488950666 1127.2895794003568
1016.1731423830436 1756.3114310579983 663.6373854548374
565.9460330223134 259.6799213763992 82.38863137680674
1010.5023280018155 1241.7329520423461 729.8530057365207
1544.0091144591881 809.0078822821114 1422.685699610304
888.5428449349369 1213.6683371059178 1226.5228192643717
3.4088511931513743 1352.0230275578306 1244.313057584077
1111.7333168324935 124.05638709940092 1174.461311518911
313.04728728571484 1754.7699009437954 512.4835486214715
1774.13655047176 1265.0498206561767 1184.5149863398624
45.794630828512204 1429.4758198980267 1104.8989099284508
676.4044638697311 1468.1812787709523 745.3145313496523
1201.4372448300958 868.8817062957388 4.7866677084623666
811.0795807342332 1585.1737678698703 603.4791438420389
862.2703763794273 1957.6590583763527 1144.1944051404978
1394.018560132058 1379.869296102545 946.0350739133512
599.395575078389 872.3163961859077 1223.1000068579215
897.1119137966555 670.310879984951 1120.399890858384
714.8811261797592 1470.118155023124 1186.3056013246396
865.6238363570914 1111.5817094624472 769.4807451228413
131.58204006616202 1019.0869779616958 419.7578667940529
1263.615912027832 1592.3828934450462 1008.3678023455241
1572.462427418154 305.1324975535348 700.0019404844035
1859.6885154577283 1471.425055161818 925.8042768398037
1720.8328562268223 1773.2338351265666 243.7838370094475
1604.2917769981025 932.5052225257775 555.4858915229653
873.3005703344656 317.15769175160034 656.7031956171024
1673.137958885459 999.1600004305383 814.7434775352115
1623.476109877492 1685.4802684746303 159.37381613146974
1709.9043195285956 30.88956333904047 1192.3567538223572
607.0681468682861 897.0332635338057 1000.9691113381238
1906.9685048871604 1039.5396545475435 732.8209147462655
1011.511152237039 687.6516356566283 522.5344230597877
861.7284991276923 432.860837001072 1180.2540963461067
131.073794328469 842.7444346963396 1309.459259434379
1281.8542526979502 949.8322057755535 986.4381911128635
1278.3423970177566 1735.298414033303 1141.210003485457
757.9507770661585 78.25180595571912 655.3056094523596
931.1919651292901 1646.7383515393421 396.41712932365147
1576.2098431209986 1465.9392809713495 167.89387239562592
844.4394914662954 1782.1688346455003 419.5270450498576
1323.9674713314298 986.3454903213143 284.90537658061834
790.5113213335751 522.5576665511313 174.83904382473438
515.4953412944063 1492.408969293237 1111.539699932777
305.26506060099746 1192.8622088030604 498.3809257183899
1850.5323201358099 219.5443450590213 1164.566924429798
1567.3969255031218 260.11663167012443 274.9968528647278
1868.763544762159 347.8397152655965 815.9429747878412
1318.8356393420727 1056.795635670209 85.60670155092659
186.41041514000324 1093.4623060804086 208.1451406623428
522.6935493920073 416.7301743233025 700.4740572309966
1561.2584243033184 605.938178853945 1050.9091482749716
381.8534532438915 1306.2882730167717 598.4085995504317
426.90403991983186 658.9839465109364 1168.0707614099856
269.1049685202791 1703.542318403391 387.0287940049051
926.0025986443939 1547.7078176427606 370.7387416182288
946.5471917709996 433.13374019501816 1236.140162933071
1680.10545315584 1926.2365550931986 885.0540567184031
1001.6960927288454 686.3363430317124 853.1351417467378
1961.4621749059554 365.4485833436163 665.7408762530476
433.87905629782455 1892.1395284410637 820.3627474864925
701.7985702939465 1978.2585456858476 1354.5732267411495
1385.91915407339 1223.6000047481853 1099.6851343166934
1585.087059184199 1709.3498572223314 401.4573494967308
578.6203851593457 1417.2050777354443 891.1979769187857
133.02665401853585 1276.4441080862407 704.6421452510584
434.34943488189435 1001.5862072325921 1182.1661562423978
1898.7420304721088 811.0756655421405 1280.3251377157446
1400.4993964393136 20.35363723564254 1205.0287431267593
1433.359435634564 1597.8594114631667 640.0191058369707
807.0757894046783 223.7369711295867 97.50625786841788
1143.1151670204363 235.2640038978746 560.8379414094719
1137.454825259659 841.6301213243056 533.2186478774066
1782.515380706992 341.6193810149373 1384.5638991240846
830.3697294730134 1881.1211564483658 973.0198594056698
1119.999363166424 1470.0113460525884 241.23950965403236
1574.0174720701389 595.2773102973692 524.5976322048572
1360.3522690637308 844.9585919606384 700.9033134765076
1531.2136430482435 65.12525272949121 1081.27571067088
1755.180037539112 235.0873514107621 879.4697008014219
1047.5870831220354 1657.882684978634 377.0114246203249
869.1404283117395 469.31519435402527 1094.5200985175074
293.6114468869591 1478.5247462996297 1432.0746896476862
1872.755079548773 1080.5383872083264 505.6865886038065
1618.3655706289594 786.868885042953 753.0491712951327
594.2576984100023 1673.2132281988913 4.670587323958586
925.8472053085891 730.5973017836751 1068.2205430092522
1271.0201760447424 1608.8902048229313 342.58228436561444
1687.9422109714997 964.8479067518551 998.80908427379
291.81221076728247 1126.0518565011596 1405.3889832224431
1042.98801179375 91.96000145686423 337.3504745353327
1271.3251332671673 1692.8270562606335 839.6427885543482
1100.7634665654673 1295.0946357463072 30.116088928755115
1082.6060835490389 692.7079486446199 786.3958287801595
894.3168277655982 933.4222696955865 593.8715518929065
1639.843958866155 53.3443316309079 410.2791455116249
860.9501529996617 1990.1045061171826 869.4653815225158
1225.0642533748435 462.562962269242 205.64771223497792
1177.3274632390755 1315.4589148731902 889.4242249994024
1196.3178570613375 623.7116912424103 782.3591264763091
914.7299892940061 1963.1009011631702 23.266465045207518
430.3018038662647 785.3053635585037 292.6957211489155
1667.4416098970494 841.3927324119687 1396.6634747670666
949.7181117272117 1332.2344853969769 692.6891108128987
1076.669969930305 1363.2927591739665 385.9000329551186
83.43670719635377 300.23870225523353 1006.3261226735955
999.6433288511278 266.5387376888746 309.87565026841844
1671.975762132126 1236.1367405651217 502.8156668846525
612.7200116215386 1240.8988154872557 1340.962694344929
1353.6253390702798 1643.987239794333 75.16029400245633
810.3463167865228 1757.2675809474574 1138.5425122360432
1621.791151307658 1533.6206313105329 527.0816957290205
458.7781652490741 1215.4561281050405 141.19949323237407
175.39608231631166 693.7551629600123 450.10300534254856
1066.8607623454416 1779.974972577943 1407.633890583576
1967.3960843338934 1788.9392430993803 170.32921797392353
775.3066047772151 810.3480171456978 481.80969314927677
600.0826991204544 1393.2365718179142 750.9750578520792
1931.6155989590638 924.6129524445192 417.48302623012836
776.6041602347804 1504.3974626331913 1219.6576613877273
446.51894979553595 1640.4661747600774 791.0724189359091
1247.1092873751388 949.6757523159109 620.3280183203204
1767.642794420633 1683.363538301887 1347.7477431076154
1213.190615656644 591.6167312890568 872.4229444325917
1845.4810144535206 1728.096136844841 1053.5087660330446
355.0355156199201 1088.295939589244 1479.4835226319515
4.81279996011752 350.1685803993595 1090.6400618216246
54.16290465190299 65.55368485650415 951.7705287821933
951.6669949028767 1588.215058556286 575.3112161382938
167.02752524547537 429.22642547753287 1283.5732057784955
1728.319946329858 295.55726348171385 976.3497361867835
1391.2814948893297 1291.7977361514502 171.7937590513087
1533.1721877422972 963.3462575022054 30.61073125827063
1773.5974071879855 1248.0294424767303 207.56261702333174
514.8096372178188 165.27275661209373 534.6056033469869
767.7960616832136 877.5891244310282 1387.0124467964008
1681.3870278152483 292.06259876111784 919.1868338493111
20.894302070871838 1874.090237575492 82.96308562548138
984.3429243018255 1126.9830056916755 394.7731525392409
943.1738827276681 513.4670885504322 921.5650944872693
375.5328480918725 1252.250772885085 219.89573470469648
1611.863463841035 471.30797071789374 433.10613208438
1836.810287837671 857.2494999078104 1103.1468668537595
1344.2093399991143 1808.9587283308085 1030.713525419271
1262.134953546629 550.9891495695116 676.0437664854715
345.89352368284267 169.13199695643533 750.8006810511506
1007.9533399725804 315.23499353943964 388.43642042741095
755.7736089301256 1932.8464239795333 495.44016784565554
1783.3859396967944 206.25889627109893 223.6858602374142
571.5092423935193 1215.1575416433573 516.0130121891823
213.66919053801547 602.3545978695038 343.8308118398718
1991.0807004687417 1190.2861224185485 381.5452647438749
550.9203924307562 598.0191545238705 853.6315464412161
441.78544034169033 844.2671330802775 296.337332612993
1453.8900494707202 1966.434559433212 279.1381234587789
482.76498310933147 1079.2154261092423 475.061772673125
196.32332384551842 1098.3668831988793 674.0570185032758
350.5271023637564 1638.018700590657 487.7514036079543
459.6309995836394 1374.724396297951 1065.4713338484562
342.18514429263337 1321.3936928093533 948.0179793035907
1791.6387675220174 27.911858840173664 960.1839590690928
1591.6442680421303 537.9470278550223 1125.0586832062645
759.5770673871775 1249.885437767252 870.4528953729831
20.83734612951482 444.71455074091915 613.2357117574192
1052.4696613421625 134.54117482826234 313.41212980078643
1579.6443337772325 1825.0857471586203 1148.7086329111423
1175.6974881864849 1453.8636012531438 929.7229819254645
1074.7236340190118 1315.9236118313843 1239.732499994902
638.7262242145555 1584.0918539952431 1313.3488855415487
1231.4379527330402 1559.2870564483196 132.4393599639187
186.6614082970912 604.2118718640896 374.4564975012344
1623.1957440645567 1107.516429624026 25.796532516607908
739.7234022546793 1114.6969285037803 281.0097050140421
1582.6211005862515 1774.2081387392216 1303.1620269352873
886.0860823528589 1533.9772882622724 394.38287879427736
852.1759946990275 1164.3681373547183 799.1246593216256
1485.0270992954204 969.6016976618466 67.36121402756945
1485.8769940510456 1647.868980232791 443.54865163735707
1354.1179116955816 1598.8348493483757 273.7645070778943
705.5283822785545 1691.8673843621732 221.84807864207778
1095.6352589243986 176.5556930653156 1336.6479274686556
953.9037865725484 434.93181716590243 1067.3766736653708
1927.9034388423875 851.2185896858662 223.32663779047445
570.7090353948219 475.9240121764243 660.1378399630763
849.8617530795505 48.81782851625815 1105.5854528806358
1164.6890019817617 1703.2283605269215 552.3040245330888
515.308041673979 719.1681935993602 560.9818493022477
302.4434157118332 1622.0327597574371 1444.1061924203807
160.65878876125274 1647.6910644690488 1296.2456158739503
1536.2315046591777 209.84372345665147 73.74809876169842
953.6107970665684 885.3581421643422 90.36143246406331
1559.4160200495899 398.34266759985 256.555388154026
275.24473452143684 222.89906901006495 1077.8690120384447
1108.416704857472 1261.8083183558983 1324.4844618829459
1088.523516520605 1562.9753844179443 847.3451944518185
277.5927541314902 72.53942624006183 1247.0700876438389
1405.4428620238746 1403.6627621395335 505.1416436180241
733.0761831743671 705.2223178413878 1170.3569711050327
7.119272323130144 26.89266575661953 546.6358019925456
662.189853712811 1209.6449161494113 1172.7215355131366
936.0144585114887 1307.0707459493726 83.4634315596891
316.40185433767385 1871.4728703783076 1275.742316679553
1891.242666472578 1344.6588155330164 1373.9577419316197
1025.265323466774 1104.2890750251322 1460.353570157392
1774.5083437484484 119.8169186699951 400.806013184073
1417.7895041056997 1498.8978330597167 1362.0184508482214
278.0368556697297 610.5224769760251 1065.0993144577424
580.8283849757676 729.3866132711341 1206.8340891833898
24.623541879170485 1592.0436393599498 14.194248798602816
374.1343070804981 1415.688851534018 389.840208586137
914.0063667467302 1505.3518937894662 305.77337960463007
28.00859197938621 2.8759369523627676 1450.5717265699282
227.63461973872688 123.0547904104098 722.2213752471673
1076.605089968778 1973.888466330059 410.22191257881576
1036.1173380833416 237.70978099883934 1112.3613642828204
1801.5946291357604 494.3348556865663 1318.6658043659002
1220.8365508953882 270.53351956463547 1364.832298485769
194.40009797710522 1609.8426021812097 594.8873240577688
1062.2164025573354 1362.2685244701643 1437.5160036359887
649.9271633601147 398.5289372944434 625.8987853938049
398.1914370067041 1140.0725372089314 591.8191116750621
924.2763518150963 1521.1390929868687 1079.8463653917822
728.6055590781435 1241.0829536412843 172.61500844389866
118.55318969113226 816.4726673229428 53.38076343959586
391.6681597571854 3.3689762386397426 1386.4727493992204
1721.0616756954305 1490.6719743669614 1428.2454787553463
584.413925512339 349.6532567759998 755.5519831696141
1258.096184208206 527.1899975813191 1071.1396275914904
1490.3046704022681 297.0474671182568 96.28371504057593
92.41915316154747 296.9180838590506 637.6523870843296
320.6297387856385 759.0359853976764 521.9463331728518
1858.3552361465377 1326.6520311071254 237.61615119331591
207.49458428296296 1665.989348927833 1362.7043514527347
846.8676072009729 1951.3818518840044 911.4446211411005
1510.3543317347426 1320.1830675935166 710.5963940255941
113.79598341003216 1188.1460019074505 946.2486690116901
1051.6606148654544 602.7809672542794 374.909090583065
595.8920981357201 1155.6454524922165 919.9483803077188
746.3143248541278 120.4396061705757 482.3143520255728
1859.762658267666 1117.073924664144 383.42830194460964
1149.312000739094 286.064381557543 826.440935793912
801.4671858713596 1398.6299601474143 955.0106908649101
755.586298760067 1477.6676061086698 121.44692426910298
707.0550472145292 597.3157487854351 1341.4839629129667
16.309872988910623 729.2672704065917 700.6032493860974
1407.103722487467 1880.0766880999556 1194.0229521054393
1003.226447953534 1841.9044584116152 1157.7216392249347
926.7985878878707 140.77276398984662 781.585802457756
299.2572409153056 554.7584011493632 403.3242646431023
1513.6997347052275 1810.5976982579964 379.97976353822514
912.0784763061545 1771.5565954351252 109.89068585604994
1013.4977103151044 1290.289025467563 440.4615810293678
1080.7542908892924 1704.7425059683396 500.0611731654912
99.15914371511914 1699.9937121633457 874.5387975681531
441.3711078496667 1180.4654893572583 167.4815136789584
1556.7857325730567 1038.8674124454847 1469.5406978772053
194.56864507252524 1787.7434031509558 1498.9353002868543
1992.1832381155243 611.4622176873395 326.20477882986785
1743.1887411159923 1087.4534159723275 885.3674467040432
923.4426924351255 1571.763615144523 557.152828685511
1116.9761940174321 256.1748290628103 697.451006397224
13.555268074598503 892.5243233533683 842.7592151670613
1243.305372616641 882.0974444803069 716.782549391566
796.0865867445159 385.87782554993487 371.2575469892045
434.3881120131772 1896.8853268785276 1082.3312591004283
1622.4643573655146 1514.9926180116624 282.64159019442525
1013.2659471262804 1077.2429503119026 735.9189026525235
385.02971158270014 1934.8989311771218 861.4851215883187
1071.9109744307411 1536.68422819311 937.9505483614425
1151.0398782992058 67.67820740079111 1363.874260121019
662.0136257203148 848.5504108834327 43.23940825336664
1952.5570248187248 365.2910664742883 1073.8340456384594
1609.4296173916368 1491.251098859999 226.4721562697829
1175.174810164577 1975.194635441788 728.1691494528754
1620.51203195206 1086.9342090292691 763.7996698103991
278.23788655438085 56.63398309176304 441.07636570097185
1504.2923300878379 1434.6778226126912 1173.652737160601
1601.8449117955324 391.45161328482004 368.9599082027859
1600.3898950379985 1591.7639887829343 928.2899811360426
178.73037402309234 12.891119832161069 1455.6889494635282
874.4673777960679 823.7705727020808 291.11066914413175
1462.1567591456305 1330.3635896039434 823.2016791380215
694.0225802887496 1548.7296217349833 1111.6595815604526
80.42923557151727 821.3195084496255 142.50193091278862
627.70790212031 1841.7222627317242 942.942685692972
128.18427085213636 1432.4251521382607 860.2687972209288
1575.020586286626 1465.2149559056945 1191.5590808085306
1540.8584184392519 768.2938619026625 1009.3007321747131
118.63037302948709 748.4347045014543 734.3434459944241
1715.3862017483088 980.5551507287311 3.846753448429663
1040.3253861194498 312.2296216153968 1173.132577316646
1368.3511842935532 1234.2396910181883 766.0718440258777
665.6964536776544 1199.666906429107 911.9649344559704
1881.4746748313744 997.0577961758902 353.6684563689733
1941.9801582081363 1010.2248306680626 872.497785244067
38.22091196499278 1124.1729556159185 356.818868064913
