600
1512.6516815161933 969.1051442694094 851.524029778077
472.3859825547603 846.2317256157519 602.13193980464
1014.5804707619965 1029.7546635278275 1259.3938039745833
124.41958623409444 1241.7833559823175 472.85973750733734
1830.7653875800966 1588.3445376176762 830.2539194209852
1805.700716743402 756.5609402544318 664.6179562675879
1726.2680658917973 1140.4662549640368 1120.572097488232
715.5330136373776 1082.9871517432116 539.6041776772506
248.74814215166307 785.334884101765 116.75825540401152
1870.4480422577076 647.5602904231952 498.18523397929744
673.9479673907584 1582.297623995863 536.345504011905
1928.5964120826898 1634.8773801667594 133.43604892442684
1339.4153983550273 1694.9179700705993 419.8180815657131
1835.709367329855 1886.712185775543 49.83126789301512
625.026332019522 698.2145505727722 747.6755233611472
1364.4738199551052 1525.6693643584413 1216.6779682344395
1991.2844863842456 1528.2716352575076 1200.936426212995
1108.5688865512743 1223.4982888555483 1189.2269828790209
698.6073013654868 1145.9520542891908 522.3792029179169
813.9039942856119 709.3611574955756 595.4337256736608
496.62279801681655 796.0194679160024 192.2240913340983
776.6132950663334 35.308953070789514 712.6227494627949
1335.3349807914158 1516.8265818538905 920.8208412711372
819.6442574463069 1007.4775329091464 796.3096396854469
1137.267841669662 1845.1528369762193 287.56496546494407
40.817987893251086 952.9637828370876 721.988880000773
568.5059318770107 387.9096825821946 161.69214640451224
284.5996441467988 575.861970311458 307.06961296273073
775.7807093912193 253.79068500849633 659.4036951580704
1164.9059333200855 921.0328196279305 451.8031044921271
1297.977870563315 1359.4699308386378 434.0448321093209
1185.143776631619 181.47691853187186 1120.6108857939048
1181.6129069101708 1825.0740604967436 979.610437270525
352.6406196566114 1224.9545362929218 505.41213770398616
147.47371296599022 1012.7437068960377 854.6342229119695
509.50080734208456 992.6779830306582 1137.624252954212
929.1093316456298 1639.6740799454626 1413.2554604522315
1234.2835706835274 415.0314564403799 194.49600318125377
843.5223828177678 1190.0416682900027 494.03920634914243
789.4267690582317 1036.9576699606544 59.22290336192765
903.1859418678836 1195.6174918958784 599.0286977970507
1902.9441001866348 634.3607633778239 159.89618434359105
110.41979383626388 1162.859954258525 1262.1272245684816
100.57788756684727 1232.9637078042674 1443.5165748230909
415.0332040954978 935.2115625708198 889.213733721553
256.28002999485045 1996.983415726998 55.86863044873475
1758.6816986825957 543.66490829481 799.2300580170528
1778.8655703902623 1630.7507627120538 680.097210845637
560.1209178910938 1784.2319289897202 408.03687239663066
1966.4539991398349 1686.3491491959333 934.2195041389994
1680.0970102769209 280.64685213860605 522.3747305456301
1186.2902284958902 254.2051192429131 513.4576820481225
624.0795297319315 513.7200454874744 1175.4408227286472
344.6563840703236 478.82419901216576 1205.595421515045
493.415003514609 521.8726948101544 1033.0063535355291
446.31828118018956 587.3643440705973 213.2353903176393
285.248494650725 1283.607503594222 467.23598907759356
1423.5878458418638 1841.2507307038877 480.7308187897247
1462.8011170778793 657.019099633251 513.6890111821607
1745.1399121971456 1387.782165160218 1491.5504623194788
231.89925690566972 1074.6887983126792 749.9885921528729
1205.4283966726503 71.22815325970677 1377.9405752922005
1824.3917358455833 704.7673405070926 334.09280742175304
833.9718371944438 833.9402882298168 37.680333481360904
1526.6852779055205 376.63032258285267 858.3514177954278
1732.4762187291542 1223.1714886439033 351.3737055381021
1083.6449149465477 213.7207087293591 271.85287037784394
1089.111171017725 1480.2821547971762 426.0845552651545
724.7460746219263 695.1074633624794 1277.1279898095447
1585.4270187132267 1082.4270491247046 1071.3462949706375
1337.7000216463844 986.1549573819464 1102.379080201657
1501.5970144548846 343.41610719346914 1384.057798917209
609.4516770805117 1122.2021134521854 1423.5893257005064
1812.1657878850438 1903.6370861403502 1442.7358426853325
1221.606729844198 606.3958217510292 1015.4869430795609
1585.462411027575 1610.4184884011117 971.8349558417782
1254.9044609691057 210.9966700799424 768.8433332646255
1165.6697056910036 1765.9307027402263 663.7342862818442
1324.4822259279842 25.076486197215033 1475.4055299976926
1748.8878629157325 551.6205131579069 1390.4252169630317
1912.86699814043 119.88933251471923 775.8496501500633
755.6705725869506 1275.182696226843 1271.968347817921
314.80211007240524 977.616230417164 384.8809811060638
129.65706578776803 909.6200162691385 308.51661915242425
1462.5204951272099 646.5615261242979 205.60523097752449
718.6544685400522 668.7970875173323 520.1999499124396
1884.0732262463157 1541.2513265428995 398.234692947994
204.59441178900528 1901.2834900845453 390.62922534515855
1912.284534143001 1858.7706376104084 518.3791539007133
1738.4828487592868 1536.9459287291631 851.0485494644565
1469.4544620688457 562.7245880476561 910.1902554390856
315.47292701157994 1396.1176211231082 1093.2428843986625
679.3422084263923 726.5273725061261 624.9626794109661
1376.5222142380755 1362.1837097066684 1060.813464007872
389.4032121147053 1823.801145099151 1405.082429316729
1663.532902796603 1868.525395973668 272.249258028875
219.76961332871124 1121.3724024468595 444.43344541477137
693.2018917103793 752.2903335464902 657.1471493184567
837.1549181077149 1457.9766276975233 272.41672543709745
1708.8263321458621 1784.9823769005243 133.89515080724658
1378.4030676988166 1630.970747477827 277.33776508231097
1609.7546121170938 1083.6601771346193 643.1231862967053
935.7364966881032 1899.8634167769837 329.9807965550579
1414.189531628869 404.91978087712454 792.061237723638
1268.1706337114274 894.7021350000115 1476.1145958885998
1072.1627449115415 1717.2574487426048 1437.6264797968124
1204.0169889612403 1234.9111237009058 298.414471170103
44.92549268357582 640.9621579841795 1068.6828369954094
1954.3249683132894 1496.6215332731438 587.02816014257
911.3579684188118 1463.1880042574244 439.11364911009645
834.0564326583349 1910.9451688883182 1240.3436608613738
732.157713396417 1051.8883260331856 451.1191940422267
689.7084040179293 939.8295284747882 1225.7815718836437
1086.9582463895144 679.8460471572456 418.6832983143154
1893.2169004398286 1875.7288308375096 1236.7182873313272
658.264286774429 598.4495301710743 1120.425481864493
1217.988599403486 525.0493412364463 1449.1553064895998
340.2342627049442 512.3216478010542 480.9115892387428
892.0125403646892 1232.1682983177923 78.95128654833417
1477.9104000703428 1783.0265982218355 1367.9778671848203
1854.4950130142765 930.1365646713163 1269.0529648913437
63.862850941114324 468.85524766533314 635.9286313457868
1189.3808108388696 858.1930407878311 322.1225865390286
1347.4473652709462 943.3292977859076 903.0118879454825
366.56413553563397 1796.7409547884195 317.9453664981096
563.4127589711018 264.01047028222456 1346.810588183944
474.7958973746884 649.3096240202117 1198.6483349946047
1341.8644981330035 1645.9056259829874 670.9483900068166
1158.1757111017587 851.2881600662682 507.5215322609478
1398.42455573995 339.93435568352635 404.7753212857424
1040.5847656073236 620.021114102857 1202.8143297223603
1339.4560977862757 413.3461797451412 413.55315223690206
312.40035153663246 1314.6261956707483 922.9915440609554
1015.7749000957222 1845.1027704482904 999.9608923567874
589.7333858245241 520.1798993132343 53.020919975624636
1853.271524536644 1060.6816919936866 1333.1833381361666
1406.7979147614944 350.9563809866907 1462.4656890835104
789.1881625426158 1600.2716546865602 1018.3143429408819
48.54624484731352 49.86039471723514 389.3582772355086
1889.0016229156977 1142.234216003073 1375.1871857022263
666.2669518521882 1791.4484726902617 1012.8298383567801
839.0560832314926 1211.5938184864253 1391.2745728492591
124.94609232689591 592.776948297458 656.2411822005776
33.72490918984394 1371.2284882534336 608.1491034518642
124.55568791248695 1492.4086589804451 1346.7222276491198
1706.9095820070015 174.99142525581624 1320.208705709103
402.3963953569956 792.1952737059137 747.8472672800918
1395.662493453822 720.1832958432932 1200.6361243475947
1154.317247256273 593.4067445292472 32.741936655772406
1620.0936527800436 1749.9811970363278 920.4123744158619
633.7613552623642 1439.3449531067977 379.3338242045739
1582.936710934982 581.6935796315379 301.7240284460068
313.1328865137459 1895.5987935243534 1211.0154045364138
1905.331955531696 956.7421776750596 391.45324599464124
234.74006143710534 1299.3391859922892 791.5596117252524
1823.3320322868567 29.928308549122207 1043.9871259888246
1469.6258292202247 816.1429475640008 1443.4848746344446
1547.8665074289756 205.26831956205038 924.7058339606009
1425.0142173653514 504.9140884687642 1078.7994149842816
947.8911579825661 779.6957756151686 309.8643916428883
1100.2108802007797 662.090539707931 103.25776533192193
467.32547946978167 664.718455019738 330.83645091273354
1686.8948689569088 770.409352404837 477.3198967741415
363.59181670143516 962.3909700277868 1107.0324579377825
1939.5948362538431 1749.4445541605878 782.4812157769999
1252.4199148136354 784.2037948225038 1244.170530416147
1016.3115202923918 1240.3782095831505 960.8260620989766
587.8058701560509 1633.4828792041703 1046.2760780996673
1908.2509619252933 715.0853562634334 763.2715545270621
1150.6969377437013 1547.6364241313845 688.4129904777179
126.74465783229682 67.87523149906937 1028.9016864894318
423.1172121508797 179.4683331573803 1291.5830126585531
633.7972072199447 1205.4124126104457 1483.832223151732
1166.1923001554267 675.6604100211658 361.27187607541464
1942.1142802071333 746.9074586804312 747.8381139798463
1509.8244240696797 1607.3784662459527 1311.7485897846673
1595.7001421874813 1698.7562452711488 48.47395594851156
1959.5002599392485 380.3029663015074 665.2244913995249
697.0090593807586 1570.1648818481478 948.5062263598127
458.0059817321209 1931.2488393412932 840.8330159270821
376.01729566763885 1219.5348561418361 369.163797074901
1649.077053397546 340.42908875627 266.72405753348227
156.6965922388952 311.2573577336326 1256.1525187618493
1311.8778687888778 775.1937846854026 1026.180309936515
1258.9860951498997 1161.4086730888512 1198.1419492292043
1153.5977361768273 1287.8860763963385 1450.607016451854
1601.4100307264762 612.444173109108 1046.148006282491
1777.2034670869075 1300.8579991698903 1071.9982767598713
543.0651311768357 1922.0333135839846 1403.8870262162638
264.7873884600429 1415.6803797422847 926.2495546880194
1551.449232366903 520.1378109518222 1354.630030517321
1176.744374187906 335.33333791770036 1208.3371282858432
924.2068429673814 303.2655339354657 1325.2683553568681
1577.035305689742 1485.6800139325069 40.10582633968396
1948.6205374466165 1095.1107158375473 1428.3184580307038
62.85156174629658 1640.716188407496 488.2906173635697
625.5232116892311 1490.227122074306 575.2381750135386
42.0982947587416 884.8850309115819 921.2623224087633
1050.8990027004254 875.3228116020766 1281.295340027646
1358.0174350957566 62.98087438893663 1329.039120969656
346.3540401611007 387.92954007681567 1347.3880117147814
160.2352850308837 1923.1022856924114 1330.7224058946779
1499.815433444678 1489.007635440623 1012.2296765115387
1020.7892333776032 1078.2382358931131 1126.7372989770952
378.38225340906774 1085.32212195498 1024.1203866703927
1346.9706191807413 1960.1413643821709 1299.333262330785
844.0407278292502 324.886402319545 1238.5715601194706
1083.7973528449722 218.39865416874704 856.7088653413863
561.0322686525924 1177.639521455975 28.417584269435746
1070.900090825058 1742.762245456479 600.6953196100953
351.8758785526104 274.24288445167247 59.821068443480065
1363.2308527482164 1471.6522030458436 506.9145117156371
819.42812780635 1874.9863091152763 1225.0824514690044
1119.5021875988396 816.101892736244 757.9411619647335
821.9882601358516 1909.6480429957578 247.54353905607718
692.6042887879784 678.0476564244013 1422.6492648686665
76.18711470641814 1169.0807207981934 536.0942600834177
1870.0581985023343 1388.6791342215192 1416.7082048824302
1730.7390974062528 1404.3486046185044 1403.1688913854807
1154.8235549483966 1264.1511994026935 1095.1466837567261
147.96540031085325 210.00191225577836 1086.2440467456502
517.5699919503149 1023.3418286686011 1280.8388370738983
976.4853354682758 1256.8763452051992 63.18060938756515
151.1601744783355 1454.5520702526312 162.13591683365337
733.2849556530683 2.456252942371284 798.8611662746439
1397.6236642134838 918.979536780041 426.46759951811487
1479.4803117965184 903.2540879844646 261.0580756298209
1031.472977109146 353.41325964535764 67.42206391833511
1778.8473224759243 999.6564429903683 85.13380524335173
1599.2017303270848 596.9761180329996 1160.9364186807722
52.256232969623895 62.239005475583696 1245.3383577172883
303.32641791255435 1034.6648795731328 555.5589750552241
91.20706325929429 1593.533762676416 344.9690207183518
1428.921074043197 1044.7409017006398 714.1059036956788
771.2812628454337 965.5558885164852 1242.614404309069
1400.4771340174611 1109.6202305913348 1474.435566242531
1007.2344797062902 279.581397982325 1363.7014955090153
1865.9213039775777 67.90470852968488 1313.746044077672
376.00001661153647 1151.9127706683714 1486.100686344005
1560.3001104381392 1362.980836177786 1171.9303308775993
1210.7326072591088 623.1273437825874 1292.170656463511
703.8960917840418 914.7993054264798 771.823754760324
1437.6639115546132 366.5893143458481 479.0366439735259
1411.3213421608154 1193.8190335088002 1005.673796031472
1677.4648242874944 1083.109241597776 275.26971121293735
1346.400343453111 481.09716828969005 948.5200164876985
1589.610918127687 58.647155293842566 316.773532509243
460.3964883941518 1273.9344044663592 105.16272413943966
562.6811101508433 440.72742165528166 1112.7242209973008
392.20300132016894 229.72293442629388 46.36594089403234
968.681363623592 1042.8206430535247 769.1600832334894
999.5823789549183 1067.7763247655712 1252.3388570893298
490.6768478676924 1773.374124521892 988.2615793306637
863.4905471306633 1935.9775966011953 260.1089862153007
422.0012059432512 1425.9473301282017 999.8639262668656
811.3719315813071 1051.0681807334897 1170.5066643001344
1173.6480007271682 32.02106111119662 716.9010807350711
795.3253274435164 1180.5527094313854 112.86669889178857
296.30650127794644 867.9191890687712 1275.6392921111726
242.72573568587052 1795.8167075676672 1028.841386353567
599.4755326161319 346.2096103747263 494.0727076279289
996.6154758224703 544.8932288853346 1417.7019098107464
339.9728437978089 1231.6063702062868 236.27266445000956
1299.0487487490193 608.184043772362 997.0004114256442
1218.9224488236805 1441.1145764892385 1202.0411151096685
285.41492085028386 151.72072110767144 612.9643645317112
525.2757674745396 260.56018789305415 1231.0398484548
669.0939361598 628.4954519476216 766.3290618051741
541.746706556026 1382.3594262215477 684.8292859448222
1588.0084943198112 1909.4232429858937 1421.1273592007274
182.32996340698614 1537.8890993385617 65.87580884831623
1218.9949604438666 1175.4691838613192 215.708185534829
1879.6549660886328 134.12400050264827 484.36142074257475
247.0345631203119 660.028750682835 622.342630387089
742.9659474701975 1403.3264737800057 511.5755432499208
1511.1953114989312 804.5203142563248 213.35815947244802
1058.6580341672575 656.9826106638666 1216.2472373876228
559.5973036192161 936.9643332269036 1099.4518925324887
1609.4513299724017 1094.6611640088545 352.09669449406806
1030.7298867863499 1652.1037883841998 1493.8775677439694
1230.6382136526165 1532.4155589088425 81.04650858738438
1889.1585727317872 1342.3663058077054 336.97453832028305
1379.214550542969 882.6577578037998 18.32642021289527
988.1802824199613 67.28445834491015 1390.348373581986
1153.3145669562948 514.5810316250039 253.22989536990372
630.6521983783995 190.62577971715666 1160.5174470382906
387.62144877264546 1474.788860297192 1484.9895746608163
1672.1417295535705 680.3906289066977 385.4971695244126
1197.0364879649062 1444.6221141543992 90.05064447243916
846.0477059310427 492.34145364716085 717.2290329219696
1003.6685071602444 651.8062111938688 550.8991733047219
660.0515749415341 1520.5041386080645 618.0898924465318
1864.0093018024265 1239.5920877910016 304.01981541462766
1163.091376548881 1848.5059947772386 414.7846281818136
13.165616492057053 1623.6632991406182 591.7276098583968
1547.6055698912005 1044.8563888871415 359.53625746507686
424.2573224702051 927.3622086982642 731.0740972105746
1597.035474800172 796.0117964149267 64.03291753481155
407.2400243897849 1058.2193981615287 144.1261307771757
1315.229818914006 1148.9213128730482 631.2081850172775
188.67624846448817 1264.229758920556 172.37221007569374
517.5340286347581 16.85339347652448 986.8848496975695
1092.6190540857733 668.0211826214884 601.587801376855
1909.7944084035555 277.6132887536895 1468.5248586418659
1566.2941283676341 972.9838373091335 120.8663885444462
389.7998518272612 507.78776677553947 1318.6985197721522
202.9281271909602 1225.7127675061245 590.01397754422
405.901880805305 132.19547988017476 667.5293401911432
1107.1333162990904 1952.1740879844936 1326.5798662324737
1231.5071159626455 1486.7003393290495 423.74824079783036
389.5772215871711 444.03120206990843 1067.5860861893157
1465.7911565782404 794.8610223019692 1209.2533674042018
693.7756328213774 444.3869149015314 803.333432041562
1073.147740108701 336.6358854338285 1057.6317324888091
157.8560467882757 736.0045640150821 1189.755656456762
1327.025227631136 1984.9471212031049 301.61975951840674
1967.6232482595778 1935.844107992874 659.8862922885385
1472.462413275885 77.37335965660175 1177.7178477717164
521.9282516474699 178.75599614034022 773.5220181742021
1482.5857275837586 1389.6474502486064 36.29499815679288
1966.4788057579856 1158.6638293120634 96.26117008062268
1399.5336880796342 476.51456264729063 1319.4782058245678
1640.1716294677913 388.6602101666028 520.3077368342977
579.3773526403074 397.85457140310655 1263.956482196182
1559.5336136302628 1787.502270350993 995.7419791901702
754.5304022040085 1858.0841418082425 259.35179324050966
1519.4125254131895 908.2706787217091 305.05617589770594
1105.1924928530693 759.9345511858849 162.5047124596121
17.98690536736092 425.70797778518755 1352.703751587804
1261.2396632777627 469.4528766956689 637.0834060496676
1100.0593215653773 1837.687265656084 663.0099617072106
647.9974471140569 1196.0879384135756 1128.1851129452361
1534.2277353040029 1162.880391154178 1235.6412397319282
1529.3972483101545 364.5237030095667 1001.4603309506224
1484.212482816426 84.9232709215555 839.6091210737021
1047.8299148663234 696.3540844820251 533.0448167560087
1657.111551253537 1293.9248125588895 349.6101216437561
229.42939834295893 1174.519992659111 832.2414495147207
175.71570107801082 14.849136942936214 632.4364931575092
680.3230214344462 1820.6962556952944 577.3421159594157
1574.6540796674044 344.050523149672 824.6927753612064
1033.750964629214 238.60849788320593 325.6448740947623
1788.9321146138316 182.4175326017552 1329.7848757731729
1197.3707275053941 53.45730541056382 275.3849568793022
1420.0430253619077 465.9473530831073 981.8083876022723
961.5160799195372 869.341378505996 670.8572889817274
1117.4897042584946 379.888292903515 701.0443119620226
945.567251329942 139.93381840057384 1270.3359624933785
983.604152909107 1335.2557791297208 74.18637075628703
166.7920555729656 1818.4925400986504 410.48406280189255
1744.9921114352312 881.3609613327686 122.54681664844513
261.8671423342116 384.57066645822914 276.6022264017738
1320.9979935390886 1098.6990947815366 606.6489867593249
806.0583623986674 1982.1517425624904 1200.3564990869033
1708.333953955855 1283.7377941027837 627.0963287720101
1660.9728632341287 650.4314931229118 1244.3539863554004
1688.065029920038 1294.288287393267 207.40233560482068
213.47166907867822 1153.9481883203223 365.3977174359568
863.080221441189 873.0302156379774 26.478552759886533
1297.3136452013373 1932.8770186503307 376.0358357730244
704.7636694716228 1406.7381785900116 1496.3300057467575
1713.8039077913404 313.42344273123746 222.58504975509808
1274.8749448205676 1899.4167966973316 1421.3742614921923
947.3711522113553 1463.906215098919 229.68245191053916
1766.9508490355242 12.44804320099857 1380.7115944122122
1397.008040768253 630.5430112746495 854.766180404198
1926.2033602276122 1975.2289521906407 315.26926126115995
834.862794227482 1717.26711883175 833.8714069324773
118.53315147798659 313.1352312382028 1420.7946639856807
1984.048252161098 398.2072854663703 615.1524967127118
273.0609507198234 1146.3807604645244 1001.8147729939266
329.082130358658 136.52999080397987 393.0471329218058
1516.534284697385 1438.7263313668257 623.0239020300863
1113.3399702796082 652.1380685167213 512.1399677928844
1700.2041809441753 1488.5335550367745 553.5286017905913
70.86334601200318 259.45072147621386 762.8010291712707
1321.7457918477194 1590.058722152823 340.0292102165028
186.77152794197417 226.13087225519268 38.12724774337972
1675.0650947234265 1579.2281849737574 311.61424354726614
6.147407147900186 1265.3894809009607 1334.6331420622066
1625.563601815274 656.2221518380826 922.1073493412109
688.5756196977519 1852.5861110509563 183.25093833978235
891.1711783450729 1989.9780911169175 653.5418938209511
935.9337698570018 772.7618050934395 1406.2723089296278
1829.2998166405414 1977.53463919013 1331.7577310293575
995.9158880646735 780.8402708605436 236.0987402273486
850.1903620255214 715.6994204603379 319.01088895958435
1347.1903151874415 165.8641414535571 644.3169628136811
963.9382167759718 831.1870885013049 1434.895212591987
757.5213935773947 1793.8136103200902 691.0866222171549
1932.5733852656472 657.1303565076654 755.0826148640797
118.40645432035757 866.115352306504 1286.8898206847189
175.78401891404937 507.6717956158978 288.90121813250585
1035.2829153952991 475.5941596193569 829.7589889916186
1499.755774089886 919.888022146162 1206.7874570188424
484.37464875608913 1117.7416659827445 145.44163384856517
1334.2135136464753 1268.5521246111555 691.29600084594
238.29422932612766 1535.7024411422476 664.2773087724254
113.73796100072697 1840.41618627133 561.3823449065188
661.7795010570001 1036.9137602494197 225.0631896713125
601.9280413844383 628.5292144690218 929.6785053497042
1960.9393943310276 1585.3637146695291 1386.8660012794767
1988.7890308457545 253.0520720504543 1065.2863349843908
1497.8181207453342 811.7763271524157 198.68046803808159
1350.5567671547585 1272.8474203237008 1484.9344747679427
1249.3461600275512 217.48316949044155 257.8392248765233
249.44497440383407 1174.1827925153677 1344.9582036800568
1148.8679167940438 568.6167283586085 1192.4925747885666
666.0643368999566 798.3400147040205 559.342928844978
295.9865701094406 952.9962943624106 604.0508656988713
616.3014541614677 595.5677491981493 427.8238504244496
1792.526116345171 1518.8073619198017 1471.3111501448475
1515.4463820097772 608.1655693477908 1240.4580794049057
617.1107601389816 1820.635320838167 349.9978309312087
206.16824235382026 500.9569096067845 811.0277658108803
1082.4769541270036 182.0831143369015 117.86923247125608
818.7541808005371 441.1697209985259 465.9189257179743
1425.5657564490668 1448.7884124292232 639.1152438625561
831.7718271848003 1860.5218250355374 647.8790608920413
306.8138853209272 1705.707707690234 358.9111402919572
58.08367573027895 1093.4873016659053 1233.5339830007865
891.7941594057455 1093.8759674012979 79.50710985736326
1021.1122450981604 1587.9428895379103 171.60060587701665
1940.954196981875 1017.8252026923773 571.8648824164973
314.47745135349004 1389.1950469185856 985.7493788071848
1580.6003901334711 53.26746047000475 187.65413103779116
514.0569548740233 1030.8304129625137 456.7868981002375
1982.9960406769303 1499.350598574052 486.49202250020096
548.3421130187207 618.2181313154615 279.42530561899497
1114.8688076425492 1685.0291640139944 769.7804508217847
800.0534451248595 1605.60434296697 412.1913708173898
133.56469859695187 1297.7856090334797 715.230949296713
1805.700743298946 1186.763614843323 107.57561461765508
1012.1718056084806 1837.5911654825331 122.11609339187501
221.77416584789046 1114.4281952489068 691.5480900403285
1084.0892278034648 1501.2894227638326 651.9340385290577
1526.9553780739664 1671.3129402273166 1336.070843769253
1987.9309260283121 1900.1636860175965 974.9510530129597
722.4189150343008 163.99707824050603 265.11782981159377
1817.4199024063726 1239.4990375876725 320.37458584649585
1415.5348427555543 1393.6081660367165 1088.294975752973
359.80827825181973 1131.6443562143068 441.83099347125807
754.6196386129922 590.7881773645869 1248.0136294576203
836.3676634724873 785.0585745270928 1292.8999887420455
48.355248849883516 1128.163960144088 1382.4226464041285
282.84394923458024 1738.6639466487006 1046.7338107560333
680.6274467076856 845.840292975826 605.1332477150888
620.6764335521318 443.3887016400231 145.2179508667402
640.5931666315407 1148.814363663516 669.9685067061424
1658.3458386606815 742.893890136002 4.696944363057676
1328.8741539253829 395.6923721678309 1296.7502498657198
768.1110999402146 910.8128810448721 1499.3647505997556
1519.511542993069 210.8687656449235 723.9021760853068
279.1594610392203 959.0307769425184 1378.1575469479424
916.7684091645467 996.2971977102342 1298.9068482307312
726.2411530927768 448.19996772185686 787.0986295556106
1734.0095198414388 396.2228964720129 536.6888986097428
1747.077803445807 359.71826282511944 1029.682033947887
54.7695423003145 826.2393193748627 979.1458060616806
582.0147337179444 1776.6886413091443 165.3503584004929
58.25919415406355 40.76330339188772 723.9829859842691
1876.326043469333 1765.7442866096774 85.97495323064031
1167.5456701430023 1015.9169111283626 1089.1269238347254
93.17978573674823 399.64230909634034 101.0003160923873
1805.3714328439783 663.8041228405549 680.5659701385027
1444.7684019359094 1694.7240246189153 205.4373788619312
1222.3684114248813 1906.0505423647323 72.6946612094007
1301.7112543398246 1381.9854878393487 898.5044548454185
566.1735219081876 49.227552974669294 1324.9155411653817
1813.9001393215194 491.28973053890655 368.536736032531
1553.2771470632713 601.8220150005274 240.2378708340141
750.4010654110195 547.777513039909 188.07254430904186
1642.9968573009237 1229.9330203709621 664.5697061418709
425.5810474159114 1900.5175668279755 766.7321818291682
442.5801394541351 104.59307293079623 547.8939100090126
672.7836115617971 299.3006031559049 1470.3303201612994
1925.0745428536725 469.5005346525747 1022.6710926271917
1342.5401823391312 349.7819425809161 1438.7996264078022
1693.9244895941863 273.74012982345874 1343.6133479476212
1282.3335486392818 1827.4115714661862 1130.811542617457
1079.6670329234676 1551.3267280369478 1292.962293935551
760.9034204777319 653.674151889353 585.0720885380124
288.77948422826273 1974.139237414385 1221.0536859706126
258.0983896592626 447.84004467823 1011.3131088360783
529.1700772650305 1303.9191287063325 429.88867007092637
1398.2224539412705 1132.0539384518374 836.5456554364915
942.3485333588335 1307.0625548488958 887.4059717282357
1005.2579717602262 1662.7418235502428 684.7786706821026
1301.061631791363 674.4745009397645 74.19876074979919
1569.241405860081 1127.7351623800937 1358.105551974848
135.10576523167916 1128.5169519964268 1292.477448516666
1740.0741274339007 1551.1520212853432 597.5991348582498
588.6400089308456 290.0753686840187 869.033718668261
6.897650424810164 401.6460947715952 1467.1591828766611
1289.3653950130222 1544.804550584675 1036.7008921029674
82.58114272941764 1823.3499534650846 1497.7827893819187
1090.2169154359983 1896.505368986744 332.5613374592944
389.9415212456214 1991.6720365747678 274.9255013971169
1143.5392605791103 535.7082135097208 910.1328729073585
404.34444410897095 38.37167374173056 1350.9480278533092
130.62913823601784 1738.7528184129649 776.4875467144781
887.1268351205093 172.33864627585538 1302.142078938698
1984.7115147632687 1502.5516614648402 1269.8054814797094
713.3685301158843 167.71569087043426 1155.9306784613273
1349.1764572938528 313.66818522172866 950.8701054831665
1752.8603377018985 1212.7078168197806 509.5466863738832
1155.8231586732009 1176.5483664103597 3.952236048282598
404.03157264305275 1381.5975972870224 23.515644349007157
801.2836896034574 1044.6304743455871 90.04466415399587
335.9009731215794 1200.1372685185956 256.51284236422293
1404.2800090543285 369.4708422121775 1124.6724825109645
661.6690423741207 80.85676785915119 1001.3378960141938
489.663017594409 1673.0468349948187 161.9017491907036
376.82088633746224 1284.804046176234 1269.750212160684
941.7980094521774 1234.4772143997493 195.870437712013
175.51322823852945 895.2290595743069 473.00626238569686
163.606934168121 182.3557147011965 822.5106211428224
593.4000552296974 1764.5324819878936 458.40118979041216
300.573420947575 349.5346489759392 444.5172121199843
693.9567204145287 272.4109515821116 370.2261668780615
168.79110406153063 887.4319981918645 374.5538674685403
888.8870378775182 1979.8004892181689 438.7886279735473
48.41422881290725 1488.1769822740366 477.20643428000903
225.20781543332657 1454.8307577445898 959.491109165917
1886.6481153431084 48.16421454383235 131.68514475604536
1673.9433613110714 446.15931917027154 1113.1640333787768
1136.931356925309 904.0826425673037 220.80752779331402
885.1467453911704 700.2453898637526 82.58090724925715
619.8422423029384 1634.7379200620207 1348.4800421042319
1446.8908535729242 1267.2715861396534 71.14784583253575
409.195675644924 1759.4262551582146 51.862409452046066
1629.4029906154858 1239.269224917556 1384.7859484556977
1331.8381155906595 726.569843511894 888.5338144932206
1249.8218725109177 385.3627645830511 1221.2923905643752
12.814417341447948 491.18027965440893 1219.772100585295
1892.5755866815566 1877.3606009411237 678.0064514032962
288.47068772750674 967.6644249812861 351.9127579176162
1.4684733319532128 1069.8245897149945 1379.4329389245127
849.0262583435093 1601.3557808146531 1227.5167265925022
785.4437508678616 1943.6764712948664 475.0417101538636
55.36235098142161 1121.8866597814051 154.79999836888635
633.9014476659952 1519.364536384685 1149.6882603075385
1935.2377303517972 1379.535768106563 1273.2922198203078
671.9307859964579 346.41137745413687 375.2819450369731
1564.8691132137442 882.0003852710561 474.6015514486909
500.49436147587323 580.2638374426828 404.7344547378422
1808.4415259582383 1682.8425286250717 1374.4058585633334
1274.4626641899952 1485.9517377514915 1074.6161353191399
295.1018298543755 525.8470008992396 754.1416246066658
772.9481780287075 1914.0744342158816 567.6339421504489
1587.2336797708472 569.207387522819 1498.0077362313343
1583.6327531655727 1125.481607127982 606.0876252686146
1153.2964523143837 1095.5826277229382 159.19424670895137
1678.7864958811533 428.3366951600083 950.831022149696
50.6420603584472 73.3947163914086 663.520790023224
1145.0501122270168 636.4510799975099 874.3101231892132
226.31939851540528 577.2736649663175 1023.8913216506879
1237.4846857105185 482.8101841840946 1295.1716973914365
1723.9409150036684 585.6742101264847 748.8083920895577
1410.7393620994933 1875.7054258527467 250.47318373231363
42.38801114681912 684.1337011406068 182.09786720755727
583.4201389265077 1403.0961365506641 401.6958808189821
1110.6155461108617 1515.8251712996582 956.0279095128684
1595.9537087956478 814.5936868651185 1156.6388852871871
1340.3955996088669 905.3081868021948 235.5619873045102
842.846967050787 1994.4927082260085 574.1078725177903
962.6717438552632 635.0325357717179 51.42628158252993
1481.8758470062976 607.6210355846072 786.9085154558866
1806.3653842985746 1871.7685896776466 276.785271613416
1040.8716624675428 1613.9689992133049 782.8260972325999
1693.257471760172 1691.4164892388947 258.8381235462039
404.5559317430658 120.36017183294857 1151.5264807643364
1655.3830326668337 1724.3697562394514 601.9604295408319
571.6505772348437 335.40143471135787 1131.7296076569046
985.1315827173546 99.11935336068534 1107.5725795082833
585.8414027367627 838.6043575225439 126.369086213601
130.3018790747621 87.17069207348871 249.25240495173145
1014.482674376328 954.2953881972534 1113.709153788191
437.69858512427896 799.8028103262318 513.4333100475259
776.2181201233434 976.2957838109809 908.7002839645957
854.194667670578 1504.531082785605 53.504593529452585
714.4064115263491 1918.6364627244757 683.0556039595534
419.40426758666695 1392.7555322146122 1319.6736779238977
330.8915239620498 1274.4397111158214 1076.022482797594
1496.5727865081344 1821.6467832728501 1124.2018552492605
330.759964286385 1686.5045601622164 1078.3663434397313
328.20905107356333 1072.5862824316605 132.36979566754525
47.8235588214051 1677.8733739276745 1249.2878345011381
1881.2702680427576 1049.3375162363204 1401.4617706408383
1177.8430549462944 1505.1114431613332 541.9904522820732
494.1207762629076 520.2560969360496 580.3763691240606
1895.8678690317222 794.2984929996957 990.8861562442813
557.7650138683912 620.8612079812189 1100.4041050845265
601.2017459652772 111.3765714424979 442.1867800851008
1979.237245486822 1210.0992737446131 1363.9891821776448
44.59647241428932 1875.4620632582435 453.76711610676125
1777.6004956159838 1911.614666962468 1196.7936622925806
1303.0988632895114 1317.0328159380228 651.7484006750119
1010.0300184791811 339.18726397007634 357.2845289019215
819.6095799540531 506.20993759811904 668.6295050122968
