300
1193.4351761979794 1417.4881241852154 1427.457390077109
84.6661442644201 1932.2157118977516 542.6653608234473
113.46173298223516 825.264082455353 961.2630432776738
1684.9309719700211 1458.0896270455773 161.03678647596547
1567.9561110302866 1582.469867895633 418.97196809247697
925.3390183129267 815.9922861252182 488.03347394189507
1632.7309274321144 1980.013206662275 899.8702738024963
917.6748517748019 407.7893068246159 245.78955309446476
1061.9361208219505 1640.9073919769944 618.757079728588
1737.8736659560616 921.5666042119641 633.6155439964483
1175.0429696624917 87.71982870703555 976.4308700284582
1854.8313718867553 979.0360417346565 161.93587038403422
1718.8118338283946 829.5152739380958 521.5182782912165
1624.3512252712444 1518.3922974469356 776.7053442219589
1901.3740508848055 1598.8844752997056 1439.2583306615666
1868.647466831768 656.1789427985835 1469.6430649790627
326.65408672509045 1993.3604323289997 1405.0704735022266
110.68148608022321 1604.6220729309596 1424.8667116657455
321.9870339071624 530.0093457403287 774.7115289652664
210.66879375733328 587.0294575075612 207.0848462911038
955.92111954203 454.99730949136307 363.0671157025079
1615.6250262791198 845.3067840366839 1221.9677918367297
1680.0436390573113 1730.5652021583285 1290.067078241877
1440.7338990026217 231.48498324459842 403.46451542630876
1274.7353398803543 851.0504502878599 479.4744329377645
1783.2359112412805 210.47513502410075 182.39406093835925
995.9601722813933 133.8050377316211 509.2672157156989
1467.8641952917153 558.8207207873766 48.253386127554535
1984.767963713376 297.3301168865723 483.57596746191547
1456.1646203184653 706.8949805337701 377.520855598796
1282.1451805301992 130.061551484437 951.2219635888503
1862.8474021820214 1043.2108911001565 1261.7350437052712
34.114361392756145 944.6016655531296 724.0747838451881
1436.4821548831694 1724.3435289145755 906.5661283265424
1353.761506096213 1365.6999024852425 732.9315262440789
674.493257393292 1995.9369869444602 881.0125696960948
1313.210469066947 310.6109287241248 1227.9139666210438
1291.6810033503643 103.94755510287234 253.71457404007597
847.3278471848608 1605.7781425039293 1051.6188124069022
1184.8494385744768 626.7452217917779 210.12982547551135
1888.728573747752 1242.9443664948385 1018.4775757315527
1568.9561495566975 1926.9044286912103 141.88155703231865
1961.657700562916 1186.0537049050065 1409.2300218748096
1814.1974663861909 1168.091341136138 1044.4648428367202
1263.6824164303316 142.81413945892663 1183.9754755525607
12.614816419040498 1728.6524664885042 530.3356502272377
564.039787018741 966.898172088019 1305.3416177205743
589.4027924092879 1328.9963423050415 60.953921797778975
1605.8143769596832 1778.1964212956923 918.1025446553982
700.4680843836171 232.11802066465359 815.5160496604932
870.5805899824479 129.60084135828208 43.617128343813484
1245.2033673288147 137.60155830909704 203.18632877027164
283.83225531499454 559.4461836985656 870.3117630851057
549.1889552834112 951.2691143849617 259.355097130431
588.5631256596098 1634.6839349356421 513.2325355899059
1488.9781335450282 1463.0030859370254 169.01988975631633
702.157235231424 1680.5679853612894 1021.7915000942776
1708.6777443380533 161.38617227582742 1452.9893027986552
140.32225375100828 1808.8317377818905 259.4830754465159
263.9426425493134 1677.2664700668938 493.94875837223293
1075.8401524080457 739.128829813721 213.5190138945788
1636.480164838836 1777.917409441461 960.7798485272886
807.7445163222194 540.7883104686655 1472.9286717952625
757.0939168062416 1921.5186074819214 195.5613821318733
1231.2479415998714 1264.465461878737 1438.066927473111
100.1612003220178 136.9706435961977 78.1573418471611
78.0329492277505 1194.6336074611424 646.4237562548697
1715.0505634638641 1507.746424537575 1222.68552418315
41.822871784123585 1359.4244260220823 62.97563129724837
700.2930034749484 1914.7761853808147 1008.4625730601782
1131.10703699481 66.43716514845343 203.0408534107921
296.65749785526765 259.9531288756156 888.3478814969749
1738.861264426055 337.49270575795197 1125.6170648607547
1550.63741543604 144.1957887713967 441.9845510601875
1853.9987463237314 1904.2136653267057 429.6229897783412
100.99210915314427 140.64269856965694 1299.0289667198367
261.2465733167686 214.51128315185676 978.4148469212862
1192.962668852082 76.31726582273623 381.23486063865823
1343.6019051719811 1766.211158597195 440.90356521157884
75.47482422563023 1832.8164582442196 1108.8956203447399
1129.2479632206675 692.5934950976416 710.9940379964077
452.45469888167645 1738.3796599436284 228.58390793330662
1151.2194598957021 1630.201191499316 1208.2086312742358
1228.8827911984329 620.6151734577955 176.32304208464123
746.0173629572911 901.1459068745392 108.6980571140459
392.61901253262164 1821.2923260995456 246.6500279060538
853.1597687544919 1931.5469376190326 640.9043178307868
1729.6894904474718 407.76193996763243 718.8358246988381
930.5363692046151 1610.1233291336691 745.6400308136674
201.74856601915292 1038.956994446578 1293.3096907159647
302.13181975473003 1661.8691563963891 684.1141265527637
686.1178136188483 691.1450120092542 1306.1119728917897
1843.5250022519697 27.014078664229892 622.6418718805878
177.07353143550097 1718.011257197843 609.0065392277568
805.9566349964838 531.5332996791237 8.638890981766567
1092.9733268479463 1483.543304179635 854.7244954296508
392.85612503209455 547.0402482902648 505.27011951473605
1703.9014149471545 774.4009060796968 82.08536824405094
695.7103346544151 1981.7556410276895 408.7582788171851
1079.626821207738 1574.4205776535975 640.5592279871064
137.69072434382744 101.76495403854746 107.568297220555
695.1617642801326 1544.1658858623773 460.6208066496185
1011.1395091926116 1510.5971009932464 869.0477264870315
1428.8243629359406 1281.6711459267772 1447.0330717335112
445.78160884007724 1049.1066487675707 555.5408234798181
1236.7440454752682 587.2753126554222 607.9736080346656
1520.442406164282 188.77342484244065 719.1145086273655
91.80925467825473 1112.324062360158 204.53489328686751
6.489419227450055 1719.52378693553 1105.5938930459413
168.76107915266746 614.7831521022669 1263.3215975134656
823.8175876688696 1187.0628706307787 812.3666796225574
55.62874883125279 1614.3954618204566 1447.4647321883092
1435.1595348518592 1525.3070190666517 100.4548141854727
1586.939918426383 208.1004597343681 1324.9203632610524
1156.5395998232527 55.33095996195492 1243.5588300480067
186.7131290703754 697.3592923555259 599.4225796036287
141.6435533626721 890.5033296891136 1288.136468011807
1081.9997036814211 1144.467361166013 913.9082041104986
1187.9982799544368 945.46403258369 888.1259657437488
558.5458619231132 62.19486972116095 80.44660267550991
1714.6006328869964 1856.5476483589343 1222.7789065425752
599.6886680006055 192.03566984970743 104.35429988538625
1384.128561702708 1731.0781151201877 540.7073334279123
1888.9013309644413 928.3531253057846 1012.1151923914236
1903.5833393780624 449.98827046000577 276.88750839427433
243.7984640412081 1838.7986767639052 1012.0759587773641
867.5730068969742 1796.6083494759825 1245.2714310509725
1832.0971565559253 1496.773525876922 995.3058537281379
68.14534637552639 709.3162219034753 125.90084883325432
1106.6156713983569 683.6322422453604 1012.525414135771
1611.2996894686873 1649.3956628444873 45.67582611152699
1564.402947472288 715.636111011863 1271.4055174056903
394.5000018697922 726.4044449284173 138.6669527913536
1292.3322909029005 960.5165610828755 1027.1918981000983
863.5418271719817 970.3917800066353 144.0030715838259
1415.5559052295437 919.7223975135553 744.1504766876585
1571.3897164957411 1860.464396213931 717.9703624761494
785.4226589229794 3.2887340076697136 674.6699207369765
226.3503780906808 1098.3279181273765 111.9386299278069
1142.3358743027484 668.7487035033861 1319.672316968151
1579.4432263803496 553.1511081080558 23.55530718000437
652.320485283551 1385.5449425784332 623.6822374595156
1703.580389048779 187.11885758770273 18.94511316158265
401.227528958539 329.24533595509774 155.00554970009307
559.2695162879866 871.6010061061239 485.8564868685095
1562.0201807326305 1236.8736934882236 1078.8876247900903
1659.217688855468 675.709044287524 237.3890096721114
1681.2551556924204 840.115403536706 227.19175874319163
1220.085604886035 505.07490782906285 1246.2225086554174
1117.5869150289318 1715.2735927607825 1293.7125133110433
1030.8516817318798 1451.8843251314515 154.5859876558548
653.5502893332448 728.2322550895393 173.75256021191598
621.6438179542079 1631.0693272835852 925.2718183350737
176.58389207117887 1351.3589648226146 579.4760995711883
1496.5353495889458 1003.8261142270981 475.3645864047596
221.97409384219236 611.6483638177093 920.7814471116451
1582.286116894837 118.74298030970377 223.42644678586615
755.5869837024289 929.1552194139072 583.7990211909802
1774.2411423989622 975.4957216323774 180.28843681802886
1636.5033709401405 123.8732746198623 777.7272874362455
1975.9602348679207 1793.7582917458992 919.4807839982818
560.7520803479689 1807.6941780103996 1499.3001828346871
1111.9638778942958 1647.8832840821833 1102.6253541871417
122.48462186494646 1568.1096797486184 953.8316472821499
1437.6144396016741 1539.5233211004881 1118.4058063420557
1259.1913820392604 1533.4325458643657 152.11016985490195
1167.7914438864068 832.3408352862698 1012.9638410825522
1704.1112516269156 1447.8040978546246 1090.0447973583928
1345.8425098354257 1843.4732523541807 4.224676306461728
1430.7474170790003 1501.9700011875618 545.9724381469105
357.9250348073559 398.588021785371 354.64736828067464
807.7286951906226 424.8680075766971 1141.793986544465
1865.751150929031 4.250254282847532 421.22830199469706
382.9784269829963 1057.3011787567264 596.2082156607127
47.90231964813096 281.8157848478864 1221.385824112914
1752.0062685162443 1183.2253103084863 482.9323952679238
5.867598987300715 448.9404018266976 53.45020736309031
950.2066427643308 1176.1345748903973 460.23048499463374
989.1191420528329 1715.4412899371816 467.8309251173114
839.8075455813956 660.5991551890648 345.0773132209714
1141.1377458508969 1068.4082152697092 634.3694194810965
165.54784665854248 667.1802572709198 8.398706852496996
967.9320316019077 1648.3569276139765 352.3337013980576
587.9613368581454 1370.7475066889265 519.5499526165537
923.597254708217 595.4552453721933 606.4419201905562
1282.610404819174 62.37607248423327 909.0835407697227
1822.818034828654 1619.0113098240865 868.6316687898484
1212.2143557546246 1519.273600116341 369.991393474443
354.31660671167367 1962.7674578974038 832.4015453831798
901.1308850547204 94.94580268575858 668.7877193754186
1197.1030833103498 125.90293962753441 970.9582545617752
1124.2244908220634 1824.109044298593 1043.9822304758172
1843.8607447426432 1806.9837527077077 766.6849061811859
443.31588102577024 980.6157745540343 633.5184592992142
1194.7621793521 629.7925585657363 496.74980311994364
732.5664942018179 497.6374678865889 1007.4507293116174
184.94471288827842 419.5068956836596 1487.7798701354789
1095.4634595029872 1573.5609887897401 173.46429605341297
965.9648576091149 1780.9333885852834 96.40895062439687
1480.825138985444 611.9656942147582 830.5802186993532
772.8524487627042 1828.2684117945748 1354.2705131407386
408.23111424272287 266.4066353699066 796.4981462982353
1426.9466653409197 1367.0576809926104 367.92185377189855
1937.5828095625277 122.1875958829377 1093.872950836829
1929.365393058361 1289.569477815683 844.184965637337
1461.413238026674 157.7063972626451 387.5632533546237
581.4665675128304 153.2794211597286 272.7470355650231
133.77232046742017 573.8866331613082 1398.2059633910396
872.1194802838537 652.2984584888932 903.7035412833924
954.3688567454786 1842.8924829941056 442.5078304991976
999.4355096795175 375.6058490866365 1018.2619824463551
601.1455551968683 1573.4479299750344 1428.936534396091
1921.8498607052566 1202.5291822909642 1346.6641982861331
212.0313396522051 851.4465462436729 834.0268818813506
539.8171541601266 1757.7567314996068 891.3545339324849
948.9075780549088 1298.2317535195357 19.665396212467602
826.1382927230219 390.1460829061545 60.38041313758502
461.5953540159594 1474.6516612929836 1264.7629155325253
584.2914244726553 570.2152168941063 1493.2789335707882
320.9426599932668 1750.1575931509658 489.062779443325
1684.092608762534 1372.8283342585876 150.23877242486066
238.26438250389725 422.8139002513693 311.0508525794403
833.0651339999368 108.18399371061017 667.5817241192728
1251.6548578845961 879.8548788341723 90.00965029278596
896.2040991432332 1459.877175789624 14.306048853775621
319.73796418726954 859.209285762033 1040.116234056332
1109.0102064277357 1762.4562776056314 1287.454429037973
1652.5006287251015 1875.3158384732321 555.4477066311997
408.1817966531005 1545.0164183207198 554.0240507316673
1864.564614038971 1181.9425241029887 528.4401234951284
1804.5581343849906 559.9227594728633 1443.9448157740264
485.52404625830434 852.7013418626406 1211.8416903440966
1668.5949622489813 1414.5248859155959 253.17835396220522
1015.7887693441321 1446.0763633972279 1437.2862217926322
686.681626082273 752.7836820685834 872.5150423010268
1336.7730192593565 1685.2379266447304 492.4171219748232
1770.5433827739885 1549.6003470606752 207.09236377364775
421.36710319849556 403.09373160122306 537.1322135874312
309.79246063403855 1510.8428678214252 1129.5963103114593
1647.8102282345656 1278.4434720014835 1389.5259290072368
802.2767681165706 584.2996533704778 547.9293047633362
1069.0549656614328 1173.8941578751567 467.0868197889303
1915.40530650332 1292.4380975319923 496.31011854615224
108.62574716064333 12.572224902851703 605.8093663460629
854.5766456248796 1576.6063548307902 985.9261957924098
580.967446158484 1922.0104614256175 19.476438868118006
667.2574451945752 1931.7177718662401 774.4913289595319
723.4077141582984 1142.0004870405844 234.01224510983033
1733.9268421111144 956.5236865728222 668.7211656939305
207.70735479274148 1388.8532067308106 297.31868614827243
86.25683072301248 92.40092520121968 360.65777988117605
314.6523607785143 1475.0758682154644 270.4816677193973
343.7001894148295 1952.9072892997629 545.0890284615898
1456.543596267913 856.7805913527853 1270.0146320989688
817.7843784567216 1580.9162709477725 769.9203213748866
1638.5127034633042 946.5375348955123 271.18317090538176
1108.024313795817 816.5196449874112 40.86794828435658
538.2678701589474 970.4033674664678 177.75414812778433
309.0904372493393 1921.825919080753 401.18252427737343
619.9617923292575 1007.0143658805056 861.5568950737355
337.49750819970313 816.6728287334444 1488.1487008517786
478.2918028576886 1862.278683910604 1175.2235245926965
1879.1835653200487 527.0517724132109 1238.7172063079488
1425.129723439425 187.45797446774404 777.9770394939171
1245.9748576741 34.69740723955006 798.3971398395809
1024.9199213049255 183.50408682888641 1477.1554236551979
1661.50952746485 905.3757335005386 1471.290224536556
1092.5678197028456 1793.2328349327206 1262.431441716995
1661.4707365847837 689.007494908954 473.99389450749334
1336.4868401616047 1250.9063982616553 282.89963434468746
316.83796653308957 1419.7611603527582 1326.4244680069708
601.9067853111668 1750.8234186970137 517.700134502999
1675.173680989867 1719.3632935146215 1405.9628545188384
1062.5048299182713 1293.1602408169686 279.3810204810369
1020.1902249643969 1221.2294561077993 128.70444692105704
603.0692953819365 978.5717496519901 595.7058647016823
1005.1459315628306 1816.998856132951 918.1620735667321
738.9759170385393 1152.8735880416482 1448.7924071234386
1594.4870712484646 1276.542868767482 1118.0770825857455
231.07406935855533 1065.0395715562847 808.0207359746498
921.0069314525238 1842.8551851030618 640.2089237568977
622.0308994787118 1940.3048494319794 1024.3938622447226
1400.6446769160007 1248.4259644383321 647.649630050423
92.39663459468161 831.4818464392408 304.19300365856043
1049.5429948307774 173.7338226189795 439.6101409688805
553.3049251234969 496.44411505485107 781.6930131799398
607.0034201041364 19.184819490683402 829.6940681286201
1585.7557471507118 559.6467258026785 1158.408567949494
1962.062359153031 1055.7337769830353 925.7575216419968
1880.946338085822 358.44149848158355 247.1095691683553
1181.5311818643108 529.5922587487092 396.3505643286836
1358.1746245001325 184.25041058155324 224.22372541137514
521.5446520845796 274.92557839862195 742.7231899508083
849.4122804198747 157.35278546505316 810.4639856254346
258.52835669584584 224.75788914171636 1257.1113952219703
1458.0724045486952 723.2330437551282 880.5012682644096
1720.5948251733587 125.03440139197441 89.29361345756209
793.7540088765784 84.27218848096186 1319.1230454854524
323.1547080042803 576.5998361814302 638.0980137158449
205.47797865226315 773.8634701751763 397.2180953689665
