300
817.2163341541557 27.97064070886246 1356.7953019652064
519.7808526311638 1949.3307447684122 480.6858005677808
1042.2621102947373 122.37365722913474 642.5418803486216
1364.4491812392835 1255.3324009944192 1380.3243876228223
1254.4612993176124 662.7515194958669 552.0577394458828
359.05724947900853 1348.93871152568 265.58762229285617
1712.5282697270989 1713.279356392018 1296.3567291574743
1603.1503259702088 45.5439257416701 1379.0907514425508
1268.327524411825 1831.53127413773 163.0114231926888
1685.2864747771482 1719.9168595982067 333.09571345980413
1557.4203796848722 1865.6566827790268 1243.5673320127867
1063.3845240461224 1683.9775589582368 180.64886661653935
475.491027137277 752.0220175783465 1173.0110981516318
686.6616384924981 1120.8642503088308 48.475036750239674
48.7593651267193 301.0282864576248 1156.9358703205312
184.72261158325497 227.36936380405416 732.020735489399
1568.390381289761 1291.1509885995383 1172.5059649239026
324.12315815630177 1480.238342517746 891.4585510412875
1972.6605328285978 1197.325412641539 287.35244959063266
1028.8765826863455 816.897954799282 572.6951635521641
310.5775500601056 1831.9341359840787 967.0883439226409
483.25716286800224 1163.9060539055376 1348.1610884093868
1338.4629833371018 1811.5161131536438 1163.5157412154522
746.3381479909275 714.3982630249594 1056.5115394740965
901.1339515607204 385.2263170294747 225.59541602014943
1189.0203379153752 813.7714633837265 384.1234784453264
1705.3227505884756 126.99012560723055 1253.2935226434713
803.9241299834194 1397.5627265540907 1071.3874101043286
1246.145670211327 1743.6824476905754 1.284463632219901
1311.6416593050515 1305.5490406126357 1087.4701561770498
1891.321954580068 61.722671886737636 1056.657860871963
714.3413889107786 467.70621231008704 1458.3490263664983
90.72963959634394 506.0762061597321 235.1738420282431
825.2125269502407 671.4781000231991 1009.5929231154461
129.9698712617763 276.816683472167 66.92115743328515
286.1691178617083 1775.6726423067641 1205.920699694124
335.69566521739347 1106.2703072149914 710.1710347576501
194.79872026149513 1706.2666756183091 61.13499804320111
820.0692349215016 743.7715805678271 378.0106411008347
799.5173186853226 1465.5439727520568 1161.5453055461182
825.8115031502011 201.2170586737505 938.508870908329
1462.1960509867852 824.5214703000987 815.8745014524187
1357.1057691518959 836.0855539710434 1208.7702491513014
461.41251939885166 753.312627873779 1157.402416807598
880.6934131349186 1086.097950837797 1498.3661660610778
1268.1376779440502 90.31482332907092 524.8188128115736
1604.1056013857715 860.0571151986096 1017.5704152612711
1999.498428184642 374.6407850141567 609.1744737431414
749.8279933614647 733.1222083414109 469.23197713845826
1186.138807777401 1140.2874530940703 269.74806510026133
1643.5139996152045 1449.5326924048825 694.9155355495047
1415.8002085437572 1255.3367684739617 61.52133140707961
1544.8337573792562 1259.4049357105634 791.9066600904712
134.47119333436896 566.8966904962041 736.2391659850157
479.4056089817531 1252.4003622731987 303.44413284518987
1088.4793601066722 1305.8352233526293 1452.1816233954073
1010.6879617984185 1403.7766601945198 227.91946772367882
1797.1930874187685 1477.2408190604563 1117.8431925345994
1436.553314142326 1086.1499890925807 883.3571205704884
375.41620252314686 960.0134521112991 1216.5268503652958
775.3886326645827 729.2405461400571 1420.0946579665963
1394.4408710573737 1427.152435489259 345.5280011310542
844.0138715986658 179.93528709594054 792.3956870040641
1617.7915412131308 1689.6955944120702 1327.382177206582
236.78029228911134 1250.173444539539 861.5546995159322
497.41281827791715 1044.868657971384 439.736555194489
99.19275354851153 3.724943878616216 901.1906432227387
1619.8529662600424 471.78578385483826 934.433051385552
1904.182003538466 373.10124651317443 485.1149588062204
1368.0875042824707 1614.3501881286886 681.7705500580943
1260.1120049635103 998.2482365073613 1439.1279310477237
716.4278386951486 1765.8816376292268 8.073441710644225
52.99778010862277 708.605945518454 263.20038256390336
1084.630621873586 1896.93422213784 491.21716606926856
1773.774090387589 1391.932345300584 1039.5134692588847
564.7923546573177 203.32262711337214 846.995767366279
1311.4894027829214 1985.5688762601535 424.17750889920615
1936.2243891539426 1156.2275626744668 756.215213059752
915.2341387417296 194.55164506899146 882.3357144725691
1221.621575916183 1801.8605931872635 624.6446274763493
1900.8386454146596 1672.8986523114643 893.3843738055182
1214.8354586993696 490.5549205246249 741.7922032159856
1769.9865053139745 1546.8805799570378 427.500555182298
343.2549067022026 1174.2733418047405 544.5854237147789
1121.5818081936018 177.0692610310214 218.91927031313872
766.9824908026941 766.5003187551456 176.28515637545854
1786.4674896151969 1851.4119149663445 1127.2623476746514
436.8822784545663 558.5445244553578 836.5653987784486
1533.7812113909063 906.5496037553951 13.394038358999827
310.3359229142444 1986.5704689879356 779.8934230468296
1767.7876626108505 656.6893652348563 999.0139917757451
89.57994613786812 321.5212598916877 466.44275619349065
1653.4730171287301 532.1498965112639 239.96769429479542
651.1356031112036 605.620978593169 102.26041711134943
1092.8015660674898 563.8854940364544 673.0139145377941
1643.4132308910935 689.5586684583492 473.08654069964797
1668.7186521641545 1370.964080308036 1275.7478878848879
768.0594981296391 1279.1385398105956 1401.5929843302538
1893.016800992728 164.89770182266383 1310.2925545591438
985.203324150375 1122.9715211538505 686.2845566985865
258.6399104571211 1442.9988053633217 106.21110598681732
822.9576438887278 1142.7208354813781 1340.7113692563576
565.3973245406312 123.10706780855907 125.67192982505587
1985.2694722384333 1863.2312105281305 915.0640500671559
1720.635025881324 1929.646333538428 449.3275102117884
141.72641777617235 640.178597574747 619.4078432669337
1727.0100466658932 1632.9834888916873 406.9251019574746
1268.1635573601407 926.0725848599507 961.7486302099941
1292.2287164554407 1067.57424871255 477.15240405406007
628.4261927507686 866.0780645110153 69.15993236900164
9.409143094667671 592.8509088968352 290.4628543588946
410.5153057846427 1740.5964116285156 1.5230623083728467
1949.7184039158456 633.1291155437593 375.25279531933097
831.4804004344408 1172.5209934655843 513.396998032282
1241.6769729862633 787.2982583477803 305.51934940164494
992.361802554149 1686.8453799334238 975.2744435101316
1299.0595651633012 1491.232091030122 1470.463318344445
1915.2019914342347 1475.0959332034583 923.7624218572225
1112.608384445177 1321.721625354137 902.6592559362268
968.1745586464776 164.70209552138226 426.2018264270198
821.8638180407967 210.8210959307417 1058.9022288184972
1831.9338593370273 1987.765921668398 122.80672413057798
414.0540524823264 1945.7325357275474 268.9744937607049
1336.8583063969777 643.9510117185132 947.8120117487902
627.4054619909284 1536.5920138876593 1486.4609339787437
533.5518408291515 1893.1515786853945 434.8314589593794
1040.31180778776 1314.9767682988634 547.1225095111575
210.92499613236515 139.8750300274807 377.27922199791885
1324.0876833501393 593.3075073587448 1456.7454073421482
1711.6935056542873 1163.2978852961933 1148.948508816136
701.18495597239 1918.9926592756608 404.7830859836807
989.5185017323604 13.522039741206582 345.15077194391193
1416.608160279444 845.6871137788285 219.65549485550125
886.8360977431739 1975.8221261888543 88.14574691140831
994.5871444134852 1422.0635183632576 715.4718845680261
187.87037020019514 1004.3981901826562 234.45696922441772
893.054794395284 1077.8042606700246 804.979366798938
1152.3921255339703 741.9562007856317 768.4486644163092
1329.4717145441834 1501.58639612126 1356.0029380214946
966.9512713856832 1120.597176329865 811.0088913682172
382.50274551639495 654.6492184265005 1316.9822107978384
1145.4182992165504 50.67399220727653 741.4979429911309
203.14255721520857 288.89747323847683 616.6448770394927
199.18961809082657 483.45874907164443 1107.4773915807714
928.5533165082732 1631.6508406452904 594.9308663555754
1835.7319418840066 725.7361122999863 24.914984381540496
1477.9173032939896 1315.3875811750888 321.62827004975554
1774.7386024315974 1026.2797907561792 879.0399327737565
124.90231824456366 1780.9853032483657 1491.761793065702
813.3946237817631 852.0529410152185 516.873357502295
1599.8604816171355 1324.2491830366425 392.8426506499002
931.6553032544066 896.3836857210173 543.003826531343
1135.5249129064853 305.67848662465934 1017.7698528050197
958.2173057855819 252.98108578319622 660.1081078276485
3.7571453617046835 822.568000014271 61.91108896340186
1324.4012781034248 33.584573073798026 587.1509864973987
1260.3223025055847 295.97739062339554 56.02729870086698
1727.1853716877006 605.7954204664773 320.64487270759753
1909.0688662445475 1799.8713371511296 769.1710627867877
867.5231580620759 1061.9658226033368 460.35347810450435
1139.1632680803032 1365.2432376289028 1327.7185963676638
270.68012773236495 440.5691506003 540.626553597607
1722.0857742932753 122.64592945570496 850.6440570231069
908.1259321303237 1873.3120562524364 138.07550334434916
316.5047535333563 979.3727367353351 1090.5245285281649
1496.0818123612235 1785.47709596478 466.84683327375
273.4516923762709 698.2178528012644 96.27673571744916
1596.1922220775625 1429.4864399798084 118.08335812307696
276.05703455226814 179.53806725632492 983.3618788316066
366.5576424752868 311.3267737410279 569.6438275362308
1446.7436097354177 414.58831975346186 1327.0956948713222
392.1808680958048 1131.5407712496565 887.3132494185173
1418.858984785691 632.2108704189535 17.13421256779457
679.0354140689245 745.2103041463083 376.7936676675752
1028.9067481091627 1075.4572955154717 685.6932253374057
819.7717325329969 487.6435386731894 905.6148442359098
645.5713132223846 38.58323871245028 226.5375449777395
1608.685448312481 1311.5983461717829 1328.3582830032171
245.84967826330194 668.4227773910276 104.78038433984344
1227.738622995011 1216.7296333443462 622.1829783475637
1215.7937551325124 483.94631590910154 384.26708641
1877.311637309332 724.891043825906 231.0159406387985
1546.5841982479487 1541.0642291064655 1439.1443380839098
421.50559311566724 975.8504134553605 527.272361268759
731.0864426441608 1594.5627763405428 103.95440471048606
124.85939050971484 1538.5083234815963 1472.6062206509491
1699.20883215128 1041.664212723404 701.3900356952256
980.3210630372947 1539.9245204158804 1013.1818202863883
1638.5790845741406 1676.390356557405 971.2244938308694
4.192440893622917 1779.5420273347063 673.250052769562
1380.59044202662 1351.6644802750573 278.73836438510784
1111.529274552003 737.6567508641294 540.5769600521232
157.54717896489768 607.7733855293257 959.5885560739434
464.9104821484866 331.74936011860456 515.7984436481942
1043.045517063916 637.6424040352053 1049.9372698028717
10.886819457222252 1433.6394647802126 986.3234636093579
697.5037030667484 328.3242181614867 808.8608336960164
156.23432078597997 967.7350242156373 101.75283760631537
1117.1809080715157 1428.6064341185258 1137.6556147208064
926.4310044997591 333.0732808707375 1052.5878723341696
469.7707689975399 1201.9801956649144 384.0138029021418
86.0137011997042 1783.428775699892 576.787744273813
1859.314349326251 824.8003367059333 657.3636732657496
749.2432915745188 199.56900977484372 1382.5924287514922
467.7871715558302 1500.221996760967 342.98131189746687
833.1031709302872 1709.3280176958974 1160.510515142883
467.048924074686 1714.0317217236804 984.1998246775729
1605.0365129806694 239.07841105133176 169.65851873185622
1343.427796094796 1723.3743349718509 1285.1924272691724
1430.0091212931557 866.5997041364253 267.38798866832775
497.92952010868754 1160.0363821309456 1221.8289032349212
1547.2105232502336 1536.1683581624093 831.3421255754803
543.315882404384 1705.4024723321231 1029.1270857304899
125.56954013579214 1572.4451587932942 639.6390850830566
335.3161229704844 206.63970247978568 1079.1262054184892
747.406231790812 753.0791040474207 93.84062096381712
238.64439659079562 72.14170474575643 306.6195976047544
1998.1562568946283 126.25379430904671 705.663428914826
1700.7330912357638 1759.2557991637457 813.3729325958031
322.5812132921151 803.6571146978928 744.0704274809058
1277.4937511840274 78.83524141142485 8.967209715211755
1761.392018878107 459.5299385918745 175.19017666601826
1896.019421816539 1632.1949482417351 1299.0156850121025
75.28054224377523 1876.673348915479 373.5088244269438
1629.1660620718321 360.0250247592853 362.895927713467
1358.4117844492516 1086.446647826661 247.3933620127865
1589.3416212549223 858.4648388750531 1425.614839076195
76.81206634183168 1241.005684619565 858.4320452966505
499.2253616516604 1756.6601064816552 487.4120547736061
59.7229742868175 215.04285775033827 677.7352549866814
79.79005802776106 1828.6254362064408 610.9108653901598
1979.1116043039522 938.206504603674 646.4943823828803
1655.204132473345 1318.8609074627473 287.9839557459997
1205.732160884706 1776.8627032284792 330.6810974479071
1625.1290301866609 1405.4055652297131 1102.6667317950044
475.9141070843365 257.4391573672434 634.5137478307034
1046.696561606495 239.4137653558428 165.6039611828405
1241.9813579983456 1953.1249117005727 381.8267798160871
1086.6429940050607 769.3976685991848 103.25515159962717
1528.5897182017604 399.48571744911396 381.38533098259984
308.69537657121526 64.88535382849325 1471.444660678116
1301.9775150988764 1870.9878230275888 981.6335380919344
1320.5912705814635 548.1374207961418 1235.9755288593358
608.8869083311814 1057.656682010995 270.01335391037276
1886.2980686926533 1233.2018582409796 872.7602165462666
1986.331856436305 603.7093079483595 1071.6468377209137
1855.9171140611872 1312.068914208307 1463.8412932211527
1150.5263698700983 1844.2899261060704 1208.9754123863715
1961.8606035158846 860.3916137356198 591.6460188772845
1121.5992269281421 337.634882506211 403.1053542838932
1322.9133030534297 298.90483169451863 695.4230626414246
1714.7221659799147 607.7333850533581 836.5698047158934
844.8978730357742 1764.1639205024833 188.37656741788706
1502.035732887551 1271.1558738837389 601.3440721914811
826.3621505181735 1537.675375172807 1288.7116440013103
1709.3371246407753 1281.409105205819 1304.99016745281
228.07332190453167 1955.484399936435 768.4689172063437
1933.4075531129965 792.5543035435902 443.9653446082403
522.4128375115229 380.8978604895208 302.73128156317074
157.2678450331426 184.07033232507098 419.0121588286429
774.2016694524262 1691.4089778852463 53.15017632731522
990.7586502879791 1606.8836838133072 473.1416567665436
1351.2699655606175 832.9352078083512 101.39259765262126
1446.9241749313328 1385.0595093736122 502.4155935573758
152.65371942510876 521.1832248219262 402.51516665289057
1739.5403968194587 810.1702046707635 213.3495890183128
855.7136151885527 589.5640664132158 521.187329341247
924.259952011072 367.2971731570085 546.4411241006314
750.7823320965463 1868.4425862913477 510.77128022477467
1487.6887231593303 1116.9355181495293 40.261436904787786
966.2512642552452 618.1954653781123 489.332342649061
1968.637475943238 1824.2999597102296 250.82913856597344
964.5825486221958 1178.7039293290948 756.6167711480219
1033.2721458709461 135.73258946883394 778.8465360030065
316.8695903315797 1515.1218610971284 1216.1383552636
695.2789870534315 1579.0581170739752 1308.501097634516
1478.8831335518128 1441.2869543905174 1080.1573015597958
1153.7385312101833 936.8489141087499 649.1189069236128
1645.4955448057358 1492.8676909637059 166.31245268199092
250.28638024800466 1340.4269664998485 1261.0241092872507
709.7872410471405 770.5934086476071 1058.8680993420198
962.4196869652314 1197.1689360618386 829.6270490280881
698.842925241187 1430.8801889336419 685.1217234525408
1824.933044915505 651.4236884847737 686.2148831116846
1848.6649300652828 718.3683275246759 788.7450055134774
1992.5869644277045 1246.1042287444711 1009.6328499097561
1282.8700610185347 180.95597858239555 269.299412959037
1139.5463497938958 1612.9290216024297 822.6030122850326
424.77210090932107 473.77759327706605 720.2053336862904
457.02050466679725 100.39867067450436 490.28953262731216
285.17024851158146 399.2659592565877 549.8294886018467
1186.568488275324 1485.0548942089986 1118.4581275854382
1814.9448295670234 1255.1561277965252 1118.8171580241442
795.4763114430534 209.32506208812575 755.0006068247511
976.5668556076672 1735.2135593614425 63.52346518952046
1638.2547879342417 1499.9805128637859 1233.027450198636
447.3409094030254 799.302501060273 355.1945616989267
436.4096332072973 1640.4452497235075 362.42565323618953
1149.6460725798327 1035.7024918649513 1456.3173845444842
1096.5389932881012 1796.308542766876 1407.8012342540126
