250
822.3566216151003 1463.1987329169851 947.5777380312031
1281.1746733665923 1359.3755309620492 54.885605857672715
1666.8693484972546 1268.7608866616315 1450.4219037556093
1094.4845573453404 615.782847372997 463.9508061639854
866.2867637653553 842.7555036615165 690.0830463295451
609.6692159978699 874.6555039292422 1442.058763735568
1097.3618780483037 1348.4327750201778 854.9557832629796
1204.2732643188913 1023.7800828033504 442.02925480310995
597.8581605169022 1500.229068272315 95.48171748142941
952.8099410244237 871.4777913977184 486.3807145667194
1300.039405265383 1119.3539796419727 153.33948375624996
1374.826853516519 1181.333990272151 921.4931087379513
1207.0275755613275 585.4794635199862 527.2377925703909
636.0482471193727 1578.4627139372678 1186.3365866449371
1003.006351105666 871.5859021357393 675.9966764775534
1038.032346247481 842.496127121273 947.507972930436
1341.8057121797538 892.9761847689375 1306.0401891842612
1409.3708860276731 1365.2843468632827 72.4869751478357
903.3579745717011 1011.3064532235933 1075.1760935663867
934.8586978003663 1581.651189841033 1495.1306435050087
1288.9818599346395 1047.575748692634 1259.3229297907212
879.9458297022692 551.775455660371 962.8388971523328
1157.9452261831361 1037.6267924621616 544.5500673115478
1114.4001877941284 1394.3964554390186 803.5535497595077
748.6221140261409 777.7480886948211 1004.5847767783893
988.9419246252144 763.1812262299765 590.0872920789742
561.5727567512781 923.9145289109631 1020.4450990479485
877.8291326704924 917.9380483232825 1454.0238429021874
887.8595196705337 1179.8667078225897 575.4397897666804
1084.0322951767807 1078.9105940810525 142.66901571257233
1115.130610360936 824.8143192036943 33.252697960204415
1566.2736079462563 863.8241846355753 531.9228395962812
649.7418150563321 1264.1973697947465 847.0056103230662
1193.5819237574751 1366.9166844175058 820.9140666750288
1021.1916755325454 1318.2271241721694 721.0648851942428
1276.7637510364723 1488.599193593723 961.2276467235708
957.4565778289582 614.7217971678782 988.2572684466285
960.4826884004368 1288.9426434473985 596.3254404312077
834.0749096536707 1307.3075473591477 1282.4091231919904
602.4835737512168 659.8887936170531 542.8141866890932
589.3479944273215 579.7635030079385 247.09029485652906
732.7624349814008 1157.5500743690357 47.32426542929852
836.8270036301356 415.3384571624067 414.3342566676554
1271.1596378328218 1023.5195335131743 919.5423134133042
1005.5492575944569 886.8371924113668 274.13232821857144
601.4713262987821 551.3867089958393 567.784033918856
1025.9921971670021 1519.6250143092448 1411.4822331405312
1168.0691968575688 767.2525986352688 750.443433466104
1086.0370924887989 722.823757740693 1030.6693744812378
983.7223987274058 1215.4510923116811 209.59781647621693
1224.7198381663925 1043.2176372676108 721.0568244669456
970.6319629526885 761.152407286166 66.41717142459957
1423.2042242514788 1009.4618867678098 348.05590622265345
1071.8405638220693 499.64771643352145 672.8345279684532
965.7262250520315 1057.5077365262996 1438.2972527855363
974.2250365897316 813.2872745892175 148.09196206104642
1196.1085668863793 941.739840150683 570.5480965558319
1065.23915547681 1250.531981963859 1057.5065942647718
889.3001369084457 1103.4186019917931 1370.5217643327721
1127.5076690789308 775.980306898613 621.3671064638073
1471.5144796543361 419.1671193136019 1428.7540310655777
794.5402880011874 835.1576709945361 1016.7710528247494
898.4086348852215 909.5817203739261 945.1224981316178
1215.21216258832 991.181032628759 69.0515602177617
1037.0072844770468 867.472059947318 829.0933200241325
1182.5723978149763 930.9881631744364 901.9392597156657
1213.1168867568852 839.0831426507364 1276.0305772401466
987.3113575105443 1133.4577325460446 885.6280576885728
918.9616498212678 1211.1083044149784 612.6780304754041
1250.6868862836632 539.1836794466853 1132.250539438515
830.1667292194008 766.1287967552316 37.749957802925174
1215.9338201090584 1118.5598187613919 1019.985393025907
1046.5660107845977 824.346609868211 23.173864979463886
776.8334014634981 1013.106457986339 1185.4397923555525
1095.6531846332766 1134.6715118228828 267.8451111571481
846.0541664971386 1012.8432822713174 1431.3155720076616
1426.7336254017564 913.2521944374043 644.1516089266557
448.71426783388733 1162.0103415198696 960.2287580326617
1376.241011825284 1084.7047826101566 19.387374678387694
1017.222300982695 1502.6698431558596 723.927645945164
1299.3707849665036 558.8396454839477 323.5858783635493
1223.9480097818719 1170.4786841234568 1187.4769065385362
1453.5554094748254 1339.6611151249515 1496.6374547738562
1165.4251863344257 1097.5996373523037 363.68713545673376
1010.6646789415083 1289.1866185220742 702.1160149557007
1092.1704533943268 1164.0389661837485 1278.756117406976
1039.8882819220953 779.7838136796013 822.6693777066844
1157.3802364180103 1063.7531007142557 572.378591006379
1037.1748478515028 1483.8561226549314 670.4352989828442
1278.8117394385927 1353.331257697045 850.7408693697815
1048.9825129757464 929.2559949685674 607.8618249904945
759.1665883642709 1112.1810356185188 831.2196000500785
874.1537564145451 721.4013414151877 909.7175747094644
583.2820422355956 1101.4348935188239 367.462020028926
1182.4020114440482 812.2989482736147 203.07619664217896
679.9816394877316 958.9522409164873 806.8786225867863
1216.7377429942082 750.9665038515284 1461.9193946774235
1002.0018774525233 1048.387653375484 585.1825131688314
1020.635414437353 1040.0302405277382 1162.8246084222126
1228.2851214736409 702.1559137687395 725.9026420480947
1052.525008893798 508.01509076270867 934.1999007828325
976.786985091621 1324.5707181451332 1134.851997730223
842.2560920156079 1061.8963318264425 124.54679699466031
968.3346320559756 1289.4256567350951 386.97037490746453
1075.32767702589 981.9501053441987 284.46897845679223
763.4048620831558 933.281193036928 189.21399506939767
905.0399477159066 1146.9978090960285 368.6838270302791
1180.2708502773137 1115.493695495478 300.36909996516306
958.5990614824198 879.4745054248932 367.33142534598045
1273.5722519628926 1116.2318925277448 936.607180952453
661.5696357065755 960.2354413578006 1324.091793229191
1525.82861573636 729.4005706728951 578.5898257980465
1131.7579410159822 1266.8179008049246 30.522409526070604
1074.9627356619758 999.4099715820108 499.80019592943876
1004.2408089915181 518.2523529668301 1437.2172321863022
1211.8864471559316 996.7361168428633 1492.5162966140633
724.7584339984082 1226.840496587814 524.3013956500524
951.3116756373875 1152.7880237135043 296.3083031644943
923.2378238225575 1023.1991510214822 936.4700253414878
1070.5730124628722 1361.9043674521852 762.7696777021168
1073.9350878061696 959.1301369521403 327.53830941558806
819.6221096637536 1087.806208865953 1226.6359575248864
789.6865781092938 941.9161975702827 1094.7516596448227
791.2039550864683 1063.341631823841 803.4604064728339
920.4528511233469 1125.2459044549435 1181.1578371625421
1435.9864784636648 1023.7428658855675 1092.1150188430115
1032.0052663184767 1451.808159214227 403.17350278115117
319.2838235235902 1015.4269683701815 738.4395473900865
1267.4080268530251 845.2589906441706 322.92219061257555
1442.7125348690167 955.3333759232486 478.650944333653
1236.5775612440198 861.1621765303423 720.0478698479076
995.897527579187 884.4330526542323 1169.1212583082558
1161.404740401571 591.0343931868354 1144.5224880294577
1095.173235126215 415.01351465614107 1179.451696200263
1027.6170209343982 1562.852085983514 871.4555505468236
1899.5090772095207 800.355388388926 772.2716598415925
1119.3246798447826 1070.8008336055473 1155.6551694613875
1083.3657448549845 1117.8092199404052 244.70502450650605
517.6834819342353 953.472690433553 848.0289275901096
849.5796819338572 853.8976119853419 1164.820208722561
550.1718297849434 1646.4175684103902 1366.2655319046441
883.2101992766076 953.2490015900437 1149.7012141132766
858.0567158843088 794.9074567428895 1482.0140510182107
429.1824126051954 1383.69661953476 421.2242102222622
822.5226021615395 1079.3217484766155 112.84325440484344
1095.241860592779 1112.9213733941983 1211.5338516964755
900.3728395364158 1358.2799408947394 173.07474884747097
1161.0484388848104 1129.0012707494047 1219.2145527801688
647.1052506031148 944.4775022177454 904.7429142975047
659.1462530411548 1311.372774594848 764.5298522016489
909.4853537008629 1104.6248477179424 1091.3204687725631
965.6461634670947 956.4367360898202 338.03888431411514
945.7264148090073 1113.0663989087657 1052.6130280984341
1207.1440050930034 948.6893787268605 278.8929634841145
1286.111949984492 1162.1189542660688 1193.8437847333907
879.9093690990318 737.3873280390965 1056.5421593400167
1113.4365658183965 510.065308276938 1282.309700097206
1300.8297933919548 1094.0281187757937 82.90031027969563
569.4737720675326 527.4496878581053 455.93505009961194
1000.0910858566556 502.44154363876 1065.38364641937
1294.2018458333532 789.4612110162828 1055.3487283780107
1014.980247433295 1076.0918662837696 634.4295504194652
1579.5817291631174 532.9350267228297 1185.1445482282184
1117.445378440151 882.7581688590938 1214.4810470637128
933.1798460345552 1197.4931306195324 895.1047719664984
992.4859612046082 910.0179676151531 503.4565326149833
839.5587274567763 957.6344282694064 164.55325287262264
737.9196280028873 1258.884136040656 1376.4048883050054
878.2412687728162 922.6058705494922 1430.613840150324
1040.9892205477838 609.4929841059036 923.8262442421044
905.8973301907641 1723.3860059063907 93.11341337094336
1054.335187776041 1284.8715225444726 1083.250095153723
1000.2183186426039 672.8943658612006 78.26385689717308
572.3019425347816 797.7238807315598 767.9760573652504
874.4723134859785 1325.122012592006 390.85846610694324
1381.989535888394 1205.1949620781802 1192.510050452263
1003.2470288043852 988.7693485448023 121.25328572749771
1451.4827431541432 1153.114505187131 1209.847725189271
1280.3103733497323 596.3528193267144 723.0363508483775
768.3529706994623 1268.8452242717262 83.42639886297675
1169.3110403014691 1414.1487063479922 562.4903499227146
592.6641495098391 1169.0959151160848 547.0716199654253
956.6458900726079 686.3822224257076 1443.4028003386065
564.4845624117658 1190.5903085496561 319.13426266761326
700.5400594768766 877.5037830225042 696.387168752071
1057.4685893512556 876.2522371825639 1389.1032536306056
1110.1533383665708 957.8264637063211 782.2667919661274
881.187518171485 850.327238830858 104.27718834145305
1113.7287165508972 1247.4427870802779 375.25885059882495
1146.7280129533783 1218.3337463741614 758.6235708963657
971.0340769298105 1077.6140060886378 914.4411685841138
1198.792285571233 1080.0917474995508 1257.96125370157
1549.967939754256 937.4568521862072 832.9369272507302
976.4433270449813 800.695504720105 1025.2584781818043
1001.4162335248195 1249.1219230443128 1163.552787724079
807.5545850530201 1019.6238861449862 97.25719923163994
987.9147352191254 1039.2716975735125 47.84700317647555
1371.787769602427 715.782485789907 1213.2445654999137
963.1663635975319 601.6505714205288 280.79949569041594
1317.1669096394962 698.3885416346872 1236.8396567840105
881.5302989306185 947.2471937140205 174.62755917877598
1071.0921405428044 742.7606519892772 472.4550504742422
1667.3604927031975 893.9553451572679 633.7134420778025
896.7968291914995 942.9461513729542 55.165748974691454
1308.773231016323 542.0606812036226 283.3844723904886
1013.2951430283941 1334.9425366094258 320.3789893976511
747.5794104288042 1194.287177466906 1060.9875056876258
928.3145977850784 1122.4565042862203 730.6980919824765
946.1538092095193 1018.531329982262 1433.3887235715003
867.1674799219519 856.4758648158031 271.74696527417893
1171.138866204159 1313.852326885607 635.644535246213
1130.5278934946953 1198.7408722875568 1065.2778782394444
1085.5336950786907 1390.0290247934067 61.09941429094135
1316.2023247542902 708.6972469503949 85.98639853245376
622.527991825398 1588.7035869534568 933.4051707319649
932.9760458771487 1122.7944481220652 1351.8465753159562
1199.9613486556145 786.4304899291412 781.0191419556542
940.4247654109945 983.9028850326946 588.8599097958513
984.1731325459572 965.4769091512974 265.8184100790894
856.9778548522228 1004.3385364523862 833.9515368134441
1023.2349209984857 1166.6633062283167 961.0805656269524
1586.0385846362817 874.6383656331222 388.9344959016092
1190.7358686617226 975.0501623035449 366.76246617892457
1073.941568855431 1072.272394595501 229.45214045124646
1094.9377492496876 1183.203597928653 822.5350644384721
1408.5474456096679 1318.3191592436735 1385.9545992713188
853.9663675349037 983.1550682404933 1290.3308280793694
1416.1814162334913 1164.5725631999312 1125.005157544478
1302.3013510055048 847.906166196773 314.6350403628506
471.73389633357385 1108.5589774103305 1351.9458407612512
1480.0651189550542 1065.0630142299199 1353.3367171025172
1086.1432061953035 1296.4545527518078 356.2792978836422
908.2572064236149 591.3611027799079 184.73858537556964
660.1263817981853 976.4339127671279 412.1408498757463
901.5420984116727 925.4386663958471 473.1613618704725
1412.5722392154416 914.8754725061805 923.0099237764075
787.4815122855631 1239.622875561637 1370.455150754583
1415.1566529411116 450.331135938678 861.0427718074785
978.1704274745163 1247.4335232982792 196.59483979873337
690.4091373612705 866.5156547267477 1147.209849181227
680.8044018724233 891.0227677617781 1429.4742280834434
1156.6142409838822 979.5878212412138 457.45377407733787
1159.2938604353158 887.7403058041017 758.6136414908376
1203.8468906906298 1103.896248260311 820.2075005420788
440.4642016961311 1148.7018363619122 1275.5009753835866
1080.2481603819947 761.7149597598243 301.23184792998205
1001.0939271780438 890.6111065328802 766.8761062193041
1464.3985038351818 856.9711303080437 1255.8095380599375
1168.5164478353179 1253.9420684902348 487.20107928356833
1057.546951826179 1296.0400715737037 388.2310936181301
