250
1293.6232073656447 1018.4581761953953 679.5864981834148
1302.7716328237952 1196.2666914561905 1085.4434499443937
581.6922443337426 1215.9863468917397 1228.103219452698
1227.4756287290354 1101.8043446612494 392.14220850948084
923.3228223071196 1117.5361262318308 1025.217921823249
852.820433404623 1227.8701133478348 755.3727253360029
622.8314730264669 1266.5252617908588 946.6319195697067
708.710180522268 1070.1832933158544 556.160058630776
1221.0244584929173 1034.1876543847495 1436.2654461041395
1395.6365842839612 1250.8785330362778 939.5612915597776
1304.510326225851 1277.5890124275284 1294.2076765983327
614.6667978947 712.0547119826457 499.73595357685014
1147.492980537823 885.3228431760102 57.01873163980331
955.0600382442432 1030.0453829717676 120.05399014184503
981.9152318349763 1151.0518943376162 943.3311501521473
748.715628885915 835.1066819642342 937.259549127319
1058.938051825979 1299.8196879938469 1194.3341231647346
761.710276605325 719.1616697015162 514.8002921874444
587.679971203496 968.4729210221503 1062.9952281251667
520.4744089760616 1016.5539644091142 665.8584732881689
996.1890363448446 1469.7930592801852 1202.81861936446
974.7012535907206 791.6091803088975 762.937560356363
1028.705473053352 1196.8612135794447 502.58510677254014
728.7628874931181 956.8863717604667 299.30143409109905
641.5060594133275 711.7622220665813 1130.810496404379
968.452379160891 1060.9724105479409 1378.066843422729
1109.4857271478106 918.0685240660426 144.09319472550868
787.4000875931395 1132.071100716455 1123.9908955735027
869.6157240357979 879.856275450876 1138.3555934069764
1171.698098635566 512.0956840270168 75.51302453481267
896.5258592518147 956.9086372754927 1220.8964759512278
896.7997667081931 802.9582906267249 1122.8439726626225
752.1705353537612 960.8023977205762 1197.1894706789296
1022.3267621782466 794.9797340823284 114.23514210890428
1028.654745918227 675.5940676332798 1162.7287490965007
604.677106992199 758.5744630410591 670.5626679666194
766.4729603689113 1156.267361299482 736.3614773419895
1033.636990777031 712.2314357025073 1201.6536563562252
854.7871637085282 816.5993184105273 553.9262569353069
744.2983348418261 823.6843299746056 501.5351046743408
1214.1288196815922 798.9151997701736 1258.693733799926
1054.1331305526617 1107.116699849259 484.79484702325794
905.6096988126521 1774.6515980798758 1267.3505906955038
1089.5746768519543 703.6944965690861 356.17616639495054
1218.2840147350435 830.7390456447815 290.5171081578134
1371.8909232657272 1067.3409854246404 168.6884554095921
1151.0360073007034 831.7589949008623 541.882670804516
999.9655540193266 750.1558905366873 544.2756768699734
1260.4898781633603 802.0560412397813 640.2346966553738
1065.1695416544317 1148.6973551940457 569.468939214667
856.6812079910186 684.6218123698093 784.2531072686232
965.3478534010864 1067.8433563590288 855.5287579359316
1162.3828924570128 861.0036158725213 649.9647931984435
1443.344163994608 814.9113871275432 600.4142207361906
1183.1433520516402 1151.913336354159 1132.3625582870222
907.8490495532244 1233.1196677569908 865.7663114698618
1853.283283271653 1136.78955554651 511.7813024983117
552.1409274492055 1412.376692800997 311.6901552837834
1398.7804654424417 1111.2966694167312 927.1134977446818
1235.1715388435139 1030.6599292833625 1241.0642612046786
508.80180085888287 734.127375458077 245.9804145105488
516.318360157635 871.2195613257562 1324.1365619689532
1169.3083012961495 1072.8364031494762 924.9363331995895
583.3776569834446 925.8579409958554 568.8708555405816
502.53192787352884 806.824055371116 437.2584953163597
1061.756030275885 1222.6319312063563 70.76074301980029
755.8053895454364 600.2286873840317 1267.3371331237568
1421.2371858054514 941.3570320180764 521.3643546034864
1250.2019588384665 565.2597347524262 1422.1332493577524
1308.2783057230083 1015.8644475034135 466.6466270802392
1119.619154460075 1285.174813450698 1176.5271951432078
910.6658209279099 919.0206139951815 1105.6425446383705
769.5785207251715 785.2642694418086 1129.3989828782228
840.3317550013495 1317.875316494862 704.3402890259147
838.3750087800408 977.6696957771675 288.35930945309246
788.096987428093 1048.881040232132 672.5985049635846
581.5619388119101 859.7433315812663 417.42723081792104
1173.7008117829762 1358.7468372651028 669.2563819658768
1214.0025929093854 1375.7571524929763 907.9182684445184
1087.6477011439656 961.9673325581808 1138.3984387089247
1358.125502829228 1286.611550799408 748.4719311701882
530.0634458808086 771.2701894722293 5.356807437511435
557.5049608964667 931.5882137941023 1069.7795031603846
725.1253180466397 817.2856846349356 602.7400396637474
956.1337327695446 437.77146746560504 689.0233818112424
1349.8331024094705 1252.5237796134736 285.2208645468445
570.5988333090138 1274.1331077240827 1182.0938643177249
919.8381947722489 1133.2047175356008 552.9678724268172
587.419615659307 728.851998445612 1353.218122566153
1223.8256108022997 831.0507292375365 245.7893456079155
815.5507836595302 729.5531454517657 349.0115107107608
803.0479041749095 1320.2930566215198 478.3487271338511
896.7511803694985 1403.2406016624363 1064.77822957689
873.6856185866591 1205.371113303298 954.1915543805635
1519.0809830210796 621.8574379343218 926.5414045390436
1006.2119477974516 1083.8755073923712 1136.9979403595285
1332.3801723173126 707.3301922188434 199.28852371612265
976.4179059256344 1038.2339603278708 1238.6570276783934
976.8489504898449 797.3149190541649 1323.5846860579509
920.1091633015728 436.49927973809827 897.2192003939988
1194.179631825144 932.5140951277892 504.1540215612939
990.9844361812653 742.3046391563712 265.040784982176
917.630329598938 917.6856239477535 778.3126467185486
949.3884001428057 738.421718522124 744.3398279095212
954.9488284192928 667.3060625017907 1495.6260913331005
977.0520980455061 889.8146900522764 375.7428244146442
909.8225825115984 895.6635125673455 1164.633122452903
916.766285874112 850.1805292326525 157.0986352587187
1304.4458564179938 837.5455426487 893.1419704254312
1030.392431016865 1335.662896170452 732.3506639137216
803.6809217580144 689.9400017769027 276.34165734697547
1238.8901000524477 1251.3309800889783 1139.8278534214999
971.7061123238484 876.4328867660028 1175.6922763658415
1116.3337504921728 920.1037559457927 420.0155399968406
1056.7125209814378 1123.9942162986092 1224.50397136447
978.0225410646937 1011.9186907847889 1431.2082689609729
940.8754010963293 1117.8977861960668 764.3485055243897
805.2447623452214 1229.5277611073461 678.9279216255198
744.3497341507169 761.1412425644658 469.5506405775458
1111.176093527051 859.1837068635947 772.0390874066708
1075.1541160015543 1546.2661080452463 645.5405706121112
1498.5138915267178 840.6878395373363 837.924954997145
1132.1208567084025 1081.7841678778445 548.6314682087583
639.6364968842265 1121.6485271824638 719.7110192946903
847.285455387006 837.6219677860965 25.2443917443943
1453.5610163378237 1043.4677185220614 762.0886550318578
780.1734242825476 940.4136506887171 664.5609612030116
780.3862316108639 876.7445783998492 815.2592915779373
697.5362504005135 669.4571003831961 819.2940418825834
825.628632169258 979.0383345834188 293.2242883964674
1219.1294608858639 610.2296449565281 298.3026025842774
1034.74450007451 1265.9484610857216 1248.7752163461098
227.28964913844868 554.3381212277693 140.0868052023324
1120.184275605799 738.2662090496055 625.7897563465277
970.482655294719 959.5829939863885 1117.5818971858464
1231.0946388903585 1214.4723968171427 1308.2626687711818
1113.8556835179743 1073.8754830978673 1107.8980560647076
851.7206172278997 404.0863834505949 266.25334402716715
407.31724744198016 1434.9471091912765 1458.2379735469444
670.7201820161633 1057.5888771579496 691.016708312978
1009.1076280763965 1013.1517489974923 710.4071630050272
699.5255238388905 1033.114268152164 1020.071277461406
1013.9334847367112 1067.8575868411858 715.5531140668949
788.2888201511437 1295.1189607031288 1158.383071113062
1320.5361167426215 1024.8633998281443 1052.7402536014608
1469.627403673409 733.6302493768501 434.60753881201975
854.4910110863407 1279.6679938855289 1117.3628936907323
1153.2674863870525 743.0793053833512 426.93315278622373
952.7576856080757 1155.7587328458635 1178.6215334821577
893.4164942199304 732.3293186702886 1247.985215653926
989.2556594430772 1165.006685936587 373.936203057439
851.2321296503505 422.01341925935276 303.50677765617337
1298.6450197004276 943.3584475636999 80.94649736489995
1334.7933977071953 818.0379660901189 531.6393136832472
1378.2943196082788 830.3520977495995 1452.5461835244598
1145.5747806169531 1321.7231087459409 1229.8317412856443
1086.230378696993 820.9086354788067 686.220889848373
1161.5641617260756 1083.1991034863775 281.95201762004365
1040.074438033801 916.9518329405378 103.8511352556572
1056.2920182723612 1150.1048818795082 216.71228381535101
1326.0649369536834 974.1798249925492 2.57317783276112
578.4700428583249 996.5059185369283 214.5830780072613
506.44731749333124 975.895424194325 108.81747652806773
1779.3896393351029 1204.5222211850235 817.3299905319926
964.5009292474115 707.6857025664591 768.6331246198049
733.1312779233642 919.2346664099301 1414.5391954107145
999.9891620898458 873.845561871198 1032.0861707842066
531.7904431282593 583.4775713366116 128.39864838491948
976.2774952835136 518.8703638085635 1227.8184602660456
1179.2931424810338 1119.5078582111091 388.1406319675203
1161.8197283038453 1104.99481159474 403.556696226059
737.377050712574 1093.0469196247573 1047.6671003816375
1162.35465119503 422.99227195947367 130.5026154989427
1257.4703795450519 1120.8965443874422 886.4018936851388
996.3024649768099 931.3458375233454 910.872966893412
1003.1208236247039 692.7835980065272 216.25038432113723
834.9739810080684 648.9896897425331 298.0228243944699
990.8155710846115 1239.8368963470084 995.1331488422751
1202.2469167771262 871.4807583380708 1179.4619035775406
566.9524230072316 818.6108737275555 640.2932501375196
1075.5223042931327 969.914515026342 654.0438300649342
1104.6181628251347 1190.0435268789934 477.40514620174963
1069.7643284788508 1227.5398878236067 1134.426588088395
1059.7624483647503 1336.3829366110238 854.0028182468744
1441.0225199083948 608.1786577433652 873.2311144550622
785.8283361006013 732.3651214520153 578.2727524182505
933.9245725972509 693.0195992127558 1307.0246213261441
934.8495448238984 621.6722344711005 827.3774500436431
999.3501228684873 618.1592310919877 157.81162021029277
963.6330541801578 1070.8768963037303 458.3992308240599
1321.5266242165892 1009.4721517552009 783.3893472394435
547.0000895033289 981.3896720240438 1184.1792948478253
688.9019797404991 1051.6962463943648 1207.5237671515017
1049.5682042569204 989.0994026894045 680.3380691801015
729.0401352229353 1022.018221655261 752.5837016691635
1187.2287722458261 993.213215713481 1083.4275733736758
878.5844999372206 729.7218964647893 737.8962269017658
1272.1903786396688 985.4655367824396 1153.5395746013153
956.1040523394158 1334.403707014064 300.43170146567144
527.9188050019246 1250.4169411670698 215.85908202690408
818.605038629945 835.7778087794549 1286.2580660186825
603.8650930329798 987.4451019179154 1479.8220813930423
1564.7813101551899 929.8048867054097 1281.0463859944796
765.2290029965969 576.0237494343453 978.8635483869233
723.3673577672432 754.383713453818 987.0115548948495
1316.6464852459476 760.5411836399746 1067.1726426978848
891.9672148179919 1064.5418427056243 1391.5699976589185
1176.0488916468114 1005.4144073558525 1274.4273326323064
1171.249736022874 1324.9764665768746 1394.541506958959
723.0429076695538 919.1535993510672 583.5487196444515
761.3413273947449 1313.6333403971876 402.05154259735906
1252.9493377028834 811.029487089103 296.37238507533704
1112.4348086442035 940.8653148972545 689.8292925164386
908.4208270702845 797.1301521927226 979.4300540942968
862.996046975404 1076.1609705120138 1244.2294838139612
1512.4598903402425 426.46905307878376 439.3542551831719
916.8708749393761 1039.011487412446 1141.4645715654099
1285.782947129679 669.3533971304965 232.6148124388009
837.1367978490739 550.0949388192105 151.48997697371303
820.0000269057427 1050.7812074418684 203.22231117757488
820.0571844895551 951.8139425482702 1123.9732191548799
1448.1740896862816 1261.9857140862944 1391.9772734323071
926.6484719668799 1150.207216595692 302.7181429758123
959.9440271987271 1216.407150581897 540.5153249518914
1257.5622051460437 1468.8306359273847 242.74849736136673
1268.3483677480162 974.732736022079 1470.7580308405825
982.8789354413819 834.2476333314531 154.9777796577189
1105.5948048865791 986.575159486261 1361.3966969296841
1117.990046333707 1074.0253950004228 378.24220721449774
500.5933988764864 820.4509590636934 1085.09915012636
822.3388810829471 1133.3827889175197 694.5374980869161
859.0008330034206 1316.4337410352102 135.21964356668053
912.9152138717204 1581.6167752338465 1157.5922973299982
1179.4925440573215 852.5936241594377 402.54368328135246
604.0983808203569 1463.2415232541634 175.831513099725
655.8597362357286 557.4283949711422 412.63147746580375
707.7796823344338 612.801213590285 27.80496536939908
1077.9721956216215 871.3586103680559 602.8100010437244
1113.0578067246297 1419.0574979558373 953.7352905294723
418.679202546203 803.082919531608 283.1741477802189
1134.1915633629856 784.1656193189536 993.4624295334467
1047.76984367936 988.6417985443761 417.1870595165534
936.5861058388707 1085.4395355092488 801.771726368142
855.367362890003 1136.8387432852992 186.39118392877424
1198.9120292022264 794.1222334067285 1324.395340858552
1209.8504658558497 823.0260981234555 734.165729103838
899.6463112603868 995.87945313616 309.49901264545974
841.0352971666102 863.5015365032494 852.3749707515015
849.3219731613534 1394.9704979371845 920.5726707599016
753.9161075441373 1068.6436139455898 1338.6358750661013
