250
1124.7503172187721 750.1170132555218 311.30987619748987
843.3635416288474 945.5087330510572 1372.7765962478045
1480.9982425132744 996.9092529368758 1297.135132008585
674.5069862152711 1034.0849711923831 330.4176242296053
1020.457250557494 876.8434530001574 1075.2360885515477
1110.3747318091907 825.0596616738516 318.22406725678894
1114.4075783601077 940.0458263727637 1246.5294089513654
1192.7124681338323 850.1054573181171 265.9573054720978
996.3647111286648 979.9098225901537 800.9770629224965
895.4450000364833 1276.9677477678658 1481.003332736808
1132.6158243986602 1050.0523710263728 1103.6269982874253
1096.4324401740423 756.3622307547291 1259.851210789091
975.6710100734492 1384.7780273103947 1494.7351421954759
1300.4938128666877 874.8423442887974 107.96524931827489
963.7427850261173 671.7265932397318 607.5289180484419
1091.4773713455402 1310.2659650834246 1390.4325358239362
768.5434736396928 970.2615284864927 104.67494621957985
670.9091559126333 1210.5027156583644 1016.2594247222427
939.0638954919806 1472.4068975709806 1173.032291011544
772.8938142739856 897.8617977414035 1375.6207957307545
752.0114187318201 831.7036799458979 1280.9236182960424
1109.616743202132 1054.6621082009076 714.2827456324885
691.1511123770586 1011.0357600376578 1307.7243357265752
847.3160976617875 635.1045263146893 1379.7557873029668
463.5243049315362 1005.576195555925 1164.0620131560916
1590.3815123493828 1374.2085781734054 937.9674621175828
614.3115994124526 773.1537180418527 1093.8553556695554
806.042564470766 1149.414903137247 352.3347072039472
1134.0378301788646 1320.0319387530267 149.094372570918
1174.3459525165906 761.7521182345677 134.79093924548746
1258.7835446020797 771.454368307833 1392.7061215063236
1295.0605560170357 645.4165907935771 1283.1774341795594
1003.3702003690171 1432.4530902381139 102.91123687155374
1135.274816418802 824.7979993252882 1471.336869311881
1198.3031344553738 884.483367836763 1007.4353775445102
781.6830312554814 709.7444239708248 1323.4751654592155
639.4073852365801 726.0843306395085 344.61185573800384
948.0788240097028 1468.7945918362352 591.1285790839067
1235.4839373334348 961.1664197472442 986.5332752419483
1034.8789783731902 678.784992952555 1347.7597247941492
986.5164351472993 763.8488351980807 1217.3492553119813
714.0018475987499 990.4305455884682 33.59591047012772
1265.3406595519282 1161.7108865200528 1175.9009697458323
809.6041574907101 846.8128414437763 366.18419068979154
1212.027060827898 878.7725953083013 564.2074752989712
1214.5792518862613 1073.4621202499816 380.7420832982374
1040.5949416454919 1220.6091804327657 172.31184347067003
870.9613549368909 963.9161455621081 355.68685738930486
1387.4256649713502 1036.2057315692448 1299.412630484696
951.1356260132756 1131.2445853250651 425.5455209692643
594.022821794603 972.2226749242666 54.02665164754128
1358.9750686173397 1211.2036301392463 913.2569284687361
724.5823153968556 955.7568717410205 587.3958601124174
1013.1504489838456 1102.9909028302602 1033.1301715655288
821.7025708465256 1130.2851090706304 1043.357848778689
1411.9203820073383 1136.4742940921394 765.5186267426253
541.5064161830057 929.6437929574435 234.05581010415133
894.176394483319 1020.8313899911133 274.22135391403896
703.1378011540351 1330.3442567257275 870.1559869043297
1193.3258679244475 926.6643185277694 1179.5981145301616
780.5995329114137 799.5186629814968 920.1370102131582
1207.8329876725006 999.0003041803916 1292.202757418661
1221.4793785368884 1517.7519346216213 498.19728703445185
1136.4554239745376 943.8437062194196 1059.1070694826865
1061.163225232359 1170.7799034566863 920.3888536547513
918.3458785568299 1039.426825423539 365.05337104274423
1257.588329940555 1234.006659321104 94.27623819817543
1137.4203919035963 630.8594190963183 837.3923334415344
1020.7364939955505 1087.003284088061 519.3938435531086
685.710389735361 588.1094866056138 564.4397241039445
1036.9979930400818 800.159789939836 164.92227891885625
1046.4817116080583 759.3036949223278 1246.7547193112957
1133.9361412622825 1210.1396795554215 86.41787884076285
1020.8255336217233 1160.9383757675027 1433.75230199566
1042.5418365064797 1059.5687817326861 854.9169028985418
783.9097385364327 516.0234767961235 935.2835619492064
1200.0698458320437 1266.9388233437348 1200.8131760307335
1236.5587540636698 1037.763645530402 325.0618125234116
1367.0165990326987 1224.4614441873996 1433.5051677183833
1750.846648041063 915.4667083287991 97.31079536830872
943.5738897970024 996.4001234066013 1199.2697639022938
682.579631383989 1034.374906516487 42.65324066971071
530.0760699694746 1637.2673228273666 1249.2657002153228
923.2601061505816 1356.2444299258693 1302.4079010099285
1175.1704572858064 1064.6691427209685 629.7849781633479
856.9583891705155 1278.224056829334 927.8475871078758
763.265636202023 1010.3444179037155 1260.8129223753042
950.1168862124721 1114.8500822369342 21.220779049838267
1128.5987744587444 1012.5138874340274 133.64331602149576
1098.6814898262758 933.7496152022584 13.3387855813773
824.3106760339747 841.2162415874459 871.5215686098434
770.4567492100324 861.6838731974175 833.8299122516862
729.6378236800429 698.64976273945 1195.219016832299
1168.873978962191 634.1960872857312 619.5444108581181
1021.6684982810938 834.8022841844738 1384.358467784169
1016.7581518061527 868.7071850641523 1448.4500312610905
1145.2569073346826 1130.4192615492314 358.50566476112635
1490.068395178926 1269.5179357564245 31.162389037638015
1424.927605444058 731.5404775184545 1081.603389428475
876.291360992796 962.8467801483375 1183.2575681073288
885.5978024686564 1280.0138227782436 534.7945971750244
1085.454888097645 908.7269984766441 1053.8837224709378
976.8562936833973 1161.0417098528317 340.7897111059903
968.5053498004639 1240.4670126552824 1397.2953478670086
837.8740577850078 726.8167351593963 1366.716952003847
1010.6932773289726 754.2967172720523 1333.9184319083336
1062.2297714988013 811.9038788550993 839.887075456772
695.5905689884218 1462.4966401829297 800.2862236860461
1134.0126001949282 827.3306982019722 1075.5518511428043
852.2372248778277 965.6068198293916 1107.286377762788
1182.5730495937482 1153.8879238016382 341.2766092623709
1243.8575413571164 684.1004398880756 745.5322216172907
1386.8643108175006 936.7845931507121 179.70898530177848
1308.1451462293637 971.716276548292 1409.1878184318145
990.7548748410303 1391.1540645065375 979.0636505159831
1045.2810823654543 722.8832508363346 1117.900327304398
1183.7169026096874 1409.4731563170335 619.502649572063
1276.5264543704943 1057.2321451033974 453.38642279267924
789.0940197756379 829.5123153903056 379.3257055362115
1060.9374386503603 1090.9580098667382 447.7476620098607
1121.491498342647 513.7885268280943 37.766324865970205
671.8689909951881 1171.4894896467945 857.222575227679
1414.138971256452 717.5243106096195 1469.9128679496066
601.2607617137102 1337.5269558646366 448.6735757544149
916.5512988395225 615.4981144060816 477.71131305236577
1121.042498145051 1324.1970248560976 16.481091095213397
1111.4039270788505 1180.9269484705464 1210.348262358822
1156.177469176486 1191.2513032323748 354.02281882048595
1098.9430124438945 1043.4881900627327 922.4666776127963
1030.7169311949085 1377.401268936859 943.1717842692213
974.8704869683686 934.975085402189 325.17728776765597
1085.8246617456612 360.5573661743325 927.4779234094552
644.7935726381011 1183.7729610208655 1324.8694430376972
805.038539776685 960.5164942878405 1132.0613735161517
1413.211537942406 1168.3753590048968 1223.930941775603
492.38745764750956 821.5597512661988 131.7384440963615
995.9427791692237 653.4453823449737 1226.6393931414336
938.8519116302283 912.2328719282307 974.9369611407216
970.5900542770722 1106.4479615838218 207.3900262374486
783.3540918704584 738.4934269543764 1116.1800525776218
659.3181093112677 976.808628348021 798.9801921748034
1288.5034590592984 1034.997280945758 1146.7015092660015
732.7424645898687 1148.6604174375934 593.2153385102913
1249.678392048236 1179.1330029936082 167.3564243018056
1083.8302244384847 809.248893026417 1059.0556158220643
1091.7138360190638 674.6942624120351 726.6399543382869
1271.38305661888 707.7442047258303 221.90953915800054
1113.0973425218356 699.9004542807306 425.2242038004908
861.8011552659456 542.2244530334037 809.6941924185935
735.7413853062219 991.5634699920334 328.3798599207835
1017.8430555890967 869.0573456861409 1185.3878972699035
727.6122378610986 782.4783006222355 1185.734119841542
1447.6827310413591 832.765181272638 555.091798933256
1112.0015475319885 995.7258307607642 627.2007081977964
830.4322958665355 996.0368492709082 1217.0109336896708
1304.8405854282987 991.4200276518027 760.9427686000987
703.1002890511556 731.9696332189055 891.0853467167772
494.1427840264145 817.1147560080137 1368.0276882410176
880.6779554129724 882.731262368636 574.2494474809645
814.204832170931 740.2576327186619 461.1038441059962
1095.8915918046243 1386.9099220580015 984.1587737692032
954.7705943255285 1177.960499496347 371.9853572631624
1385.6205271036715 1213.1744125091645 1217.7770108135542
1110.1984826718572 929.3548875821564 1354.069244790775
461.13451281885295 1202.616383080909 715.9152918282679
1205.369157933931 821.7345755987985 344.0026667683479
967.0695240542143 768.0357180541672 817.9227562066075
774.8654606392085 651.9914080965683 56.93729905824174
921.845990410522 1432.6543588680986 426.92017433757997
998.0684252409894 1008.9589631029061 1395.006551279601
1014.4632471778482 520.3138294620569 192.04571322247472
1352.3374567619842 1530.4199385934385 125.05084248832365
893.2002041531857 696.714130734592 144.33579657678285
1138.5905294724528 872.0821032445701 160.0232256656987
891.637481661225 960.2671394775383 36.051247184955336
458.7101493610113 956.6061467386604 1018.0460060156748
930.9893093101869 897.3143135246526 99.02942522606884
1000.6929240372572 918.7079553326844 526.744084974972
1125.1278332655775 1138.7485721771238 638.826577744293
962.8550282873566 1330.65320736855 458.39133177742207
1096.179071866602 941.0565896131641 120.7209148954051
1122.9276538777722 1252.3988610437416 1173.6033154326155
878.2127929811822 999.7943606904581 772.8360778842138
902.8169167017879 878.9049141242514 509.3175657491651
747.3259208167256 1179.0917480631872 1156.4724967207637
996.558658793981 1091.5500047669623 340.4834704870389
606.5474926601855 1072.3411565774345 30.362482801148893
902.2282932493889 836.8470687266131 346.4580596699829
488.801842837059 1121.423061222643 631.8050678550034
1307.5228811763832 488.8066916227888 226.23928200605104
331.66495794557954 1320.726008762468 589.0422359989155
1037.9570131172281 899.733683440748 485.54912438312033
738.0533811724447 1115.4712229065924 51.726633479384056
1299.7043665884767 650.4288843835509 918.5220554498354
782.100724914762 1056.7800710230047 268.17813182549236
1035.934054038387 1083.2376347762477 397.6576272812807
561.0011425253286 1025.368227144334 473.3588042522136
1262.5281267803873 1020.2459087057412 256.60554570853844
769.8094695306922 1045.217673116468 644.3145272405651
989.670277172934 768.9452163702947 1482.7803304286451
866.4301365758306 737.0416764070468 446.4669159077923
1068.6540551762164 1059.239956163266 318.2102332832527
1122.8059578158309 1092.0558535385421 1453.4174092146798
1346.5637597822356 679.3019310330749 388.1873711080152
1117.0232406762586 1376.5603371824932 1362.0981737511868
1114.899929168093 833.4375403508138 1356.7864608826626
1293.2392438761312 768.455947946443 303.863477836349
1533.5542762224038 966.2565323341346 857.7821138690225
1170.431965850585 1212.9495604810406 913.281759419466
1150.937385741811 1406.8559790063891 311.2734182581189
720.0373483984806 256.65710032315144 335.170599573538
861.0154950896726 1271.9785400945557 1183.459785626465
656.4892855089464 741.4608893768741 848.6138708569902
1100.2319820208868 1078.5581344993934 872.1570105791071
775.4931325270874 736.930332673542 1256.6307950208916
1289.1157798435593 1396.6210872814615 39.78294539719063
676.1192663697612 760.6503263823363 88.87281953504278
1201.7678220897928 908.4728908628838 164.35027495041697
1264.9293755712465 878.8863126961942 297.7179150946713
976.5971772761784 1397.9796144898423 340.8623074577489
1093.4346787446711 931.6167950017361 989.9118284204936
1241.027963389895 1167.6485952003893 1370.984177398394
805.314878919298 788.5398775175431 1011.4392692264829
995.509806277689 1328.4516543792906 626.6209108686684
696.6328161223405 992.6975873501001 782.1495192895392
873.0862050010994 1011.8075589279752 916.515330595644
1363.0817435152167 858.3757382854419 688.3866513622568
1183.2344019527916 1021.5557221793554 1166.3813300162556
1351.2150863162508 1109.8909301718306 255.18208245114593
1000.7508667811782 1113.9870335407752 1411.6775682009
1037.9043188660225 819.6089384675915 239.1016776993954
675.4272962319295 904.172712776548 221.0408224923215
876.3830568357406 877.0368110721145 898.5516510835402
1180.6462257937249 640.666885442125 217.47551208317105
1451.4823141502786 1055.864294731126 931.8658070040088
1465.572899469467 1078.2116029923839 580.30841439517
1060.8767761030126 1174.8296711991786 545.8193695206953
1071.773613402494 909.4647011594375 311.6113082925563
782.6550321456264 1548.0120766557613 94.36031410291518
1097.143153886189 736.412896260445 1136.586148235036
937.4136834166234 1115.6163785026686 658.0850373276148
750.0881381584653 1551.931927616602 511.5144120345549
958.8559541965013 841.5397190720442 530.4013110710209
1044.0783315594945 542.485218181617 652.6412509292076
942.9942819083128 983.5723474938997 400.206625679213
806.4865056666217 772.3068606489179 1009.8326174401936
915.2123543057068 741.5429773092644 102.82294192931629
782.6725808135402 985.4100704157086 957.6568134498741
1108.6324376913972 1248.8946066897222 642.2794228499954
1284.987900791087 867.3938100419795 235.1404107501534
